0.00333333 24 56 3 5
0.01 26 75 8 6
0.0166667 31 86 14 2
0.0233333 38 86 5 8
0.03 41 105 15 5
0.0366667 49 137 8 2
0.0433333 48 158 19 3
0.05 83 167 30 5
0.0566667 97 232 27 9
0.0633333 98 253 21 7
0.07 117 236 34 5
0.0766667 99 249 24 9
0.0833333 94 295 34 16
0.09 86 293 42 12
0.0966667 112 313 22 9
0.103333 132 264 30 6
0.11 84 268 34 9
0.116667 117 282 33 17
0.123333 113 270 28 7
0.13 94 274 27 9
0.136667 103 259 22 11
0.143333 89 248 22 9
0.15 108 255 22 15
0.156667 97 235 21 4
0.163333 96 216 17 14
0.17 84 216 18 9
0.176667 100 223 21 8
0.183333 100 228 20 13
0.19 89 237 16 9
0.196667 85 224 17 9
0.203333 84 210 13 9
0.21 95 214 19 15
0.216667 61 205 16 13
0.223333 73 176 23 12
0.23 52 194 12 6
0.236667 70 164 21 8
0.243333 49 178 13 7
0.25 67 147 15 5
0.256667 66 136 12 7
0.263333 49 162 14 7
0.27 53 152 7 5
0.276667 65 153 10 7
0.283333 45 118 11 4
0.29 30 154 6 3
0.296667 51 109 10 2
0.303333 40 115 16 4
0.31 48 121 9 6
0.316667 46 118 10 8
0.323333 43 103 10 3
0.33 50 106 10 6
0.336667 47 98 11 4
0.343333 32 103 13 7
0.35 39 97 14 5
0.356667 46 84 5 2
0.363333 50 98 10 3
0.37 35 89 7 3
0.376667 37 68 11 4
0.383333 50 84 8 7
0.39 34 85 12 1
0.396667 36 77 2 5
0.403333 29 84 11 5
0.41 35 78 6 2
0.416667 36 72 7 7
0.423333 27 78 13 3
0.43 26 64 4 6
0.436667 43 79 8 1
0.443333 35 74 10 5
0.45 38 79 5 3
0.456667 32 85 14 7
0.463333 32 73 10 10
0.47 35 93 9 4
0.476667 36 55 5 6
0.483333 24 60 5 4
0.49 16 52 4 4
0.496667 31 47 9 0
0.503333 29 36 6 5
0.51 17 40 8 2
0.516667 20 45 2 6
0.523333 16 44 5 0
0.53 20 45 2 1
0.536667 19 27 3 1
0.543333 29 31 3 3
0.55 15 37 7 2
0.556667 16 44 5 2
0.563333 18 42 2 2
0.57 14 40 6 2
0.576667 16 35 5 1
0.583333 17 34 5 2
0.59 14 32 6 4
0.596667 16 38 6 5
0.603333 16 18 5 7
0.61 14 40 4 2
0.616667 18 38 2 3
0.623333 23 36 6 4
0.63 20 34 2 2
0.636667 21 38 1 0
0.643333 15 35 2 1
0.65 11 27 6 4
0.656667 13 26 6 6
0.663333 939 2403 124 104
0.67 0 0 0 0
0.676667 0 0 0 0
0.683333 0 0 0 0
0.69 0 0 0 0
0.696667 0 0 0 0
0.703333 0 0 0 0
0.71 0 0 0 0
0.716667 0 0 0 0
0.723333 0 0 0 0
0.73 0 0 0 0
0.736667 0 0 0 0
0.743333 0 0 0 0
0.75 0 0 0 0
0.756667 0 0 0 0
0.763333 0 0 0 0
0.77 0 0 0 0
0.776667 0 0 0 0
0.783333 0 0 0 0
0.79 0 0 0 0
0.796667 0 0 0 0
0.803333 0 0 0 0
0.81 0 0 0 0
0.816667 0 0 0 0
0.823333 0 0 0 0
0.83 0 0 0 0
0.836667 0 0 0 0
0.843333 0 0 0 0
0.85 0 0 0 0
0.856667 0 0 0 0
0.863333 0 0 0 0
0.87 0 0 0 0
0.876667 0 0 0 0
0.883333 0 0 0 0
0.89 0 0 0 0
0.896667 0 0 0 0
0.903333 0 0 0 0
0.91 0 0 0 0
0.916667 0 0 0 0
0.923333 0 0 0 0
0.93 0 0 0 0
0.936667 0 0 0 0
0.943333 0 0 0 0
0.95 0 0 0 0
0.956667 0 0 0 0
0.963333 0 0 0 0
0.97 0 0 0 0
0.976667 0 0 0 0
0.983333 0 0 0 0
0.99 0 0 0 0
0.996667 0 0 0 0
1.00333 0 0 0 0
1.01 0 0 0 0
1.01667 0 0 0 0
1.02333 0 0 0 0
1.03 0 0 0 0
1.03667 0 0 0 0
1.04333 0 0 0 0
1.05 0 0 0 0
1.05667 0 0 0 0
1.06333 0 0 0 0
1.07 0 0 0 0
1.07667 0 0 0 0
1.08333 0 0 0 0
1.09 0 0 0 0
1.09667 0 0 0 0
1.10333 0 0 0 0
1.11 0 0 0 0
1.11667 0 0 0 0
1.12333 0 0 0 0
1.13 0 0 0 0
1.13667 0 0 0 0
1.14333 0 0 0 0
1.15 0 0 0 0
1.15667 0 0 0 0
1.16333 0 0 0 0
1.17 0 0 0 0
1.17667 0 0 0 0
1.18333 0 0 0 0
1.19 0 0 0 0
1.19667 0 0 0 0
1.20333 0 0 0 0
1.21 0 0 0 0
1.21667 0 0 0 0
1.22333 0 0 0 0
1.23 0 0 0 0
1.23667 0 0 0 0
1.24333 0 0 0 0
1.25 0 0 0 0
1.25667 0 0 0 0
1.26333 0 0 0 0
1.27 0 0 0 0
1.27667 0 0 0 0
1.28333 0 0 0 0
1.29 0 0 0 0
1.29667 0 0 0 0
1.30333 0 0 0 0
1.31 0 0 0 0
1.31667 0 0 0 0
1.32333 0 0 0 0
1.33 0 0 0 0
1.33667 0 0 0 0
1.34333 0 0 0 0
1.35 0 0 0 0
1.35667 0 0 0 0
1.36333 0 0 0 0
1.37 0 0 0 0
1.37667 0 0 0 0
1.38333 0 0 0 0
1.39 0 0 0 0
1.39667 0 0 0 0
1.40333 0 0 0 0
1.41 0 0 0 0
1.41667 0 0 0 0
1.42333 0 0 0 0
1.43 0 0 0 0
1.43667 0 0 0 0
1.44333 0 0 0 0
1.45 0 0 0 0
1.45667 0 0 0 0
1.46333 0 0 0 0
1.47 0 0 0 0
1.47667 0 0 0 0
1.48333 0 0 0 0
1.49 0 0 0 0
1.49667 0 0 0 0
1.50333 0 0 0 0
1.51 0 0 0 0
1.51667 0 0 0 0
1.52333 0 0 0 0
1.53 0 0 0 0
1.53667 0 0 0 0
1.54333 0 0 0 0
1.55 0 0 0 0
1.55667 0 0 0 0
1.56333 0 0 0 0
1.57 0 0 0 0
1.57667 0 0 0 0
1.58333 0 0 0 0
1.59 0 0 0 0
1.59667 0 0 0 0
1.60333 0 0 0 0
1.61 0 0 0 0
1.61667 0 0 0 0
1.62333 0 0 0 0
1.63 0 0 0 0
1.63667 0 0 0 0
1.64333 0 0 0 0
1.65 0 0 0 0
1.65667 0 0 0 0
1.66333 0 0 0 0
1.67 0 0 0 0
1.67667 0 0 0 0
1.68333 0 0 0 0
1.69 0 0 0 0
1.69667 0 0 0 0
1.70333 0 0 0 0
1.71 0 0 0 0
1.71667 0 0 0 0
1.72333 0 0 0 0
1.73 0 0 0 0
1.73667 0 0 0 0
1.74333 0 0 0 0
1.75 0 0 0 0
1.75667 0 0 0 0
1.76333 0 0 0 0
1.77 0 0 0 0
1.77667 0 0 0 0
1.78333 0 0 0 0
1.79 0 0 0 0
1.79667 0 0 0 0
1.80333 0 0 0 0
1.81 0 0 0 0
1.81667 0 0 0 0
1.82333 0 0 0 0
1.83 0 0 0 0
1.83667 0 0 0 0
1.84333 0 0 0 0
1.85 0 0 0 0
1.85667 0 0 0 0
1.86333 0 0 0 0
1.87 0 0 0 0
1.87667 0 0 0 0
1.88333 0 0 0 0
1.89 0 0 0 0
1.89667 0 0 0 0
1.90333 0 0 0 0
1.91 0 0 0 0
1.91667 0 0 0 0
1.92333 0 0 0 0
1.93 0 0 0 0
1.93667 0 0 0 0
1.94333 0 0 0 0
1.95 0 0 0 0
1.95667 0 0 0 0
1.96333 0 0 0 0
1.97 0 0 0 0
1.97667 0 0 0 0
1.98333 0 0 0 0
1.99 0 0 0 0
1.99667 0 0 0 0
