0.00333333 180 33 0 4
0.01 219 32 0 3
0.0166667 218 33 1 4
0.0233333 207 31 3 0
0.03 241 28 1 2
0.0366667 256 32 4 1
0.0433333 243 53 2 0
0.05 309 67 3 4
0.0566667 332 86 1 2
0.0633333 387 106 3 4
0.07 357 94 6 3
0.0766667 400 116 3 8
0.0833333 428 87 3 4
0.09 428 99 2 3
0.0966667 431 122 1 4
0.103333 447 98 2 5
0.11 472 105 4 4
0.116667 457 110 2 2
0.123333 473 86 3 4
0.13 528 98 1 1
0.136667 515 82 3 3
0.143333 495 72 0 6
0.15 487 89 1 4
0.156667 466 73 3 2
0.163333 490 71 3 6
0.17 482 68 3 4
0.176667 476 79 1 3
0.183333 610 80 2 4
0.19 744 68 2 10
0.196667 738 86 3 5
0.203333 619 69 4 5
0.21 612 63 4 5
0.216667 569 64 1 5
0.223333 474 69 4 3
0.23 464 61 3 5
0.236667 438 78 1 4
0.243333 382 64 2 7
0.25 400 61 4 3
0.256667 356 60 3 4
0.263333 317 52 1 4
0.27 335 73 0 4
0.276667 292 42 2 3
0.283333 310 44 1 4
0.29 260 59 0 0
0.296667 292 55 1 3
0.303333 284 39 1 5
0.31 264 52 3 3
0.316667 202 45 3 1
0.323333 261 47 2 7
0.33 230 47 0 2
0.336667 236 45 2 1
0.343333 213 49 2 5
0.35 225 39 5 5
0.356667 225 38 2 1
0.363333 225 39 1 2
0.37 228 40 3 4
0.376667 199 40 2 1
0.383333 218 42 3 2
0.39 218 28 2 2
0.396667 194 24 0 2
0.403333 237 38 5 2
0.41 180 40 1 2
0.416667 204 28 0 3
0.423333 179 38 3 3
0.43 191 31 0 6
0.436667 224 28 2 3
0.443333 220 36 0 4
0.45 244 22 1 2
0.456667 212 42 0 3
0.463333 224 30 0 3
0.47 230 32 0 2
0.476667 165 35 4 2
0.483333 91 22 1 2
0.49 117 14 1 1
0.496667 85 22 0 1
0.503333 94 26 1 1
0.51 61 21 2 1
0.516667 96 30 4 3
0.523333 70 16 1 1
0.53 71 24 0 2
0.536667 68 16 0 0
0.543333 64 12 1 0
0.55 74 20 3 2
0.556667 73 17 0 3
0.563333 50 22 1 1
0.57 70 19 0 1
0.576667 77 14 2 2
0.583333 64 25 0 2
0.59 65 17 0 0
0.596667 59 18 0 2
0.603333 59 12 1 1
0.61 51 9 3 2
0.616667 57 17 1 2
0.623333 52 15 1 2
0.63 57 13 0 1
0.636667 79 21 0 4
0.643333 42 19 0 1
0.65 56 26 1 1
0.656667 39 20 3 3
0.663333 11578 860 7 101
0.67 0 0 0 0
0.676667 0 0 0 0
0.683333 0 0 0 0
0.69 0 0 0 0
0.696667 0 0 0 0
0.703333 0 0 0 0
0.71 0 0 0 0
0.716667 0 0 0 0
0.723333 0 0 0 0
0.73 0 0 0 0
0.736667 0 0 0 0
0.743333 0 0 0 0
0.75 0 0 0 0
0.756667 0 0 0 0
0.763333 0 0 0 0
0.77 0 0 0 0
0.776667 0 0 0 0
0.783333 0 0 0 0
0.79 0 0 0 0
0.796667 0 0 0 0
0.803333 0 0 0 0
0.81 0 0 0 0
0.816667 0 0 0 0
0.823333 0 0 0 0
0.83 0 0 0 0
0.836667 0 0 0 0
0.843333 0 0 0 0
0.85 0 0 0 0
0.856667 0 0 0 0
0.863333 0 0 0 0
0.87 0 0 0 0
0.876667 0 0 0 0
0.883333 0 0 0 0
0.89 0 0 0 0
0.896667 0 0 0 0
0.903333 0 0 0 0
0.91 0 0 0 0
0.916667 0 0 0 0
0.923333 0 0 0 0
0.93 0 0 0 0
0.936667 0 0 0 0
0.943333 0 0 0 0
0.95 0 0 0 0
0.956667 0 0 0 0
0.963333 0 0 0 0
0.97 0 0 0 0
0.976667 0 0 0 0
0.983333 0 0 0 0
0.99 0 0 0 0
0.996667 0 0 0 0
1.00333 0 0 0 0
1.01 0 0 0 0
1.01667 0 0 0 0
1.02333 0 0 0 0
1.03 0 0 0 0
1.03667 0 0 0 0
1.04333 0 0 0 0
1.05 0 0 0 0
1.05667 0 0 0 0
1.06333 0 0 0 0
1.07 0 0 0 0
1.07667 0 0 0 0
1.08333 0 0 0 0
1.09 0 0 0 0
1.09667 0 0 0 0
1.10333 0 0 0 0
1.11 0 0 0 0
1.11667 0 0 0 0
1.12333 0 0 0 0
1.13 0 0 0 0
1.13667 0 0 0 0
1.14333 0 0 0 0
1.15 0 0 0 0
1.15667 0 0 0 0
1.16333 0 0 0 0
1.17 0 0 0 0
1.17667 0 0 0 0
1.18333 0 0 0 0
1.19 0 0 0 0
1.19667 0 0 0 0
1.20333 0 0 0 0
1.21 0 0 0 0
1.21667 0 0 0 0
1.22333 0 0 0 0
1.23 0 0 0 0
1.23667 0 0 0 0
1.24333 0 0 0 0
1.25 0 0 0 0
1.25667 0 0 0 0
1.26333 0 0 0 0
1.27 0 0 0 0
1.27667 0 0 0 0
1.28333 0 0 0 0
1.29 0 0 0 0
1.29667 0 0 0 0
1.30333 0 0 0 0
1.31 0 0 0 0
1.31667 0 0 0 0
1.32333 0 0 0 0
1.33 0 0 0 0
1.33667 0 0 0 0
1.34333 0 0 0 0
1.35 0 0 0 0
1.35667 0 0 0 0
1.36333 0 0 0 0
1.37 0 0 0 0
1.37667 0 0 0 0
1.38333 0 0 0 0
1.39 0 0 0 0
1.39667 0 0 0 0
1.40333 0 0 0 0
1.41 0 0 0 0
1.41667 0 0 0 0
1.42333 0 0 0 0
1.43 0 0 0 0
1.43667 0 0 0 0
1.44333 0 0 0 0
1.45 0 0 0 0
1.45667 0 0 0 0
1.46333 0 0 0 0
1.47 0 0 0 0
1.47667 0 0 0 0
1.48333 0 0 0 0
1.49 0 0 0 0
1.49667 0 0 0 0
1.50333 0 0 0 0
1.51 0 0 0 0
1.51667 0 0 0 0
1.52333 0 0 0 0
1.53 0 0 0 0
1.53667 0 0 0 0
1.54333 0 0 0 0
1.55 0 0 0 0
1.55667 0 0 0 0
1.56333 0 0 0 0
1.57 0 0 0 0
1.57667 0 0 0 0
1.58333 0 0 0 0
1.59 0 0 0 0
1.59667 0 0 0 0
1.60333 0 0 0 0
1.61 0 0 0 0
1.61667 0 0 0 0
1.62333 0 0 0 0
1.63 0 0 0 0
1.63667 0 0 0 0
1.64333 0 0 0 0
1.65 0 0 0 0
1.65667 0 0 0 0
1.66333 0 0 0 0
1.67 0 0 0 0
1.67667 0 0 0 0
1.68333 0 0 0 0
1.69 0 0 0 0
1.69667 0 0 0 0
1.70333 0 0 0 0
1.71 0 0 0 0
1.71667 0 0 0 0
1.72333 0 0 0 0
1.73 0 0 0 0
1.73667 0 0 0 0
1.74333 0 0 0 0
1.75 0 0 0 0
1.75667 0 0 0 0
1.76333 0 0 0 0
1.77 0 0 0 0
1.77667 0 0 0 0
1.78333 0 0 0 0
1.79 0 0 0 0
1.79667 0 0 0 0
1.80333 0 0 0 0
1.81 0 0 0 0
1.81667 0 0 0 0
1.82333 0 0 0 0
1.83 0 0 0 0
1.83667 0 0 0 0
1.84333 0 0 0 0
1.85 0 0 0 0
1.85667 0 0 0 0
1.86333 0 0 0 0
1.87 0 0 0 0
1.87667 0 0 0 0
1.88333 0 0 0 0
1.89 0 0 0 0
1.89667 0 0 0 0
1.90333 0 0 0 0
1.91 0 0 0 0
1.91667 0 0 0 0
1.92333 0 0 0 0
1.93 0 0 0 0
1.93667 0 0 0 0
1.94333 0 0 0 0
1.95 0 0 0 0
1.95667 0 0 0 0
1.96333 0 0 0 0
1.97 0 0 0 0
1.97667 0 0 0 0
1.98333 0 0 0 0
1.99 0 0 0 0
1.99667 0 0 0 0
