0.00333333 4 58 26 2
0.01 6 64 25 8
0.0166667 8 59 30 5
0.0233333 6 56 25 2
0.03 7 86 32 3
0.0366667 14 83 49 8
0.0433333 15 127 57 8
0.05 14 116 81 16
0.0566667 15 131 72 12
0.0633333 21 141 80 19
0.07 22 148 96 11
0.0766667 22 141 102 19
0.0833333 17 177 104 11
0.09 29 168 95 13
0.0966667 24 178 105 20
0.103333 12 164 85 20
0.11 16 162 101 13
0.116667 22 181 113 21
0.123333 22 178 95 13
0.13 16 203 110 7
0.136667 14 157 93 13
0.143333 12 162 103 11
0.15 18 150 95 14
0.156667 11 124 87 12
0.163333 16 148 89 10
0.17 13 156 86 15
0.176667 12 152 84 15
0.183333 13 175 70 10
0.19 16 162 86 10
0.196667 16 187 92 5
0.203333 10 173 87 8
0.21 12 174 73 12
0.216667 17 167 54 13
0.223333 15 130 72 7
0.23 10 167 79 7
0.236667 11 129 58 8
0.243333 12 132 73 6
0.25 12 111 59 8
0.256667 9 117 58 10
0.263333 7 94 51 6
0.27 4 101 47 8
0.276667 17 91 50 5
0.283333 13 82 49 3
0.29 12 102 50 7
0.296667 5 77 43 6
0.303333 9 83 50 3
0.31 11 99 45 7
0.316667 4 99 42 5
0.323333 8 97 41 6
0.33 6 76 42 6
0.336667 6 77 47 9
0.343333 5 71 29 7
0.35 10 76 41 1
0.356667 5 73 40 9
0.363333 9 75 42 5
0.37 7 73 44 3
0.376667 6 55 45 12
0.383333 5 64 46 4
0.39 7 73 42 7
0.396667 7 53 43 7
0.403333 3 64 26 4
0.41 5 63 33 7
0.416667 3 63 32 5
0.423333 8 55 32 5
0.43 3 73 29 2
0.436667 8 49 37 3
0.443333 8 57 37 8
0.45 9 51 40 4
0.456667 4 62 32 1
0.463333 8 65 45 4
0.47 5 63 29 3
0.476667 2 45 34 3
0.483333 4 40 23 4
0.49 6 39 22 2
0.496667 6 38 17 6
0.503333 4 37 27 7
0.51 6 31 13 2
0.516667 5 29 25 1
0.523333 4 28 21 3
0.53 3 25 20 0
0.536667 7 20 13 2
0.543333 5 26 11 1
0.55 1 23 20 1
0.556667 3 27 16 4
0.563333 3 22 17 3
0.57 3 29 15 2
0.576667 2 27 19 2
0.583333 6 24 25 1
0.59 3 23 15 3
0.596667 4 23 9 0
0.603333 1 20 17 3
0.61 2 29 13 3
0.616667 5 19 19 2
0.623333 1 21 14 3
0.63 4 19 11 3
0.636667 7 30 13 6
0.643333 5 16 12 1
0.65 1 22 19 3
0.656667 2 20 14 2
0.663333 103 2285 922 74
0.67 0 0 0 0
0.676667 0 0 0 0
0.683333 0 0 0 0
0.69 0 0 0 0
0.696667 0 0 0 0
0.703333 0 0 0 0
0.71 0 0 0 0
0.716667 0 0 0 0
0.723333 0 0 0 0
0.73 0 0 0 0
0.736667 0 0 0 0
0.743333 0 0 0 0
0.75 0 0 0 0
0.756667 0 0 0 0
0.763333 0 0 0 0
0.77 0 0 0 0
0.776667 0 0 0 0
0.783333 0 0 0 0
0.79 0 0 0 0
0.796667 0 0 0 0
0.803333 0 0 0 0
0.81 0 0 0 0
0.816667 0 0 0 0
0.823333 0 0 0 0
0.83 0 0 0 0
0.836667 0 0 0 0
0.843333 0 0 0 0
0.85 0 0 0 0
0.856667 0 0 0 0
0.863333 0 0 0 0
0.87 0 0 0 0
0.876667 0 0 0 0
0.883333 0 0 0 0
0.89 0 0 0 0
0.896667 0 0 0 0
0.903333 0 0 0 0
0.91 0 0 0 0
0.916667 0 0 0 0
0.923333 0 0 0 0
0.93 0 0 0 0
0.936667 0 0 0 0
0.943333 0 0 0 0
0.95 0 0 0 0
0.956667 0 0 0 0
0.963333 0 0 0 0
0.97 0 0 0 0
0.976667 0 0 0 0
0.983333 0 0 0 0
0.99 0 0 0 0
0.996667 0 0 0 0
1.00333 0 0 0 0
1.01 0 0 0 0
1.01667 0 0 0 0
1.02333 0 0 0 0
1.03 0 0 0 0
1.03667 0 0 0 0
1.04333 0 0 0 0
1.05 0 0 0 0
1.05667 0 0 0 0
1.06333 0 0 0 0
1.07 0 0 0 0
1.07667 0 0 0 0
1.08333 0 0 0 0
1.09 0 0 0 0
1.09667 0 0 0 0
1.10333 0 0 0 0
1.11 0 0 0 0
1.11667 0 0 0 0
1.12333 0 0 0 0
1.13 0 0 0 0
1.13667 0 0 0 0
1.14333 0 0 0 0
1.15 0 0 0 0
1.15667 0 0 0 0
1.16333 0 0 0 0
1.17 0 0 0 0
1.17667 0 0 0 0
1.18333 0 0 0 0
1.19 0 0 0 0
1.19667 0 0 0 0
1.20333 0 0 0 0
1.21 0 0 0 0
1.21667 0 0 0 0
1.22333 0 0 0 0
1.23 0 0 0 0
1.23667 0 0 0 0
1.24333 0 0 0 0
1.25 0 0 0 0
1.25667 0 0 0 0
1.26333 0 0 0 0
1.27 0 0 0 0
1.27667 0 0 0 0
1.28333 0 0 0 0
1.29 0 0 0 0
1.29667 0 0 0 0
1.30333 0 0 0 0
1.31 0 0 0 0
1.31667 0 0 0 0
1.32333 0 0 0 0
1.33 0 0 0 0
1.33667 0 0 0 0
1.34333 0 0 0 0
1.35 0 0 0 0
1.35667 0 0 0 0
1.36333 0 0 0 0
1.37 0 0 0 0
1.37667 0 0 0 0
1.38333 0 0 0 0
1.39 0 0 0 0
1.39667 0 0 0 0
1.40333 0 0 0 0
1.41 0 0 0 0
1.41667 0 0 0 0
1.42333 0 0 0 0
1.43 0 0 0 0
1.43667 0 0 0 0
1.44333 0 0 0 0
1.45 0 0 0 0
1.45667 0 0 0 0
1.46333 0 0 0 0
1.47 0 0 0 0
1.47667 0 0 0 0
1.48333 0 0 0 0
1.49 0 0 0 0
1.49667 0 0 0 0
1.50333 0 0 0 0
1.51 0 0 0 0
1.51667 0 0 0 0
1.52333 0 0 0 0
1.53 0 0 0 0
1.53667 0 0 0 0
1.54333 0 0 0 0
1.55 0 0 0 0
1.55667 0 0 0 0
1.56333 0 0 0 0
1.57 0 0 0 0
1.57667 0 0 0 0
1.58333 0 0 0 0
1.59 0 0 0 0
1.59667 0 0 0 0
1.60333 0 0 0 0
1.61 0 0 0 0
1.61667 0 0 0 0
1.62333 0 0 0 0
1.63 0 0 0 0
1.63667 0 0 0 0
1.64333 0 0 0 0
1.65 0 0 0 0
1.65667 0 0 0 0
1.66333 0 0 0 0
1.67 0 0 0 0
1.67667 0 0 0 0
1.68333 0 0 0 0
1.69 0 0 0 0
1.69667 0 0 0 0
1.70333 0 0 0 0
1.71 0 0 0 0
1.71667 0 0 0 0
1.72333 0 0 0 0
1.73 0 0 0 0
1.73667 0 0 0 0
1.74333 0 0 0 0
1.75 0 0 0 0
1.75667 0 0 0 0
1.76333 0 0 0 0
1.77 0 0 0 0
1.77667 0 0 0 0
1.78333 0 0 0 0
1.79 0 0 0 0
1.79667 0 0 0 0
1.80333 0 0 0 0
1.81 0 0 0 0
1.81667 0 0 0 0
1.82333 0 0 0 0
1.83 0 0 0 0
1.83667 0 0 0 0
1.84333 0 0 0 0
1.85 0 0 0 0
1.85667 0 0 0 0
1.86333 0 0 0 0
1.87 0 0 0 0
1.87667 0 0 0 0
1.88333 0 0 0 0
1.89 0 0 0 0
1.89667 0 0 0 0
1.90333 0 0 0 0
1.91 0 0 0 0
1.91667 0 0 0 0
1.92333 0 0 0 0
1.93 0 0 0 0
1.93667 0 0 0 0
1.94333 0 0 0 0
1.95 0 0 0 0
1.95667 0 0 0 0
1.96333 0 0 0 0
1.97 0 0 0 0
1.97667 0 0 0 0
1.98333 0 0 0 0
1.99 0 0 0 0
1.99667 0 0 0 0
