0.00333333 4 20 17 7
0.01 3 19 25 9
0.0166667 11 17 24 15
0.0233333 12 23 37 15
0.03 11 25 43 13
0.0366667 12 36 48 22
0.0433333 9 39 68 23
0.05 14 57 72 32
0.0566667 25 65 103 38
0.0633333 21 79 101 43
0.07 24 98 112 42
0.0766667 19 76 101 38
0.0833333 32 63 114 53
0.09 28 60 109 47
0.0966667 19 73 109 56
0.103333 30 81 88 49
0.11 27 66 111 40
0.116667 26 77 114 47
0.123333 31 59 110 29
0.13 31 68 93 34
0.136667 26 51 93 49
0.143333 26 60 84 27
0.15 19 65 92 36
0.156667 15 60 96 36
0.163333 17 44 99 47
0.17 20 42 71 33
0.176667 15 60 59 26
0.183333 24 60 56 38
0.19 25 47 75 51
0.196667 28 52 57 32
0.203333 22 63 60 37
0.21 15 63 54 38
0.216667 19 53 57 40
0.223333 29 47 47 22
0.23 10 43 72 26
0.236667 15 44 47 30
0.243333 17 40 45 26
0.25 13 42 48 24
0.256667 7 35 46 21
0.263333 17 38 46 29
0.27 8 35 55 18
0.276667 14 42 44 16
0.283333 11 26 32 19
0.29 13 36 44 17
0.296667 11 25 41 19
0.303333 12 34 36 18
0.31 11 32 40 17
0.316667 7 33 35 18
0.323333 15 26 38 23
0.33 10 25 37 12
0.336667 10 23 31 23
0.343333 7 19 37 14
0.35 12 15 33 21
0.356667 13 38 38 16
0.363333 9 30 23 9
0.37 13 22 38 19
0.376667 5 24 34 15
0.383333 13 21 32 13
0.39 12 23 26 19
0.396667 13 19 37 18
0.403333 4 25 35 18
0.41 4 19 24 11
0.416667 11 19 27 8
0.423333 5 19 18 11
0.43 9 28 28 17
0.436667 6 23 32 16
0.443333 7 22 29 11
0.45 10 30 34 16
0.456667 10 12 22 22
0.463333 8 20 25 10
0.47 8 23 23 13
0.476667 6 24 25 17
0.483333 14 24 24 10
0.49 3 22 21 11
0.496667 5 15 22 10
0.503333 7 12 17 8
0.51 5 14 14 10
0.516667 4 18 16 8
0.523333 6 12 24 15
0.53 2 11 17 4
0.536667 5 8 9 11
0.543333 7 9 14 10
0.55 8 17 18 10
0.556667 5 12 14 7
0.563333 7 10 12 5
0.57 8 16 11 15
0.576667 12 12 5 8
0.583333 4 13 17 11
0.59 2 18 10 9
0.596667 9 8 14 2
0.603333 7 12 14 5
0.61 5 15 12 10
0.616667 7 9 15 5
0.623333 3 8 18 9
0.63 2 7 10 6
0.636667 4 13 12 5
0.643333 2 6 14 9
0.65 3 7 11 5
0.656667 2 9 7 9
0.663333 188 421 503 366
0.67 0 0 0 0
0.676667 0 0 0 0
0.683333 0 0 0 0
0.69 0 0 0 0
0.696667 0 0 0 0
0.703333 0 0 0 0
0.71 0 0 0 0
0.716667 0 0 0 0
0.723333 0 0 0 0
0.73 0 0 0 0
0.736667 0 0 0 0
0.743333 0 0 0 0
0.75 0 0 0 0
0.756667 0 0 0 0
0.763333 0 0 0 0
0.77 0 0 0 0
0.776667 0 0 0 0
0.783333 0 0 0 0
0.79 0 0 0 0
0.796667 0 0 0 0
0.803333 0 0 0 0
0.81 0 0 0 0
0.816667 0 0 0 0
0.823333 0 0 0 0
0.83 0 0 0 0
0.836667 0 0 0 0
0.843333 0 0 0 0
0.85 0 0 0 0
0.856667 0 0 0 0
0.863333 0 0 0 0
0.87 0 0 0 0
0.876667 0 0 0 0
0.883333 0 0 0 0
0.89 0 0 0 0
0.896667 0 0 0 0
0.903333 0 0 0 0
0.91 0 0 0 0
0.916667 0 0 0 0
0.923333 0 0 0 0
0.93 0 0 0 0
0.936667 0 0 0 0
0.943333 0 0 0 0
0.95 0 0 0 0
0.956667 0 0 0 0
0.963333 0 0 0 0
0.97 0 0 0 0
0.976667 0 0 0 0
0.983333 0 0 0 0
0.99 0 0 0 0
0.996667 0 0 0 0
1.00333 0 0 0 0
1.01 0 0 0 0
1.01667 0 0 0 0
1.02333 0 0 0 0
1.03 0 0 0 0
1.03667 0 0 0 0
1.04333 0 0 0 0
1.05 0 0 0 0
1.05667 0 0 0 0
1.06333 0 0 0 0
1.07 0 0 0 0
1.07667 0 0 0 0
1.08333 0 0 0 0
1.09 0 0 0 0
1.09667 0 0 0 0
1.10333 0 0 0 0
1.11 0 0 0 0
1.11667 0 0 0 0
1.12333 0 0 0 0
1.13 0 0 0 0
1.13667 0 0 0 0
1.14333 0 0 0 0
1.15 0 0 0 0
1.15667 0 0 0 0
1.16333 0 0 0 0
1.17 0 0 0 0
1.17667 0 0 0 0
1.18333 0 0 0 0
1.19 0 0 0 0
1.19667 0 0 0 0
1.20333 0 0 0 0
1.21 0 0 0 0
1.21667 0 0 0 0
1.22333 0 0 0 0
1.23 0 0 0 0
1.23667 0 0 0 0
1.24333 0 0 0 0
1.25 0 0 0 0
1.25667 0 0 0 0
1.26333 0 0 0 0
1.27 0 0 0 0
1.27667 0 0 0 0
1.28333 0 0 0 0
1.29 0 0 0 0
1.29667 0 0 0 0
1.30333 0 0 0 0
1.31 0 0 0 0
1.31667 0 0 0 0
1.32333 0 0 0 0
1.33 0 0 0 0
1.33667 0 0 0 0
1.34333 0 0 0 0
1.35 0 0 0 0
1.35667 0 0 0 0
1.36333 0 0 0 0
1.37 0 0 0 0
1.37667 0 0 0 0
1.38333 0 0 0 0
1.39 0 0 0 0
1.39667 0 0 0 0
1.40333 0 0 0 0
1.41 0 0 0 0
1.41667 0 0 0 0
1.42333 0 0 0 0
1.43 0 0 0 0
1.43667 0 0 0 0
1.44333 0 0 0 0
1.45 0 0 0 0
1.45667 0 0 0 0
1.46333 0 0 0 0
1.47 0 0 0 0
1.47667 0 0 0 0
1.48333 0 0 0 0
1.49 0 0 0 0
1.49667 0 0 0 0
1.50333 0 0 0 0
1.51 0 0 0 0
1.51667 0 0 0 0
1.52333 0 0 0 0
1.53 0 0 0 0
1.53667 0 0 0 0
1.54333 0 0 0 0
1.55 0 0 0 0
1.55667 0 0 0 0
1.56333 0 0 0 0
1.57 0 0 0 0
1.57667 0 0 0 0
1.58333 0 0 0 0
1.59 0 0 0 0
1.59667 0 0 0 0
1.60333 0 0 0 0
1.61 0 0 0 0
1.61667 0 0 0 0
1.62333 0 0 0 0
1.63 0 0 0 0
1.63667 0 0 0 0
1.64333 0 0 0 0
1.65 0 0 0 0
1.65667 0 0 0 0
1.66333 0 0 0 0
1.67 0 0 0 0
1.67667 0 0 0 0
1.68333 0 0 0 0
1.69 0 0 0 0
1.69667 0 0 0 0
1.70333 0 0 0 0
1.71 0 0 0 0
1.71667 0 0 0 0
1.72333 0 0 0 0
1.73 0 0 0 0
1.73667 0 0 0 0
1.74333 0 0 0 0
1.75 0 0 0 0
1.75667 0 0 0 0
1.76333 0 0 0 0
1.77 0 0 0 0
1.77667 0 0 0 0
1.78333 0 0 0 0
1.79 0 0 0 0
1.79667 0 0 0 0
1.80333 0 0 0 0
1.81 0 0 0 0
1.81667 0 0 0 0
1.82333 0 0 0 0
1.83 0 0 0 0
1.83667 0 0 0 0
1.84333 0 0 0 0
1.85 0 0 0 0
1.85667 0 0 0 0
1.86333 0 0 0 0
1.87 0 0 0 0
1.87667 0 0 0 0
1.88333 0 0 0 0
1.89 0 0 0 0
1.89667 0 0 0 0
1.90333 0 0 0 0
1.91 0 0 0 0
1.91667 0 0 0 0
1.92333 0 0 0 0
1.93 0 0 0 0
1.93667 0 0 0 0
1.94333 0 0 0 0
1.95 0 0 0 0
1.95667 0 0 0 0
1.96333 0 0 0 0
1.97 0 0 0 0
1.97667 0 0 0 0
1.98333 0 0 0 0
1.99 0 0 0 0
1.99667 0 0 0 0
