0.00333333 9 47 9 6
0.01 4 53 26 8
0.0166667 18 52 29 5
0.0233333 12 59 27 5
0.03 11 62 26 8
0.0366667 12 74 28 12
0.0433333 24 101 47 9
0.05 20 121 59 18
0.0566667 24 123 66 27
0.0633333 33 143 71 20
0.07 31 160 81 26
0.0766667 23 122 71 24
0.0833333 32 148 84 23
0.09 23 136 92 25
0.0966667 29 144 89 28
0.103333 32 162 82 22
0.11 24 187 86 20
0.116667 27 188 76 18
0.123333 27 149 53 26
0.13 22 150 74 24
0.136667 22 146 55 21
0.143333 28 151 65 22
0.15 30 130 63 23
0.156667 25 153 59 23
0.163333 26 138 53 19
0.17 18 130 57 23
0.176667 17 127 63 20
0.183333 30 151 65 14
0.19 17 171 63 33
0.196667 27 163 51 20
0.203333 27 156 43 18
0.21 19 139 41 14
0.216667 17 126 49 19
0.223333 16 104 35 13
0.23 22 141 45 17
0.236667 19 96 35 18
0.243333 18 93 32 16
0.25 23 98 28 11
0.256667 20 88 44 7
0.263333 21 119 31 14
0.27 16 101 35 12
0.276667 14 77 32 12
0.283333 8 83 34 11
0.29 22 88 36 11
0.296667 16 89 30 11
0.303333 12 81 24 16
0.31 13 77 29 7
0.316667 13 79 39 15
0.323333 10 71 28 12
0.33 18 72 30 14
0.336667 8 51 31 10
0.343333 10 70 26 9
0.35 11 58 27 20
0.356667 10 70 16 7
0.363333 13 57 30 8
0.37 16 54 17 4
0.376667 13 63 17 15
0.383333 9 44 24 10
0.39 10 57 27 13
0.396667 11 41 10 7
0.403333 7 64 20 7
0.41 7 45 19 15
0.416667 9 49 21 11
0.423333 14 60 23 14
0.43 9 55 15 4
0.436667 14 58 21 9
0.443333 11 59 21 9
0.45 11 56 20 13
0.456667 9 63 17 8
0.463333 8 52 13 9
0.47 12 46 27 6
0.476667 5 43 22 5
0.483333 11 28 14 4
0.49 8 33 11 7
0.496667 7 35 16 4
0.503333 8 38 19 7
0.51 8 30 10 4
0.516667 4 36 18 4
0.523333 8 23 10 4
0.53 4 27 8 7
0.536667 12 35 15 6
0.543333 8 22 13 6
0.55 5 35 13 3
0.556667 5 23 12 5
0.563333 10 36 10 9
0.57 3 23 6 10
0.576667 7 21 12 6
0.583333 5 23 16 6
0.59 3 28 6 4
0.596667 3 13 9 7
0.603333 4 17 15 10
0.61 11 25 12 5
0.616667 5 22 8 4
0.623333 7 22 10 5
0.63 7 31 11 6
0.636667 3 31 12 9
0.643333 6 23 12 3
0.65 7 21 7 5
0.656667 6 23 11 6
0.663333 228 1864 386 182
0.67 0 0 0 0
0.676667 0 0 0 0
0.683333 0 0 0 0
0.69 0 0 0 0
0.696667 0 0 0 0
0.703333 0 0 0 0
0.71 0 0 0 0
0.716667 0 0 0 0
0.723333 0 0 0 0
0.73 0 0 0 0
0.736667 0 0 0 0
0.743333 0 0 0 0
0.75 0 0 0 0
0.756667 0 0 0 0
0.763333 0 0 0 0
0.77 0 0 0 0
0.776667 0 0 0 0
0.783333 0 0 0 0
0.79 0 0 0 0
0.796667 0 0 0 0
0.803333 0 0 0 0
0.81 0 0 0 0
0.816667 0 0 0 0
0.823333 0 0 0 0
0.83 0 0 0 0
0.836667 0 0 0 0
0.843333 0 0 0 0
0.85 0 0 0 0
0.856667 0 0 0 0
0.863333 0 0 0 0
0.87 0 0 0 0
0.876667 0 0 0 0
0.883333 0 0 0 0
0.89 0 0 0 0
0.896667 0 0 0 0
0.903333 0 0 0 0
0.91 0 0 0 0
0.916667 0 0 0 0
0.923333 0 0 0 0
0.93 0 0 0 0
0.936667 0 0 0 0
0.943333 0 0 0 0
0.95 0 0 0 0
0.956667 0 0 0 0
0.963333 0 0 0 0
0.97 0 0 0 0
0.976667 0 0 0 0
0.983333 0 0 0 0
0.99 0 0 0 0
0.996667 0 0 0 0
1.00333 0 0 0 0
1.01 0 0 0 0
1.01667 0 0 0 0
1.02333 0 0 0 0
1.03 0 0 0 0
1.03667 0 0 0 0
1.04333 0 0 0 0
1.05 0 0 0 0
1.05667 0 0 0 0
1.06333 0 0 0 0
1.07 0 0 0 0
1.07667 0 0 0 0
1.08333 0 0 0 0
1.09 0 0 0 0
1.09667 0 0 0 0
1.10333 0 0 0 0
1.11 0 0 0 0
1.11667 0 0 0 0
1.12333 0 0 0 0
1.13 0 0 0 0
1.13667 0 0 0 0
1.14333 0 0 0 0
1.15 0 0 0 0
1.15667 0 0 0 0
1.16333 0 0 0 0
1.17 0 0 0 0
1.17667 0 0 0 0
1.18333 0 0 0 0
1.19 0 0 0 0
1.19667 0 0 0 0
1.20333 0 0 0 0
1.21 0 0 0 0
1.21667 0 0 0 0
1.22333 0 0 0 0
1.23 0 0 0 0
1.23667 0 0 0 0
1.24333 0 0 0 0
1.25 0 0 0 0
1.25667 0 0 0 0
1.26333 0 0 0 0
1.27 0 0 0 0
1.27667 0 0 0 0
1.28333 0 0 0 0
1.29 0 0 0 0
1.29667 0 0 0 0
1.30333 0 0 0 0
1.31 0 0 0 0
1.31667 0 0 0 0
1.32333 0 0 0 0
1.33 0 0 0 0
1.33667 0 0 0 0
1.34333 0 0 0 0
1.35 0 0 0 0
1.35667 0 0 0 0
1.36333 0 0 0 0
1.37 0 0 0 0
1.37667 0 0 0 0
1.38333 0 0 0 0
1.39 0 0 0 0
1.39667 0 0 0 0
1.40333 0 0 0 0
1.41 0 0 0 0
1.41667 0 0 0 0
1.42333 0 0 0 0
1.43 0 0 0 0
1.43667 0 0 0 0
1.44333 0 0 0 0
1.45 0 0 0 0
1.45667 0 0 0 0
1.46333 0 0 0 0
1.47 0 0 0 0
1.47667 0 0 0 0
1.48333 0 0 0 0
1.49 0 0 0 0
1.49667 0 0 0 0
1.50333 0 0 0 0
1.51 0 0 0 0
1.51667 0 0 0 0
1.52333 0 0 0 0
1.53 0 0 0 0
1.53667 0 0 0 0
1.54333 0 0 0 0
1.55 0 0 0 0
1.55667 0 0 0 0
1.56333 0 0 0 0
1.57 0 0 0 0
1.57667 0 0 0 0
1.58333 0 0 0 0
1.59 0 0 0 0
1.59667 0 0 0 0
1.60333 0 0 0 0
1.61 0 0 0 0
1.61667 0 0 0 0
1.62333 0 0 0 0
1.63 0 0 0 0
1.63667 0 0 0 0
1.64333 0 0 0 0
1.65 0 0 0 0
1.65667 0 0 0 0
1.66333 0 0 0 0
1.67 0 0 0 0
1.67667 0 0 0 0
1.68333 0 0 0 0
1.69 0 0 0 0
1.69667 0 0 0 0
1.70333 0 0 0 0
1.71 0 0 0 0
1.71667 0 0 0 0
1.72333 0 0 0 0
1.73 0 0 0 0
1.73667 0 0 0 0
1.74333 0 0 0 0
1.75 0 0 0 0
1.75667 0 0 0 0
1.76333 0 0 0 0
1.77 0 0 0 0
1.77667 0 0 0 0
1.78333 0 0 0 0
1.79 0 0 0 0
1.79667 0 0 0 0
1.80333 0 0 0 0
1.81 0 0 0 0
1.81667 0 0 0 0
1.82333 0 0 0 0
1.83 0 0 0 0
1.83667 0 0 0 0
1.84333 0 0 0 0
1.85 0 0 0 0
1.85667 0 0 0 0
1.86333 0 0 0 0
1.87 0 0 0 0
1.87667 0 0 0 0
1.88333 0 0 0 0
1.89 0 0 0 0
1.89667 0 0 0 0
1.90333 0 0 0 0
1.91 0 0 0 0
1.91667 0 0 0 0
1.92333 0 0 0 0
1.93 0 0 0 0
1.93667 0 0 0 0
1.94333 0 0 0 0
1.95 0 0 0 0
1.95667 0 0 0 0
1.96333 0 0 0 0
1.97 0 0 0 0
1.97667 0 0 0 0
1.98333 0 0 0 0
1.99 0 0 0 0
1.99667 0 0 0 0
