0.00333333 3 5 24 38
0.01 6 3 40 46
0.0166667 3 8 38 47
0.0233333 6 5 42 61
0.03 4 4 60 51
0.0366667 3 7 55 72
0.0433333 1 17 89 81
0.05 5 16 125 92
0.0566667 6 11 138 132
0.0633333 6 13 145 114
0.07 11 35 132 132
0.0766667 7 24 149 153
0.0833333 8 25 175 148
0.09 11 25 141 162
0.0966667 12 33 152 148
0.103333 11 23 153 157
0.11 8 19 166 146
0.116667 7 18 135 157
0.123333 8 20 137 149
0.13 7 20 133 173
0.136667 14 21 152 135
0.143333 5 20 129 148
0.15 13 21 106 122
0.156667 7 11 123 123
0.163333 3 10 83 118
0.17 8 19 106 124
0.176667 6 10 102 125
0.183333 3 9 84 141
0.19 5 13 94 141
0.196667 6 15 113 148
0.203333 6 21 99 119
0.21 5 15 93 125
0.216667 7 15 84 112
0.223333 8 16 87 145
0.23 10 17 84 105
0.236667 4 10 90 105
0.243333 6 12 82 109
0.25 6 11 69 98
0.256667 2 11 69 76
0.263333 6 10 65 86
0.27 7 7 48 74
0.276667 8 10 69 64
0.283333 4 9 74 68
0.29 3 6 86 74
0.296667 7 9 52 61
0.303333 1 9 61 75
0.31 3 8 67 69
0.316667 2 5 58 65
0.323333 6 6 60 68
0.33 5 9 38 63
0.336667 7 6 53 57
0.343333 3 8 50 58
0.35 5 10 59 58
0.356667 2 9 46 72
0.363333 5 8 40 57
0.37 4 10 51 62
0.376667 6 8 37 53
0.383333 5 8 33 59
0.39 3 7 39 65
0.396667 6 4 38 45
0.403333 3 5 47 46
0.41 2 8 34 47
0.416667 2 14 40 45
0.423333 2 10 45 48
0.43 2 8 30 43
0.436667 1 5 36 49
0.443333 5 4 41 46
0.45 2 7 38 55
0.456667 1 4 30 48
0.463333 5 7 40 49
0.47 3 6 46 57
0.476667 5 8 35 38
0.483333 4 3 24 22
0.49 1 6 33 33
0.496667 0 4 26 33
0.503333 2 3 23 22
0.51 5 1 24 20
0.516667 1 5 24 23
0.523333 3 7 17 32
0.53 3 2 21 36
0.536667 2 7 19 22
0.543333 1 3 20 16
0.55 3 7 27 20
0.556667 2 6 18 21
0.563333 3 2 24 18
0.57 4 4 20 29
0.576667 3 1 9 20
0.583333 5 4 9 25
0.59 1 4 15 18
0.596667 2 4 23 25
0.603333 2 9 20 13
0.61 0 3 26 19
0.616667 2 5 13 12
0.623333 5 4 18 14
0.63 1 9 19 17
0.636667 3 4 12 23
0.643333 4 3 19 13
0.65 3 6 16 21
0.656667 1 5 17 14
0.663333 85 107 834 1514
0.67 0 0 0 0
0.676667 0 0 0 0
0.683333 0 0 0 0
0.69 0 0 0 0
0.696667 0 0 0 0
0.703333 0 0 0 0
0.71 0 0 0 0
0.716667 0 0 0 0
0.723333 0 0 0 0
0.73 0 0 0 0
0.736667 0 0 0 0
0.743333 0 0 0 0
0.75 0 0 0 0
0.756667 0 0 0 0
0.763333 0 0 0 0
0.77 0 0 0 0
0.776667 0 0 0 0
0.783333 0 0 0 0
0.79 0 0 0 0
0.796667 0 0 0 0
0.803333 0 0 0 0
0.81 0 0 0 0
0.816667 0 0 0 0
0.823333 0 0 0 0
0.83 0 0 0 0
0.836667 0 0 0 0
0.843333 0 0 0 0
0.85 0 0 0 0
0.856667 0 0 0 0
0.863333 0 0 0 0
0.87 0 0 0 0
0.876667 0 0 0 0
0.883333 0 0 0 0
0.89 0 0 0 0
0.896667 0 0 0 0
0.903333 0 0 0 0
0.91 0 0 0 0
0.916667 0 0 0 0
0.923333 0 0 0 0
0.93 0 0 0 0
0.936667 0 0 0 0
0.943333 0 0 0 0
0.95 0 0 0 0
0.956667 0 0 0 0
0.963333 0 0 0 0
0.97 0 0 0 0
0.976667 0 0 0 0
0.983333 0 0 0 0
0.99 0 0 0 0
0.996667 0 0 0 0
1.00333 0 0 0 0
1.01 0 0 0 0
1.01667 0 0 0 0
1.02333 0 0 0 0
1.03 0 0 0 0
1.03667 0 0 0 0
1.04333 0 0 0 0
1.05 0 0 0 0
1.05667 0 0 0 0
1.06333 0 0 0 0
1.07 0 0 0 0
1.07667 0 0 0 0
1.08333 0 0 0 0
1.09 0 0 0 0
1.09667 0 0 0 0
1.10333 0 0 0 0
1.11 0 0 0 0
1.11667 0 0 0 0
1.12333 0 0 0 0
1.13 0 0 0 0
1.13667 0 0 0 0
1.14333 0 0 0 0
1.15 0 0 0 0
1.15667 0 0 0 0
1.16333 0 0 0 0
1.17 0 0 0 0
1.17667 0 0 0 0
1.18333 0 0 0 0
1.19 0 0 0 0
1.19667 0 0 0 0
1.20333 0 0 0 0
1.21 0 0 0 0
1.21667 0 0 0 0
1.22333 0 0 0 0
1.23 0 0 0 0
1.23667 0 0 0 0
1.24333 0 0 0 0
1.25 0 0 0 0
1.25667 0 0 0 0
1.26333 0 0 0 0
1.27 0 0 0 0
1.27667 0 0 0 0
1.28333 0 0 0 0
1.29 0 0 0 0
1.29667 0 0 0 0
1.30333 0 0 0 0
1.31 0 0 0 0
1.31667 0 0 0 0
1.32333 0 0 0 0
1.33 0 0 0 0
1.33667 0 0 0 0
1.34333 0 0 0 0
1.35 0 0 0 0
1.35667 0 0 0 0
1.36333 0 0 0 0
1.37 0 0 0 0
1.37667 0 0 0 0
1.38333 0 0 0 0
1.39 0 0 0 0
1.39667 0 0 0 0
1.40333 0 0 0 0
1.41 0 0 0 0
1.41667 0 0 0 0
1.42333 0 0 0 0
1.43 0 0 0 0
1.43667 0 0 0 0
1.44333 0 0 0 0
1.45 0 0 0 0
1.45667 0 0 0 0
1.46333 0 0 0 0
1.47 0 0 0 0
1.47667 0 0 0 0
1.48333 0 0 0 0
1.49 0 0 0 0
1.49667 0 0 0 0
1.50333 0 0 0 0
1.51 0 0 0 0
1.51667 0 0 0 0
1.52333 0 0 0 0
1.53 0 0 0 0
1.53667 0 0 0 0
1.54333 0 0 0 0
1.55 0 0 0 0
1.55667 0 0 0 0
1.56333 0 0 0 0
1.57 0 0 0 0
1.57667 0 0 0 0
1.58333 0 0 0 0
1.59 0 0 0 0
1.59667 0 0 0 0
1.60333 0 0 0 0
1.61 0 0 0 0
1.61667 0 0 0 0
1.62333 0 0 0 0
1.63 0 0 0 0
1.63667 0 0 0 0
1.64333 0 0 0 0
1.65 0 0 0 0
1.65667 0 0 0 0
1.66333 0 0 0 0
1.67 0 0 0 0
1.67667 0 0 0 0
1.68333 0 0 0 0
1.69 0 0 0 0
1.69667 0 0 0 0
1.70333 0 0 0 0
1.71 0 0 0 0
1.71667 0 0 0 0
1.72333 0 0 0 0
1.73 0 0 0 0
1.73667 0 0 0 0
1.74333 0 0 0 0
1.75 0 0 0 0
1.75667 0 0 0 0
1.76333 0 0 0 0
1.77 0 0 0 0
1.77667 0 0 0 0
1.78333 0 0 0 0
1.79 0 0 0 0
1.79667 0 0 0 0
1.80333 0 0 0 0
1.81 0 0 0 0
1.81667 0 0 0 0
1.82333 0 0 0 0
1.83 0 0 0 0
1.83667 0 0 0 0
1.84333 0 0 0 0
1.85 0 0 0 0
1.85667 0 0 0 0
1.86333 0 0 0 0
1.87 0 0 0 0
1.87667 0 0 0 0
1.88333 0 0 0 0
1.89 0 0 0 0
1.89667 0 0 0 0
1.90333 0 0 0 0
1.91 0 0 0 0
1.91667 0 0 0 0
1.92333 0 0 0 0
1.93 0 0 0 0
1.93667 0 0 0 0
1.94333 0 0 0 0
1.95 0 0 0 0
1.95667 0 0 0 0
1.96333 0 0 0 0
1.97 0 0 0 0
1.97667 0 0 0 0
1.98333 0 0 0 0
1.99 0 0 0 0
1.99667 0 0 0 0
