0.00333333 10 37 17 4
0.01 17 39 10 3
0.0166667 15 44 19 2
0.0233333 25 55 22 1
0.03 13 61 13 2
0.0366667 34 82 17 7
0.0433333 35 108 32 3
0.05 47 113 31 8
0.0566667 66 166 49 6
0.0633333 57 160 34 15
0.07 61 181 48 11
0.0766667 55 185 55 7
0.0833333 72 159 48 6
0.09 59 205 44 16
0.0966667 64 171 54 7
0.103333 65 176 50 6
0.11 62 155 48 7
0.116667 67 162 58 6
0.123333 56 176 52 1
0.13 41 172 31 3
0.136667 53 167 36 7
0.143333 52 143 31 3
0.15 40 126 43 5
0.156667 52 139 34 9
0.163333 38 129 37 6
0.17 48 112 38 6
0.176667 53 141 40 8
0.183333 38 125 50 5
0.19 43 131 44 4
0.196667 38 134 39 3
0.203333 50 114 36 7
0.21 44 124 26 5
0.216667 36 113 32 6
0.223333 36 102 32 7
0.23 34 92 28 1
0.236667 29 90 34 5
0.243333 21 89 28 2
0.25 41 81 25 5
0.256667 21 99 35 4
0.263333 35 84 29 2
0.27 21 71 16 9
0.276667 23 96 23 3
0.283333 29 71 22 3
0.29 23 76 21 4
0.296667 15 85 23 3
0.303333 27 79 14 4
0.31 28 66 19 2
0.316667 31 60 16 1
0.323333 25 64 16 2
0.33 20 57 24 0
0.336667 23 67 21 1
0.343333 16 69 24 2
0.35 17 61 15 2
0.356667 24 62 17 2
0.363333 24 61 16 2
0.37 21 63 20 5
0.376667 17 39 15 5
0.383333 19 60 16 3
0.39 17 56 12 2
0.396667 16 43 18 3
0.403333 25 55 15 1
0.41 15 42 15 4
0.416667 10 34 13 1
0.423333 13 49 15 4
0.43 15 47 19 2
0.436667 16 37 10 4
0.443333 16 38 12 0
0.45 20 44 15 1
0.456667 19 48 16 5
0.463333 16 58 17 2
0.47 14 37 19 2
0.476667 20 45 10 3
0.483333 9 30 9 3
0.49 9 41 10 3
0.496667 9 24 9 2
0.503333 15 31 11 2
0.51 13 23 12 1
0.516667 10 24 13 1
0.523333 9 20 4 1
0.53 13 26 6 1
0.536667 8 27 14 1
0.543333 8 29 16 4
0.55 6 29 7 2
0.556667 6 18 9 2
0.563333 11 28 8 2
0.57 8 15 11 1
0.576667 6 20 19 2
0.583333 13 21 10 4
0.59 10 19 3 1
0.596667 7 21 7 1
0.603333 3 21 8 3
0.61 9 37 4 1
0.616667 10 29 14 0
0.623333 7 23 8 2
0.63 12 18 7 2
0.636667 9 19 12 2
0.643333 8 24 8 2
0.65 4 28 8 1
0.656667 8 27 7 0
0.663333 291 1015 332 25
0.67 0 0 0 0
0.676667 0 0 0 0
0.683333 0 0 0 0
0.69 0 0 0 0
0.696667 0 0 0 0
0.703333 0 0 0 0
0.71 0 0 0 0
0.716667 0 0 0 0
0.723333 0 0 0 0
0.73 0 0 0 0
0.736667 0 0 0 0
0.743333 0 0 0 0
0.75 0 0 0 0
0.756667 0 0 0 0
0.763333 0 0 0 0
0.77 0 0 0 0
0.776667 0 0 0 0
0.783333 0 0 0 0
0.79 0 0 0 0
0.796667 0 0 0 0
0.803333 0 0 0 0
0.81 0 0 0 0
0.816667 0 0 0 0
0.823333 0 0 0 0
0.83 0 0 0 0
0.836667 0 0 0 0
0.843333 0 0 0 0
0.85 0 0 0 0
0.856667 0 0 0 0
0.863333 0 0 0 0
0.87 0 0 0 0
0.876667 0 0 0 0
0.883333 0 0 0 0
0.89 0 0 0 0
0.896667 0 0 0 0
0.903333 0 0 0 0
0.91 0 0 0 0
0.916667 0 0 0 0
0.923333 0 0 0 0
0.93 0 0 0 0
0.936667 0 0 0 0
0.943333 0 0 0 0
0.95 0 0 0 0
0.956667 0 0 0 0
0.963333 0 0 0 0
0.97 0 0 0 0
0.976667 0 0 0 0
0.983333 0 0 0 0
0.99 0 0 0 0
0.996667 0 0 0 0
1.00333 0 0 0 0
1.01 0 0 0 0
1.01667 0 0 0 0
1.02333 0 0 0 0
1.03 0 0 0 0
1.03667 0 0 0 0
1.04333 0 0 0 0
1.05 0 0 0 0
1.05667 0 0 0 0
1.06333 0 0 0 0
1.07 0 0 0 0
1.07667 0 0 0 0
1.08333 0 0 0 0
1.09 0 0 0 0
1.09667 0 0 0 0
1.10333 0 0 0 0
1.11 0 0 0 0
1.11667 0 0 0 0
1.12333 0 0 0 0
1.13 0 0 0 0
1.13667 0 0 0 0
1.14333 0 0 0 0
1.15 0 0 0 0
1.15667 0 0 0 0
1.16333 0 0 0 0
1.17 0 0 0 0
1.17667 0 0 0 0
1.18333 0 0 0 0
1.19 0 0 0 0
1.19667 0 0 0 0
1.20333 0 0 0 0
1.21 0 0 0 0
1.21667 0 0 0 0
1.22333 0 0 0 0
1.23 0 0 0 0
1.23667 0 0 0 0
1.24333 0 0 0 0
1.25 0 0 0 0
1.25667 0 0 0 0
1.26333 0 0 0 0
1.27 0 0 0 0
1.27667 0 0 0 0
1.28333 0 0 0 0
1.29 0 0 0 0
1.29667 0 0 0 0
1.30333 0 0 0 0
1.31 0 0 0 0
1.31667 0 0 0 0
1.32333 0 0 0 0
1.33 0 0 0 0
1.33667 0 0 0 0
1.34333 0 0 0 0
1.35 0 0 0 0
1.35667 0 0 0 0
1.36333 0 0 0 0
1.37 0 0 0 0
1.37667 0 0 0 0
1.38333 0 0 0 0
1.39 0 0 0 0
1.39667 0 0 0 0
1.40333 0 0 0 0
1.41 0 0 0 0
1.41667 0 0 0 0
1.42333 0 0 0 0
1.43 0 0 0 0
1.43667 0 0 0 0
1.44333 0 0 0 0
1.45 0 0 0 0
1.45667 0 0 0 0
1.46333 0 0 0 0
1.47 0 0 0 0
1.47667 0 0 0 0
1.48333 0 0 0 0
1.49 0 0 0 0
1.49667 0 0 0 0
1.50333 0 0 0 0
1.51 0 0 0 0
1.51667 0 0 0 0
1.52333 0 0 0 0
1.53 0 0 0 0
1.53667 0 0 0 0
1.54333 0 0 0 0
1.55 0 0 0 0
1.55667 0 0 0 0
1.56333 0 0 0 0
1.57 0 0 0 0
1.57667 0 0 0 0
1.58333 0 0 0 0
1.59 0 0 0 0
1.59667 0 0 0 0
1.60333 0 0 0 0
1.61 0 0 0 0
1.61667 0 0 0 0
1.62333 0 0 0 0
1.63 0 0 0 0
1.63667 0 0 0 0
1.64333 0 0 0 0
1.65 0 0 0 0
1.65667 0 0 0 0
1.66333 0 0 0 0
1.67 0 0 0 0
1.67667 0 0 0 0
1.68333 0 0 0 0
1.69 0 0 0 0
1.69667 0 0 0 0
1.70333 0 0 0 0
1.71 0 0 0 0
1.71667 0 0 0 0
1.72333 0 0 0 0
1.73 0 0 0 0
1.73667 0 0 0 0
1.74333 0 0 0 0
1.75 0 0 0 0
1.75667 0 0 0 0
1.76333 0 0 0 0
1.77 0 0 0 0
1.77667 0 0 0 0
1.78333 0 0 0 0
1.79 0 0 0 0
1.79667 0 0 0 0
1.80333 0 0 0 0
1.81 0 0 0 0
1.81667 0 0 0 0
1.82333 0 0 0 0
1.83 0 0 0 0
1.83667 0 0 0 0
1.84333 0 0 0 0
1.85 0 0 0 0
1.85667 0 0 0 0
1.86333 0 0 0 0
1.87 0 0 0 0
1.87667 0 0 0 0
1.88333 0 0 0 0
1.89 0 0 0 0
1.89667 0 0 0 0
1.90333 0 0 0 0
1.91 0 0 0 0
1.91667 0 0 0 0
1.92333 0 0 0 0
1.93 0 0 0 0
1.93667 0 0 0 0
1.94333 0 0 0 0
1.95 0 0 0 0
1.95667 0 0 0 0
1.96333 0 0 0 0
1.97 0 0 0 0
1.97667 0 0 0 0
1.98333 0 0 0 0
1.99 0 0 0 0
1.99667 0 0 0 0
