0.00333333 2 7 25 73
0.01 0 7 23 61
0.0166667 1 9 25 85
0.0233333 0 6 37 76
0.03 3 5 35 83
0.0366667 0 5 47 93
0.0433333 0 10 52 114
0.05 3 12 68 132
0.0566667 1 14 96 148
0.0633333 2 16 86 161
0.07 11 18 95 152
0.0766667 2 15 96 191
0.0833333 3 20 103 201
0.09 2 19 102 203
0.0966667 5 18 117 179
0.103333 3 17 108 187
0.11 3 15 89 200
0.116667 3 18 73 215
0.123333 3 12 94 219
0.13 5 27 72 165
0.136667 3 21 78 159
0.143333 1 20 73 165
0.15 2 18 90 176
0.156667 3 15 86 167
0.163333 7 18 69 185
0.17 4 17 59 160
0.176667 7 21 63 189
0.183333 3 5 72 170
0.19 3 21 68 181
0.196667 3 21 65 210
0.203333 3 21 59 164
0.21 3 20 68 153
0.216667 4 10 48 160
0.223333 1 9 52 177
0.23 4 23 45 160
0.236667 4 17 40 168
0.243333 1 11 49 129
0.25 3 19 56 126
0.256667 3 8 43 133
0.263333 1 21 44 127
0.27 1 10 37 115
0.276667 1 12 42 123
0.283333 1 16 42 119
0.29 2 10 49 99
0.296667 0 14 47 107
0.303333 2 9 36 91
0.31 4 13 41 91
0.316667 0 9 45 86
0.323333 4 8 44 104
0.33 2 4 31 96
0.336667 1 9 31 73
0.343333 4 10 36 76
0.35 6 6 30 84
0.356667 0 8 35 69
0.363333 3 11 29 82
0.37 2 8 36 74
0.376667 2 8 22 90
0.383333 1 13 33 73
0.39 3 13 34 84
0.396667 2 7 31 70
0.403333 2 15 31 72
0.41 1 6 26 80
0.416667 2 10 21 85
0.423333 2 16 27 83
0.43 0 8 25 55
0.436667 0 9 32 72
0.443333 2 8 25 91
0.45 1 7 37 83
0.456667 1 10 31 57
0.463333 2 16 29 89
0.47 2 13 30 78
0.476667 0 10 18 54
0.483333 1 4 23 35
0.49 1 6 17 35
0.496667 2 8 29 37
0.503333 0 4 19 44
0.51 3 5 14 50
0.516667 1 6 18 25
0.523333 5 6 25 43
0.53 0 1 17 35
0.536667 0 3 13 49
0.543333 1 7 9 41
0.55 2 2 11 42
0.556667 2 4 20 36
0.563333 0 2 19 36
0.57 2 4 21 25
0.576667 2 4 12 36
0.583333 1 3 19 39
0.59 1 6 18 38
0.596667 1 10 19 27
0.603333 1 2 8 39
0.61 1 3 18 31
0.616667 2 4 10 32
0.623333 2 9 16 38
0.63 0 4 18 28
0.636667 5 5 17 43
0.643333 3 5 12 31
0.65 2 7 15 28
0.656667 1 2 14 29
0.663333 37 339 559 2481
0.67 0 0 0 0
0.676667 0 0 0 0
0.683333 0 0 0 0
0.69 0 0 0 0
0.696667 0 0 0 0
0.703333 0 0 0 0
0.71 0 0 0 0
0.716667 0 0 0 0
0.723333 0 0 0 0
0.73 0 0 0 0
0.736667 0 0 0 0
0.743333 0 0 0 0
0.75 0 0 0 0
0.756667 0 0 0 0
0.763333 0 0 0 0
0.77 0 0 0 0
0.776667 0 0 0 0
0.783333 0 0 0 0
0.79 0 0 0 0
0.796667 0 0 0 0
0.803333 0 0 0 0
0.81 0 0 0 0
0.816667 0 0 0 0
0.823333 0 0 0 0
0.83 0 0 0 0
0.836667 0 0 0 0
0.843333 0 0 0 0
0.85 0 0 0 0
0.856667 0 0 0 0
0.863333 0 0 0 0
0.87 0 0 0 0
0.876667 0 0 0 0
0.883333 0 0 0 0
0.89 0 0 0 0
0.896667 0 0 0 0
0.903333 0 0 0 0
0.91 0 0 0 0
0.916667 0 0 0 0
0.923333 0 0 0 0
0.93 0 0 0 0
0.936667 0 0 0 0
0.943333 0 0 0 0
0.95 0 0 0 0
0.956667 0 0 0 0
0.963333 0 0 0 0
0.97 0 0 0 0
0.976667 0 0 0 0
0.983333 0 0 0 0
0.99 0 0 0 0
0.996667 0 0 0 0
1.00333 0 0 0 0
1.01 0 0 0 0
1.01667 0 0 0 0
1.02333 0 0 0 0
1.03 0 0 0 0
1.03667 0 0 0 0
1.04333 0 0 0 0
1.05 0 0 0 0
1.05667 0 0 0 0
1.06333 0 0 0 0
1.07 0 0 0 0
1.07667 0 0 0 0
1.08333 0 0 0 0
1.09 0 0 0 0
1.09667 0 0 0 0
1.10333 0 0 0 0
1.11 0 0 0 0
1.11667 0 0 0 0
1.12333 0 0 0 0
1.13 0 0 0 0
1.13667 0 0 0 0
1.14333 0 0 0 0
1.15 0 0 0 0
1.15667 0 0 0 0
1.16333 0 0 0 0
1.17 0 0 0 0
1.17667 0 0 0 0
1.18333 0 0 0 0
1.19 0 0 0 0
1.19667 0 0 0 0
1.20333 0 0 0 0
1.21 0 0 0 0
1.21667 0 0 0 0
1.22333 0 0 0 0
1.23 0 0 0 0
1.23667 0 0 0 0
1.24333 0 0 0 0
1.25 0 0 0 0
1.25667 0 0 0 0
1.26333 0 0 0 0
1.27 0 0 0 0
1.27667 0 0 0 0
1.28333 0 0 0 0
1.29 0 0 0 0
1.29667 0 0 0 0
1.30333 0 0 0 0
1.31 0 0 0 0
1.31667 0 0 0 0
1.32333 0 0 0 0
1.33 0 0 0 0
1.33667 0 0 0 0
1.34333 0 0 0 0
1.35 0 0 0 0
1.35667 0 0 0 0
1.36333 0 0 0 0
1.37 0 0 0 0
1.37667 0 0 0 0
1.38333 0 0 0 0
1.39 0 0 0 0
1.39667 0 0 0 0
1.40333 0 0 0 0
1.41 0 0 0 0
1.41667 0 0 0 0
1.42333 0 0 0 0
1.43 0 0 0 0
1.43667 0 0 0 0
1.44333 0 0 0 0
1.45 0 0 0 0
1.45667 0 0 0 0
1.46333 0 0 0 0
1.47 0 0 0 0
1.47667 0 0 0 0
1.48333 0 0 0 0
1.49 0 0 0 0
1.49667 0 0 0 0
1.50333 0 0 0 0
1.51 0 0 0 0
1.51667 0 0 0 0
1.52333 0 0 0 0
1.53 0 0 0 0
1.53667 0 0 0 0
1.54333 0 0 0 0
1.55 0 0 0 0
1.55667 0 0 0 0
1.56333 0 0 0 0
1.57 0 0 0 0
1.57667 0 0 0 0
1.58333 0 0 0 0
1.59 0 0 0 0
1.59667 0 0 0 0
1.60333 0 0 0 0
1.61 0 0 0 0
1.61667 0 0 0 0
1.62333 0 0 0 0
1.63 0 0 0 0
1.63667 0 0 0 0
1.64333 0 0 0 0
1.65 0 0 0 0
1.65667 0 0 0 0
1.66333 0 0 0 0
1.67 0 0 0 0
1.67667 0 0 0 0
1.68333 0 0 0 0
1.69 0 0 0 0
1.69667 0 0 0 0
1.70333 0 0 0 0
1.71 0 0 0 0
1.71667 0 0 0 0
1.72333 0 0 0 0
1.73 0 0 0 0
1.73667 0 0 0 0
1.74333 0 0 0 0
1.75 0 0 0 0
1.75667 0 0 0 0
1.76333 0 0 0 0
1.77 0 0 0 0
1.77667 0 0 0 0
1.78333 0 0 0 0
1.79 0 0 0 0
1.79667 0 0 0 0
1.80333 0 0 0 0
1.81 0 0 0 0
1.81667 0 0 0 0
1.82333 0 0 0 0
1.83 0 0 0 0
1.83667 0 0 0 0
1.84333 0 0 0 0
1.85 0 0 0 0
1.85667 0 0 0 0
1.86333 0 0 0 0
1.87 0 0 0 0
1.87667 0 0 0 0
1.88333 0 0 0 0
1.89 0 0 0 0
1.89667 0 0 0 0
1.90333 0 0 0 0
1.91 0 0 0 0
1.91667 0 0 0 0
1.92333 0 0 0 0
1.93 0 0 0 0
1.93667 0 0 0 0
1.94333 0 0 0 0
1.95 0 0 0 0
1.95667 0 0 0 0
1.96333 0 0 0 0
1.97 0 0 0 0
1.97667 0 0 0 0
1.98333 0 0 0 0
1.99 0 0 0 0
1.99667 0 0 0 0
