0.00333333 2 25 27 4
0.01 3 27 62 15
0.0166667 3 26 60 15
0.0233333 7 37 54 6
0.03 3 34 65 10
0.0366667 5 33 81 13
0.0433333 11 48 108 18
0.05 14 52 127 33
0.0566667 14 58 166 30
0.0633333 16 71 170 33
0.07 10 72 169 50
0.0766667 16 80 175 48
0.0833333 13 80 180 36
0.09 7 68 194 35
0.0966667 9 92 149 35
0.103333 10 98 183 42
0.11 8 96 181 32
0.116667 10 67 182 34
0.123333 14 79 145 33
0.13 9 88 170 35
0.136667 5 92 136 34
0.143333 9 83 167 41
0.15 10 73 147 21
0.156667 2 77 135 25
0.163333 8 68 139 25
0.17 7 75 149 35
0.176667 7 67 149 39
0.183333 6 70 132 35
0.19 8 80 138 24
0.196667 9 91 147 24
0.203333 13 78 150 24
0.21 9 78 123 20
0.216667 10 65 120 24
0.223333 5 62 126 24
0.23 8 57 106 18
0.236667 3 80 82 19
0.243333 5 59 101 18
0.25 7 45 104 20
0.256667 6 49 100 17
0.263333 4 54 88 15
0.27 3 33 86 18
0.276667 7 42 91 25
0.283333 8 41 71 23
0.29 7 46 76 11
0.296667 3 40 79 11
0.303333 9 35 69 11
0.31 3 43 78 13
0.316667 3 48 77 9
0.323333 6 51 61 17
0.33 7 26 75 12
0.336667 8 34 58 14
0.343333 4 22 78 14
0.35 4 38 70 11
0.356667 5 41 53 20
0.363333 4 35 71 6
0.37 7 39 61 13
0.376667 4 38 67 12
0.383333 5 33 67 8
0.39 5 36 56 21
0.396667 4 34 73 18
0.403333 1 26 55 8
0.41 3 27 57 12
0.416667 3 23 50 16
0.423333 5 29 50 12
0.43 3 31 37 8
0.436667 6 28 57 6
0.443333 5 33 47 7
0.45 3 34 54 12
0.456667 5 27 44 11
0.463333 5 21 42 10
0.47 4 22 55 13
0.476667 1 26 42 17
0.483333 1 22 25 13
0.49 4 19 23 12
0.496667 3 23 20 6
0.503333 2 20 33 11
0.51 2 22 39 8
0.516667 4 15 33 8
0.523333 3 17 29 4
0.53 1 11 25 6
0.536667 1 17 19 3
0.543333 2 13 29 7
0.55 2 13 37 5
0.556667 2 18 26 10
0.563333 4 17 26 8
0.57 3 17 31 5
0.576667 2 12 22 4
0.583333 2 15 26 7
0.59 1 10 29 6
0.596667 2 13 30 8
0.603333 2 13 24 9
0.61 2 15 23 10
0.616667 4 13 20 3
0.623333 4 9 24 3
0.63 3 10 21 9
0.636667 1 20 30 6
0.643333 4 9 26 5
0.65 2 11 22 8
0.656667 4 17 28 5
0.663333 53 1021 1440 203
0.67 0 0 0 0
0.676667 0 0 0 0
0.683333 0 0 0 0
0.69 0 0 0 0
0.696667 0 0 0 0
0.703333 0 0 0 0
0.71 0 0 0 0
0.716667 0 0 0 0
0.723333 0 0 0 0
0.73 0 0 0 0
0.736667 0 0 0 0
0.743333 0 0 0 0
0.75 0 0 0 0
0.756667 0 0 0 0
0.763333 0 0 0 0
0.77 0 0 0 0
0.776667 0 0 0 0
0.783333 0 0 0 0
0.79 0 0 0 0
0.796667 0 0 0 0
0.803333 0 0 0 0
0.81 0 0 0 0
0.816667 0 0 0 0
0.823333 0 0 0 0
0.83 0 0 0 0
0.836667 0 0 0 0
0.843333 0 0 0 0
0.85 0 0 0 0
0.856667 0 0 0 0
0.863333 0 0 0 0
0.87 0 0 0 0
0.876667 0 0 0 0
0.883333 0 0 0 0
0.89 0 0 0 0
0.896667 0 0 0 0
0.903333 0 0 0 0
0.91 0 0 0 0
0.916667 0 0 0 0
0.923333 0 0 0 0
0.93 0 0 0 0
0.936667 0 0 0 0
0.943333 0 0 0 0
0.95 0 0 0 0
0.956667 0 0 0 0
0.963333 0 0 0 0
0.97 0 0 0 0
0.976667 0 0 0 0
0.983333 0 0 0 0
0.99 0 0 0 0
0.996667 0 0 0 0
1.00333 0 0 0 0
1.01 0 0 0 0
1.01667 0 0 0 0
1.02333 0 0 0 0
1.03 0 0 0 0
1.03667 0 0 0 0
1.04333 0 0 0 0
1.05 0 0 0 0
1.05667 0 0 0 0
1.06333 0 0 0 0
1.07 0 0 0 0
1.07667 0 0 0 0
1.08333 0 0 0 0
1.09 0 0 0 0
1.09667 0 0 0 0
1.10333 0 0 0 0
1.11 0 0 0 0
1.11667 0 0 0 0
1.12333 0 0 0 0
1.13 0 0 0 0
1.13667 0 0 0 0
1.14333 0 0 0 0
1.15 0 0 0 0
1.15667 0 0 0 0
1.16333 0 0 0 0
1.17 0 0 0 0
1.17667 0 0 0 0
1.18333 0 0 0 0
1.19 0 0 0 0
1.19667 0 0 0 0
1.20333 0 0 0 0
1.21 0 0 0 0
1.21667 0 0 0 0
1.22333 0 0 0 0
1.23 0 0 0 0
1.23667 0 0 0 0
1.24333 0 0 0 0
1.25 0 0 0 0
1.25667 0 0 0 0
1.26333 0 0 0 0
1.27 0 0 0 0
1.27667 0 0 0 0
1.28333 0 0 0 0
1.29 0 0 0 0
1.29667 0 0 0 0
1.30333 0 0 0 0
1.31 0 0 0 0
1.31667 0 0 0 0
1.32333 0 0 0 0
1.33 0 0 0 0
1.33667 0 0 0 0
1.34333 0 0 0 0
1.35 0 0 0 0
1.35667 0 0 0 0
1.36333 0 0 0 0
1.37 0 0 0 0
1.37667 0 0 0 0
1.38333 0 0 0 0
1.39 0 0 0 0
1.39667 0 0 0 0
1.40333 0 0 0 0
1.41 0 0 0 0
1.41667 0 0 0 0
1.42333 0 0 0 0
1.43 0 0 0 0
1.43667 0 0 0 0
1.44333 0 0 0 0
1.45 0 0 0 0
1.45667 0 0 0 0
1.46333 0 0 0 0
1.47 0 0 0 0
1.47667 0 0 0 0
1.48333 0 0 0 0
1.49 0 0 0 0
1.49667 0 0 0 0
1.50333 0 0 0 0
1.51 0 0 0 0
1.51667 0 0 0 0
1.52333 0 0 0 0
1.53 0 0 0 0
1.53667 0 0 0 0
1.54333 0 0 0 0
1.55 0 0 0 0
1.55667 0 0 0 0
1.56333 0 0 0 0
1.57 0 0 0 0
1.57667 0 0 0 0
1.58333 0 0 0 0
1.59 0 0 0 0
1.59667 0 0 0 0
1.60333 0 0 0 0
1.61 0 0 0 0
1.61667 0 0 0 0
1.62333 0 0 0 0
1.63 0 0 0 0
1.63667 0 0 0 0
1.64333 0 0 0 0
1.65 0 0 0 0
1.65667 0 0 0 0
1.66333 0 0 0 0
1.67 0 0 0 0
1.67667 0 0 0 0
1.68333 0 0 0 0
1.69 0 0 0 0
1.69667 0 0 0 0
1.70333 0 0 0 0
1.71 0 0 0 0
1.71667 0 0 0 0
1.72333 0 0 0 0
1.73 0 0 0 0
1.73667 0 0 0 0
1.74333 0 0 0 0
1.75 0 0 0 0
1.75667 0 0 0 0
1.76333 0 0 0 0
1.77 0 0 0 0
1.77667 0 0 0 0
1.78333 0 0 0 0
1.79 0 0 0 0
1.79667 0 0 0 0
1.80333 0 0 0 0
1.81 0 0 0 0
1.81667 0 0 0 0
1.82333 0 0 0 0
1.83 0 0 0 0
1.83667 0 0 0 0
1.84333 0 0 0 0
1.85 0 0 0 0
1.85667 0 0 0 0
1.86333 0 0 0 0
1.87 0 0 0 0
1.87667 0 0 0 0
1.88333 0 0 0 0
1.89 0 0 0 0
1.89667 0 0 0 0
1.90333 0 0 0 0
1.91 0 0 0 0
1.91667 0 0 0 0
1.92333 0 0 0 0
1.93 0 0 0 0
1.93667 0 0 0 0
1.94333 0 0 0 0
1.95 0 0 0 0
1.95667 0 0 0 0
1.96333 0 0 0 0
1.97 0 0 0 0
1.97667 0 0 0 0
1.98333 0 0 0 0
1.99 0 0 0 0
1.99667 0 0 0 0
