0.00333333 9 53 4 1
0.01 35 64 5 0
0.0166667 33 69 6 3
0.0233333 29 69 4 0
0.03 24 85 8 1
0.0366667 45 108 7 0
0.0433333 51 126 9 2
0.05 77 129 7 1
0.0566667 79 144 9 1
0.0633333 87 170 14 1
0.07 88 153 7 0
0.0766667 93 189 6 1
0.0833333 85 199 11 0
0.09 96 196 20 1
0.0966667 90 200 21 3
0.103333 88 194 13 1
0.11 70 207 15 1
0.116667 85 199 17 2
0.123333 91 213 11 1
0.13 91 194 11 1
0.136667 69 170 11 3
0.143333 64 166 12 1
0.15 73 156 8 2
0.156667 59 192 11 0
0.163333 58 186 8 1
0.17 59 155 14 3
0.176667 52 164 16 2
0.183333 60 173 15 4
0.19 59 221 15 3
0.196667 68 208 11 1
0.203333 55 210 12 1
0.21 47 222 15 3
0.216667 50 168 9 1
0.223333 49 153 10 3
0.23 55 166 10 0
0.236667 42 148 10 1
0.243333 58 147 10 1
0.25 43 130 13 0
0.256667 34 153 16 1
0.263333 43 122 11 0
0.27 48 109 2 0
0.276667 37 110 9 2
0.283333 37 124 7 1
0.29 40 106 8 1
0.296667 35 113 6 0
0.303333 27 99 5 0
0.31 37 109 9 0
0.316667 37 105 7 1
0.323333 34 106 8 0
0.33 25 102 3 0
0.336667 30 90 7 1
0.343333 26 85 9 1
0.35 38 77 4 1
0.356667 26 78 7 1
0.363333 29 68 10 1
0.37 23 85 12 0
0.376667 25 78 5 2
0.383333 27 71 6 0
0.39 21 80 8 1
0.396667 20 80 15 0
0.403333 25 76 6 0
0.41 29 84 8 0
0.416667 34 66 9 3
0.423333 34 87 16 0
0.43 27 66 7 1
0.436667 22 65 7 0
0.443333 24 77 4 0
0.45 29 84 10 0
0.456667 41 66 6 0
0.463333 19 77 8 0
0.47 24 88 9 0
0.476667 30 60 4 1
0.483333 19 40 7 1
0.49 18 42 7 0
0.496667 16 39 3 1
0.503333 24 48 5 0
0.51 14 40 9 0
0.516667 16 24 4 0
0.523333 11 22 5 1
0.53 14 32 2 0
0.536667 16 44 3 2
0.543333 12 34 1 0
0.55 15 40 5 0
0.556667 17 37 1 0
0.563333 22 33 4 0
0.57 12 31 9 1
0.576667 24 30 5 1
0.583333 19 27 5 1
0.59 9 24 2 1
0.596667 15 36 6 0
0.603333 10 26 6 0
0.61 18 14 3 0
0.616667 15 26 1 1
0.623333 16 28 7 0
0.63 12 35 3 0
0.636667 12 35 5 0
0.643333 12 24 5 2
0.65 16 31 2 0
0.656667 13 23 3 1
0.663333 454 2802 178 3
0.67 0 0 0 0
0.676667 0 0 0 0
0.683333 0 0 0 0
0.69 0 0 0 0
0.696667 0 0 0 0
0.703333 0 0 0 0
0.71 0 0 0 0
0.716667 0 0 0 0
0.723333 0 0 0 0
0.73 0 0 0 0
0.736667 0 0 0 0
0.743333 0 0 0 0
0.75 0 0 0 0
0.756667 0 0 0 0
0.763333 0 0 0 0
0.77 0 0 0 0
0.776667 0 0 0 0
0.783333 0 0 0 0
0.79 0 0 0 0
0.796667 0 0 0 0
0.803333 0 0 0 0
0.81 0 0 0 0
0.816667 0 0 0 0
0.823333 0 0 0 0
0.83 0 0 0 0
0.836667 0 0 0 0
0.843333 0 0 0 0
0.85 0 0 0 0
0.856667 0 0 0 0
0.863333 0 0 0 0
0.87 0 0 0 0
0.876667 0 0 0 0
0.883333 0 0 0 0
0.89 0 0 0 0
0.896667 0 0 0 0
0.903333 0 0 0 0
0.91 0 0 0 0
0.916667 0 0 0 0
0.923333 0 0 0 0
0.93 0 0 0 0
0.936667 0 0 0 0
0.943333 0 0 0 0
0.95 0 0 0 0
0.956667 0 0 0 0
0.963333 0 0 0 0
0.97 0 0 0 0
0.976667 0 0 0 0
0.983333 0 0 0 0
0.99 0 0 0 0
0.996667 0 0 0 0
1.00333 0 0 0 0
1.01 0 0 0 0
1.01667 0 0 0 0
1.02333 0 0 0 0
1.03 0 0 0 0
1.03667 0 0 0 0
1.04333 0 0 0 0
1.05 0 0 0 0
1.05667 0 0 0 0
1.06333 0 0 0 0
1.07 0 0 0 0
1.07667 0 0 0 0
1.08333 0 0 0 0
1.09 0 0 0 0
1.09667 0 0 0 0
1.10333 0 0 0 0
1.11 0 0 0 0
1.11667 0 0 0 0
1.12333 0 0 0 0
1.13 0 0 0 0
1.13667 0 0 0 0
1.14333 0 0 0 0
1.15 0 0 0 0
1.15667 0 0 0 0
1.16333 0 0 0 0
1.17 0 0 0 0
1.17667 0 0 0 0
1.18333 0 0 0 0
1.19 0 0 0 0
1.19667 0 0 0 0
1.20333 0 0 0 0
1.21 0 0 0 0
1.21667 0 0 0 0
1.22333 0 0 0 0
1.23 0 0 0 0
1.23667 0 0 0 0
1.24333 0 0 0 0
1.25 0 0 0 0
1.25667 0 0 0 0
1.26333 0 0 0 0
1.27 0 0 0 0
1.27667 0 0 0 0
1.28333 0 0 0 0
1.29 0 0 0 0
1.29667 0 0 0 0
1.30333 0 0 0 0
1.31 0 0 0 0
1.31667 0 0 0 0
1.32333 0 0 0 0
1.33 0 0 0 0
1.33667 0 0 0 0
1.34333 0 0 0 0
1.35 0 0 0 0
1.35667 0 0 0 0
1.36333 0 0 0 0
1.37 0 0 0 0
1.37667 0 0 0 0
1.38333 0 0 0 0
1.39 0 0 0 0
1.39667 0 0 0 0
1.40333 0 0 0 0
1.41 0 0 0 0
1.41667 0 0 0 0
1.42333 0 0 0 0
1.43 0 0 0 0
1.43667 0 0 0 0
1.44333 0 0 0 0
1.45 0 0 0 0
1.45667 0 0 0 0
1.46333 0 0 0 0
1.47 0 0 0 0
1.47667 0 0 0 0
1.48333 0 0 0 0
1.49 0 0 0 0
1.49667 0 0 0 0
1.50333 0 0 0 0
1.51 0 0 0 0
1.51667 0 0 0 0
1.52333 0 0 0 0
1.53 0 0 0 0
1.53667 0 0 0 0
1.54333 0 0 0 0
1.55 0 0 0 0
1.55667 0 0 0 0
1.56333 0 0 0 0
1.57 0 0 0 0
1.57667 0 0 0 0
1.58333 0 0 0 0
1.59 0 0 0 0
1.59667 0 0 0 0
1.60333 0 0 0 0
1.61 0 0 0 0
1.61667 0 0 0 0
1.62333 0 0 0 0
1.63 0 0 0 0
1.63667 0 0 0 0
1.64333 0 0 0 0
1.65 0 0 0 0
1.65667 0 0 0 0
1.66333 0 0 0 0
1.67 0 0 0 0
1.67667 0 0 0 0
1.68333 0 0 0 0
1.69 0 0 0 0
1.69667 0 0 0 0
1.70333 0 0 0 0
1.71 0 0 0 0
1.71667 0 0 0 0
1.72333 0 0 0 0
1.73 0 0 0 0
1.73667 0 0 0 0
1.74333 0 0 0 0
1.75 0 0 0 0
1.75667 0 0 0 0
1.76333 0 0 0 0
1.77 0 0 0 0
1.77667 0 0 0 0
1.78333 0 0 0 0
1.79 0 0 0 0
1.79667 0 0 0 0
1.80333 0 0 0 0
1.81 0 0 0 0
1.81667 0 0 0 0
1.82333 0 0 0 0
1.83 0 0 0 0
1.83667 0 0 0 0
1.84333 0 0 0 0
1.85 0 0 0 0
1.85667 0 0 0 0
1.86333 0 0 0 0
1.87 0 0 0 0
1.87667 0 0 0 0
1.88333 0 0 0 0
1.89 0 0 0 0
1.89667 0 0 0 0
1.90333 0 0 0 0
1.91 0 0 0 0
1.91667 0 0 0 0
1.92333 0 0 0 0
1.93 0 0 0 0
1.93667 0 0 0 0
1.94333 0 0 0 0
1.95 0 0 0 0
1.95667 0 0 0 0
1.96333 0 0 0 0
1.97 0 0 0 0
1.97667 0 0 0 0
1.98333 0 0 0 0
1.99 0 0 0 0
1.99667 0 0 0 0
