0.00333333 102 56 1 3
0.01 104 79 1 3
0.0166667 121 63 2 2
0.0233333 136 74 1 2
0.03 131 70 2 2
0.0366667 166 81 1 1
0.0433333 127 84 1 2
0.05 209 96 0 4
0.0566667 194 130 5 3
0.0633333 217 136 6 2
0.07 226 143 3 0
0.0766667 296 156 2 2
0.0833333 302 158 6 4
0.09 296 151 6 1
0.0966667 302 174 2 3
0.103333 320 149 2 3
0.11 298 159 4 8
0.116667 310 161 2 3
0.123333 333 175 3 2
0.13 300 153 2 7
0.136667 316 148 2 0
0.143333 323 156 1 6
0.15 293 164 3 3
0.156667 295 157 3 1
0.163333 298 126 3 6
0.17 273 134 3 6
0.176667 285 148 3 3
0.183333 310 157 0 2
0.19 331 170 2 5
0.196667 339 179 1 2
0.203333 345 169 3 2
0.21 313 154 5 5
0.216667 301 149 6 1
0.223333 281 127 3 6
0.23 265 111 3 2
0.236667 265 129 5 3
0.243333 248 118 2 5
0.25 231 114 3 3
0.256667 221 114 3 0
0.263333 220 101 2 2
0.27 226 93 0 2
0.276667 193 97 4 2
0.283333 194 96 1 1
0.29 174 79 0 3
0.296667 187 90 2 2
0.303333 153 93 3 1
0.31 164 86 2 1
0.316667 163 71 2 0
0.323333 161 75 4 4
0.33 150 92 2 3
0.336667 148 78 3 4
0.343333 141 68 5 2
0.35 120 55 2 3
0.356667 140 70 3 0
0.363333 139 85 0 0
0.37 153 62 0 2
0.376667 127 88 2 3
0.383333 115 72 3 0
0.39 133 74 2 2
0.396667 147 52 1 0
0.403333 137 52 4 3
0.41 125 72 1 0
0.416667 99 56 1 2
0.423333 126 67 1 1
0.43 113 59 3 0
0.436667 134 71 0 1
0.443333 109 74 0 2
0.45 124 52 0 0
0.456667 103 51 3 1
0.463333 124 69 2 1
0.47 114 60 1 2
0.476667 90 56 3 1
0.483333 68 39 1 2
0.49 76 34 1 3
0.496667 80 32 1 2
0.503333 49 32 1 0
0.51 46 30 0 1
0.516667 61 28 1 1
0.523333 59 25 1 1
0.53 48 31 0 1
0.536667 53 27 1 0
0.543333 63 31 0 0
0.55 40 36 0 2
0.556667 48 20 1 0
0.563333 47 14 0 4
0.57 50 18 0 4
0.576667 44 32 1 1
0.583333 45 25 1 1
0.59 38 26 0 0
0.596667 30 32 0 1
0.603333 34 25 0 2
0.61 55 29 0 1
0.616667 36 23 3 1
0.623333 44 24 1 0
0.63 47 38 1 0
0.636667 65 33 3 1
0.643333 39 24 2 2
0.65 40 24 0 2
0.656667 52 25 2 1
0.663333 5107 2403 16 52
0.67 0 0 0 0
0.676667 0 0 0 0
0.683333 0 0 0 0
0.69 0 0 0 0
0.696667 0 0 0 0
0.703333 0 0 0 0
0.71 0 0 0 0
0.716667 0 0 0 0
0.723333 0 0 0 0
0.73 0 0 0 0
0.736667 0 0 0 0
0.743333 0 0 0 0
0.75 0 0 0 0
0.756667 0 0 0 0
0.763333 0 0 0 0
0.77 0 0 0 0
0.776667 0 0 0 0
0.783333 0 0 0 0
0.79 0 0 0 0
0.796667 0 0 0 0
0.803333 0 0 0 0
0.81 0 0 0 0
0.816667 0 0 0 0
0.823333 0 0 0 0
0.83 0 0 0 0
0.836667 0 0 0 0
0.843333 0 0 0 0
0.85 0 0 0 0
0.856667 0 0 0 0
0.863333 0 0 0 0
0.87 0 0 0 0
0.876667 0 0 0 0
0.883333 0 0 0 0
0.89 0 0 0 0
0.896667 0 0 0 0
0.903333 0 0 0 0
0.91 0 0 0 0
0.916667 0 0 0 0
0.923333 0 0 0 0
0.93 0 0 0 0
0.936667 0 0 0 0
0.943333 0 0 0 0
0.95 0 0 0 0
0.956667 0 0 0 0
0.963333 0 0 0 0
0.97 0 0 0 0
0.976667 0 0 0 0
0.983333 0 0 0 0
0.99 0 0 0 0
0.996667 0 0 0 0
1.00333 0 0 0 0
1.01 0 0 0 0
1.01667 0 0 0 0
1.02333 0 0 0 0
1.03 0 0 0 0
1.03667 0 0 0 0
1.04333 0 0 0 0
1.05 0 0 0 0
1.05667 0 0 0 0
1.06333 0 0 0 0
1.07 0 0 0 0
1.07667 0 0 0 0
1.08333 0 0 0 0
1.09 0 0 0 0
1.09667 0 0 0 0
1.10333 0 0 0 0
1.11 0 0 0 0
1.11667 0 0 0 0
1.12333 0 0 0 0
1.13 0 0 0 0
1.13667 0 0 0 0
1.14333 0 0 0 0
1.15 0 0 0 0
1.15667 0 0 0 0
1.16333 0 0 0 0
1.17 0 0 0 0
1.17667 0 0 0 0
1.18333 0 0 0 0
1.19 0 0 0 0
1.19667 0 0 0 0
1.20333 0 0 0 0
1.21 0 0 0 0
1.21667 0 0 0 0
1.22333 0 0 0 0
1.23 0 0 0 0
1.23667 0 0 0 0
1.24333 0 0 0 0
1.25 0 0 0 0
1.25667 0 0 0 0
1.26333 0 0 0 0
1.27 0 0 0 0
1.27667 0 0 0 0
1.28333 0 0 0 0
1.29 0 0 0 0
1.29667 0 0 0 0
1.30333 0 0 0 0
1.31 0 0 0 0
1.31667 0 0 0 0
1.32333 0 0 0 0
1.33 0 0 0 0
1.33667 0 0 0 0
1.34333 0 0 0 0
1.35 0 0 0 0
1.35667 0 0 0 0
1.36333 0 0 0 0
1.37 0 0 0 0
1.37667 0 0 0 0
1.38333 0 0 0 0
1.39 0 0 0 0
1.39667 0 0 0 0
1.40333 0 0 0 0
1.41 0 0 0 0
1.41667 0 0 0 0
1.42333 0 0 0 0
1.43 0 0 0 0
1.43667 0 0 0 0
1.44333 0 0 0 0
1.45 0 0 0 0
1.45667 0 0 0 0
1.46333 0 0 0 0
1.47 0 0 0 0
1.47667 0 0 0 0
1.48333 0 0 0 0
1.49 0 0 0 0
1.49667 0 0 0 0
1.50333 0 0 0 0
1.51 0 0 0 0
1.51667 0 0 0 0
1.52333 0 0 0 0
1.53 0 0 0 0
1.53667 0 0 0 0
1.54333 0 0 0 0
1.55 0 0 0 0
1.55667 0 0 0 0
1.56333 0 0 0 0
1.57 0 0 0 0
1.57667 0 0 0 0
1.58333 0 0 0 0
1.59 0 0 0 0
1.59667 0 0 0 0
1.60333 0 0 0 0
1.61 0 0 0 0
1.61667 0 0 0 0
1.62333 0 0 0 0
1.63 0 0 0 0
1.63667 0 0 0 0
1.64333 0 0 0 0
1.65 0 0 0 0
1.65667 0 0 0 0
1.66333 0 0 0 0
1.67 0 0 0 0
1.67667 0 0 0 0
1.68333 0 0 0 0
1.69 0 0 0 0
1.69667 0 0 0 0
1.70333 0 0 0 0
1.71 0 0 0 0
1.71667 0 0 0 0
1.72333 0 0 0 0
1.73 0 0 0 0
1.73667 0 0 0 0
1.74333 0 0 0 0
1.75 0 0 0 0
1.75667 0 0 0 0
1.76333 0 0 0 0
1.77 0 0 0 0
1.77667 0 0 0 0
1.78333 0 0 0 0
1.79 0 0 0 0
1.79667 0 0 0 0
1.80333 0 0 0 0
1.81 0 0 0 0
1.81667 0 0 0 0
1.82333 0 0 0 0
1.83 0 0 0 0
1.83667 0 0 0 0
1.84333 0 0 0 0
1.85 0 0 0 0
1.85667 0 0 0 0
1.86333 0 0 0 0
1.87 0 0 0 0
1.87667 0 0 0 0
1.88333 0 0 0 0
1.89 0 0 0 0
1.89667 0 0 0 0
1.90333 0 0 0 0
1.91 0 0 0 0
1.91667 0 0 0 0
1.92333 0 0 0 0
1.93 0 0 0 0
1.93667 0 0 0 0
1.94333 0 0 0 0
1.95 0 0 0 0
1.95667 0 0 0 0
1.96333 0 0 0 0
1.97 0 0 0 0
1.97667 0 0 0 0
1.98333 0 0 0 0
1.99 0 0 0 0
1.99667 0 0 0 0
