0.00333333 16 21 10 2
0.01 19 27 11 2
0.0166667 19 44 13 3
0.0233333 20 41 11 2
0.03 22 52 14 2
0.0366667 26 41 18 6
0.0433333 40 87 19 1
0.05 54 99 28 8
0.0566667 58 110 34 2
0.0633333 64 131 16 6
0.07 70 141 37 10
0.0766667 68 144 35 4
0.0833333 75 132 30 7
0.09 63 148 42 8
0.0966667 64 136 33 3
0.103333 64 143 32 3
0.11 82 135 39 8
0.116667 60 122 30 12
0.123333 59 126 32 7
0.13 54 133 32 8
0.136667 61 140 22 3
0.143333 61 104 28 6
0.15 46 79 30 4
0.156667 65 103 18 3
0.163333 33 81 23 5
0.17 62 98 20 3
0.176667 45 91 20 4
0.183333 48 100 31 9
0.19 51 83 25 7
0.196667 47 86 27 9
0.203333 44 74 24 5
0.21 42 73 23 4
0.216667 41 66 21 9
0.223333 40 75 22 7
0.23 45 71 27 3
0.236667 37 67 13 2
0.243333 32 69 20 5
0.25 31 73 18 2
0.256667 19 55 28 3
0.263333 33 68 16 6
0.27 23 53 14 4
0.276667 25 65 12 1
0.283333 37 45 15 3
0.29 11 56 16 0
0.296667 25 52 13 1
0.303333 39 49 17 3
0.31 32 45 14 5
0.316667 25 43 9 0
0.323333 30 47 13 2
0.33 39 52 15 4
0.336667 28 41 12 3
0.343333 16 35 11 1
0.35 26 49 10 3
0.356667 35 35 16 5
0.363333 27 42 15 1
0.37 17 43 16 3
0.376667 26 35 14 2
0.383333 26 36 10 2
0.39 19 38 10 0
0.396667 24 39 10 1
0.403333 20 38 13 2
0.41 18 40 8 2
0.416667 24 31 10 2
0.423333 14 36 10 3
0.43 23 39 9 2
0.436667 22 33 5 3
0.443333 15 19 15 2
0.45 19 28 6 1
0.456667 30 36 12 3
0.463333 14 37 10 0
0.47 17 26 14 6
0.476667 15 25 6 1
0.483333 19 16 12 0
0.49 24 20 7 5
0.496667 13 20 7 0
0.503333 16 18 9 3
0.51 17 22 8 1
0.516667 18 15 7 0
0.523333 18 13 4 2
0.53 12 16 11 0
0.536667 9 12 11 1
0.543333 14 24 4 5
0.55 12 11 5 1
0.556667 9 15 7 1
0.563333 11 17 8 2
0.57 12 9 13 1
0.576667 9 10 10 3
0.583333 10 21 4 2
0.59 9 20 4 0
0.596667 6 19 8 2
0.603333 10 11 11 3
0.61 9 17 4 3
0.616667 10 19 8 0
0.623333 11 20 2 5
0.63 18 19 8 1
0.636667 8 11 11 2
0.643333 9 15 6 0
0.65 10 18 4 0
0.656667 10 25 2 2
0.663333 365 655 240 29
0.67 0 0 0 0
0.676667 0 0 0 0
0.683333 0 0 0 0
0.69 0 0 0 0
0.696667 0 0 0 0
0.703333 0 0 0 0
0.71 0 0 0 0
0.716667 0 0 0 0
0.723333 0 0 0 0
0.73 0 0 0 0
0.736667 0 0 0 0
0.743333 0 0 0 0
0.75 0 0 0 0
0.756667 0 0 0 0
0.763333 0 0 0 0
0.77 0 0 0 0
0.776667 0 0 0 0
0.783333 0 0 0 0
0.79 0 0 0 0
0.796667 0 0 0 0
0.803333 0 0 0 0
0.81 0 0 0 0
0.816667 0 0 0 0
0.823333 0 0 0 0
0.83 0 0 0 0
0.836667 0 0 0 0
0.843333 0 0 0 0
0.85 0 0 0 0
0.856667 0 0 0 0
0.863333 0 0 0 0
0.87 0 0 0 0
0.876667 0 0 0 0
0.883333 0 0 0 0
0.89 0 0 0 0
0.896667 0 0 0 0
0.903333 0 0 0 0
0.91 0 0 0 0
0.916667 0 0 0 0
0.923333 0 0 0 0
0.93 0 0 0 0
0.936667 0 0 0 0
0.943333 0 0 0 0
0.95 0 0 0 0
0.956667 0 0 0 0
0.963333 0 0 0 0
0.97 0 0 0 0
0.976667 0 0 0 0
0.983333 0 0 0 0
0.99 0 0 0 0
0.996667 0 0 0 0
1.00333 0 0 0 0
1.01 0 0 0 0
1.01667 0 0 0 0
1.02333 0 0 0 0
1.03 0 0 0 0
1.03667 0 0 0 0
1.04333 0 0 0 0
1.05 0 0 0 0
1.05667 0 0 0 0
1.06333 0 0 0 0
1.07 0 0 0 0
1.07667 0 0 0 0
1.08333 0 0 0 0
1.09 0 0 0 0
1.09667 0 0 0 0
1.10333 0 0 0 0
1.11 0 0 0 0
1.11667 0 0 0 0
1.12333 0 0 0 0
1.13 0 0 0 0
1.13667 0 0 0 0
1.14333 0 0 0 0
1.15 0 0 0 0
1.15667 0 0 0 0
1.16333 0 0 0 0
1.17 0 0 0 0
1.17667 0 0 0 0
1.18333 0 0 0 0
1.19 0 0 0 0
1.19667 0 0 0 0
1.20333 0 0 0 0
1.21 0 0 0 0
1.21667 0 0 0 0
1.22333 0 0 0 0
1.23 0 0 0 0
1.23667 0 0 0 0
1.24333 0 0 0 0
1.25 0 0 0 0
1.25667 0 0 0 0
1.26333 0 0 0 0
1.27 0 0 0 0
1.27667 0 0 0 0
1.28333 0 0 0 0
1.29 0 0 0 0
1.29667 0 0 0 0
1.30333 0 0 0 0
1.31 0 0 0 0
1.31667 0 0 0 0
1.32333 0 0 0 0
1.33 0 0 0 0
1.33667 0 0 0 0
1.34333 0 0 0 0
1.35 0 0 0 0
1.35667 0 0 0 0
1.36333 0 0 0 0
1.37 0 0 0 0
1.37667 0 0 0 0
1.38333 0 0 0 0
1.39 0 0 0 0
1.39667 0 0 0 0
1.40333 0 0 0 0
1.41 0 0 0 0
1.41667 0 0 0 0
1.42333 0 0 0 0
1.43 0 0 0 0
1.43667 0 0 0 0
1.44333 0 0 0 0
1.45 0 0 0 0
1.45667 0 0 0 0
1.46333 0 0 0 0
1.47 0 0 0 0
1.47667 0 0 0 0
1.48333 0 0 0 0
1.49 0 0 0 0
1.49667 0 0 0 0
1.50333 0 0 0 0
1.51 0 0 0 0
1.51667 0 0 0 0
1.52333 0 0 0 0
1.53 0 0 0 0
1.53667 0 0 0 0
1.54333 0 0 0 0
1.55 0 0 0 0
1.55667 0 0 0 0
1.56333 0 0 0 0
1.57 0 0 0 0
1.57667 0 0 0 0
1.58333 0 0 0 0
1.59 0 0 0 0
1.59667 0 0 0 0
1.60333 0 0 0 0
1.61 0 0 0 0
1.61667 0 0 0 0
1.62333 0 0 0 0
1.63 0 0 0 0
1.63667 0 0 0 0
1.64333 0 0 0 0
1.65 0 0 0 0
1.65667 0 0 0 0
1.66333 0 0 0 0
1.67 0 0 0 0
1.67667 0 0 0 0
1.68333 0 0 0 0
1.69 0 0 0 0
1.69667 0 0 0 0
1.70333 0 0 0 0
1.71 0 0 0 0
1.71667 0 0 0 0
1.72333 0 0 0 0
1.73 0 0 0 0
1.73667 0 0 0 0
1.74333 0 0 0 0
1.75 0 0 0 0
1.75667 0 0 0 0
1.76333 0 0 0 0
1.77 0 0 0 0
1.77667 0 0 0 0
1.78333 0 0 0 0
1.79 0 0 0 0
1.79667 0 0 0 0
1.80333 0 0 0 0
1.81 0 0 0 0
1.81667 0 0 0 0
1.82333 0 0 0 0
1.83 0 0 0 0
1.83667 0 0 0 0
1.84333 0 0 0 0
1.85 0 0 0 0
1.85667 0 0 0 0
1.86333 0 0 0 0
1.87 0 0 0 0
1.87667 0 0 0 0
1.88333 0 0 0 0
1.89 0 0 0 0
1.89667 0 0 0 0
1.90333 0 0 0 0
1.91 0 0 0 0
1.91667 0 0 0 0
1.92333 0 0 0 0
1.93 0 0 0 0
1.93667 0 0 0 0
1.94333 0 0 0 0
1.95 0 0 0 0
1.95667 0 0 0 0
1.96333 0 0 0 0
1.97 0 0 0 0
1.97667 0 0 0 0
1.98333 0 0 0 0
1.99 0 0 0 0
1.99667 0 0 0 0
