0.00333333 2 5 118 13
0.01 1 13 135 19
0.0166667 1 7 135 26
0.0233333 1 3 155 24
0.03 0 10 160 30
0.0366667 2 14 173 42
0.0433333 1 8 199 44
0.05 1 11 256 60
0.0566667 6 18 300 72
0.0633333 3 20 313 65
0.07 4 18 390 81
0.0766667 4 25 408 94
0.0833333 3 21 436 92
0.09 3 20 385 87
0.0966667 4 27 369 85
0.103333 3 25 413 81
0.11 7 16 417 71
0.116667 2 22 414 80
0.123333 4 27 410 79
0.13 4 19 448 80
0.136667 2 21 432 59
0.143333 4 19 428 59
0.15 6 25 380 38
0.156667 0 22 376 57
0.163333 5 16 371 51
0.17 3 17 358 56
0.176667 2 18 373 55
0.183333 4 13 412 63
0.19 4 21 489 58
0.196667 7 18 443 47
0.203333 3 16 424 53
0.21 4 14 395 34
0.216667 2 18 371 42
0.223333 5 10 365 53
0.23 2 16 351 39
0.236667 1 20 322 29
0.243333 5 13 297 39
0.25 3 9 287 52
0.256667 2 5 259 30
0.263333 0 15 252 42
0.27 2 16 269 36
0.276667 2 14 220 35
0.283333 1 15 249 37
0.29 1 8 230 43
0.296667 2 9 185 27
0.303333 0 9 186 31
0.31 2 14 191 23
0.316667 3 12 190 30
0.323333 2 14 172 37
0.33 1 11 159 23
0.336667 3 10 159 16
0.343333 3 4 170 39
0.35 0 9 163 30
0.356667 0 4 157 26
0.363333 1 3 156 22
0.37 2 8 151 23
0.376667 3 8 162 20
0.383333 2 6 149 23
0.39 1 13 143 24
0.396667 2 4 142 15
0.403333 2 4 157 19
0.41 3 2 144 25
0.416667 1 6 154 19
0.423333 2 4 117 19
0.43 0 8 149 18
0.436667 1 4 157 20
0.443333 1 16 131 27
0.45 1 14 141 20
0.456667 0 9 146 25
0.463333 1 8 125 17
0.47 0 5 136 20
0.476667 0 14 130 16
0.483333 1 4 88 19
0.49 1 4 85 16
0.496667 0 1 86 13
0.503333 1 6 67 16
0.51 1 3 62 16
0.516667 2 8 77 15
0.523333 3 3 58 11
0.53 0 5 64 8
0.536667 0 4 57 9
0.543333 2 4 61 8
0.55 0 5 65 10
0.556667 0 5 52 15
0.563333 2 8 69 9
0.57 0 1 55 14
0.576667 5 5 47 10
0.583333 1 4 64 11
0.59 2 4 43 10
0.596667 0 4 47 7
0.603333 2 3 45 8
0.61 2 2 61 10
0.616667 1 4 51 5
0.623333 0 3 40 11
0.63 0 4 52 11
0.636667 0 3 60 10
0.643333 1 9 36 9
0.65 3 5 48 13
0.656667 0 4 50 12
0.663333 11 135 5867 363
0.67 0 0 0 0
0.676667 0 0 0 0
0.683333 0 0 0 0
0.69 0 0 0 0
0.696667 0 0 0 0
0.703333 0 0 0 0
0.71 0 0 0 0
0.716667 0 0 0 0
0.723333 0 0 0 0
0.73 0 0 0 0
0.736667 0 0 0 0
0.743333 0 0 0 0
0.75 0 0 0 0
0.756667 0 0 0 0
0.763333 0 0 0 0
0.77 0 0 0 0
0.776667 0 0 0 0
0.783333 0 0 0 0
0.79 0 0 0 0
0.796667 0 0 0 0
0.803333 0 0 0 0
0.81 0 0 0 0
0.816667 0 0 0 0
0.823333 0 0 0 0
0.83 0 0 0 0
0.836667 0 0 0 0
0.843333 0 0 0 0
0.85 0 0 0 0
0.856667 0 0 0 0
0.863333 0 0 0 0
0.87 0 0 0 0
0.876667 0 0 0 0
0.883333 0 0 0 0
0.89 0 0 0 0
0.896667 0 0 0 0
0.903333 0 0 0 0
0.91 0 0 0 0
0.916667 0 0 0 0
0.923333 0 0 0 0
0.93 0 0 0 0
0.936667 0 0 0 0
0.943333 0 0 0 0
0.95 0 0 0 0
0.956667 0 0 0 0
0.963333 0 0 0 0
0.97 0 0 0 0
0.976667 0 0 0 0
0.983333 0 0 0 0
0.99 0 0 0 0
0.996667 0 0 0 0
1.00333 0 0 0 0
1.01 0 0 0 0
1.01667 0 0 0 0
1.02333 0 0 0 0
1.03 0 0 0 0
1.03667 0 0 0 0
1.04333 0 0 0 0
1.05 0 0 0 0
1.05667 0 0 0 0
1.06333 0 0 0 0
1.07 0 0 0 0
1.07667 0 0 0 0
1.08333 0 0 0 0
1.09 0 0 0 0
1.09667 0 0 0 0
1.10333 0 0 0 0
1.11 0 0 0 0
1.11667 0 0 0 0
1.12333 0 0 0 0
1.13 0 0 0 0
1.13667 0 0 0 0
1.14333 0 0 0 0
1.15 0 0 0 0
1.15667 0 0 0 0
1.16333 0 0 0 0
1.17 0 0 0 0
1.17667 0 0 0 0
1.18333 0 0 0 0
1.19 0 0 0 0
1.19667 0 0 0 0
1.20333 0 0 0 0
1.21 0 0 0 0
1.21667 0 0 0 0
1.22333 0 0 0 0
1.23 0 0 0 0
1.23667 0 0 0 0
1.24333 0 0 0 0
1.25 0 0 0 0
1.25667 0 0 0 0
1.26333 0 0 0 0
1.27 0 0 0 0
1.27667 0 0 0 0
1.28333 0 0 0 0
1.29 0 0 0 0
1.29667 0 0 0 0
1.30333 0 0 0 0
1.31 0 0 0 0
1.31667 0 0 0 0
1.32333 0 0 0 0
1.33 0 0 0 0
1.33667 0 0 0 0
1.34333 0 0 0 0
1.35 0 0 0 0
1.35667 0 0 0 0
1.36333 0 0 0 0
1.37 0 0 0 0
1.37667 0 0 0 0
1.38333 0 0 0 0
1.39 0 0 0 0
1.39667 0 0 0 0
1.40333 0 0 0 0
1.41 0 0 0 0
1.41667 0 0 0 0
1.42333 0 0 0 0
1.43 0 0 0 0
1.43667 0 0 0 0
1.44333 0 0 0 0
1.45 0 0 0 0
1.45667 0 0 0 0
1.46333 0 0 0 0
1.47 0 0 0 0
1.47667 0 0 0 0
1.48333 0 0 0 0
1.49 0 0 0 0
1.49667 0 0 0 0
1.50333 0 0 0 0
1.51 0 0 0 0
1.51667 0 0 0 0
1.52333 0 0 0 0
1.53 0 0 0 0
1.53667 0 0 0 0
1.54333 0 0 0 0
1.55 0 0 0 0
1.55667 0 0 0 0
1.56333 0 0 0 0
1.57 0 0 0 0
1.57667 0 0 0 0
1.58333 0 0 0 0
1.59 0 0 0 0
1.59667 0 0 0 0
1.60333 0 0 0 0
1.61 0 0 0 0
1.61667 0 0 0 0
1.62333 0 0 0 0
1.63 0 0 0 0
1.63667 0 0 0 0
1.64333 0 0 0 0
1.65 0 0 0 0
1.65667 0 0 0 0
1.66333 0 0 0 0
1.67 0 0 0 0
1.67667 0 0 0 0
1.68333 0 0 0 0
1.69 0 0 0 0
1.69667 0 0 0 0
1.70333 0 0 0 0
1.71 0 0 0 0
1.71667 0 0 0 0
1.72333 0 0 0 0
1.73 0 0 0 0
1.73667 0 0 0 0
1.74333 0 0 0 0
1.75 0 0 0 0
1.75667 0 0 0 0
1.76333 0 0 0 0
1.77 0 0 0 0
1.77667 0 0 0 0
1.78333 0 0 0 0
1.79 0 0 0 0
1.79667 0 0 0 0
1.80333 0 0 0 0
1.81 0 0 0 0
1.81667 0 0 0 0
1.82333 0 0 0 0
1.83 0 0 0 0
1.83667 0 0 0 0
1.84333 0 0 0 0
1.85 0 0 0 0
1.85667 0 0 0 0
1.86333 0 0 0 0
1.87 0 0 0 0
1.87667 0 0 0 0
1.88333 0 0 0 0
1.89 0 0 0 0
1.89667 0 0 0 0
1.90333 0 0 0 0
1.91 0 0 0 0
1.91667 0 0 0 0
1.92333 0 0 0 0
1.93 0 0 0 0
1.93667 0 0 0 0
1.94333 0 0 0 0
1.95 0 0 0 0
1.95667 0 0 0 0
1.96333 0 0 0 0
1.97 0 0 0 0
1.97667 0 0 0 0
1.98333 0 0 0 0
1.99 0 0 0 0
1.99667 0 0 0 0
