0.00333333 16 70 9 5
0.01 19 73 15 4
0.0166667 31 87 16 2
0.0233333 25 98 13 3
0.03 33 108 11 3
0.0366667 34 140 24 1
0.0433333 52 182 25 5
0.05 53 228 24 4
0.0566667 57 246 41 7
0.0633333 84 272 34 9
0.07 90 310 32 5
0.0766667 70 307 53 13
0.0833333 78 264 43 12
0.09 91 297 49 9
0.0966667 83 351 35 14
0.103333 86 319 39 16
0.11 74 334 33 9
0.116667 77 332 52 9
0.123333 89 297 39 10
0.13 64 310 34 12
0.136667 75 332 26 19
0.143333 62 280 30 8
0.15 55 279 36 6
0.156667 60 260 29 10
0.163333 60 229 32 10
0.17 59 239 25 7
0.176667 74 245 28 7
0.183333 66 271 31 5
0.19 59 239 34 12
0.196667 50 247 31 4
0.203333 62 243 34 8
0.21 63 231 26 3
0.216667 44 220 26 10
0.223333 47 213 18 7
0.23 44 198 27 5
0.236667 40 211 23 6
0.243333 40 191 20 3
0.25 56 185 14 3
0.256667 46 169 16 4
0.263333 42 153 23 7
0.27 33 164 20 7
0.276667 41 167 17 4
0.283333 32 136 10 4
0.29 31 154 20 4
0.296667 30 143 13 6
0.303333 26 138 18 3
0.31 43 124 18 5
0.316667 34 130 7 3
0.323333 23 101 21 5
0.33 34 103 15 4
0.336667 26 107 16 3
0.343333 19 107 18 5
0.35 22 111 23 2
0.356667 25 105 16 3
0.363333 19 110 13 3
0.37 23 102 15 4
0.376667 25 87 18 4
0.383333 28 99 9 0
0.39 17 69 17 1
0.396667 25 86 9 3
0.403333 23 104 12 1
0.41 26 97 7 3
0.416667 21 91 11 6
0.423333 23 95 18 1
0.43 16 88 16 3
0.436667 25 72 8 2
0.443333 24 83 12 1
0.45 29 98 10 0
0.456667 29 89 10 6
0.463333 23 95 16 5
0.47 18 91 12 3
0.476667 19 70 14 9
0.483333 13 58 9 3
0.49 10 57 7 1
0.496667 15 60 7 2
0.503333 10 59 9 4
0.51 15 47 9 2
0.516667 16 55 8 4
0.523333 8 47 9 1
0.53 14 45 7 0
0.536667 17 44 5 5
0.543333 12 47 8 3
0.55 11 41 7 4
0.556667 15 55 7 1
0.563333 7 43 9 1
0.57 9 46 3 3
0.576667 7 39 5 2
0.583333 10 46 9 1
0.59 11 40 9 0
0.596667 7 40 6 0
0.603333 4 42 3 3
0.61 9 42 7 3
0.616667 5 41 6 4
0.623333 11 34 7 3
0.63 15 37 5 1
0.636667 12 43 4 3
0.643333 5 25 5 1
0.65 7 45 6 1
0.656667 7 37 8 3
0.663333 424 2868 223 50
0.67 0 0 0 0
0.676667 0 0 0 0
0.683333 0 0 0 0
0.69 0 0 0 0
0.696667 0 0 0 0
0.703333 0 0 0 0
0.71 0 0 0 0
0.716667 0 0 0 0
0.723333 0 0 0 0
0.73 0 0 0 0
0.736667 0 0 0 0
0.743333 0 0 0 0
0.75 0 0 0 0
0.756667 0 0 0 0
0.763333 0 0 0 0
0.77 0 0 0 0
0.776667 0 0 0 0
0.783333 0 0 0 0
0.79 0 0 0 0
0.796667 0 0 0 0
0.803333 0 0 0 0
0.81 0 0 0 0
0.816667 0 0 0 0
0.823333 0 0 0 0
0.83 0 0 0 0
0.836667 0 0 0 0
0.843333 0 0 0 0
0.85 0 0 0 0
0.856667 0 0 0 0
0.863333 0 0 0 0
0.87 0 0 0 0
0.876667 0 0 0 0
0.883333 0 0 0 0
0.89 0 0 0 0
0.896667 0 0 0 0
0.903333 0 0 0 0
0.91 0 0 0 0
0.916667 0 0 0 0
0.923333 0 0 0 0
0.93 0 0 0 0
0.936667 0 0 0 0
0.943333 0 0 0 0
0.95 0 0 0 0
0.956667 0 0 0 0
0.963333 0 0 0 0
0.97 0 0 0 0
0.976667 0 0 0 0
0.983333 0 0 0 0
0.99 0 0 0 0
0.996667 0 0 0 0
1.00333 0 0 0 0
1.01 0 0 0 0
1.01667 0 0 0 0
1.02333 0 0 0 0
1.03 0 0 0 0
1.03667 0 0 0 0
1.04333 0 0 0 0
1.05 0 0 0 0
1.05667 0 0 0 0
1.06333 0 0 0 0
1.07 0 0 0 0
1.07667 0 0 0 0
1.08333 0 0 0 0
1.09 0 0 0 0
1.09667 0 0 0 0
1.10333 0 0 0 0
1.11 0 0 0 0
1.11667 0 0 0 0
1.12333 0 0 0 0
1.13 0 0 0 0
1.13667 0 0 0 0
1.14333 0 0 0 0
1.15 0 0 0 0
1.15667 0 0 0 0
1.16333 0 0 0 0
1.17 0 0 0 0
1.17667 0 0 0 0
1.18333 0 0 0 0
1.19 0 0 0 0
1.19667 0 0 0 0
1.20333 0 0 0 0
1.21 0 0 0 0
1.21667 0 0 0 0
1.22333 0 0 0 0
1.23 0 0 0 0
1.23667 0 0 0 0
1.24333 0 0 0 0
1.25 0 0 0 0
1.25667 0 0 0 0
1.26333 0 0 0 0
1.27 0 0 0 0
1.27667 0 0 0 0
1.28333 0 0 0 0
1.29 0 0 0 0
1.29667 0 0 0 0
1.30333 0 0 0 0
1.31 0 0 0 0
1.31667 0 0 0 0
1.32333 0 0 0 0
1.33 0 0 0 0
1.33667 0 0 0 0
1.34333 0 0 0 0
1.35 0 0 0 0
1.35667 0 0 0 0
1.36333 0 0 0 0
1.37 0 0 0 0
1.37667 0 0 0 0
1.38333 0 0 0 0
1.39 0 0 0 0
1.39667 0 0 0 0
1.40333 0 0 0 0
1.41 0 0 0 0
1.41667 0 0 0 0
1.42333 0 0 0 0
1.43 0 0 0 0
1.43667 0 0 0 0
1.44333 0 0 0 0
1.45 0 0 0 0
1.45667 0 0 0 0
1.46333 0 0 0 0
1.47 0 0 0 0
1.47667 0 0 0 0
1.48333 0 0 0 0
1.49 0 0 0 0
1.49667 0 0 0 0
1.50333 0 0 0 0
1.51 0 0 0 0
1.51667 0 0 0 0
1.52333 0 0 0 0
1.53 0 0 0 0
1.53667 0 0 0 0
1.54333 0 0 0 0
1.55 0 0 0 0
1.55667 0 0 0 0
1.56333 0 0 0 0
1.57 0 0 0 0
1.57667 0 0 0 0
1.58333 0 0 0 0
1.59 0 0 0 0
1.59667 0 0 0 0
1.60333 0 0 0 0
1.61 0 0 0 0
1.61667 0 0 0 0
1.62333 0 0 0 0
1.63 0 0 0 0
1.63667 0 0 0 0
1.64333 0 0 0 0
1.65 0 0 0 0
1.65667 0 0 0 0
1.66333 0 0 0 0
1.67 0 0 0 0
1.67667 0 0 0 0
1.68333 0 0 0 0
1.69 0 0 0 0
1.69667 0 0 0 0
1.70333 0 0 0 0
1.71 0 0 0 0
1.71667 0 0 0 0
1.72333 0 0 0 0
1.73 0 0 0 0
1.73667 0 0 0 0
1.74333 0 0 0 0
1.75 0 0 0 0
1.75667 0 0 0 0
1.76333 0 0 0 0
1.77 0 0 0 0
1.77667 0 0 0 0
1.78333 0 0 0 0
1.79 0 0 0 0
1.79667 0 0 0 0
1.80333 0 0 0 0
1.81 0 0 0 0
1.81667 0 0 0 0
1.82333 0 0 0 0
1.83 0 0 0 0
1.83667 0 0 0 0
1.84333 0 0 0 0
1.85 0 0 0 0
1.85667 0 0 0 0
1.86333 0 0 0 0
1.87 0 0 0 0
1.87667 0 0 0 0
1.88333 0 0 0 0
1.89 0 0 0 0
1.89667 0 0 0 0
1.90333 0 0 0 0
1.91 0 0 0 0
1.91667 0 0 0 0
1.92333 0 0 0 0
1.93 0 0 0 0
1.93667 0 0 0 0
1.94333 0 0 0 0
1.95 0 0 0 0
1.95667 0 0 0 0
1.96333 0 0 0 0
1.97 0 0 0 0
1.97667 0 0 0 0
1.98333 0 0 0 0
1.99 0 0 0 0
1.99667 0 0 0 0
