0.00333333 4 6 23 49
0.01 2 3 25 50
0.0166667 5 6 31 72
0.0233333 2 13 31 66
0.03 2 4 33 58
0.0366667 5 5 40 73
0.0433333 10 18 60 90
0.05 8 17 71 96
0.0566667 8 21 90 121
0.0633333 9 15 117 133
0.07 11 22 115 132
0.0766667 9 25 120 156
0.0833333 6 24 117 160
0.09 8 24 100 150
0.0966667 8 25 113 148
0.103333 6 33 126 162
0.11 3 17 122 168
0.116667 6 24 90 162
0.123333 8 22 100 170
0.13 15 22 73 177
0.136667 7 29 100 144
0.143333 8 24 73 140
0.15 11 15 68 138
0.156667 6 11 90 140
0.163333 10 17 68 164
0.17 9 19 60 139
0.176667 9 16 86 164
0.183333 8 16 70 159
0.19 13 23 68 193
0.196667 12 31 59 186
0.203333 19 15 71 146
0.21 13 19 64 169
0.216667 9 13 54 146
0.223333 11 15 77 122
0.23 10 12 66 113
0.236667 8 11 70 125
0.243333 3 10 60 91
0.25 12 15 48 132
0.256667 9 12 65 112
0.263333 8 14 49 100
0.27 9 8 66 107
0.276667 4 6 41 99
0.283333 2 10 49 95
0.29 8 10 54 94
0.296667 5 11 52 88
0.303333 5 10 41 77
0.31 7 9 47 81
0.316667 7 12 41 77
0.323333 9 15 52 74
0.33 6 16 37 61
0.336667 4 14 44 61
0.343333 1 11 27 71
0.35 2 5 31 73
0.356667 7 8 33 73
0.363333 0 11 37 68
0.37 5 12 33 60
0.376667 5 12 39 55
0.383333 2 12 35 70
0.39 2 8 32 63
0.396667 5 6 37 73
0.403333 9 10 31 52
0.41 1 12 35 77
0.416667 6 14 21 51
0.423333 6 6 29 52
0.43 6 4 21 68
0.436667 6 11 29 66
0.443333 5 10 25 59
0.45 3 12 26 66
0.456667 4 7 32 60
0.463333 7 8 26 56
0.47 5 5 28 47
0.476667 3 8 18 54
0.483333 5 6 15 26
0.49 3 9 29 34
0.496667 3 4 15 26
0.503333 5 7 13 31
0.51 2 7 20 32
0.516667 4 7 21 29
0.523333 4 3 17 31
0.53 1 3 11 31
0.536667 1 3 20 20
0.543333 1 7 16 24
0.55 4 4 17 18
0.556667 3 9 22 25
0.563333 0 3 6 33
0.57 4 9 11 26
0.576667 2 4 14 22
0.583333 2 3 18 27
0.59 5 5 13 30
0.596667 3 5 14 18
0.603333 3 1 16 15
0.61 2 5 10 33
0.616667 2 4 15 20
0.623333 2 2 13 22
0.63 8 6 23 23
0.636667 2 5 13 21
0.643333 1 8 12 10
0.65 3 10 20 15
0.656667 5 7 13 13
0.663333 142 170 580 2342
0.67 0 0 0 0
0.676667 0 0 0 0
0.683333 0 0 0 0
0.69 0 0 0 0
0.696667 0 0 0 0
0.703333 0 0 0 0
0.71 0 0 0 0
0.716667 0 0 0 0
0.723333 0 0 0 0
0.73 0 0 0 0
0.736667 0 0 0 0
0.743333 0 0 0 0
0.75 0 0 0 0
0.756667 0 0 0 0
0.763333 0 0 0 0
0.77 0 0 0 0
0.776667 0 0 0 0
0.783333 0 0 0 0
0.79 0 0 0 0
0.796667 0 0 0 0
0.803333 0 0 0 0
0.81 0 0 0 0
0.816667 0 0 0 0
0.823333 0 0 0 0
0.83 0 0 0 0
0.836667 0 0 0 0
0.843333 0 0 0 0
0.85 0 0 0 0
0.856667 0 0 0 0
0.863333 0 0 0 0
0.87 0 0 0 0
0.876667 0 0 0 0
0.883333 0 0 0 0
0.89 0 0 0 0
0.896667 0 0 0 0
0.903333 0 0 0 0
0.91 0 0 0 0
0.916667 0 0 0 0
0.923333 0 0 0 0
0.93 0 0 0 0
0.936667 0 0 0 0
0.943333 0 0 0 0
0.95 0 0 0 0
0.956667 0 0 0 0
0.963333 0 0 0 0
0.97 0 0 0 0
0.976667 0 0 0 0
0.983333 0 0 0 0
0.99 0 0 0 0
0.996667 0 0 0 0
1.00333 0 0 0 0
1.01 0 0 0 0
1.01667 0 0 0 0
1.02333 0 0 0 0
1.03 0 0 0 0
1.03667 0 0 0 0
1.04333 0 0 0 0
1.05 0 0 0 0
1.05667 0 0 0 0
1.06333 0 0 0 0
1.07 0 0 0 0
1.07667 0 0 0 0
1.08333 0 0 0 0
1.09 0 0 0 0
1.09667 0 0 0 0
1.10333 0 0 0 0
1.11 0 0 0 0
1.11667 0 0 0 0
1.12333 0 0 0 0
1.13 0 0 0 0
1.13667 0 0 0 0
1.14333 0 0 0 0
1.15 0 0 0 0
1.15667 0 0 0 0
1.16333 0 0 0 0
1.17 0 0 0 0
1.17667 0 0 0 0
1.18333 0 0 0 0
1.19 0 0 0 0
1.19667 0 0 0 0
1.20333 0 0 0 0
1.21 0 0 0 0
1.21667 0 0 0 0
1.22333 0 0 0 0
1.23 0 0 0 0
1.23667 0 0 0 0
1.24333 0 0 0 0
1.25 0 0 0 0
1.25667 0 0 0 0
1.26333 0 0 0 0
1.27 0 0 0 0
1.27667 0 0 0 0
1.28333 0 0 0 0
1.29 0 0 0 0
1.29667 0 0 0 0
1.30333 0 0 0 0
1.31 0 0 0 0
1.31667 0 0 0 0
1.32333 0 0 0 0
1.33 0 0 0 0
1.33667 0 0 0 0
1.34333 0 0 0 0
1.35 0 0 0 0
1.35667 0 0 0 0
1.36333 0 0 0 0
1.37 0 0 0 0
1.37667 0 0 0 0
1.38333 0 0 0 0
1.39 0 0 0 0
1.39667 0 0 0 0
1.40333 0 0 0 0
1.41 0 0 0 0
1.41667 0 0 0 0
1.42333 0 0 0 0
1.43 0 0 0 0
1.43667 0 0 0 0
1.44333 0 0 0 0
1.45 0 0 0 0
1.45667 0 0 0 0
1.46333 0 0 0 0
1.47 0 0 0 0
1.47667 0 0 0 0
1.48333 0 0 0 0
1.49 0 0 0 0
1.49667 0 0 0 0
1.50333 0 0 0 0
1.51 0 0 0 0
1.51667 0 0 0 0
1.52333 0 0 0 0
1.53 0 0 0 0
1.53667 0 0 0 0
1.54333 0 0 0 0
1.55 0 0 0 0
1.55667 0 0 0 0
1.56333 0 0 0 0
1.57 0 0 0 0
1.57667 0 0 0 0
1.58333 0 0 0 0
1.59 0 0 0 0
1.59667 0 0 0 0
1.60333 0 0 0 0
1.61 0 0 0 0
1.61667 0 0 0 0
1.62333 0 0 0 0
1.63 0 0 0 0
1.63667 0 0 0 0
1.64333 0 0 0 0
1.65 0 0 0 0
1.65667 0 0 0 0
1.66333 0 0 0 0
1.67 0 0 0 0
1.67667 0 0 0 0
1.68333 0 0 0 0
1.69 0 0 0 0
1.69667 0 0 0 0
1.70333 0 0 0 0
1.71 0 0 0 0
1.71667 0 0 0 0
1.72333 0 0 0 0
1.73 0 0 0 0
1.73667 0 0 0 0
1.74333 0 0 0 0
1.75 0 0 0 0
1.75667 0 0 0 0
1.76333 0 0 0 0
1.77 0 0 0 0
1.77667 0 0 0 0
1.78333 0 0 0 0
1.79 0 0 0 0
1.79667 0 0 0 0
1.80333 0 0 0 0
1.81 0 0 0 0
1.81667 0 0 0 0
1.82333 0 0 0 0
1.83 0 0 0 0
1.83667 0 0 0 0
1.84333 0 0 0 0
1.85 0 0 0 0
1.85667 0 0 0 0
1.86333 0 0 0 0
1.87 0 0 0 0
1.87667 0 0 0 0
1.88333 0 0 0 0
1.89 0 0 0 0
1.89667 0 0 0 0
1.90333 0 0 0 0
1.91 0 0 0 0
1.91667 0 0 0 0
1.92333 0 0 0 0
1.93 0 0 0 0
1.93667 0 0 0 0
1.94333 0 0 0 0
1.95 0 0 0 0
1.95667 0 0 0 0
1.96333 0 0 0 0
1.97 0 0 0 0
1.97667 0 0 0 0
1.98333 0 0 0 0
1.99 0 0 0 0
1.99667 0 0 0 0
