0.00333333 6 54 16 1
0.01 8 51 20 4
0.0166667 11 63 25 4
0.0233333 15 73 26 3
0.03 15 83 29 10
0.0366667 12 73 37 2
0.0433333 24 121 43 8
0.05 28 137 44 7
0.0566667 31 161 56 9
0.0633333 42 197 63 7
0.07 35 207 79 12
0.0766667 46 192 69 13
0.0833333 42 194 65 11
0.09 42 194 66 11
0.0966667 40 208 67 12
0.103333 34 208 56 7
0.11 41 183 67 16
0.116667 39 226 76 13
0.123333 40 192 76 7
0.13 26 202 62 4
0.136667 23 180 65 10
0.143333 24 197 72 8
0.15 24 152 62 3
0.156667 20 168 72 6
0.163333 25 157 68 13
0.17 25 165 63 9
0.176667 31 135 53 5
0.183333 21 150 65 7
0.19 18 150 84 3
0.196667 34 147 62 8
0.203333 24 165 64 7
0.21 19 147 60 6
0.216667 19 142 54 5
0.223333 22 136 51 6
0.23 22 132 43 8
0.236667 20 127 58 6
0.243333 21 124 48 2
0.25 18 126 40 5
0.256667 15 106 35 1
0.263333 23 92 37 1
0.27 12 99 24 5
0.276667 15 104 30 5
0.283333 14 92 28 2
0.29 15 98 39 1
0.296667 16 94 32 8
0.303333 11 103 32 3
0.31 13 96 28 3
0.316667 16 81 31 3
0.323333 18 90 35 3
0.33 9 70 29 2
0.336667 10 68 29 1
0.343333 9 63 24 2
0.35 13 95 28 3
0.356667 11 69 24 5
0.363333 18 58 29 3
0.37 9 75 21 2
0.376667 11 54 38 3
0.383333 12 83 28 0
0.39 6 63 27 1
0.396667 11 79 27 3
0.403333 10 68 23 3
0.41 8 55 25 1
0.416667 8 61 25 1
0.423333 8 69 30 1
0.43 12 51 26 2
0.436667 5 67 34 2
0.443333 8 55 26 2
0.45 11 51 27 5
0.456667 11 50 23 2
0.463333 11 61 15 3
0.47 8 56 22 1
0.476667 11 46 30 1
0.483333 10 37 14 2
0.49 9 45 17 1
0.496667 4 26 16 3
0.503333 3 29 20 1
0.51 7 36 10 1
0.516667 11 24 11 4
0.523333 6 26 11 2
0.53 4 38 8 2
0.536667 8 30 15 3
0.543333 8 32 16 1
0.55 9 30 9 1
0.556667 4 25 13 1
0.563333 4 28 13 0
0.57 6 34 12 3
0.576667 5 25 15 3
0.583333 5 29 13 1
0.59 3 28 8 2
0.596667 0 32 16 2
0.603333 1 33 12 0
0.61 2 30 11 1
0.616667 7 36 10 1
0.623333 4 24 13 2
0.63 5 34 12 2
0.636667 6 32 15 0
0.643333 0 34 9 2
0.65 2 24 11 1
0.656667 4 33 14 0
0.663333 165 1638 713 26
0.67 0 0 0 0
0.676667 0 0 0 0
0.683333 0 0 0 0
0.69 0 0 0 0
0.696667 0 0 0 0
0.703333 0 0 0 0
0.71 0 0 0 0
0.716667 0 0 0 0
0.723333 0 0 0 0
0.73 0 0 0 0
0.736667 0 0 0 0
0.743333 0 0 0 0
0.75 0 0 0 0
0.756667 0 0 0 0
0.763333 0 0 0 0
0.77 0 0 0 0
0.776667 0 0 0 0
0.783333 0 0 0 0
0.79 0 0 0 0
0.796667 0 0 0 0
0.803333 0 0 0 0
0.81 0 0 0 0
0.816667 0 0 0 0
0.823333 0 0 0 0
0.83 0 0 0 0
0.836667 0 0 0 0
0.843333 0 0 0 0
0.85 0 0 0 0
0.856667 0 0 0 0
0.863333 0 0 0 0
0.87 0 0 0 0
0.876667 0 0 0 0
0.883333 0 0 0 0
0.89 0 0 0 0
0.896667 0 0 0 0
0.903333 0 0 0 0
0.91 0 0 0 0
0.916667 0 0 0 0
0.923333 0 0 0 0
0.93 0 0 0 0
0.936667 0 0 0 0
0.943333 0 0 0 0
0.95 0 0 0 0
0.956667 0 0 0 0
0.963333 0 0 0 0
0.97 0 0 0 0
0.976667 0 0 0 0
0.983333 0 0 0 0
0.99 0 0 0 0
0.996667 0 0 0 0
1.00333 0 0 0 0
1.01 0 0 0 0
1.01667 0 0 0 0
1.02333 0 0 0 0
1.03 0 0 0 0
1.03667 0 0 0 0
1.04333 0 0 0 0
1.05 0 0 0 0
1.05667 0 0 0 0
1.06333 0 0 0 0
1.07 0 0 0 0
1.07667 0 0 0 0
1.08333 0 0 0 0
1.09 0 0 0 0
1.09667 0 0 0 0
1.10333 0 0 0 0
1.11 0 0 0 0
1.11667 0 0 0 0
1.12333 0 0 0 0
1.13 0 0 0 0
1.13667 0 0 0 0
1.14333 0 0 0 0
1.15 0 0 0 0
1.15667 0 0 0 0
1.16333 0 0 0 0
1.17 0 0 0 0
1.17667 0 0 0 0
1.18333 0 0 0 0
1.19 0 0 0 0
1.19667 0 0 0 0
1.20333 0 0 0 0
1.21 0 0 0 0
1.21667 0 0 0 0
1.22333 0 0 0 0
1.23 0 0 0 0
1.23667 0 0 0 0
1.24333 0 0 0 0
1.25 0 0 0 0
1.25667 0 0 0 0
1.26333 0 0 0 0
1.27 0 0 0 0
1.27667 0 0 0 0
1.28333 0 0 0 0
1.29 0 0 0 0
1.29667 0 0 0 0
1.30333 0 0 0 0
1.31 0 0 0 0
1.31667 0 0 0 0
1.32333 0 0 0 0
1.33 0 0 0 0
1.33667 0 0 0 0
1.34333 0 0 0 0
1.35 0 0 0 0
1.35667 0 0 0 0
1.36333 0 0 0 0
1.37 0 0 0 0
1.37667 0 0 0 0
1.38333 0 0 0 0
1.39 0 0 0 0
1.39667 0 0 0 0
1.40333 0 0 0 0
1.41 0 0 0 0
1.41667 0 0 0 0
1.42333 0 0 0 0
1.43 0 0 0 0
1.43667 0 0 0 0
1.44333 0 0 0 0
1.45 0 0 0 0
1.45667 0 0 0 0
1.46333 0 0 0 0
1.47 0 0 0 0
1.47667 0 0 0 0
1.48333 0 0 0 0
1.49 0 0 0 0
1.49667 0 0 0 0
1.50333 0 0 0 0
1.51 0 0 0 0
1.51667 0 0 0 0
1.52333 0 0 0 0
1.53 0 0 0 0
1.53667 0 0 0 0
1.54333 0 0 0 0
1.55 0 0 0 0
1.55667 0 0 0 0
1.56333 0 0 0 0
1.57 0 0 0 0
1.57667 0 0 0 0
1.58333 0 0 0 0
1.59 0 0 0 0
1.59667 0 0 0 0
1.60333 0 0 0 0
1.61 0 0 0 0
1.61667 0 0 0 0
1.62333 0 0 0 0
1.63 0 0 0 0
1.63667 0 0 0 0
1.64333 0 0 0 0
1.65 0 0 0 0
1.65667 0 0 0 0
1.66333 0 0 0 0
1.67 0 0 0 0
1.67667 0 0 0 0
1.68333 0 0 0 0
1.69 0 0 0 0
1.69667 0 0 0 0
1.70333 0 0 0 0
1.71 0 0 0 0
1.71667 0 0 0 0
1.72333 0 0 0 0
1.73 0 0 0 0
1.73667 0 0 0 0
1.74333 0 0 0 0
1.75 0 0 0 0
1.75667 0 0 0 0
1.76333 0 0 0 0
1.77 0 0 0 0
1.77667 0 0 0 0
1.78333 0 0 0 0
1.79 0 0 0 0
1.79667 0 0 0 0
1.80333 0 0 0 0
1.81 0 0 0 0
1.81667 0 0 0 0
1.82333 0 0 0 0
1.83 0 0 0 0
1.83667 0 0 0 0
1.84333 0 0 0 0
1.85 0 0 0 0
1.85667 0 0 0 0
1.86333 0 0 0 0
1.87 0 0 0 0
1.87667 0 0 0 0
1.88333 0 0 0 0
1.89 0 0 0 0
1.89667 0 0 0 0
1.90333 0 0 0 0
1.91 0 0 0 0
1.91667 0 0 0 0
1.92333 0 0 0 0
1.93 0 0 0 0
1.93667 0 0 0 0
1.94333 0 0 0 0
1.95 0 0 0 0
1.95667 0 0 0 0
1.96333 0 0 0 0
1.97 0 0 0 0
1.97667 0 0 0 0
1.98333 0 0 0 0
1.99 0 0 0 0
1.99667 0 0 0 0
