0.00333333 5 34 19 3
0.01 18 48 8 2
0.0166667 18 48 22 1
0.0233333 17 63 22 4
0.03 21 60 14 3
0.0366667 15 87 22 8
0.0433333 35 113 33 6
0.05 42 123 31 6
0.0566667 56 178 53 9
0.0633333 54 175 45 16
0.07 49 182 49 13
0.0766667 51 188 56 13
0.0833333 62 166 54 8
0.09 53 209 58 13
0.0966667 50 183 52 10
0.103333 61 163 57 5
0.11 51 160 57 5
0.116667 54 159 62 10
0.123333 49 172 53 3
0.13 29 176 49 4
0.136667 43 169 44 7
0.143333 40 153 52 5
0.15 29 125 53 6
0.156667 40 121 38 11
0.163333 31 126 37 5
0.17 40 117 39 5
0.176667 47 133 43 2
0.183333 40 126 49 4
0.19 32 128 55 6
0.196667 33 147 46 10
0.203333 44 117 40 3
0.21 38 114 43 7
0.216667 25 99 34 4
0.223333 31 106 33 5
0.23 22 98 35 2
0.236667 22 99 37 5
0.243333 21 90 28 3
0.25 32 90 31 4
0.256667 19 96 29 7
0.263333 27 88 23 3
0.27 19 85 14 11
0.276667 26 89 33 2
0.283333 26 71 29 5
0.29 19 79 29 4
0.296667 16 87 23 3
0.303333 19 71 20 3
0.31 16 66 21 2
0.316667 22 70 23 2
0.323333 23 65 16 4
0.33 15 64 22 2
0.336667 23 74 22 2
0.343333 19 63 22 2
0.35 17 59 17 4
0.356667 17 65 21 2
0.363333 18 63 18 1
0.37 20 74 22 6
0.376667 17 39 21 5
0.383333 18 58 19 5
0.39 11 59 20 2
0.396667 13 44 21 2
0.403333 19 51 15 2
0.41 18 42 24 5
0.416667 16 43 10 2
0.423333 9 49 17 2
0.43 12 46 20 1
0.436667 11 43 16 1
0.443333 14 42 15 1
0.45 10 45 18 1
0.456667 9 46 17 7
0.463333 10 56 15 3
0.47 11 41 20 1
0.476667 12 43 12 0
0.483333 12 26 9 2
0.49 8 33 13 3
0.496667 6 19 7 2
0.503333 14 28 11 2
0.51 7 27 13 2
0.516667 11 19 13 1
0.523333 7 23 5 3
0.53 12 28 7 0
0.536667 13 29 14 2
0.543333 6 23 15 5
0.55 10 29 10 2
0.556667 9 16 7 4
0.563333 10 19 9 3
0.57 9 15 14 1
0.576667 6 25 18 3
0.583333 11 23 10 5
0.59 6 18 3 2
0.596667 7 22 9 1
0.603333 4 22 8 2
0.61 9 24 6 1
0.616667 5 23 15 0
0.623333 4 26 9 3
0.63 8 20 7 2
0.636667 9 20 9 2
0.643333 9 27 12 0
0.65 3 24 8 2
0.656667 9 24 5 0
0.663333 244 1025 420 27
0.67 0 0 0 0
0.676667 0 0 0 0
0.683333 0 0 0 0
0.69 0 0 0 0
0.696667 0 0 0 0
0.703333 0 0 0 0
0.71 0 0 0 0
0.716667 0 0 0 0
0.723333 0 0 0 0
0.73 0 0 0 0
0.736667 0 0 0 0
0.743333 0 0 0 0
0.75 0 0 0 0
0.756667 0 0 0 0
0.763333 0 0 0 0
0.77 0 0 0 0
0.776667 0 0 0 0
0.783333 0 0 0 0
0.79 0 0 0 0
0.796667 0 0 0 0
0.803333 0 0 0 0
0.81 0 0 0 0
0.816667 0 0 0 0
0.823333 0 0 0 0
0.83 0 0 0 0
0.836667 0 0 0 0
0.843333 0 0 0 0
0.85 0 0 0 0
0.856667 0 0 0 0
0.863333 0 0 0 0
0.87 0 0 0 0
0.876667 0 0 0 0
0.883333 0 0 0 0
0.89 0 0 0 0
0.896667 0 0 0 0
0.903333 0 0 0 0
0.91 0 0 0 0
0.916667 0 0 0 0
0.923333 0 0 0 0
0.93 0 0 0 0
0.936667 0 0 0 0
0.943333 0 0 0 0
0.95 0 0 0 0
0.956667 0 0 0 0
0.963333 0 0 0 0
0.97 0 0 0 0
0.976667 0 0 0 0
0.983333 0 0 0 0
0.99 0 0 0 0
0.996667 0 0 0 0
1.00333 0 0 0 0
1.01 0 0 0 0
1.01667 0 0 0 0
1.02333 0 0 0 0
1.03 0 0 0 0
1.03667 0 0 0 0
1.04333 0 0 0 0
1.05 0 0 0 0
1.05667 0 0 0 0
1.06333 0 0 0 0
1.07 0 0 0 0
1.07667 0 0 0 0
1.08333 0 0 0 0
1.09 0 0 0 0
1.09667 0 0 0 0
1.10333 0 0 0 0
1.11 0 0 0 0
1.11667 0 0 0 0
1.12333 0 0 0 0
1.13 0 0 0 0
1.13667 0 0 0 0
1.14333 0 0 0 0
1.15 0 0 0 0
1.15667 0 0 0 0
1.16333 0 0 0 0
1.17 0 0 0 0
1.17667 0 0 0 0
1.18333 0 0 0 0
1.19 0 0 0 0
1.19667 0 0 0 0
1.20333 0 0 0 0
1.21 0 0 0 0
1.21667 0 0 0 0
1.22333 0 0 0 0
1.23 0 0 0 0
1.23667 0 0 0 0
1.24333 0 0 0 0
1.25 0 0 0 0
1.25667 0 0 0 0
1.26333 0 0 0 0
1.27 0 0 0 0
1.27667 0 0 0 0
1.28333 0 0 0 0
1.29 0 0 0 0
1.29667 0 0 0 0
1.30333 0 0 0 0
1.31 0 0 0 0
1.31667 0 0 0 0
1.32333 0 0 0 0
1.33 0 0 0 0
1.33667 0 0 0 0
1.34333 0 0 0 0
1.35 0 0 0 0
1.35667 0 0 0 0
1.36333 0 0 0 0
1.37 0 0 0 0
1.37667 0 0 0 0
1.38333 0 0 0 0
1.39 0 0 0 0
1.39667 0 0 0 0
1.40333 0 0 0 0
1.41 0 0 0 0
1.41667 0 0 0 0
1.42333 0 0 0 0
1.43 0 0 0 0
1.43667 0 0 0 0
1.44333 0 0 0 0
1.45 0 0 0 0
1.45667 0 0 0 0
1.46333 0 0 0 0
1.47 0 0 0 0
1.47667 0 0 0 0
1.48333 0 0 0 0
1.49 0 0 0 0
1.49667 0 0 0 0
1.50333 0 0 0 0
1.51 0 0 0 0
1.51667 0 0 0 0
1.52333 0 0 0 0
1.53 0 0 0 0
1.53667 0 0 0 0
1.54333 0 0 0 0
1.55 0 0 0 0
1.55667 0 0 0 0
1.56333 0 0 0 0
1.57 0 0 0 0
1.57667 0 0 0 0
1.58333 0 0 0 0
1.59 0 0 0 0
1.59667 0 0 0 0
1.60333 0 0 0 0
1.61 0 0 0 0
1.61667 0 0 0 0
1.62333 0 0 0 0
1.63 0 0 0 0
1.63667 0 0 0 0
1.64333 0 0 0 0
1.65 0 0 0 0
1.65667 0 0 0 0
1.66333 0 0 0 0
1.67 0 0 0 0
1.67667 0 0 0 0
1.68333 0 0 0 0
1.69 0 0 0 0
1.69667 0 0 0 0
1.70333 0 0 0 0
1.71 0 0 0 0
1.71667 0 0 0 0
1.72333 0 0 0 0
1.73 0 0 0 0
1.73667 0 0 0 0
1.74333 0 0 0 0
1.75 0 0 0 0
1.75667 0 0 0 0
1.76333 0 0 0 0
1.77 0 0 0 0
1.77667 0 0 0 0
1.78333 0 0 0 0
1.79 0 0 0 0
1.79667 0 0 0 0
1.80333 0 0 0 0
1.81 0 0 0 0
1.81667 0 0 0 0
1.82333 0 0 0 0
1.83 0 0 0 0
1.83667 0 0 0 0
1.84333 0 0 0 0
1.85 0 0 0 0
1.85667 0 0 0 0
1.86333 0 0 0 0
1.87 0 0 0 0
1.87667 0 0 0 0
1.88333 0 0 0 0
1.89 0 0 0 0
1.89667 0 0 0 0
1.90333 0 0 0 0
1.91 0 0 0 0
1.91667 0 0 0 0
1.92333 0 0 0 0
1.93 0 0 0 0
1.93667 0 0 0 0
1.94333 0 0 0 0
1.95 0 0 0 0
1.95667 0 0 0 0
1.96333 0 0 0 0
1.97 0 0 0 0
1.97667 0 0 0 0
1.98333 0 0 0 0
1.99 0 0 0 0
1.99667 0 0 0 0
