0.00333333 51 28 0 1
0.01 60 19 1 0
0.0166667 55 33 0 0
0.0233333 63 21 1 1
0.03 74 14 4 1
0.0366667 75 25 1 1
0.0433333 88 28 2 0
0.05 101 41 2 1
0.0566667 111 52 1 3
0.0633333 111 43 3 0
0.07 123 48 0 4
0.0766667 145 45 1 1
0.0833333 171 46 1 0
0.09 135 58 2 1
0.0966667 136 46 1 3
0.103333 143 56 3 2
0.11 127 64 1 1
0.116667 167 57 4 1
0.123333 179 58 3 2
0.13 138 65 2 0
0.136667 157 46 3 2
0.143333 129 51 0 1
0.15 156 46 0 0
0.156667 135 52 1 1
0.163333 153 41 1 0
0.17 128 37 2 0
0.176667 153 57 0 0
0.183333 133 46 1 1
0.19 175 53 3 3
0.196667 148 40 0 2
0.203333 130 50 0 1
0.21 158 59 2 0
0.216667 143 51 1 0
0.223333 164 52 2 1
0.23 144 43 3 0
0.236667 145 40 2 0
0.243333 139 45 3 1
0.25 121 44 2 0
0.256667 128 48 2 0
0.263333 110 38 4 0
0.27 105 35 0 1
0.276667 102 54 0 1
0.283333 92 41 1 0
0.29 117 32 1 3
0.296667 85 34 3 1
0.303333 102 29 0 0
0.31 104 35 2 0
0.316667 86 34 0 3
0.323333 91 42 0 5
0.33 84 36 1 0
0.336667 80 35 1 1
0.343333 71 23 0 2
0.35 88 35 0 1
0.356667 80 25 3 0
0.363333 80 34 1 0
0.37 86 35 1 0
0.376667 76 31 3 1
0.383333 76 36 2 2
0.39 91 26 2 3
0.396667 80 31 1 1
0.403333 77 18 1 0
0.41 85 29 1 3
0.416667 82 20 1 1
0.423333 89 28 1 0
0.43 69 25 2 1
0.436667 71 24 1 0
0.443333 86 28 1 1
0.45 93 17 0 1
0.456667 61 26 1 0
0.463333 78 34 2 1
0.47 86 40 0 1
0.476667 60 22 1 0
0.483333 35 19 0 0
0.49 44 14 1 2
0.496667 38 17 0 0
0.503333 47 22 0 1
0.51 51 14 0 0
0.516667 30 14 1 0
0.523333 54 9 1 0
0.53 38 21 0 0
0.536667 44 11 1 0
0.543333 38 9 0 0
0.55 37 12 0 1
0.556667 36 13 1 1
0.563333 33 13 0 1
0.57 24 17 2 2
0.576667 31 9 0 3
0.583333 43 10 0 0
0.59 36 8 1 0
0.596667 31 9 0 0
0.603333 33 14 0 0
0.61 44 8 0 1
0.616667 38 14 1 1
0.623333 44 12 0 2
0.63 31 12 0 0
0.636667 34 14 0 0
0.643333 35 12 1 0
0.65 22 10 0 0
0.656667 30 12 1 1
0.663333 2570 807 7 15
0.67 0 0 0 0
0.676667 0 0 0 0
0.683333 0 0 0 0
0.69 0 0 0 0
0.696667 0 0 0 0
0.703333 0 0 0 0
0.71 0 0 0 0
0.716667 0 0 0 0
0.723333 0 0 0 0
0.73 0 0 0 0
0.736667 0 0 0 0
0.743333 0 0 0 0
0.75 0 0 0 0
0.756667 0 0 0 0
0.763333 0 0 0 0
0.77 0 0 0 0
0.776667 0 0 0 0
0.783333 0 0 0 0
0.79 0 0 0 0
0.796667 0 0 0 0
0.803333 0 0 0 0
0.81 0 0 0 0
0.816667 0 0 0 0
0.823333 0 0 0 0
0.83 0 0 0 0
0.836667 0 0 0 0
0.843333 0 0 0 0
0.85 0 0 0 0
0.856667 0 0 0 0
0.863333 0 0 0 0
0.87 0 0 0 0
0.876667 0 0 0 0
0.883333 0 0 0 0
0.89 0 0 0 0
0.896667 0 0 0 0
0.903333 0 0 0 0
0.91 0 0 0 0
0.916667 0 0 0 0
0.923333 0 0 0 0
0.93 0 0 0 0
0.936667 0 0 0 0
0.943333 0 0 0 0
0.95 0 0 0 0
0.956667 0 0 0 0
0.963333 0 0 0 0
0.97 0 0 0 0
0.976667 0 0 0 0
0.983333 0 0 0 0
0.99 0 0 0 0
0.996667 0 0 0 0
1.00333 0 0 0 0
1.01 0 0 0 0
1.01667 0 0 0 0
1.02333 0 0 0 0
1.03 0 0 0 0
1.03667 0 0 0 0
1.04333 0 0 0 0
1.05 0 0 0 0
1.05667 0 0 0 0
1.06333 0 0 0 0
1.07 0 0 0 0
1.07667 0 0 0 0
1.08333 0 0 0 0
1.09 0 0 0 0
1.09667 0 0 0 0
1.10333 0 0 0 0
1.11 0 0 0 0
1.11667 0 0 0 0
1.12333 0 0 0 0
1.13 0 0 0 0
1.13667 0 0 0 0
1.14333 0 0 0 0
1.15 0 0 0 0
1.15667 0 0 0 0
1.16333 0 0 0 0
1.17 0 0 0 0
1.17667 0 0 0 0
1.18333 0 0 0 0
1.19 0 0 0 0
1.19667 0 0 0 0
1.20333 0 0 0 0
1.21 0 0 0 0
1.21667 0 0 0 0
1.22333 0 0 0 0
1.23 0 0 0 0
1.23667 0 0 0 0
1.24333 0 0 0 0
1.25 0 0 0 0
1.25667 0 0 0 0
1.26333 0 0 0 0
1.27 0 0 0 0
1.27667 0 0 0 0
1.28333 0 0 0 0
1.29 0 0 0 0
1.29667 0 0 0 0
1.30333 0 0 0 0
1.31 0 0 0 0
1.31667 0 0 0 0
1.32333 0 0 0 0
1.33 0 0 0 0
1.33667 0 0 0 0
1.34333 0 0 0 0
1.35 0 0 0 0
1.35667 0 0 0 0
1.36333 0 0 0 0
1.37 0 0 0 0
1.37667 0 0 0 0
1.38333 0 0 0 0
1.39 0 0 0 0
1.39667 0 0 0 0
1.40333 0 0 0 0
1.41 0 0 0 0
1.41667 0 0 0 0
1.42333 0 0 0 0
1.43 0 0 0 0
1.43667 0 0 0 0
1.44333 0 0 0 0
1.45 0 0 0 0
1.45667 0 0 0 0
1.46333 0 0 0 0
1.47 0 0 0 0
1.47667 0 0 0 0
1.48333 0 0 0 0
1.49 0 0 0 0
1.49667 0 0 0 0
1.50333 0 0 0 0
1.51 0 0 0 0
1.51667 0 0 0 0
1.52333 0 0 0 0
1.53 0 0 0 0
1.53667 0 0 0 0
1.54333 0 0 0 0
1.55 0 0 0 0
1.55667 0 0 0 0
1.56333 0 0 0 0
1.57 0 0 0 0
1.57667 0 0 0 0
1.58333 0 0 0 0
1.59 0 0 0 0
1.59667 0 0 0 0
1.60333 0 0 0 0
1.61 0 0 0 0
1.61667 0 0 0 0
1.62333 0 0 0 0
1.63 0 0 0 0
1.63667 0 0 0 0
1.64333 0 0 0 0
1.65 0 0 0 0
1.65667 0 0 0 0
1.66333 0 0 0 0
1.67 0 0 0 0
1.67667 0 0 0 0
1.68333 0 0 0 0
1.69 0 0 0 0
1.69667 0 0 0 0
1.70333 0 0 0 0
1.71 0 0 0 0
1.71667 0 0 0 0
1.72333 0 0 0 0
1.73 0 0 0 0
1.73667 0 0 0 0
1.74333 0 0 0 0
1.75 0 0 0 0
1.75667 0 0 0 0
1.76333 0 0 0 0
1.77 0 0 0 0
1.77667 0 0 0 0
1.78333 0 0 0 0
1.79 0 0 0 0
1.79667 0 0 0 0
1.80333 0 0 0 0
1.81 0 0 0 0
1.81667 0 0 0 0
1.82333 0 0 0 0
1.83 0 0 0 0
1.83667 0 0 0 0
1.84333 0 0 0 0
1.85 0 0 0 0
1.85667 0 0 0 0
1.86333 0 0 0 0
1.87 0 0 0 0
1.87667 0 0 0 0
1.88333 0 0 0 0
1.89 0 0 0 0
1.89667 0 0 0 0
1.90333 0 0 0 0
1.91 0 0 0 0
1.91667 0 0 0 0
1.92333 0 0 0 0
1.93 0 0 0 0
1.93667 0 0 0 0
1.94333 0 0 0 0
1.95 0 0 0 0
1.95667 0 0 0 0
1.96333 0 0 0 0
1.97 0 0 0 0
1.97667 0 0 0 0
1.98333 0 0 0 0
1.99 0 0 0 0
1.99667 0 0 0 0
