0.00333333 0 6 131 17
0.01 0 4 117 17
0.0166667 3 5 160 24
0.0233333 1 7 158 23
0.03 1 6 165 16
0.0366667 0 6 158 29
0.0433333 0 9 210 40
0.05 3 11 263 48
0.0566667 3 14 291 60
0.0633333 0 16 317 69
0.07 1 23 295 69
0.0766667 2 14 370 65
0.0833333 1 16 376 71
0.09 4 14 375 58
0.0966667 2 15 356 60
0.103333 3 24 356 65
0.11 5 20 410 69
0.116667 3 18 407 55
0.123333 1 14 411 63
0.13 0 16 393 67
0.136667 5 10 440 51
0.143333 5 12 389 59
0.15 3 15 398 45
0.156667 1 11 386 52
0.163333 4 11 392 62
0.17 4 17 343 34
0.176667 4 11 366 42
0.183333 3 9 404 42
0.19 2 15 479 40
0.196667 4 15 432 36
0.203333 3 8 435 34
0.21 3 9 406 35
0.216667 3 7 398 46
0.223333 2 14 360 39
0.23 2 9 344 35
0.236667 1 6 314 33
0.243333 3 7 296 29
0.25 6 10 286 35
0.256667 3 3 249 35
0.263333 4 8 244 37
0.27 0 9 248 33
0.276667 1 7 243 24
0.283333 1 3 256 31
0.29 1 10 215 47
0.296667 0 8 193 24
0.303333 2 4 199 31
0.31 3 3 201 33
0.316667 3 5 164 27
0.323333 2 11 162 25
0.33 0 8 162 33
0.336667 1 1 156 25
0.343333 5 5 189 29
0.35 1 5 180 25
0.356667 4 6 176 31
0.363333 0 1 171 22
0.37 0 7 159 16
0.376667 1 1 161 17
0.383333 0 6 156 25
0.39 1 3 142 31
0.396667 2 10 162 27
0.403333 3 6 127 22
0.41 3 2 143 22
0.416667 0 0 158 23
0.423333 1 9 148 12
0.43 2 5 147 21
0.436667 0 4 152 15
0.443333 2 8 114 22
0.45 1 4 146 25
0.456667 1 5 187 15
0.463333 0 4 144 26
0.47 2 5 149 20
0.476667 1 5 142 18
0.483333 2 4 88 10
0.49 1 1 83 6
0.496667 0 4 70 15
0.503333 1 1 73 19
0.51 1 5 74 16
0.516667 1 8 69 15
0.523333 1 3 62 18
0.53 0 0 59 14
0.536667 1 3 62 12
0.543333 0 1 56 14
0.55 0 2 55 13
0.556667 0 2 52 10
0.563333 1 6 58 15
0.57 1 1 47 9
0.576667 4 5 43 6
0.583333 0 5 57 11
0.59 1 1 57 8
0.596667 3 2 52 7
0.603333 0 2 40 10
0.61 1 3 49 15
0.616667 0 3 40 11
0.623333 1 5 60 5
0.63 1 5 58 11
0.636667 0 0 55 9
0.643333 1 6 42 3
0.65 0 1 46 6
0.656667 0 4 45 10
0.663333 10 64 6717 298
0.67 0 0 0 0
0.676667 0 0 0 0
0.683333 0 0 0 0
0.69 0 0 0 0
0.696667 0 0 0 0
0.703333 0 0 0 0
0.71 0 0 0 0
0.716667 0 0 0 0
0.723333 0 0 0 0
0.73 0 0 0 0
0.736667 0 0 0 0
0.743333 0 0 0 0
0.75 0 0 0 0
0.756667 0 0 0 0
0.763333 0 0 0 0
0.77 0 0 0 0
0.776667 0 0 0 0
0.783333 0 0 0 0
0.79 0 0 0 0
0.796667 0 0 0 0
0.803333 0 0 0 0
0.81 0 0 0 0
0.816667 0 0 0 0
0.823333 0 0 0 0
0.83 0 0 0 0
0.836667 0 0 0 0
0.843333 0 0 0 0
0.85 0 0 0 0
0.856667 0 0 0 0
0.863333 0 0 0 0
0.87 0 0 0 0
0.876667 0 0 0 0
0.883333 0 0 0 0
0.89 0 0 0 0
0.896667 0 0 0 0
0.903333 0 0 0 0
0.91 0 0 0 0
0.916667 0 0 0 0
0.923333 0 0 0 0
0.93 0 0 0 0
0.936667 0 0 0 0
0.943333 0 0 0 0
0.95 0 0 0 0
0.956667 0 0 0 0
0.963333 0 0 0 0
0.97 0 0 0 0
0.976667 0 0 0 0
0.983333 0 0 0 0
0.99 0 0 0 0
0.996667 0 0 0 0
1.00333 0 0 0 0
1.01 0 0 0 0
1.01667 0 0 0 0
1.02333 0 0 0 0
1.03 0 0 0 0
1.03667 0 0 0 0
1.04333 0 0 0 0
1.05 0 0 0 0
1.05667 0 0 0 0
1.06333 0 0 0 0
1.07 0 0 0 0
1.07667 0 0 0 0
1.08333 0 0 0 0
1.09 0 0 0 0
1.09667 0 0 0 0
1.10333 0 0 0 0
1.11 0 0 0 0
1.11667 0 0 0 0
1.12333 0 0 0 0
1.13 0 0 0 0
1.13667 0 0 0 0
1.14333 0 0 0 0
1.15 0 0 0 0
1.15667 0 0 0 0
1.16333 0 0 0 0
1.17 0 0 0 0
1.17667 0 0 0 0
1.18333 0 0 0 0
1.19 0 0 0 0
1.19667 0 0 0 0
1.20333 0 0 0 0
1.21 0 0 0 0
1.21667 0 0 0 0
1.22333 0 0 0 0
1.23 0 0 0 0
1.23667 0 0 0 0
1.24333 0 0 0 0
1.25 0 0 0 0
1.25667 0 0 0 0
1.26333 0 0 0 0
1.27 0 0 0 0
1.27667 0 0 0 0
1.28333 0 0 0 0
1.29 0 0 0 0
1.29667 0 0 0 0
1.30333 0 0 0 0
1.31 0 0 0 0
1.31667 0 0 0 0
1.32333 0 0 0 0
1.33 0 0 0 0
1.33667 0 0 0 0
1.34333 0 0 0 0
1.35 0 0 0 0
1.35667 0 0 0 0
1.36333 0 0 0 0
1.37 0 0 0 0
1.37667 0 0 0 0
1.38333 0 0 0 0
1.39 0 0 0 0
1.39667 0 0 0 0
1.40333 0 0 0 0
1.41 0 0 0 0
1.41667 0 0 0 0
1.42333 0 0 0 0
1.43 0 0 0 0
1.43667 0 0 0 0
1.44333 0 0 0 0
1.45 0 0 0 0
1.45667 0 0 0 0
1.46333 0 0 0 0
1.47 0 0 0 0
1.47667 0 0 0 0
1.48333 0 0 0 0
1.49 0 0 0 0
1.49667 0 0 0 0
1.50333 0 0 0 0
1.51 0 0 0 0
1.51667 0 0 0 0
1.52333 0 0 0 0
1.53 0 0 0 0
1.53667 0 0 0 0
1.54333 0 0 0 0
1.55 0 0 0 0
1.55667 0 0 0 0
1.56333 0 0 0 0
1.57 0 0 0 0
1.57667 0 0 0 0
1.58333 0 0 0 0
1.59 0 0 0 0
1.59667 0 0 0 0
1.60333 0 0 0 0
1.61 0 0 0 0
1.61667 0 0 0 0
1.62333 0 0 0 0
1.63 0 0 0 0
1.63667 0 0 0 0
1.64333 0 0 0 0
1.65 0 0 0 0
1.65667 0 0 0 0
1.66333 0 0 0 0
1.67 0 0 0 0
1.67667 0 0 0 0
1.68333 0 0 0 0
1.69 0 0 0 0
1.69667 0 0 0 0
1.70333 0 0 0 0
1.71 0 0 0 0
1.71667 0 0 0 0
1.72333 0 0 0 0
1.73 0 0 0 0
1.73667 0 0 0 0
1.74333 0 0 0 0
1.75 0 0 0 0
1.75667 0 0 0 0
1.76333 0 0 0 0
1.77 0 0 0 0
1.77667 0 0 0 0
1.78333 0 0 0 0
1.79 0 0 0 0
1.79667 0 0 0 0
1.80333 0 0 0 0
1.81 0 0 0 0
1.81667 0 0 0 0
1.82333 0 0 0 0
1.83 0 0 0 0
1.83667 0 0 0 0
1.84333 0 0 0 0
1.85 0 0 0 0
1.85667 0 0 0 0
1.86333 0 0 0 0
1.87 0 0 0 0
1.87667 0 0 0 0
1.88333 0 0 0 0
1.89 0 0 0 0
1.89667 0 0 0 0
1.90333 0 0 0 0
1.91 0 0 0 0
1.91667 0 0 0 0
1.92333 0 0 0 0
1.93 0 0 0 0
1.93667 0 0 0 0
1.94333 0 0 0 0
1.95 0 0 0 0
1.95667 0 0 0 0
1.96333 0 0 0 0
1.97 0 0 0 0
1.97667 0 0 0 0
1.98333 0 0 0 0
1.99 0 0 0 0
1.99667 0 0 0 0
