0.00333333 4 15 31 16
0.01 7 12 39 20
0.0166667 6 15 43 23
0.0233333 8 25 48 15
0.03 10 32 52 20
0.0366667 6 28 56 36
0.0433333 12 35 92 43
0.05 7 34 96 44
0.0566667 21 49 105 63
0.0633333 21 45 146 60
0.07 20 85 151 58
0.0766667 14 66 151 52
0.0833333 20 71 158 80
0.09 19 57 141 61
0.0966667 15 63 136 54
0.103333 23 67 120 48
0.11 17 63 133 60
0.116667 21 62 148 72
0.123333 18 57 130 54
0.13 28 49 109 57
0.136667 13 63 127 56
0.143333 19 42 97 42
0.15 9 43 115 54
0.156667 17 57 110 46
0.163333 15 40 107 45
0.17 10 42 101 52
0.176667 10 47 100 48
0.183333 12 43 90 55
0.19 22 50 96 49
0.196667 16 46 95 60
0.203333 10 54 77 45
0.21 14 41 90 39
0.216667 9 49 76 36
0.223333 11 38 72 40
0.23 12 32 87 38
0.236667 10 28 72 49
0.243333 6 41 77 36
0.25 8 39 65 35
0.256667 8 27 39 39
0.263333 10 36 47 36
0.27 12 37 51 29
0.276667 10 33 62 21
0.283333 8 27 60 25
0.29 11 29 56 24
0.296667 5 29 56 31
0.303333 11 29 46 40
0.31 7 31 42 29
0.316667 3 28 53 23
0.323333 6 19 51 23
0.33 2 26 47 24
0.336667 6 22 39 23
0.343333 8 23 43 27
0.35 5 18 47 26
0.356667 6 21 50 22
0.363333 5 26 23 21
0.37 5 24 37 25
0.376667 3 21 34 16
0.383333 7 21 40 14
0.39 4 15 44 19
0.396667 6 12 46 21
0.403333 2 18 35 24
0.41 3 15 43 14
0.416667 9 15 46 17
0.423333 2 18 34 22
0.43 6 16 32 21
0.436667 5 14 41 21
0.443333 7 13 28 27
0.45 7 19 35 11
0.456667 9 14 25 24
0.463333 6 21 27 17
0.47 8 12 42 20
0.476667 5 17 37 16
0.483333 12 9 30 11
0.49 2 14 25 10
0.496667 7 10 19 5
0.503333 6 7 27 12
0.51 4 8 22 14
0.516667 3 13 21 17
0.523333 5 16 24 12
0.53 6 10 26 7
0.536667 5 14 18 12
0.543333 3 9 19 10
0.55 4 18 21 4
0.556667 4 10 23 9
0.563333 5 14 18 11
0.57 2 18 14 12
0.576667 11 12 19 14
0.583333 5 12 18 9
0.59 4 12 17 10
0.596667 2 7 17 8
0.603333 1 12 9 9
0.61 3 10 12 14
0.616667 4 6 19 9
0.623333 5 8 10 12
0.63 4 14 11 5
0.636667 3 12 18 5
0.643333 2 10 11 4
0.65 2 7 11 4
0.656667 2 10 16 11
0.663333 117 420 716 434
0.67 0 0 0 0
0.676667 0 0 0 0
0.683333 0 0 0 0
0.69 0 0 0 0
0.696667 0 0 0 0
0.703333 0 0 0 0
0.71 0 0 0 0
0.716667 0 0 0 0
0.723333 0 0 0 0
0.73 0 0 0 0
0.736667 0 0 0 0
0.743333 0 0 0 0
0.75 0 0 0 0
0.756667 0 0 0 0
0.763333 0 0 0 0
0.77 0 0 0 0
0.776667 0 0 0 0
0.783333 0 0 0 0
0.79 0 0 0 0
0.796667 0 0 0 0
0.803333 0 0 0 0
0.81 0 0 0 0
0.816667 0 0 0 0
0.823333 0 0 0 0
0.83 0 0 0 0
0.836667 0 0 0 0
0.843333 0 0 0 0
0.85 0 0 0 0
0.856667 0 0 0 0
0.863333 0 0 0 0
0.87 0 0 0 0
0.876667 0 0 0 0
0.883333 0 0 0 0
0.89 0 0 0 0
0.896667 0 0 0 0
0.903333 0 0 0 0
0.91 0 0 0 0
0.916667 0 0 0 0
0.923333 0 0 0 0
0.93 0 0 0 0
0.936667 0 0 0 0
0.943333 0 0 0 0
0.95 0 0 0 0
0.956667 0 0 0 0
0.963333 0 0 0 0
0.97 0 0 0 0
0.976667 0 0 0 0
0.983333 0 0 0 0
0.99 0 0 0 0
0.996667 0 0 0 0
1.00333 0 0 0 0
1.01 0 0 0 0
1.01667 0 0 0 0
1.02333 0 0 0 0
1.03 0 0 0 0
1.03667 0 0 0 0
1.04333 0 0 0 0
1.05 0 0 0 0
1.05667 0 0 0 0
1.06333 0 0 0 0
1.07 0 0 0 0
1.07667 0 0 0 0
1.08333 0 0 0 0
1.09 0 0 0 0
1.09667 0 0 0 0
1.10333 0 0 0 0
1.11 0 0 0 0
1.11667 0 0 0 0
1.12333 0 0 0 0
1.13 0 0 0 0
1.13667 0 0 0 0
1.14333 0 0 0 0
1.15 0 0 0 0
1.15667 0 0 0 0
1.16333 0 0 0 0
1.17 0 0 0 0
1.17667 0 0 0 0
1.18333 0 0 0 0
1.19 0 0 0 0
1.19667 0 0 0 0
1.20333 0 0 0 0
1.21 0 0 0 0
1.21667 0 0 0 0
1.22333 0 0 0 0
1.23 0 0 0 0
1.23667 0 0 0 0
1.24333 0 0 0 0
1.25 0 0 0 0
1.25667 0 0 0 0
1.26333 0 0 0 0
1.27 0 0 0 0
1.27667 0 0 0 0
1.28333 0 0 0 0
1.29 0 0 0 0
1.29667 0 0 0 0
1.30333 0 0 0 0
1.31 0 0 0 0
1.31667 0 0 0 0
1.32333 0 0 0 0
1.33 0 0 0 0
1.33667 0 0 0 0
1.34333 0 0 0 0
1.35 0 0 0 0
1.35667 0 0 0 0
1.36333 0 0 0 0
1.37 0 0 0 0
1.37667 0 0 0 0
1.38333 0 0 0 0
1.39 0 0 0 0
1.39667 0 0 0 0
1.40333 0 0 0 0
1.41 0 0 0 0
1.41667 0 0 0 0
1.42333 0 0 0 0
1.43 0 0 0 0
1.43667 0 0 0 0
1.44333 0 0 0 0
1.45 0 0 0 0
1.45667 0 0 0 0
1.46333 0 0 0 0
1.47 0 0 0 0
1.47667 0 0 0 0
1.48333 0 0 0 0
1.49 0 0 0 0
1.49667 0 0 0 0
1.50333 0 0 0 0
1.51 0 0 0 0
1.51667 0 0 0 0
1.52333 0 0 0 0
1.53 0 0 0 0
1.53667 0 0 0 0
1.54333 0 0 0 0
1.55 0 0 0 0
1.55667 0 0 0 0
1.56333 0 0 0 0
1.57 0 0 0 0
1.57667 0 0 0 0
1.58333 0 0 0 0
1.59 0 0 0 0
1.59667 0 0 0 0
1.60333 0 0 0 0
1.61 0 0 0 0
1.61667 0 0 0 0
1.62333 0 0 0 0
1.63 0 0 0 0
1.63667 0 0 0 0
1.64333 0 0 0 0
1.65 0 0 0 0
1.65667 0 0 0 0
1.66333 0 0 0 0
1.67 0 0 0 0
1.67667 0 0 0 0
1.68333 0 0 0 0
1.69 0 0 0 0
1.69667 0 0 0 0
1.70333 0 0 0 0
1.71 0 0 0 0
1.71667 0 0 0 0
1.72333 0 0 0 0
1.73 0 0 0 0
1.73667 0 0 0 0
1.74333 0 0 0 0
1.75 0 0 0 0
1.75667 0 0 0 0
1.76333 0 0 0 0
1.77 0 0 0 0
1.77667 0 0 0 0
1.78333 0 0 0 0
1.79 0 0 0 0
1.79667 0 0 0 0
1.80333 0 0 0 0
1.81 0 0 0 0
1.81667 0 0 0 0
1.82333 0 0 0 0
1.83 0 0 0 0
1.83667 0 0 0 0
1.84333 0 0 0 0
1.85 0 0 0 0
1.85667 0 0 0 0
1.86333 0 0 0 0
1.87 0 0 0 0
1.87667 0 0 0 0
1.88333 0 0 0 0
1.89 0 0 0 0
1.89667 0 0 0 0
1.90333 0 0 0 0
1.91 0 0 0 0
1.91667 0 0 0 0
1.92333 0 0 0 0
1.93 0 0 0 0
1.93667 0 0 0 0
1.94333 0 0 0 0
1.95 0 0 0 0
1.95667 0 0 0 0
1.96333 0 0 0 0
1.97 0 0 0 0
1.97667 0 0 0 0
1.98333 0 0 0 0
1.99 0 0 0 0
1.99667 0 0 0 0
