0.00333333 34 82 8 6
0.01 18 119 5 3
0.0166667 47 112 10 1
0.0233333 32 118 12 4
0.03 52 149 17 3
0.0366667 33 154 10 5
0.0433333 45 196 11 2
0.05 77 236 19 5
0.0566667 92 258 28 10
0.0633333 98 297 18 6
0.07 105 314 23 7
0.0766667 105 333 21 5
0.0833333 103 330 37 10
0.09 90 381 27 8
0.0966667 105 354 25 9
0.103333 125 365 21 14
0.11 107 338 23 12
0.116667 123 350 20 9
0.123333 91 353 28 5
0.13 92 368 20 11
0.136667 89 369 27 10
0.143333 92 340 19 4
0.15 104 333 18 9
0.156667 101 326 23 3
0.163333 78 314 24 8
0.17 89 277 23 10
0.176667 90 302 19 8
0.183333 92 328 22 12
0.19 96 352 20 4
0.196667 82 319 13 8
0.203333 78 319 12 5
0.21 81 323 17 6
0.216667 77 307 14 6
0.223333 71 311 11 13
0.23 45 253 15 6
0.236667 60 265 19 10
0.243333 47 248 7 8
0.25 56 242 19 9
0.256667 45 201 11 5
0.263333 52 208 16 7
0.27 50 184 10 7
0.276667 59 212 5 3
0.283333 54 152 12 2
0.29 42 192 8 1
0.296667 49 169 7 3
0.303333 56 151 13 2
0.31 42 164 7 6
0.316667 45 146 7 9
0.323333 49 160 10 5
0.33 41 141 7 2
0.336667 39 129 10 2
0.343333 36 142 11 8
0.35 54 133 10 8
0.356667 33 131 8 0
0.363333 44 131 9 2
0.37 42 114 8 5
0.376667 38 102 12 5
0.383333 34 124 11 3
0.39 26 125 10 3
0.396667 37 118 8 2
0.403333 35 96 6 3
0.41 40 120 5 5
0.416667 30 108 9 7
0.423333 37 145 9 3
0.43 25 96 9 4
0.436667 34 116 4 3
0.443333 30 99 9 3
0.45 41 134 9 2
0.456667 28 121 4 3
0.463333 30 98 8 2
0.47 34 112 5 3
0.476667 32 104 7 2
0.483333 17 67 6 4
0.49 22 68 3 5
0.496667 27 63 5 2
0.503333 22 66 7 2
0.51 12 60 9 5
0.516667 24 54 3 3
0.523333 15 59 2 0
0.53 13 58 1 2
0.536667 17 45 3 3
0.543333 20 48 6 0
0.55 14 54 6 2
0.556667 12 46 7 4
0.563333 20 45 4 1
0.57 7 52 6 1
0.576667 21 49 6 4
0.583333 18 46 4 1
0.59 15 43 2 3
0.596667 17 37 5 4
0.603333 19 37 6 1
0.61 19 54 1 2
0.616667 22 41 2 5
0.623333 19 47 6 3
0.63 17 53 1 0
0.636667 24 51 1 0
0.643333 8 44 1 1
0.65 15 32 4 4
0.656667 11 40 6 4
0.663333 855 4307 121 84
0.67 0 0 0 0
0.676667 0 0 0 0
0.683333 0 0 0 0
0.69 0 0 0 0
0.696667 0 0 0 0
0.703333 0 0 0 0
0.71 0 0 0 0
0.716667 0 0 0 0
0.723333 0 0 0 0
0.73 0 0 0 0
0.736667 0 0 0 0
0.743333 0 0 0 0
0.75 0 0 0 0
0.756667 0 0 0 0
0.763333 0 0 0 0
0.77 0 0 0 0
0.776667 0 0 0 0
0.783333 0 0 0 0
0.79 0 0 0 0
0.796667 0 0 0 0
0.803333 0 0 0 0
0.81 0 0 0 0
0.816667 0 0 0 0
0.823333 0 0 0 0
0.83 0 0 0 0
0.836667 0 0 0 0
0.843333 0 0 0 0
0.85 0 0 0 0
0.856667 0 0 0 0
0.863333 0 0 0 0
0.87 0 0 0 0
0.876667 0 0 0 0
0.883333 0 0 0 0
0.89 0 0 0 0
0.896667 0 0 0 0
0.903333 0 0 0 0
0.91 0 0 0 0
0.916667 0 0 0 0
0.923333 0 0 0 0
0.93 0 0 0 0
0.936667 0 0 0 0
0.943333 0 0 0 0
0.95 0 0 0 0
0.956667 0 0 0 0
0.963333 0 0 0 0
0.97 0 0 0 0
0.976667 0 0 0 0
0.983333 0 0 0 0
0.99 0 0 0 0
0.996667 0 0 0 0
1.00333 0 0 0 0
1.01 0 0 0 0
1.01667 0 0 0 0
1.02333 0 0 0 0
1.03 0 0 0 0
1.03667 0 0 0 0
1.04333 0 0 0 0
1.05 0 0 0 0
1.05667 0 0 0 0
1.06333 0 0 0 0
1.07 0 0 0 0
1.07667 0 0 0 0
1.08333 0 0 0 0
1.09 0 0 0 0
1.09667 0 0 0 0
1.10333 0 0 0 0
1.11 0 0 0 0
1.11667 0 0 0 0
1.12333 0 0 0 0
1.13 0 0 0 0
1.13667 0 0 0 0
1.14333 0 0 0 0
1.15 0 0 0 0
1.15667 0 0 0 0
1.16333 0 0 0 0
1.17 0 0 0 0
1.17667 0 0 0 0
1.18333 0 0 0 0
1.19 0 0 0 0
1.19667 0 0 0 0
1.20333 0 0 0 0
1.21 0 0 0 0
1.21667 0 0 0 0
1.22333 0 0 0 0
1.23 0 0 0 0
1.23667 0 0 0 0
1.24333 0 0 0 0
1.25 0 0 0 0
1.25667 0 0 0 0
1.26333 0 0 0 0
1.27 0 0 0 0
1.27667 0 0 0 0
1.28333 0 0 0 0
1.29 0 0 0 0
1.29667 0 0 0 0
1.30333 0 0 0 0
1.31 0 0 0 0
1.31667 0 0 0 0
1.32333 0 0 0 0
1.33 0 0 0 0
1.33667 0 0 0 0
1.34333 0 0 0 0
1.35 0 0 0 0
1.35667 0 0 0 0
1.36333 0 0 0 0
1.37 0 0 0 0
1.37667 0 0 0 0
1.38333 0 0 0 0
1.39 0 0 0 0
1.39667 0 0 0 0
1.40333 0 0 0 0
1.41 0 0 0 0
1.41667 0 0 0 0
1.42333 0 0 0 0
1.43 0 0 0 0
1.43667 0 0 0 0
1.44333 0 0 0 0
1.45 0 0 0 0
1.45667 0 0 0 0
1.46333 0 0 0 0
1.47 0 0 0 0
1.47667 0 0 0 0
1.48333 0 0 0 0
1.49 0 0 0 0
1.49667 0 0 0 0
1.50333 0 0 0 0
1.51 0 0 0 0
1.51667 0 0 0 0
1.52333 0 0 0 0
1.53 0 0 0 0
1.53667 0 0 0 0
1.54333 0 0 0 0
1.55 0 0 0 0
1.55667 0 0 0 0
1.56333 0 0 0 0
1.57 0 0 0 0
1.57667 0 0 0 0
1.58333 0 0 0 0
1.59 0 0 0 0
1.59667 0 0 0 0
1.60333 0 0 0 0
1.61 0 0 0 0
1.61667 0 0 0 0
1.62333 0 0 0 0
1.63 0 0 0 0
1.63667 0 0 0 0
1.64333 0 0 0 0
1.65 0 0 0 0
1.65667 0 0 0 0
1.66333 0 0 0 0
1.67 0 0 0 0
1.67667 0 0 0 0
1.68333 0 0 0 0
1.69 0 0 0 0
1.69667 0 0 0 0
1.70333 0 0 0 0
1.71 0 0 0 0
1.71667 0 0 0 0
1.72333 0 0 0 0
1.73 0 0 0 0
1.73667 0 0 0 0
1.74333 0 0 0 0
1.75 0 0 0 0
1.75667 0 0 0 0
1.76333 0 0 0 0
1.77 0 0 0 0
1.77667 0 0 0 0
1.78333 0 0 0 0
1.79 0 0 0 0
1.79667 0 0 0 0
1.80333 0 0 0 0
1.81 0 0 0 0
1.81667 0 0 0 0
1.82333 0 0 0 0
1.83 0 0 0 0
1.83667 0 0 0 0
1.84333 0 0 0 0
1.85 0 0 0 0
1.85667 0 0 0 0
1.86333 0 0 0 0
1.87 0 0 0 0
1.87667 0 0 0 0
1.88333 0 0 0 0
1.89 0 0 0 0
1.89667 0 0 0 0
1.90333 0 0 0 0
1.91 0 0 0 0
1.91667 0 0 0 0
1.92333 0 0 0 0
1.93 0 0 0 0
1.93667 0 0 0 0
1.94333 0 0 0 0
1.95 0 0 0 0
1.95667 0 0 0 0
1.96333 0 0 0 0
1.97 0 0 0 0
1.97667 0 0 0 0
1.98333 0 0 0 0
1.99 0 0 0 0
1.99667 0 0 0 0
