0.00333333 49 27 7 1
0.01 39 31 5 0
0.0166667 58 35 2 2
0.0233333 73 48 0 0
0.03 65 67 1 2
0.0366667 73 56 6 2
0.0433333 106 64 4 1
0.05 140 127 9 4
0.0566667 179 119 11 1
0.0633333 178 130 10 0
0.07 168 157 12 1
0.0766667 175 145 12 3
0.0833333 181 161 8 4
0.09 186 130 8 2
0.0966667 185 148 8 1
0.103333 182 144 11 3
0.11 162 136 10 4
0.116667 210 152 11 2
0.123333 168 138 9 3
0.13 150 116 14 4
0.136667 190 105 10 0
0.143333 154 104 5 3
0.15 146 108 3 3
0.156667 136 109 12 2
0.163333 130 110 10 2
0.17 138 98 6 1
0.176667 137 87 9 2
0.183333 141 82 18 1
0.19 131 98 5 0
0.196667 141 84 9 0
0.203333 114 90 6 4
0.21 137 78 5 2
0.216667 117 70 4 1
0.223333 108 82 6 2
0.23 114 77 4 1
0.236667 90 74 9 1
0.243333 92 69 9 1
0.25 97 60 9 1
0.256667 85 61 8 3
0.263333 86 58 5 3
0.27 79 63 6 2
0.276667 83 58 5 2
0.283333 90 73 7 2
0.29 93 56 9 0
0.296667 61 60 4 1
0.303333 80 49 5 1
0.31 72 51 3 1
0.316667 53 52 8 3
0.323333 63 40 6 0
0.33 71 56 2 0
0.336667 77 58 5 2
0.343333 70 39 4 1
0.35 57 46 4 1
0.356667 67 47 6 2
0.363333 55 39 6 0
0.37 62 26 8 0
0.376667 54 50 7 0
0.383333 56 42 1 0
0.39 55 45 4 2
0.396667 49 40 3 1
0.403333 61 42 6 0
0.41 51 46 8 0
0.416667 57 25 3 3
0.423333 57 40 1 0
0.43 45 33 4 1
0.436667 54 26 2 1
0.443333 54 47 2 0
0.45 45 31 3 0
0.456667 45 32 3 0
0.463333 46 32 2 3
0.47 55 33 3 1
0.476667 40 25 3 1
0.483333 40 30 4 0
0.49 39 30 3 0
0.496667 45 12 1 0
0.503333 35 24 5 0
0.51 27 29 3 0
0.516667 39 16 3 1
0.523333 27 21 5 1
0.53 22 23 4 1
0.536667 24 21 6 3
0.543333 30 14 3 1
0.55 23 17 2 1
0.556667 23 23 3 0
0.563333 30 12 2 0
0.57 19 21 3 1
0.576667 19 14 4 0
0.583333 23 22 0 1
0.59 24 17 2 1
0.596667 29 17 2 1
0.603333 20 14 3 1
0.61 14 21 0 1
0.616667 26 20 5 0
0.623333 29 8 3 2
0.63 31 15 1 2
0.636667 25 24 4 3
0.643333 25 20 3 2
0.65 19 14 4 4
0.656667 19 17 3 0
0.663333 1199 740 66 15
0.67 0 0 0 0
0.676667 0 0 0 0
0.683333 0 0 0 0
0.69 0 0 0 0
0.696667 0 0 0 0
0.703333 0 0 0 0
0.71 0 0 0 0
0.716667 0 0 0 0
0.723333 0 0 0 0
0.73 0 0 0 0
0.736667 0 0 0 0
0.743333 0 0 0 0
0.75 0 0 0 0
0.756667 0 0 0 0
0.763333 0 0 0 0
0.77 0 0 0 0
0.776667 0 0 0 0
0.783333 0 0 0 0
0.79 0 0 0 0
0.796667 0 0 0 0
0.803333 0 0 0 0
0.81 0 0 0 0
0.816667 0 0 0 0
0.823333 0 0 0 0
0.83 0 0 0 0
0.836667 0 0 0 0
0.843333 0 0 0 0
0.85 0 0 0 0
0.856667 0 0 0 0
0.863333 0 0 0 0
0.87 0 0 0 0
0.876667 0 0 0 0
0.883333 0 0 0 0
0.89 0 0 0 0
0.896667 0 0 0 0
0.903333 0 0 0 0
0.91 0 0 0 0
0.916667 0 0 0 0
0.923333 0 0 0 0
0.93 0 0 0 0
0.936667 0 0 0 0
0.943333 0 0 0 0
0.95 0 0 0 0
0.956667 0 0 0 0
0.963333 0 0 0 0
0.97 0 0 0 0
0.976667 0 0 0 0
0.983333 0 0 0 0
0.99 0 0 0 0
0.996667 0 0 0 0
1.00333 0 0 0 0
1.01 0 0 0 0
1.01667 0 0 0 0
1.02333 0 0 0 0
1.03 0 0 0 0
1.03667 0 0 0 0
1.04333 0 0 0 0
1.05 0 0 0 0
1.05667 0 0 0 0
1.06333 0 0 0 0
1.07 0 0 0 0
1.07667 0 0 0 0
1.08333 0 0 0 0
1.09 0 0 0 0
1.09667 0 0 0 0
1.10333 0 0 0 0
1.11 0 0 0 0
1.11667 0 0 0 0
1.12333 0 0 0 0
1.13 0 0 0 0
1.13667 0 0 0 0
1.14333 0 0 0 0
1.15 0 0 0 0
1.15667 0 0 0 0
1.16333 0 0 0 0
1.17 0 0 0 0
1.17667 0 0 0 0
1.18333 0 0 0 0
1.19 0 0 0 0
1.19667 0 0 0 0
1.20333 0 0 0 0
1.21 0 0 0 0
1.21667 0 0 0 0
1.22333 0 0 0 0
1.23 0 0 0 0
1.23667 0 0 0 0
1.24333 0 0 0 0
1.25 0 0 0 0
1.25667 0 0 0 0
1.26333 0 0 0 0
1.27 0 0 0 0
1.27667 0 0 0 0
1.28333 0 0 0 0
1.29 0 0 0 0
1.29667 0 0 0 0
1.30333 0 0 0 0
1.31 0 0 0 0
1.31667 0 0 0 0
1.32333 0 0 0 0
1.33 0 0 0 0
1.33667 0 0 0 0
1.34333 0 0 0 0
1.35 0 0 0 0
1.35667 0 0 0 0
1.36333 0 0 0 0
1.37 0 0 0 0
1.37667 0 0 0 0
1.38333 0 0 0 0
1.39 0 0 0 0
1.39667 0 0 0 0
1.40333 0 0 0 0
1.41 0 0 0 0
1.41667 0 0 0 0
1.42333 0 0 0 0
1.43 0 0 0 0
1.43667 0 0 0 0
1.44333 0 0 0 0
1.45 0 0 0 0
1.45667 0 0 0 0
1.46333 0 0 0 0
1.47 0 0 0 0
1.47667 0 0 0 0
1.48333 0 0 0 0
1.49 0 0 0 0
1.49667 0 0 0 0
1.50333 0 0 0 0
1.51 0 0 0 0
1.51667 0 0 0 0
1.52333 0 0 0 0
1.53 0 0 0 0
1.53667 0 0 0 0
1.54333 0 0 0 0
1.55 0 0 0 0
1.55667 0 0 0 0
1.56333 0 0 0 0
1.57 0 0 0 0
1.57667 0 0 0 0
1.58333 0 0 0 0
1.59 0 0 0 0
1.59667 0 0 0 0
1.60333 0 0 0 0
1.61 0 0 0 0
1.61667 0 0 0 0
1.62333 0 0 0 0
1.63 0 0 0 0
1.63667 0 0 0 0
1.64333 0 0 0 0
1.65 0 0 0 0
1.65667 0 0 0 0
1.66333 0 0 0 0
1.67 0 0 0 0
1.67667 0 0 0 0
1.68333 0 0 0 0
1.69 0 0 0 0
1.69667 0 0 0 0
1.70333 0 0 0 0
1.71 0 0 0 0
1.71667 0 0 0 0
1.72333 0 0 0 0
1.73 0 0 0 0
1.73667 0 0 0 0
1.74333 0 0 0 0
1.75 0 0 0 0
1.75667 0 0 0 0
1.76333 0 0 0 0
1.77 0 0 0 0
1.77667 0 0 0 0
1.78333 0 0 0 0
1.79 0 0 0 0
1.79667 0 0 0 0
1.80333 0 0 0 0
1.81 0 0 0 0
1.81667 0 0 0 0
1.82333 0 0 0 0
1.83 0 0 0 0
1.83667 0 0 0 0
1.84333 0 0 0 0
1.85 0 0 0 0
1.85667 0 0 0 0
1.86333 0 0 0 0
1.87 0 0 0 0
1.87667 0 0 0 0
1.88333 0 0 0 0
1.89 0 0 0 0
1.89667 0 0 0 0
1.90333 0 0 0 0
1.91 0 0 0 0
1.91667 0 0 0 0
1.92333 0 0 0 0
1.93 0 0 0 0
1.93667 0 0 0 0
1.94333 0 0 0 0
1.95 0 0 0 0
1.95667 0 0 0 0
1.96333 0 0 0 0
1.97 0 0 0 0
1.97667 0 0 0 0
1.98333 0 0 0 0
1.99 0 0 0 0
1.99667 0 0 0 0
