0.00333333 6 63 17 3
0.01 7 54 20 4
0.0166667 19 59 33 1
0.0233333 16 69 27 1
0.03 15 77 43 6
0.0366667 18 69 44 5
0.0433333 27 96 57 10
0.05 36 129 61 10
0.0566667 29 169 78 14
0.0633333 37 171 76 14
0.07 26 215 92 18
0.0766667 37 204 102 12
0.0833333 38 194 93 18
0.09 32 190 100 19
0.0966667 41 212 93 21
0.103333 30 190 95 16
0.11 22 203 86 14
0.116667 30 205 79 19
0.123333 31 190 91 15
0.13 25 185 82 6
0.136667 35 165 63 16
0.143333 31 178 68 16
0.15 29 161 87 12
0.156667 23 163 73 9
0.163333 29 163 77 7
0.17 20 173 65 19
0.176667 19 183 48 13
0.183333 27 166 55 14
0.19 21 178 71 12
0.196667 22 178 71 12
0.203333 24 180 65 9
0.21 27 167 67 9
0.216667 17 149 57 16
0.223333 28 146 54 14
0.23 19 144 59 10
0.236667 16 146 44 9
0.243333 14 128 41 12
0.25 24 111 43 10
0.256667 22 123 40 9
0.263333 18 127 34 8
0.27 16 118 50 7
0.276667 22 107 41 11
0.283333 19 84 35 3
0.29 19 82 26 6
0.296667 6 100 30 11
0.303333 16 86 31 11
0.31 10 95 33 2
0.316667 12 77 28 4
0.323333 9 83 34 6
0.33 19 101 31 6
0.336667 7 86 29 5
0.343333 9 64 30 10
0.35 8 66 29 11
0.356667 8 77 19 11
0.363333 12 71 32 4
0.37 12 59 24 2
0.376667 11 62 29 6
0.383333 10 65 24 6
0.39 6 60 42 4
0.396667 15 74 23 3
0.403333 9 69 28 3
0.41 17 65 18 5
0.416667 8 68 27 5
0.423333 12 55 23 2
0.43 7 53 24 2
0.436667 10 62 26 4
0.443333 9 56 26 8
0.45 14 62 26 8
0.456667 12 52 28 7
0.463333 19 57 31 2
0.47 11 65 24 9
0.476667 7 48 24 5
0.483333 13 41 21 4
0.49 2 39 21 3
0.496667 8 30 12 4
0.503333 6 31 20 2
0.51 5 28 14 2
0.516667 8 38 18 4
0.523333 9 26 16 2
0.53 5 35 7 4
0.536667 3 37 12 6
0.543333 6 22 17 3
0.55 1 41 12 3
0.556667 3 26 13 4
0.563333 4 25 14 3
0.57 6 26 9 5
0.576667 1 25 17 2
0.583333 7 30 14 5
0.59 2 33 10 5
0.596667 3 31 7 2
0.603333 7 23 14 2
0.61 6 29 7 1
0.616667 6 27 5 5
0.623333 1 19 11 3
0.63 5 22 12 0
0.636667 11 27 12 2
0.643333 4 23 5 3
0.65 2 30 16 4
0.656667 5 22 10 2
0.663333 176 1795 569 67
0.67 0 0 0 0
0.676667 0 0 0 0
0.683333 0 0 0 0
0.69 0 0 0 0
0.696667 0 0 0 0
0.703333 0 0 0 0
0.71 0 0 0 0
0.716667 0 0 0 0
0.723333 0 0 0 0
0.73 0 0 0 0
0.736667 0 0 0 0
0.743333 0 0 0 0
0.75 0 0 0 0
0.756667 0 0 0 0
0.763333 0 0 0 0
0.77 0 0 0 0
0.776667 0 0 0 0
0.783333 0 0 0 0
0.79 0 0 0 0
0.796667 0 0 0 0
0.803333 0 0 0 0
0.81 0 0 0 0
0.816667 0 0 0 0
0.823333 0 0 0 0
0.83 0 0 0 0
0.836667 0 0 0 0
0.843333 0 0 0 0
0.85 0 0 0 0
0.856667 0 0 0 0
0.863333 0 0 0 0
0.87 0 0 0 0
0.876667 0 0 0 0
0.883333 0 0 0 0
0.89 0 0 0 0
0.896667 0 0 0 0
0.903333 0 0 0 0
0.91 0 0 0 0
0.916667 0 0 0 0
0.923333 0 0 0 0
0.93 0 0 0 0
0.936667 0 0 0 0
0.943333 0 0 0 0
0.95 0 0 0 0
0.956667 0 0 0 0
0.963333 0 0 0 0
0.97 0 0 0 0
0.976667 0 0 0 0
0.983333 0 0 0 0
0.99 0 0 0 0
0.996667 0 0 0 0
1.00333 0 0 0 0
1.01 0 0 0 0
1.01667 0 0 0 0
1.02333 0 0 0 0
1.03 0 0 0 0
1.03667 0 0 0 0
1.04333 0 0 0 0
1.05 0 0 0 0
1.05667 0 0 0 0
1.06333 0 0 0 0
1.07 0 0 0 0
1.07667 0 0 0 0
1.08333 0 0 0 0
1.09 0 0 0 0
1.09667 0 0 0 0
1.10333 0 0 0 0
1.11 0 0 0 0
1.11667 0 0 0 0
1.12333 0 0 0 0
1.13 0 0 0 0
1.13667 0 0 0 0
1.14333 0 0 0 0
1.15 0 0 0 0
1.15667 0 0 0 0
1.16333 0 0 0 0
1.17 0 0 0 0
1.17667 0 0 0 0
1.18333 0 0 0 0
1.19 0 0 0 0
1.19667 0 0 0 0
1.20333 0 0 0 0
1.21 0 0 0 0
1.21667 0 0 0 0
1.22333 0 0 0 0
1.23 0 0 0 0
1.23667 0 0 0 0
1.24333 0 0 0 0
1.25 0 0 0 0
1.25667 0 0 0 0
1.26333 0 0 0 0
1.27 0 0 0 0
1.27667 0 0 0 0
1.28333 0 0 0 0
1.29 0 0 0 0
1.29667 0 0 0 0
1.30333 0 0 0 0
1.31 0 0 0 0
1.31667 0 0 0 0
1.32333 0 0 0 0
1.33 0 0 0 0
1.33667 0 0 0 0
1.34333 0 0 0 0
1.35 0 0 0 0
1.35667 0 0 0 0
1.36333 0 0 0 0
1.37 0 0 0 0
1.37667 0 0 0 0
1.38333 0 0 0 0
1.39 0 0 0 0
1.39667 0 0 0 0
1.40333 0 0 0 0
1.41 0 0 0 0
1.41667 0 0 0 0
1.42333 0 0 0 0
1.43 0 0 0 0
1.43667 0 0 0 0
1.44333 0 0 0 0
1.45 0 0 0 0
1.45667 0 0 0 0
1.46333 0 0 0 0
1.47 0 0 0 0
1.47667 0 0 0 0
1.48333 0 0 0 0
1.49 0 0 0 0
1.49667 0 0 0 0
1.50333 0 0 0 0
1.51 0 0 0 0
1.51667 0 0 0 0
1.52333 0 0 0 0
1.53 0 0 0 0
1.53667 0 0 0 0
1.54333 0 0 0 0
1.55 0 0 0 0
1.55667 0 0 0 0
1.56333 0 0 0 0
1.57 0 0 0 0
1.57667 0 0 0 0
1.58333 0 0 0 0
1.59 0 0 0 0
1.59667 0 0 0 0
1.60333 0 0 0 0
1.61 0 0 0 0
1.61667 0 0 0 0
1.62333 0 0 0 0
1.63 0 0 0 0
1.63667 0 0 0 0
1.64333 0 0 0 0
1.65 0 0 0 0
1.65667 0 0 0 0
1.66333 0 0 0 0
1.67 0 0 0 0
1.67667 0 0 0 0
1.68333 0 0 0 0
1.69 0 0 0 0
1.69667 0 0 0 0
1.70333 0 0 0 0
1.71 0 0 0 0
1.71667 0 0 0 0
1.72333 0 0 0 0
1.73 0 0 0 0
1.73667 0 0 0 0
1.74333 0 0 0 0
1.75 0 0 0 0
1.75667 0 0 0 0
1.76333 0 0 0 0
1.77 0 0 0 0
1.77667 0 0 0 0
1.78333 0 0 0 0
1.79 0 0 0 0
1.79667 0 0 0 0
1.80333 0 0 0 0
1.81 0 0 0 0
1.81667 0 0 0 0
1.82333 0 0 0 0
1.83 0 0 0 0
1.83667 0 0 0 0
1.84333 0 0 0 0
1.85 0 0 0 0
1.85667 0 0 0 0
1.86333 0 0 0 0
1.87 0 0 0 0
1.87667 0 0 0 0
1.88333 0 0 0 0
1.89 0 0 0 0
1.89667 0 0 0 0
1.90333 0 0 0 0
1.91 0 0 0 0
1.91667 0 0 0 0
1.92333 0 0 0 0
1.93 0 0 0 0
1.93667 0 0 0 0
1.94333 0 0 0 0
1.95 0 0 0 0
1.95667 0 0 0 0
1.96333 0 0 0 0
1.97 0 0 0 0
1.97667 0 0 0 0
1.98333 0 0 0 0
1.99 0 0 0 0
1.99667 0 0 0 0
