0.00333333 4 12 15 9
0.01 3 11 24 11
0.0166667 3 19 20 12
0.0233333 11 21 27 13
0.03 5 20 19 12
0.0366667 8 26 33 22
0.0433333 11 28 55 27
0.05 17 38 69 35
0.0566667 14 45 88 25
0.0633333 15 58 74 36
0.07 22 55 86 33
0.0766667 25 47 92 46
0.0833333 20 44 87 34
0.09 16 64 89 44
0.0966667 20 71 86 29
0.103333 13 63 84 48
0.11 39 52 101 36
0.116667 24 52 92 36
0.123333 22 38 79 37
0.13 16 42 86 29
0.136667 24 32 61 37
0.143333 21 36 82 38
0.15 14 41 63 28
0.156667 18 34 60 41
0.163333 22 32 72 41
0.17 19 35 64 29
0.176667 12 35 54 25
0.183333 21 42 60 32
0.19 20 32 55 26
0.196667 18 38 46 33
0.203333 14 34 48 25
0.21 13 34 42 29
0.216667 18 35 46 36
0.223333 26 27 56 25
0.23 18 27 33 26
0.236667 13 27 45 22
0.243333 10 32 50 25
0.25 12 32 41 12
0.256667 15 23 38 20
0.263333 13 27 41 25
0.27 10 20 36 24
0.276667 16 21 42 18
0.283333 12 21 40 13
0.29 11 21 36 20
0.296667 8 13 25 23
0.303333 6 19 37 21
0.31 8 23 30 23
0.316667 9 19 32 14
0.323333 9 19 30 13
0.33 5 17 35 20
0.336667 9 15 28 22
0.343333 14 17 50 17
0.35 12 19 38 18
0.356667 9 20 31 14
0.363333 10 16 29 10
0.37 13 20 37 13
0.376667 11 17 24 7
0.383333 6 10 28 8
0.39 17 17 22 11
0.396667 13 10 21 14
0.403333 7 10 23 17
0.41 15 13 32 13
0.416667 8 14 22 8
0.423333 10 15 27 14
0.43 6 22 15 9
0.436667 12 11 25 17
0.443333 15 7 24 10
0.45 8 14 28 13
0.456667 11 8 23 15
0.463333 8 16 23 11
0.47 3 15 28 15
0.476667 9 13 19 10
0.483333 3 7 16 8
0.49 9 14 20 9
0.496667 4 17 11 8
0.503333 9 8 13 7
0.51 7 8 15 9
0.516667 11 12 21 8
0.523333 2 6 13 10
0.53 6 8 16 7
0.536667 6 7 16 7
0.543333 2 7 12 10
0.55 1 8 8 3
0.556667 9 9 7 8
0.563333 4 5 22 9
0.57 6 9 11 14
0.576667 10 7 14 7
0.583333 5 9 14 10
0.59 4 10 11 9
0.596667 3 3 7 7
0.603333 9 8 14 10
0.61 5 7 12 11
0.616667 6 4 10 7
0.623333 4 6 13 4
0.63 3 11 13 6
0.636667 6 4 14 12
0.643333 5 5 8 9
0.65 2 12 7 6
0.656667 2 6 10 7
0.663333 205 208 411 353
0.67 0 0 0 0
0.676667 0 0 0 0
0.683333 0 0 0 0
0.69 0 0 0 0
0.696667 0 0 0 0
0.703333 0 0 0 0
0.71 0 0 0 0
0.716667 0 0 0 0
0.723333 0 0 0 0
0.73 0 0 0 0
0.736667 0 0 0 0
0.743333 0 0 0 0
0.75 0 0 0 0
0.756667 0 0 0 0
0.763333 0 0 0 0
0.77 0 0 0 0
0.776667 0 0 0 0
0.783333 0 0 0 0
0.79 0 0 0 0
0.796667 0 0 0 0
0.803333 0 0 0 0
0.81 0 0 0 0
0.816667 0 0 0 0
0.823333 0 0 0 0
0.83 0 0 0 0
0.836667 0 0 0 0
0.843333 0 0 0 0
0.85 0 0 0 0
0.856667 0 0 0 0
0.863333 0 0 0 0
0.87 0 0 0 0
0.876667 0 0 0 0
0.883333 0 0 0 0
0.89 0 0 0 0
0.896667 0 0 0 0
0.903333 0 0 0 0
0.91 0 0 0 0
0.916667 0 0 0 0
0.923333 0 0 0 0
0.93 0 0 0 0
0.936667 0 0 0 0
0.943333 0 0 0 0
0.95 0 0 0 0
0.956667 0 0 0 0
0.963333 0 0 0 0
0.97 0 0 0 0
0.976667 0 0 0 0
0.983333 0 0 0 0
0.99 0 0 0 0
0.996667 0 0 0 0
1.00333 0 0 0 0
1.01 0 0 0 0
1.01667 0 0 0 0
1.02333 0 0 0 0
1.03 0 0 0 0
1.03667 0 0 0 0
1.04333 0 0 0 0
1.05 0 0 0 0
1.05667 0 0 0 0
1.06333 0 0 0 0
1.07 0 0 0 0
1.07667 0 0 0 0
1.08333 0 0 0 0
1.09 0 0 0 0
1.09667 0 0 0 0
1.10333 0 0 0 0
1.11 0 0 0 0
1.11667 0 0 0 0
1.12333 0 0 0 0
1.13 0 0 0 0
1.13667 0 0 0 0
1.14333 0 0 0 0
1.15 0 0 0 0
1.15667 0 0 0 0
1.16333 0 0 0 0
1.17 0 0 0 0
1.17667 0 0 0 0
1.18333 0 0 0 0
1.19 0 0 0 0
1.19667 0 0 0 0
1.20333 0 0 0 0
1.21 0 0 0 0
1.21667 0 0 0 0
1.22333 0 0 0 0
1.23 0 0 0 0
1.23667 0 0 0 0
1.24333 0 0 0 0
1.25 0 0 0 0
1.25667 0 0 0 0
1.26333 0 0 0 0
1.27 0 0 0 0
1.27667 0 0 0 0
1.28333 0 0 0 0
1.29 0 0 0 0
1.29667 0 0 0 0
1.30333 0 0 0 0
1.31 0 0 0 0
1.31667 0 0 0 0
1.32333 0 0 0 0
1.33 0 0 0 0
1.33667 0 0 0 0
1.34333 0 0 0 0
1.35 0 0 0 0
1.35667 0 0 0 0
1.36333 0 0 0 0
1.37 0 0 0 0
1.37667 0 0 0 0
1.38333 0 0 0 0
1.39 0 0 0 0
1.39667 0 0 0 0
1.40333 0 0 0 0
1.41 0 0 0 0
1.41667 0 0 0 0
1.42333 0 0 0 0
1.43 0 0 0 0
1.43667 0 0 0 0
1.44333 0 0 0 0
1.45 0 0 0 0
1.45667 0 0 0 0
1.46333 0 0 0 0
1.47 0 0 0 0
1.47667 0 0 0 0
1.48333 0 0 0 0
1.49 0 0 0 0
1.49667 0 0 0 0
1.50333 0 0 0 0
1.51 0 0 0 0
1.51667 0 0 0 0
1.52333 0 0 0 0
1.53 0 0 0 0
1.53667 0 0 0 0
1.54333 0 0 0 0
1.55 0 0 0 0
1.55667 0 0 0 0
1.56333 0 0 0 0
1.57 0 0 0 0
1.57667 0 0 0 0
1.58333 0 0 0 0
1.59 0 0 0 0
1.59667 0 0 0 0
1.60333 0 0 0 0
1.61 0 0 0 0
1.61667 0 0 0 0
1.62333 0 0 0 0
1.63 0 0 0 0
1.63667 0 0 0 0
1.64333 0 0 0 0
1.65 0 0 0 0
1.65667 0 0 0 0
1.66333 0 0 0 0
1.67 0 0 0 0
1.67667 0 0 0 0
1.68333 0 0 0 0
1.69 0 0 0 0
1.69667 0 0 0 0
1.70333 0 0 0 0
1.71 0 0 0 0
1.71667 0 0 0 0
1.72333 0 0 0 0
1.73 0 0 0 0
1.73667 0 0 0 0
1.74333 0 0 0 0
1.75 0 0 0 0
1.75667 0 0 0 0
1.76333 0 0 0 0
1.77 0 0 0 0
1.77667 0 0 0 0
1.78333 0 0 0 0
1.79 0 0 0 0
1.79667 0 0 0 0
1.80333 0 0 0 0
1.81 0 0 0 0
1.81667 0 0 0 0
1.82333 0 0 0 0
1.83 0 0 0 0
1.83667 0 0 0 0
1.84333 0 0 0 0
1.85 0 0 0 0
1.85667 0 0 0 0
1.86333 0 0 0 0
1.87 0 0 0 0
1.87667 0 0 0 0
1.88333 0 0 0 0
1.89 0 0 0 0
1.89667 0 0 0 0
1.90333 0 0 0 0
1.91 0 0 0 0
1.91667 0 0 0 0
1.92333 0 0 0 0
1.93 0 0 0 0
1.93667 0 0 0 0
1.94333 0 0 0 0
1.95 0 0 0 0
1.95667 0 0 0 0
1.96333 0 0 0 0
1.97 0 0 0 0
1.97667 0 0 0 0
1.98333 0 0 0 0
1.99 0 0 0 0
1.99667 0 0 0 0
