0.00333333 0 21 53 8
0.01 1 27 73 8
0.0166667 6 21 62 17
0.0233333 7 22 88 17
0.03 9 20 80 24
0.0366667 5 30 104 20
0.0433333 8 44 123 15
0.05 11 52 165 20
0.0566667 5 74 204 30
0.0633333 11 67 190 34
0.07 10 77 229 44
0.0766667 8 81 229 40
0.0833333 14 73 241 33
0.09 6 75 234 36
0.0966667 8 61 259 33
0.103333 14 66 226 37
0.11 12 61 268 31
0.116667 6 68 256 37
0.123333 16 79 219 35
0.13 18 64 232 25
0.136667 11 55 223 29
0.143333 12 57 248 24
0.15 11 54 222 20
0.156667 7 52 230 17
0.163333 6 68 190 18
0.17 17 59 195 16
0.176667 4 46 202 26
0.183333 14 66 203 24
0.19 8 52 241 23
0.196667 12 67 221 18
0.203333 7 44 219 12
0.21 7 57 196 20
0.216667 6 47 210 15
0.223333 11 42 180 13
0.23 9 48 184 17
0.236667 5 45 186 23
0.243333 7 56 156 19
0.25 9 29 165 13
0.256667 5 38 154 10
0.263333 6 33 130 10
0.27 7 28 130 13
0.276667 7 33 138 13
0.283333 8 22 122 12
0.29 3 49 107 9
0.296667 5 26 114 18
0.303333 5 19 96 18
0.31 5 26 115 15
0.316667 2 27 85 10
0.323333 6 27 106 13
0.33 7 22 88 15
0.336667 3 32 92 13
0.343333 3 27 82 12
0.35 3 26 103 10
0.356667 2 31 88 12
0.363333 5 26 105 11
0.37 4 23 61 9
0.376667 6 23 73 13
0.383333 4 26 68 8
0.39 3 22 75 13
0.396667 5 20 89 7
0.403333 4 16 86 6
0.41 3 17 76 4
0.416667 5 23 104 7
0.423333 2 16 64 13
0.43 1 20 77 10
0.436667 4 23 77 9
0.443333 3 28 79 6
0.45 1 20 91 8
0.456667 3 19 72 9
0.463333 3 22 68 4
0.47 3 18 65 9
0.476667 4 16 67 8
0.483333 2 13 54 4
0.49 1 9 45 7
0.496667 4 17 43 5
0.503333 4 13 41 9
0.51 1 13 45 6
0.516667 0 13 39 5
0.523333 4 14 38 4
0.53 3 15 43 7
0.536667 2 8 35 5
0.543333 3 3 36 2
0.55 2 13 29 5
0.556667 1 8 27 5
0.563333 0 16 31 3
0.57 3 9 33 5
0.576667 2 12 32 4
0.583333 3 16 39 6
0.59 1 9 26 6
0.596667 3 11 22 12
0.603333 3 9 31 3
0.61 2 12 21 8
0.616667 4 11 23 6
0.623333 1 15 26 2
0.63 3 8 30 3
0.636667 2 10 38 5
0.643333 1 12 22 4
0.65 4 5 28 3
0.656667 1 10 24 2
0.663333 40 436 2557 110
0.67 0 0 0 0
0.676667 0 0 0 0
0.683333 0 0 0 0
0.69 0 0 0 0
0.696667 0 0 0 0
0.703333 0 0 0 0
0.71 0 0 0 0
0.716667 0 0 0 0
0.723333 0 0 0 0
0.73 0 0 0 0
0.736667 0 0 0 0
0.743333 0 0 0 0
0.75 0 0 0 0
0.756667 0 0 0 0
0.763333 0 0 0 0
0.77 0 0 0 0
0.776667 0 0 0 0
0.783333 0 0 0 0
0.79 0 0 0 0
0.796667 0 0 0 0
0.803333 0 0 0 0
0.81 0 0 0 0
0.816667 0 0 0 0
0.823333 0 0 0 0
0.83 0 0 0 0
0.836667 0 0 0 0
0.843333 0 0 0 0
0.85 0 0 0 0
0.856667 0 0 0 0
0.863333 0 0 0 0
0.87 0 0 0 0
0.876667 0 0 0 0
0.883333 0 0 0 0
0.89 0 0 0 0
0.896667 0 0 0 0
0.903333 0 0 0 0
0.91 0 0 0 0
0.916667 0 0 0 0
0.923333 0 0 0 0
0.93 0 0 0 0
0.936667 0 0 0 0
0.943333 0 0 0 0
0.95 0 0 0 0
0.956667 0 0 0 0
0.963333 0 0 0 0
0.97 0 0 0 0
0.976667 0 0 0 0
0.983333 0 0 0 0
0.99 0 0 0 0
0.996667 0 0 0 0
1.00333 0 0 0 0
1.01 0 0 0 0
1.01667 0 0 0 0
1.02333 0 0 0 0
1.03 0 0 0 0
1.03667 0 0 0 0
1.04333 0 0 0 0
1.05 0 0 0 0
1.05667 0 0 0 0
1.06333 0 0 0 0
1.07 0 0 0 0
1.07667 0 0 0 0
1.08333 0 0 0 0
1.09 0 0 0 0
1.09667 0 0 0 0
1.10333 0 0 0 0
1.11 0 0 0 0
1.11667 0 0 0 0
1.12333 0 0 0 0
1.13 0 0 0 0
1.13667 0 0 0 0
1.14333 0 0 0 0
1.15 0 0 0 0
1.15667 0 0 0 0
1.16333 0 0 0 0
1.17 0 0 0 0
1.17667 0 0 0 0
1.18333 0 0 0 0
1.19 0 0 0 0
1.19667 0 0 0 0
1.20333 0 0 0 0
1.21 0 0 0 0
1.21667 0 0 0 0
1.22333 0 0 0 0
1.23 0 0 0 0
1.23667 0 0 0 0
1.24333 0 0 0 0
1.25 0 0 0 0
1.25667 0 0 0 0
1.26333 0 0 0 0
1.27 0 0 0 0
1.27667 0 0 0 0
1.28333 0 0 0 0
1.29 0 0 0 0
1.29667 0 0 0 0
1.30333 0 0 0 0
1.31 0 0 0 0
1.31667 0 0 0 0
1.32333 0 0 0 0
1.33 0 0 0 0
1.33667 0 0 0 0
1.34333 0 0 0 0
1.35 0 0 0 0
1.35667 0 0 0 0
1.36333 0 0 0 0
1.37 0 0 0 0
1.37667 0 0 0 0
1.38333 0 0 0 0
1.39 0 0 0 0
1.39667 0 0 0 0
1.40333 0 0 0 0
1.41 0 0 0 0
1.41667 0 0 0 0
1.42333 0 0 0 0
1.43 0 0 0 0
1.43667 0 0 0 0
1.44333 0 0 0 0
1.45 0 0 0 0
1.45667 0 0 0 0
1.46333 0 0 0 0
1.47 0 0 0 0
1.47667 0 0 0 0
1.48333 0 0 0 0
1.49 0 0 0 0
1.49667 0 0 0 0
1.50333 0 0 0 0
1.51 0 0 0 0
1.51667 0 0 0 0
1.52333 0 0 0 0
1.53 0 0 0 0
1.53667 0 0 0 0
1.54333 0 0 0 0
1.55 0 0 0 0
1.55667 0 0 0 0
1.56333 0 0 0 0
1.57 0 0 0 0
1.57667 0 0 0 0
1.58333 0 0 0 0
1.59 0 0 0 0
1.59667 0 0 0 0
1.60333 0 0 0 0
1.61 0 0 0 0
1.61667 0 0 0 0
1.62333 0 0 0 0
1.63 0 0 0 0
1.63667 0 0 0 0
1.64333 0 0 0 0
1.65 0 0 0 0
1.65667 0 0 0 0
1.66333 0 0 0 0
1.67 0 0 0 0
1.67667 0 0 0 0
1.68333 0 0 0 0
1.69 0 0 0 0
1.69667 0 0 0 0
1.70333 0 0 0 0
1.71 0 0 0 0
1.71667 0 0 0 0
1.72333 0 0 0 0
1.73 0 0 0 0
1.73667 0 0 0 0
1.74333 0 0 0 0
1.75 0 0 0 0
1.75667 0 0 0 0
1.76333 0 0 0 0
1.77 0 0 0 0
1.77667 0 0 0 0
1.78333 0 0 0 0
1.79 0 0 0 0
1.79667 0 0 0 0
1.80333 0 0 0 0
1.81 0 0 0 0
1.81667 0 0 0 0
1.82333 0 0 0 0
1.83 0 0 0 0
1.83667 0 0 0 0
1.84333 0 0 0 0
1.85 0 0 0 0
1.85667 0 0 0 0
1.86333 0 0 0 0
1.87 0 0 0 0
1.87667 0 0 0 0
1.88333 0 0 0 0
1.89 0 0 0 0
1.89667 0 0 0 0
1.90333 0 0 0 0
1.91 0 0 0 0
1.91667 0 0 0 0
1.92333 0 0 0 0
1.93 0 0 0 0
1.93667 0 0 0 0
1.94333 0 0 0 0
1.95 0 0 0 0
1.95667 0 0 0 0
1.96333 0 0 0 0
1.97 0 0 0 0
1.97667 0 0 0 0
1.98333 0 0 0 0
1.99 0 0 0 0
1.99667 0 0 0 0
