0.00333333 3 7 41 25
0.01 5 10 59 32
0.0166667 3 9 63 38
0.0233333 5 11 68 49
0.03 4 8 68 51
0.0366667 6 9 87 61
0.0433333 3 15 110 59
0.05 3 20 143 82
0.0566667 12 32 185 115
0.0633333 7 21 207 126
0.07 9 28 191 134
0.0766667 6 31 214 156
0.0833333 6 24 220 153
0.09 5 26 209 130
0.0966667 7 32 204 151
0.103333 5 33 226 136
0.11 5 39 202 139
0.116667 6 30 194 142
0.123333 8 21 180 157
0.13 8 22 192 134
0.136667 7 21 203 120
0.143333 7 23 176 118
0.15 5 25 130 118
0.156667 9 29 168 111
0.163333 5 28 137 141
0.17 6 24 154 99
0.176667 4 17 140 105
0.183333 7 28 128 100
0.19 5 26 145 101
0.196667 8 29 127 108
0.203333 3 18 141 103
0.21 5 23 112 100
0.216667 2 18 125 93
0.223333 1 17 125 91
0.23 1 22 124 76
0.236667 1 11 105 88
0.243333 7 14 110 72
0.25 8 14 88 93
0.256667 3 13 107 71
0.263333 3 21 91 74
0.27 3 13 85 75
0.276667 3 2 76 73
0.283333 4 22 105 74
0.29 3 16 83 63
0.296667 4 13 78 65
0.303333 4 8 66 59
0.31 3 9 83 46
0.316667 2 15 72 64
0.323333 4 21 73 59
0.33 3 7 58 45
0.336667 5 11 86 50
0.343333 6 7 55 54
0.35 3 9 65 43
0.356667 3 16 54 39
0.363333 3 16 65 33
0.37 4 13 66 46
0.376667 0 14 58 42
0.383333 2 11 62 56
0.39 0 13 64 35
0.396667 2 10 49 45
0.403333 4 15 52 42
0.41 2 15 36 37
0.416667 1 14 49 38
0.423333 1 9 63 40
0.43 2 11 57 48
0.436667 4 13 53 33
0.443333 1 7 41 39
0.45 2 10 42 35
0.456667 1 10 56 47
0.463333 4 7 39 45
0.47 4 9 41 43
0.476667 4 9 39 34
0.483333 0 11 43 28
0.49 1 7 44 31
0.496667 4 10 20 25
0.503333 4 7 33 26
0.51 3 8 27 28
0.516667 0 6 33 21
0.523333 3 7 37 15
0.53 1 4 28 23
0.536667 0 1 26 14
0.543333 1 5 24 22
0.55 3 6 32 18
0.556667 2 5 22 23
0.563333 1 8 18 27
0.57 3 4 18 28
0.576667 2 9 22 17
0.583333 3 5 25 26
0.59 4 7 21 21
0.596667 1 6 24 17
0.603333 4 5 26 21
0.61 2 3 21 18
0.616667 1 4 27 8
0.623333 4 5 19 8
0.63 1 2 32 13
0.636667 3 5 26 18
0.643333 1 4 18 22
0.65 3 5 23 8
0.656667 3 6 22 17
0.663333 36 218 1324 989
0.67 0 0 0 0
0.676667 0 0 0 0
0.683333 0 0 0 0
0.69 0 0 0 0
0.696667 0 0 0 0
0.703333 0 0 0 0
0.71 0 0 0 0
0.716667 0 0 0 0
0.723333 0 0 0 0
0.73 0 0 0 0
0.736667 0 0 0 0
0.743333 0 0 0 0
0.75 0 0 0 0
0.756667 0 0 0 0
0.763333 0 0 0 0
0.77 0 0 0 0
0.776667 0 0 0 0
0.783333 0 0 0 0
0.79 0 0 0 0
0.796667 0 0 0 0
0.803333 0 0 0 0
0.81 0 0 0 0
0.816667 0 0 0 0
0.823333 0 0 0 0
0.83 0 0 0 0
0.836667 0 0 0 0
0.843333 0 0 0 0
0.85 0 0 0 0
0.856667 0 0 0 0
0.863333 0 0 0 0
0.87 0 0 0 0
0.876667 0 0 0 0
0.883333 0 0 0 0
0.89 0 0 0 0
0.896667 0 0 0 0
0.903333 0 0 0 0
0.91 0 0 0 0
0.916667 0 0 0 0
0.923333 0 0 0 0
0.93 0 0 0 0
0.936667 0 0 0 0
0.943333 0 0 0 0
0.95 0 0 0 0
0.956667 0 0 0 0
0.963333 0 0 0 0
0.97 0 0 0 0
0.976667 0 0 0 0
0.983333 0 0 0 0
0.99 0 0 0 0
0.996667 0 0 0 0
1.00333 0 0 0 0
1.01 0 0 0 0
1.01667 0 0 0 0
1.02333 0 0 0 0
1.03 0 0 0 0
1.03667 0 0 0 0
1.04333 0 0 0 0
1.05 0 0 0 0
1.05667 0 0 0 0
1.06333 0 0 0 0
1.07 0 0 0 0
1.07667 0 0 0 0
1.08333 0 0 0 0
1.09 0 0 0 0
1.09667 0 0 0 0
1.10333 0 0 0 0
1.11 0 0 0 0
1.11667 0 0 0 0
1.12333 0 0 0 0
1.13 0 0 0 0
1.13667 0 0 0 0
1.14333 0 0 0 0
1.15 0 0 0 0
1.15667 0 0 0 0
1.16333 0 0 0 0
1.17 0 0 0 0
1.17667 0 0 0 0
1.18333 0 0 0 0
1.19 0 0 0 0
1.19667 0 0 0 0
1.20333 0 0 0 0
1.21 0 0 0 0
1.21667 0 0 0 0
1.22333 0 0 0 0
1.23 0 0 0 0
1.23667 0 0 0 0
1.24333 0 0 0 0
1.25 0 0 0 0
1.25667 0 0 0 0
1.26333 0 0 0 0
1.27 0 0 0 0
1.27667 0 0 0 0
1.28333 0 0 0 0
1.29 0 0 0 0
1.29667 0 0 0 0
1.30333 0 0 0 0
1.31 0 0 0 0
1.31667 0 0 0 0
1.32333 0 0 0 0
1.33 0 0 0 0
1.33667 0 0 0 0
1.34333 0 0 0 0
1.35 0 0 0 0
1.35667 0 0 0 0
1.36333 0 0 0 0
1.37 0 0 0 0
1.37667 0 0 0 0
1.38333 0 0 0 0
1.39 0 0 0 0
1.39667 0 0 0 0
1.40333 0 0 0 0
1.41 0 0 0 0
1.41667 0 0 0 0
1.42333 0 0 0 0
1.43 0 0 0 0
1.43667 0 0 0 0
1.44333 0 0 0 0
1.45 0 0 0 0
1.45667 0 0 0 0
1.46333 0 0 0 0
1.47 0 0 0 0
1.47667 0 0 0 0
1.48333 0 0 0 0
1.49 0 0 0 0
1.49667 0 0 0 0
1.50333 0 0 0 0
1.51 0 0 0 0
1.51667 0 0 0 0
1.52333 0 0 0 0
1.53 0 0 0 0
1.53667 0 0 0 0
1.54333 0 0 0 0
1.55 0 0 0 0
1.55667 0 0 0 0
1.56333 0 0 0 0
1.57 0 0 0 0
1.57667 0 0 0 0
1.58333 0 0 0 0
1.59 0 0 0 0
1.59667 0 0 0 0
1.60333 0 0 0 0
1.61 0 0 0 0
1.61667 0 0 0 0
1.62333 0 0 0 0
1.63 0 0 0 0
1.63667 0 0 0 0
1.64333 0 0 0 0
1.65 0 0 0 0
1.65667 0 0 0 0
1.66333 0 0 0 0
1.67 0 0 0 0
1.67667 0 0 0 0
1.68333 0 0 0 0
1.69 0 0 0 0
1.69667 0 0 0 0
1.70333 0 0 0 0
1.71 0 0 0 0
1.71667 0 0 0 0
1.72333 0 0 0 0
1.73 0 0 0 0
1.73667 0 0 0 0
1.74333 0 0 0 0
1.75 0 0 0 0
1.75667 0 0 0 0
1.76333 0 0 0 0
1.77 0 0 0 0
1.77667 0 0 0 0
1.78333 0 0 0 0
1.79 0 0 0 0
1.79667 0 0 0 0
1.80333 0 0 0 0
1.81 0 0 0 0
1.81667 0 0 0 0
1.82333 0 0 0 0
1.83 0 0 0 0
1.83667 0 0 0 0
1.84333 0 0 0 0
1.85 0 0 0 0
1.85667 0 0 0 0
1.86333 0 0 0 0
1.87 0 0 0 0
1.87667 0 0 0 0
1.88333 0 0 0 0
1.89 0 0 0 0
1.89667 0 0 0 0
1.90333 0 0 0 0
1.91 0 0 0 0
1.91667 0 0 0 0
1.92333 0 0 0 0
1.93 0 0 0 0
1.93667 0 0 0 0
1.94333 0 0 0 0
1.95 0 0 0 0
1.95667 0 0 0 0
1.96333 0 0 0 0
1.97 0 0 0 0
1.97667 0 0 0 0
1.98333 0 0 0 0
1.99 0 0 0 0
1.99667 0 0 0 0
