0.00333333 11 72 12 2
0.01 23 73 9 0
0.0166667 25 74 9 2
0.0233333 26 83 10 1
0.03 23 92 11 3
0.0366667 31 93 13 2
0.0433333 42 148 15 3
0.05 57 167 18 4
0.0566667 68 208 30 2
0.0633333 82 241 24 3
0.07 87 240 25 3
0.0766667 85 266 33 5
0.0833333 101 269 40 2
0.09 89 253 26 3
0.0966667 68 250 27 3
0.103333 87 266 28 3
0.11 81 246 20 6
0.116667 85 267 29 3
0.123333 77 266 34 5
0.13 73 255 35 2
0.136667 63 235 25 3
0.143333 63 242 28 1
0.15 58 218 22 2
0.156667 46 233 34 3
0.163333 43 204 33 2
0.17 40 204 31 1
0.176667 39 204 28 2
0.183333 47 203 27 2
0.19 59 223 31 1
0.196667 40 222 29 6
0.203333 32 212 22 1
0.21 39 181 19 6
0.216667 34 200 27 4
0.223333 45 185 18 2
0.23 45 186 25 2
0.236667 54 188 28 6
0.243333 52 139 22 1
0.25 45 167 14 1
0.256667 37 145 26 0
0.263333 35 142 17 4
0.27 31 125 15 3
0.276667 40 132 23 3
0.283333 25 130 14 3
0.29 33 128 16 1
0.296667 27 125 12 3
0.303333 42 119 12 2
0.31 39 122 18 1
0.316667 37 104 8 1
0.323333 37 102 14 1
0.33 28 98 16 1
0.336667 22 100 8 1
0.343333 26 110 11 0
0.35 28 108 15 3
0.356667 20 95 20 3
0.363333 26 96 8 3
0.37 23 86 15 1
0.376667 23 95 12 0
0.383333 20 97 14 2
0.39 18 85 17 2
0.396667 17 95 16 3
0.403333 25 102 12 2
0.41 25 89 9 0
0.416667 21 92 14 1
0.423333 17 75 9 1
0.43 22 90 11 0
0.436667 21 82 21 2
0.443333 22 67 10 1
0.45 18 93 12 2
0.456667 14 79 13 2
0.463333 26 82 11 1
0.47 15 70 14 0
0.476667 17 82 12 2
0.483333 11 43 8 0
0.49 21 63 5 0
0.496667 18 48 9 0
0.503333 13 46 13 3
0.51 18 42 14 0
0.516667 20 42 6 3
0.523333 12 33 10 1
0.53 13 36 6 0
0.536667 19 45 9 2
0.543333 9 48 6 0
0.55 18 45 4 0
0.556667 6 33 9 1
0.563333 12 45 9 0
0.57 13 33 6 1
0.576667 8 39 7 0
0.583333 10 48 9 3
0.59 9 35 7 1
0.596667 12 51 8 1
0.603333 6 33 7 0
0.61 7 37 5 0
0.616667 9 38 4 1
0.623333 11 34 10 0
0.63 5 41 5 0
0.636667 9 45 3 0
0.643333 9 36 7 3
0.65 14 33 4 2
0.656667 6 33 6 0
0.663333 342 2561 318 9
0.67 0 0 0 0
0.676667 0 0 0 0
0.683333 0 0 0 0
0.69 0 0 0 0
0.696667 0 0 0 0
0.703333 0 0 0 0
0.71 0 0 0 0
0.716667 0 0 0 0
0.723333 0 0 0 0
0.73 0 0 0 0
0.736667 0 0 0 0
0.743333 0 0 0 0
0.75 0 0 0 0
0.756667 0 0 0 0
0.763333 0 0 0 0
0.77 0 0 0 0
0.776667 0 0 0 0
0.783333 0 0 0 0
0.79 0 0 0 0
0.796667 0 0 0 0
0.803333 0 0 0 0
0.81 0 0 0 0
0.816667 0 0 0 0
0.823333 0 0 0 0
0.83 0 0 0 0
0.836667 0 0 0 0
0.843333 0 0 0 0
0.85 0 0 0 0
0.856667 0 0 0 0
0.863333 0 0 0 0
0.87 0 0 0 0
0.876667 0 0 0 0
0.883333 0 0 0 0
0.89 0 0 0 0
0.896667 0 0 0 0
0.903333 0 0 0 0
0.91 0 0 0 0
0.916667 0 0 0 0
0.923333 0 0 0 0
0.93 0 0 0 0
0.936667 0 0 0 0
0.943333 0 0 0 0
0.95 0 0 0 0
0.956667 0 0 0 0
0.963333 0 0 0 0
0.97 0 0 0 0
0.976667 0 0 0 0
0.983333 0 0 0 0
0.99 0 0 0 0
0.996667 0 0 0 0
1.00333 0 0 0 0
1.01 0 0 0 0
1.01667 0 0 0 0
1.02333 0 0 0 0
1.03 0 0 0 0
1.03667 0 0 0 0
1.04333 0 0 0 0
1.05 0 0 0 0
1.05667 0 0 0 0
1.06333 0 0 0 0
1.07 0 0 0 0
1.07667 0 0 0 0
1.08333 0 0 0 0
1.09 0 0 0 0
1.09667 0 0 0 0
1.10333 0 0 0 0
1.11 0 0 0 0
1.11667 0 0 0 0
1.12333 0 0 0 0
1.13 0 0 0 0
1.13667 0 0 0 0
1.14333 0 0 0 0
1.15 0 0 0 0
1.15667 0 0 0 0
1.16333 0 0 0 0
1.17 0 0 0 0
1.17667 0 0 0 0
1.18333 0 0 0 0
1.19 0 0 0 0
1.19667 0 0 0 0
1.20333 0 0 0 0
1.21 0 0 0 0
1.21667 0 0 0 0
1.22333 0 0 0 0
1.23 0 0 0 0
1.23667 0 0 0 0
1.24333 0 0 0 0
1.25 0 0 0 0
1.25667 0 0 0 0
1.26333 0 0 0 0
1.27 0 0 0 0
1.27667 0 0 0 0
1.28333 0 0 0 0
1.29 0 0 0 0
1.29667 0 0 0 0
1.30333 0 0 0 0
1.31 0 0 0 0
1.31667 0 0 0 0
1.32333 0 0 0 0
1.33 0 0 0 0
1.33667 0 0 0 0
1.34333 0 0 0 0
1.35 0 0 0 0
1.35667 0 0 0 0
1.36333 0 0 0 0
1.37 0 0 0 0
1.37667 0 0 0 0
1.38333 0 0 0 0
1.39 0 0 0 0
1.39667 0 0 0 0
1.40333 0 0 0 0
1.41 0 0 0 0
1.41667 0 0 0 0
1.42333 0 0 0 0
1.43 0 0 0 0
1.43667 0 0 0 0
1.44333 0 0 0 0
1.45 0 0 0 0
1.45667 0 0 0 0
1.46333 0 0 0 0
1.47 0 0 0 0
1.47667 0 0 0 0
1.48333 0 0 0 0
1.49 0 0 0 0
1.49667 0 0 0 0
1.50333 0 0 0 0
1.51 0 0 0 0
1.51667 0 0 0 0
1.52333 0 0 0 0
1.53 0 0 0 0
1.53667 0 0 0 0
1.54333 0 0 0 0
1.55 0 0 0 0
1.55667 0 0 0 0
1.56333 0 0 0 0
1.57 0 0 0 0
1.57667 0 0 0 0
1.58333 0 0 0 0
1.59 0 0 0 0
1.59667 0 0 0 0
1.60333 0 0 0 0
1.61 0 0 0 0
1.61667 0 0 0 0
1.62333 0 0 0 0
1.63 0 0 0 0
1.63667 0 0 0 0
1.64333 0 0 0 0
1.65 0 0 0 0
1.65667 0 0 0 0
1.66333 0 0 0 0
1.67 0 0 0 0
1.67667 0 0 0 0
1.68333 0 0 0 0
1.69 0 0 0 0
1.69667 0 0 0 0
1.70333 0 0 0 0
1.71 0 0 0 0
1.71667 0 0 0 0
1.72333 0 0 0 0
1.73 0 0 0 0
1.73667 0 0 0 0
1.74333 0 0 0 0
1.75 0 0 0 0
1.75667 0 0 0 0
1.76333 0 0 0 0
1.77 0 0 0 0
1.77667 0 0 0 0
1.78333 0 0 0 0
1.79 0 0 0 0
1.79667 0 0 0 0
1.80333 0 0 0 0
1.81 0 0 0 0
1.81667 0 0 0 0
1.82333 0 0 0 0
1.83 0 0 0 0
1.83667 0 0 0 0
1.84333 0 0 0 0
1.85 0 0 0 0
1.85667 0 0 0 0
1.86333 0 0 0 0
1.87 0 0 0 0
1.87667 0 0 0 0
1.88333 0 0 0 0
1.89 0 0 0 0
1.89667 0 0 0 0
1.90333 0 0 0 0
1.91 0 0 0 0
1.91667 0 0 0 0
1.92333 0 0 0 0
1.93 0 0 0 0
1.93667 0 0 0 0
1.94333 0 0 0 0
1.95 0 0 0 0
1.95667 0 0 0 0
1.96333 0 0 0 0
1.97 0 0 0 0
1.97667 0 0 0 0
1.98333 0 0 0 0
1.99 0 0 0 0
1.99667 0 0 0 0
