0.00333333 93 32 0 0
0.01 114 35 1 0
0.0166667 104 34 1 1
0.0233333 113 42 2 0
0.03 125 47 1 0
0.0366667 175 51 7 1
0.0433333 171 61 1 0
0.05 246 92 4 2
0.0566667 260 95 10 8
0.0633333 287 116 5 0
0.07 275 118 3 2
0.0766667 338 135 1 3
0.0833333 359 89 6 3
0.09 343 111 2 6
0.0966667 333 111 4 3
0.103333 319 125 2 4
0.11 346 101 6 3
0.116667 364 113 4 1
0.123333 357 109 5 1
0.13 372 130 0 2
0.136667 354 73 6 1
0.143333 342 83 4 0
0.15 299 90 4 2
0.156667 319 81 5 4
0.163333 321 78 4 2
0.17 296 92 6 2
0.176667 296 87 2 2
0.183333 320 103 1 1
0.19 356 83 3 2
0.196667 352 99 4 1
0.203333 334 75 2 1
0.21 315 61 5 2
0.216667 282 79 4 4
0.223333 287 83 4 6
0.23 277 61 1 1
0.236667 251 64 2 2
0.243333 248 63 3 3
0.25 232 62 3 3
0.256667 218 60 0 5
0.263333 213 56 0 2
0.27 224 46 4 0
0.276667 201 46 0 1
0.283333 185 47 2 0
0.29 189 50 4 2
0.296667 187 56 2 1
0.303333 170 44 1 1
0.31 164 53 6 1
0.316667 148 49 3 3
0.323333 160 42 2 2
0.33 153 43 2 3
0.336667 144 38 1 1
0.343333 138 49 3 2
0.35 143 37 4 2
0.356667 137 36 2 0
0.363333 123 44 0 0
0.37 135 32 4 2
0.376667 132 42 3 1
0.383333 126 34 3 1
0.39 130 32 3 0
0.396667 145 36 2 0
0.403333 114 44 4 2
0.41 110 36 1 1
0.416667 125 40 1 5
0.423333 115 26 2 2
0.43 114 34 3 1
0.436667 120 30 2 2
0.443333 113 32 0 2
0.45 126 31 0 0
0.456667 121 37 0 3
0.463333 111 28 2 0
0.47 125 31 1 0
0.476667 96 42 3 1
0.483333 69 23 1 3
0.49 65 19 1 1
0.496667 46 18 1 0
0.503333 53 14 2 0
0.51 69 23 4 0
0.516667 69 16 1 1
0.523333 69 21 1 1
0.53 56 16 3 0
0.536667 50 12 1 0
0.543333 71 14 2 0
0.55 54 18 1 1
0.556667 72 20 2 1
0.563333 39 13 0 0
0.57 53 16 2 2
0.576667 48 13 4 3
0.583333 40 32 0 0
0.59 52 21 1 0
0.596667 50 19 0 1
0.603333 42 20 2 2
0.61 38 13 3 0
0.616667 53 12 2 1
0.623333 42 12 0 1
0.63 51 17 0 1
0.636667 59 14 0 0
0.643333 45 16 2 0
0.65 45 21 4 3
0.656667 52 17 2 3
0.663333 4574 832 23 19
0.67 0 0 0 0
0.676667 0 0 0 0
0.683333 0 0 0 0
0.69 0 0 0 0
0.696667 0 0 0 0
0.703333 0 0 0 0
0.71 0 0 0 0
0.716667 0 0 0 0
0.723333 0 0 0 0
0.73 0 0 0 0
0.736667 0 0 0 0
0.743333 0 0 0 0
0.75 0 0 0 0
0.756667 0 0 0 0
0.763333 0 0 0 0
0.77 0 0 0 0
0.776667 0 0 0 0
0.783333 0 0 0 0
0.79 0 0 0 0
0.796667 0 0 0 0
0.803333 0 0 0 0
0.81 0 0 0 0
0.816667 0 0 0 0
0.823333 0 0 0 0
0.83 0 0 0 0
0.836667 0 0 0 0
0.843333 0 0 0 0
0.85 0 0 0 0
0.856667 0 0 0 0
0.863333 0 0 0 0
0.87 0 0 0 0
0.876667 0 0 0 0
0.883333 0 0 0 0
0.89 0 0 0 0
0.896667 0 0 0 0
0.903333 0 0 0 0
0.91 0 0 0 0
0.916667 0 0 0 0
0.923333 0 0 0 0
0.93 0 0 0 0
0.936667 0 0 0 0
0.943333 0 0 0 0
0.95 0 0 0 0
0.956667 0 0 0 0
0.963333 0 0 0 0
0.97 0 0 0 0
0.976667 0 0 0 0
0.983333 0 0 0 0
0.99 0 0 0 0
0.996667 0 0 0 0
1.00333 0 0 0 0
1.01 0 0 0 0
1.01667 0 0 0 0
1.02333 0 0 0 0
1.03 0 0 0 0
1.03667 0 0 0 0
1.04333 0 0 0 0
1.05 0 0 0 0
1.05667 0 0 0 0
1.06333 0 0 0 0
1.07 0 0 0 0
1.07667 0 0 0 0
1.08333 0 0 0 0
1.09 0 0 0 0
1.09667 0 0 0 0
1.10333 0 0 0 0
1.11 0 0 0 0
1.11667 0 0 0 0
1.12333 0 0 0 0
1.13 0 0 0 0
1.13667 0 0 0 0
1.14333 0 0 0 0
1.15 0 0 0 0
1.15667 0 0 0 0
1.16333 0 0 0 0
1.17 0 0 0 0
1.17667 0 0 0 0
1.18333 0 0 0 0
1.19 0 0 0 0
1.19667 0 0 0 0
1.20333 0 0 0 0
1.21 0 0 0 0
1.21667 0 0 0 0
1.22333 0 0 0 0
1.23 0 0 0 0
1.23667 0 0 0 0
1.24333 0 0 0 0
1.25 0 0 0 0
1.25667 0 0 0 0
1.26333 0 0 0 0
1.27 0 0 0 0
1.27667 0 0 0 0
1.28333 0 0 0 0
1.29 0 0 0 0
1.29667 0 0 0 0
1.30333 0 0 0 0
1.31 0 0 0 0
1.31667 0 0 0 0
1.32333 0 0 0 0
1.33 0 0 0 0
1.33667 0 0 0 0
1.34333 0 0 0 0
1.35 0 0 0 0
1.35667 0 0 0 0
1.36333 0 0 0 0
1.37 0 0 0 0
1.37667 0 0 0 0
1.38333 0 0 0 0
1.39 0 0 0 0
1.39667 0 0 0 0
1.40333 0 0 0 0
1.41 0 0 0 0
1.41667 0 0 0 0
1.42333 0 0 0 0
1.43 0 0 0 0
1.43667 0 0 0 0
1.44333 0 0 0 0
1.45 0 0 0 0
1.45667 0 0 0 0
1.46333 0 0 0 0
1.47 0 0 0 0
1.47667 0 0 0 0
1.48333 0 0 0 0
1.49 0 0 0 0
1.49667 0 0 0 0
1.50333 0 0 0 0
1.51 0 0 0 0
1.51667 0 0 0 0
1.52333 0 0 0 0
1.53 0 0 0 0
1.53667 0 0 0 0
1.54333 0 0 0 0
1.55 0 0 0 0
1.55667 0 0 0 0
1.56333 0 0 0 0
1.57 0 0 0 0
1.57667 0 0 0 0
1.58333 0 0 0 0
1.59 0 0 0 0
1.59667 0 0 0 0
1.60333 0 0 0 0
1.61 0 0 0 0
1.61667 0 0 0 0
1.62333 0 0 0 0
1.63 0 0 0 0
1.63667 0 0 0 0
1.64333 0 0 0 0
1.65 0 0 0 0
1.65667 0 0 0 0
1.66333 0 0 0 0
1.67 0 0 0 0
1.67667 0 0 0 0
1.68333 0 0 0 0
1.69 0 0 0 0
1.69667 0 0 0 0
1.70333 0 0 0 0
1.71 0 0 0 0
1.71667 0 0 0 0
1.72333 0 0 0 0
1.73 0 0 0 0
1.73667 0 0 0 0
1.74333 0 0 0 0
1.75 0 0 0 0
1.75667 0 0 0 0
1.76333 0 0 0 0
1.77 0 0 0 0
1.77667 0 0 0 0
1.78333 0 0 0 0
1.79 0 0 0 0
1.79667 0 0 0 0
1.80333 0 0 0 0
1.81 0 0 0 0
1.81667 0 0 0 0
1.82333 0 0 0 0
1.83 0 0 0 0
1.83667 0 0 0 0
1.84333 0 0 0 0
1.85 0 0 0 0
1.85667 0 0 0 0
1.86333 0 0 0 0
1.87 0 0 0 0
1.87667 0 0 0 0
1.88333 0 0 0 0
1.89 0 0 0 0
1.89667 0 0 0 0
1.90333 0 0 0 0
1.91 0 0 0 0
1.91667 0 0 0 0
1.92333 0 0 0 0
1.93 0 0 0 0
1.93667 0 0 0 0
1.94333 0 0 0 0
1.95 0 0 0 0
1.95667 0 0 0 0
1.96333 0 0 0 0
1.97 0 0 0 0
1.97667 0 0 0 0
1.98333 0 0 0 0
1.99 0 0 0 0
1.99667 0 0 0 0
