0.00333333 0 4 125 12
0.01 1 13 127 29
0.0166667 2 6 136 24
0.0233333 3 6 144 27
0.03 0 6 162 33
0.0366667 3 11 176 46
0.0433333 1 7 229 50
0.05 3 14 255 56
0.0566667 4 18 319 74
0.0633333 1 18 311 82
0.07 3 20 374 83
0.0766667 2 31 413 90
0.0833333 4 25 428 92
0.09 5 18 402 85
0.0966667 3 20 400 87
0.103333 4 21 402 81
0.11 5 19 417 74
0.116667 2 17 406 76
0.123333 5 23 407 85
0.13 4 19 442 79
0.136667 3 16 436 61
0.143333 4 15 421 66
0.15 3 18 398 42
0.156667 2 18 387 50
0.163333 6 19 371 52
0.17 2 19 350 61
0.176667 1 22 382 60
0.183333 4 15 412 54
0.19 4 18 485 59
0.196667 3 22 428 53
0.203333 5 16 393 53
0.21 5 15 377 32
0.216667 1 15 380 39
0.223333 3 7 384 46
0.23 2 14 356 46
0.236667 1 18 329 34
0.243333 5 14 283 39
0.25 3 5 290 47
0.256667 3 12 256 29
0.263333 1 12 250 43
0.27 2 12 257 38
0.276667 3 12 222 39
0.283333 1 12 249 33
0.29 2 12 233 50
0.296667 1 7 193 26
0.303333 1 9 181 27
0.31 3 15 208 32
0.316667 2 9 201 24
0.323333 2 8 178 32
0.33 1 10 169 26
0.336667 3 13 168 17
0.343333 1 8 160 40
0.35 1 9 166 30
0.356667 0 7 153 28
0.363333 1 8 160 25
0.37 2 8 159 22
0.376667 1 10 140 22
0.383333 2 8 147 22
0.39 1 11 150 29
0.396667 1 6 132 21
0.403333 2 5 149 25
0.41 2 5 140 30
0.416667 1 6 136 18
0.423333 0 3 131 26
0.43 1 11 135 27
0.436667 1 5 159 18
0.443333 1 15 133 28
0.45 1 11 137 18
0.456667 0 8 147 23
0.463333 1 8 136 15
0.47 0 7 135 23
0.476667 0 5 120 17
0.483333 1 6 80 18
0.49 1 7 78 16
0.496667 1 2 90 17
0.503333 1 5 55 19
0.51 1 3 57 20
0.516667 1 8 64 11
0.523333 1 3 54 13
0.53 1 5 62 12
0.536667 0 4 50 9
0.543333 2 4 47 11
0.55 0 2 55 10
0.556667 1 3 48 15
0.563333 2 6 72 15
0.57 0 2 56 13
0.576667 2 2 45 14
0.583333 1 2 52 15
0.59 2 5 47 10
0.596667 0 4 57 10
0.603333 2 3 54 10
0.61 2 2 63 10
0.616667 1 2 45 5
0.623333 0 2 36 12
0.63 0 3 55 7
0.636667 1 4 61 12
0.643333 0 5 39 7
0.65 3 6 44 10
0.656667 0 4 50 12
0.663333 9 140 5973 401
0.67 0 0 0 0
0.676667 0 0 0 0
0.683333 0 0 0 0
0.69 0 0 0 0
0.696667 0 0 0 0
0.703333 0 0 0 0
0.71 0 0 0 0
0.716667 0 0 0 0
0.723333 0 0 0 0
0.73 0 0 0 0
0.736667 0 0 0 0
0.743333 0 0 0 0
0.75 0 0 0 0
0.756667 0 0 0 0
0.763333 0 0 0 0
0.77 0 0 0 0
0.776667 0 0 0 0
0.783333 0 0 0 0
0.79 0 0 0 0
0.796667 0 0 0 0
0.803333 0 0 0 0
0.81 0 0 0 0
0.816667 0 0 0 0
0.823333 0 0 0 0
0.83 0 0 0 0
0.836667 0 0 0 0
0.843333 0 0 0 0
0.85 0 0 0 0
0.856667 0 0 0 0
0.863333 0 0 0 0
0.87 0 0 0 0
0.876667 0 0 0 0
0.883333 0 0 0 0
0.89 0 0 0 0
0.896667 0 0 0 0
0.903333 0 0 0 0
0.91 0 0 0 0
0.916667 0 0 0 0
0.923333 0 0 0 0
0.93 0 0 0 0
0.936667 0 0 0 0
0.943333 0 0 0 0
0.95 0 0 0 0
0.956667 0 0 0 0
0.963333 0 0 0 0
0.97 0 0 0 0
0.976667 0 0 0 0
0.983333 0 0 0 0
0.99 0 0 0 0
0.996667 0 0 0 0
1.00333 0 0 0 0
1.01 0 0 0 0
1.01667 0 0 0 0
1.02333 0 0 0 0
1.03 0 0 0 0
1.03667 0 0 0 0
1.04333 0 0 0 0
1.05 0 0 0 0
1.05667 0 0 0 0
1.06333 0 0 0 0
1.07 0 0 0 0
1.07667 0 0 0 0
1.08333 0 0 0 0
1.09 0 0 0 0
1.09667 0 0 0 0
1.10333 0 0 0 0
1.11 0 0 0 0
1.11667 0 0 0 0
1.12333 0 0 0 0
1.13 0 0 0 0
1.13667 0 0 0 0
1.14333 0 0 0 0
1.15 0 0 0 0
1.15667 0 0 0 0
1.16333 0 0 0 0
1.17 0 0 0 0
1.17667 0 0 0 0
1.18333 0 0 0 0
1.19 0 0 0 0
1.19667 0 0 0 0
1.20333 0 0 0 0
1.21 0 0 0 0
1.21667 0 0 0 0
1.22333 0 0 0 0
1.23 0 0 0 0
1.23667 0 0 0 0
1.24333 0 0 0 0
1.25 0 0 0 0
1.25667 0 0 0 0
1.26333 0 0 0 0
1.27 0 0 0 0
1.27667 0 0 0 0
1.28333 0 0 0 0
1.29 0 0 0 0
1.29667 0 0 0 0
1.30333 0 0 0 0
1.31 0 0 0 0
1.31667 0 0 0 0
1.32333 0 0 0 0
1.33 0 0 0 0
1.33667 0 0 0 0
1.34333 0 0 0 0
1.35 0 0 0 0
1.35667 0 0 0 0
1.36333 0 0 0 0
1.37 0 0 0 0
1.37667 0 0 0 0
1.38333 0 0 0 0
1.39 0 0 0 0
1.39667 0 0 0 0
1.40333 0 0 0 0
1.41 0 0 0 0
1.41667 0 0 0 0
1.42333 0 0 0 0
1.43 0 0 0 0
1.43667 0 0 0 0
1.44333 0 0 0 0
1.45 0 0 0 0
1.45667 0 0 0 0
1.46333 0 0 0 0
1.47 0 0 0 0
1.47667 0 0 0 0
1.48333 0 0 0 0
1.49 0 0 0 0
1.49667 0 0 0 0
1.50333 0 0 0 0
1.51 0 0 0 0
1.51667 0 0 0 0
1.52333 0 0 0 0
1.53 0 0 0 0
1.53667 0 0 0 0
1.54333 0 0 0 0
1.55 0 0 0 0
1.55667 0 0 0 0
1.56333 0 0 0 0
1.57 0 0 0 0
1.57667 0 0 0 0
1.58333 0 0 0 0
1.59 0 0 0 0
1.59667 0 0 0 0
1.60333 0 0 0 0
1.61 0 0 0 0
1.61667 0 0 0 0
1.62333 0 0 0 0
1.63 0 0 0 0
1.63667 0 0 0 0
1.64333 0 0 0 0
1.65 0 0 0 0
1.65667 0 0 0 0
1.66333 0 0 0 0
1.67 0 0 0 0
1.67667 0 0 0 0
1.68333 0 0 0 0
1.69 0 0 0 0
1.69667 0 0 0 0
1.70333 0 0 0 0
1.71 0 0 0 0
1.71667 0 0 0 0
1.72333 0 0 0 0
1.73 0 0 0 0
1.73667 0 0 0 0
1.74333 0 0 0 0
1.75 0 0 0 0
1.75667 0 0 0 0
1.76333 0 0 0 0
1.77 0 0 0 0
1.77667 0 0 0 0
1.78333 0 0 0 0
1.79 0 0 0 0
1.79667 0 0 0 0
1.80333 0 0 0 0
1.81 0 0 0 0
1.81667 0 0 0 0
1.82333 0 0 0 0
1.83 0 0 0 0
1.83667 0 0 0 0
1.84333 0 0 0 0
1.85 0 0 0 0
1.85667 0 0 0 0
1.86333 0 0 0 0
1.87 0 0 0 0
1.87667 0 0 0 0
1.88333 0 0 0 0
1.89 0 0 0 0
1.89667 0 0 0 0
1.90333 0 0 0 0
1.91 0 0 0 0
1.91667 0 0 0 0
1.92333 0 0 0 0
1.93 0 0 0 0
1.93667 0 0 0 0
1.94333 0 0 0 0
1.95 0 0 0 0
1.95667 0 0 0 0
1.96333 0 0 0 0
1.97 0 0 0 0
1.97667 0 0 0 0
1.98333 0 0 0 0
1.99 0 0 0 0
1.99667 0 0 0 0
