0.00333333 21 33 2 9
0.01 30 36 9 7
0.0166667 27 30 6 6
0.0233333 40 32 6 4
0.03 23 49 10 10
0.0366667 35 63 9 9
0.0433333 47 63 22 9
0.05 51 58 27 10
0.0566667 40 110 30 21
0.0633333 63 94 35 12
0.07 63 114 39 18
0.0766667 68 95 26 14
0.0833333 61 106 32 20
0.09 79 121 28 19
0.0966667 67 125 31 17
0.103333 63 103 19 19
0.11 65 112 24 16
0.116667 70 111 35 17
0.123333 73 109 27 13
0.13 83 93 27 22
0.136667 62 69 25 21
0.143333 64 99 20 14
0.15 70 101 10 19
0.156667 66 78 16 11
0.163333 60 84 16 22
0.17 68 73 21 13
0.176667 76 83 19 18
0.183333 58 89 20 20
0.19 87 66 23 23
0.196667 80 77 19 28
0.203333 74 69 19 25
0.21 55 67 13 27
0.216667 51 74 16 20
0.223333 63 53 14 13
0.23 56 70 11 25
0.236667 52 44 16 19
0.243333 47 60 14 18
0.25 49 52 22 12
0.256667 41 53 11 20
0.263333 57 48 17 17
0.27 42 51 15 12
0.276667 48 50 9 7
0.283333 36 48 13 18
0.29 34 43 11 9
0.296667 46 40 6 11
0.303333 47 40 7 13
0.31 37 50 11 7
0.316667 42 50 12 10
0.323333 32 46 12 9
0.33 31 41 7 6
0.336667 36 36 11 7
0.343333 30 27 7 10
0.35 32 34 8 9
0.356667 33 38 8 10
0.363333 38 38 9 6
0.37 28 38 10 11
0.376667 26 39 7 6
0.383333 33 36 7 14
0.39 37 33 5 12
0.396667 31 42 9 16
0.403333 31 32 8 15
0.41 36 27 9 13
0.416667 41 31 5 10
0.423333 37 33 8 6
0.43 31 41 11 7
0.436667 37 36 9 6
0.443333 27 26 8 10
0.45 20 27 8 11
0.456667 29 32 14 10
0.463333 23 33 12 8
0.47 33 34 6 9
0.476667 19 31 8 11
0.483333 18 24 7 3
0.49 13 24 6 11
0.496667 13 18 8 10
0.503333 18 18 6 4
0.51 16 19 6 6
0.516667 19 16 4 6
0.523333 8 28 10 1
0.53 9 24 5 8
0.536667 20 16 8 7
0.543333 13 19 5 6
0.55 11 11 8 5
0.556667 11 21 6 4
0.563333 16 17 4 3
0.57 20 16 3 7
0.576667 12 15 3 5
0.583333 15 17 7 7
0.59 8 20 6 8
0.596667 9 16 4 4
0.603333 16 18 0 3
0.61 11 21 13 7
0.616667 10 16 6 2
0.623333 8 22 1 5
0.63 9 17 6 1
0.636667 12 15 2 4
0.643333 8 18 6 3
0.65 10 14 2 4
0.656667 6 13 3 9
0.663333 1193 703 106 375
0.67 0 0 0 0
0.676667 0 0 0 0
0.683333 0 0 0 0
0.69 0 0 0 0
0.696667 0 0 0 0
0.703333 0 0 0 0
0.71 0 0 0 0
0.716667 0 0 0 0
0.723333 0 0 0 0
0.73 0 0 0 0
0.736667 0 0 0 0
0.743333 0 0 0 0
0.75 0 0 0 0
0.756667 0 0 0 0
0.763333 0 0 0 0
0.77 0 0 0 0
0.776667 0 0 0 0
0.783333 0 0 0 0
0.79 0 0 0 0
0.796667 0 0 0 0
0.803333 0 0 0 0
0.81 0 0 0 0
0.816667 0 0 0 0
0.823333 0 0 0 0
0.83 0 0 0 0
0.836667 0 0 0 0
0.843333 0 0 0 0
0.85 0 0 0 0
0.856667 0 0 0 0
0.863333 0 0 0 0
0.87 0 0 0 0
0.876667 0 0 0 0
0.883333 0 0 0 0
0.89 0 0 0 0
0.896667 0 0 0 0
0.903333 0 0 0 0
0.91 0 0 0 0
0.916667 0 0 0 0
0.923333 0 0 0 0
0.93 0 0 0 0
0.936667 0 0 0 0
0.943333 0 0 0 0
0.95 0 0 0 0
0.956667 0 0 0 0
0.963333 0 0 0 0
0.97 0 0 0 0
0.976667 0 0 0 0
0.983333 0 0 0 0
0.99 0 0 0 0
0.996667 0 0 0 0
1.00333 0 0 0 0
1.01 0 0 0 0
1.01667 0 0 0 0
1.02333 0 0 0 0
1.03 0 0 0 0
1.03667 0 0 0 0
1.04333 0 0 0 0
1.05 0 0 0 0
1.05667 0 0 0 0
1.06333 0 0 0 0
1.07 0 0 0 0
1.07667 0 0 0 0
1.08333 0 0 0 0
1.09 0 0 0 0
1.09667 0 0 0 0
1.10333 0 0 0 0
1.11 0 0 0 0
1.11667 0 0 0 0
1.12333 0 0 0 0
1.13 0 0 0 0
1.13667 0 0 0 0
1.14333 0 0 0 0
1.15 0 0 0 0
1.15667 0 0 0 0
1.16333 0 0 0 0
1.17 0 0 0 0
1.17667 0 0 0 0
1.18333 0 0 0 0
1.19 0 0 0 0
1.19667 0 0 0 0
1.20333 0 0 0 0
1.21 0 0 0 0
1.21667 0 0 0 0
1.22333 0 0 0 0
1.23 0 0 0 0
1.23667 0 0 0 0
1.24333 0 0 0 0
1.25 0 0 0 0
1.25667 0 0 0 0
1.26333 0 0 0 0
1.27 0 0 0 0
1.27667 0 0 0 0
1.28333 0 0 0 0
1.29 0 0 0 0
1.29667 0 0 0 0
1.30333 0 0 0 0
1.31 0 0 0 0
1.31667 0 0 0 0
1.32333 0 0 0 0
1.33 0 0 0 0
1.33667 0 0 0 0
1.34333 0 0 0 0
1.35 0 0 0 0
1.35667 0 0 0 0
1.36333 0 0 0 0
1.37 0 0 0 0
1.37667 0 0 0 0
1.38333 0 0 0 0
1.39 0 0 0 0
1.39667 0 0 0 0
1.40333 0 0 0 0
1.41 0 0 0 0
1.41667 0 0 0 0
1.42333 0 0 0 0
1.43 0 0 0 0
1.43667 0 0 0 0
1.44333 0 0 0 0
1.45 0 0 0 0
1.45667 0 0 0 0
1.46333 0 0 0 0
1.47 0 0 0 0
1.47667 0 0 0 0
1.48333 0 0 0 0
1.49 0 0 0 0
1.49667 0 0 0 0
1.50333 0 0 0 0
1.51 0 0 0 0
1.51667 0 0 0 0
1.52333 0 0 0 0
1.53 0 0 0 0
1.53667 0 0 0 0
1.54333 0 0 0 0
1.55 0 0 0 0
1.55667 0 0 0 0
1.56333 0 0 0 0
1.57 0 0 0 0
1.57667 0 0 0 0
1.58333 0 0 0 0
1.59 0 0 0 0
1.59667 0 0 0 0
1.60333 0 0 0 0
1.61 0 0 0 0
1.61667 0 0 0 0
1.62333 0 0 0 0
1.63 0 0 0 0
1.63667 0 0 0 0
1.64333 0 0 0 0
1.65 0 0 0 0
1.65667 0 0 0 0
1.66333 0 0 0 0
1.67 0 0 0 0
1.67667 0 0 0 0
1.68333 0 0 0 0
1.69 0 0 0 0
1.69667 0 0 0 0
1.70333 0 0 0 0
1.71 0 0 0 0
1.71667 0 0 0 0
1.72333 0 0 0 0
1.73 0 0 0 0
1.73667 0 0 0 0
1.74333 0 0 0 0
1.75 0 0 0 0
1.75667 0 0 0 0
1.76333 0 0 0 0
1.77 0 0 0 0
1.77667 0 0 0 0
1.78333 0 0 0 0
1.79 0 0 0 0
1.79667 0 0 0 0
1.80333 0 0 0 0
1.81 0 0 0 0
1.81667 0 0 0 0
1.82333 0 0 0 0
1.83 0 0 0 0
1.83667 0 0 0 0
1.84333 0 0 0 0
1.85 0 0 0 0
1.85667 0 0 0 0
1.86333 0 0 0 0
1.87 0 0 0 0
1.87667 0 0 0 0
1.88333 0 0 0 0
1.89 0 0 0 0
1.89667 0 0 0 0
1.90333 0 0 0 0
1.91 0 0 0 0
1.91667 0 0 0 0
1.92333 0 0 0 0
1.93 0 0 0 0
1.93667 0 0 0 0
1.94333 0 0 0 0
1.95 0 0 0 0
1.95667 0 0 0 0
1.96333 0 0 0 0
1.97 0 0 0 0
1.97667 0 0 0 0
1.98333 0 0 0 0
1.99 0 0 0 0
1.99667 0 0 0 0
