0.00333333 2 11 72 7
0.01 3 25 83 13
0.0166667 4 22 89 12
0.0233333 7 25 99 16
0.03 4 23 107 23
0.0366667 4 35 97 22
0.0433333 7 36 145 28
0.05 5 47 173 29
0.0566667 7 59 218 30
0.0633333 9 54 219 29
0.07 9 66 265 46
0.0766667 10 70 282 43
0.0833333 7 70 278 31
0.09 10 59 297 37
0.0966667 2 60 283 36
0.103333 18 72 264 43
0.11 12 54 317 33
0.116667 12 76 292 39
0.123333 12 55 278 35
0.13 14 49 283 29
0.136667 6 55 259 29
0.143333 7 62 268 33
0.15 4 44 258 24
0.156667 5 58 261 20
0.163333 4 59 225 22
0.17 11 52 251 21
0.176667 5 35 230 29
0.183333 6 61 248 26
0.19 5 51 277 15
0.196667 9 60 271 26
0.203333 5 45 257 22
0.21 6 45 222 33
0.216667 3 34 249 20
0.223333 6 23 206 17
0.23 6 41 211 20
0.236667 6 42 214 19
0.243333 5 48 175 27
0.25 4 24 200 17
0.256667 6 34 189 18
0.263333 6 35 161 13
0.27 5 28 137 22
0.276667 4 27 143 19
0.283333 5 26 136 16
0.29 4 36 125 10
0.296667 2 20 136 16
0.303333 1 20 127 19
0.31 2 33 127 14
0.316667 4 17 110 9
0.323333 4 25 125 12
0.33 4 25 110 11
0.336667 5 26 112 16
0.343333 2 24 98 14
0.35 1 28 126 13
0.356667 3 25 106 19
0.363333 3 16 106 13
0.37 5 23 96 10
0.376667 3 18 103 17
0.383333 2 22 95 10
0.39 1 22 94 13
0.396667 4 14 102 10
0.403333 4 17 78 5
0.41 1 17 92 11
0.416667 2 21 129 5
0.423333 0 20 80 14
0.43 1 28 86 10
0.436667 5 22 90 10
0.443333 1 21 87 13
0.45 1 23 94 11
0.456667 2 26 99 15
0.463333 3 17 89 6
0.47 4 19 93 10
0.476667 2 21 82 9
0.483333 0 6 70 3
0.49 1 10 57 10
0.496667 2 12 50 6
0.503333 5 10 50 9
0.51 0 14 58 6
0.516667 2 16 52 5
0.523333 2 13 37 6
0.53 4 7 36 9
0.536667 1 11 37 9
0.543333 1 8 32 3
0.55 1 11 33 7
0.556667 4 12 39 7
0.563333 1 15 38 4
0.57 3 6 33 6
0.576667 1 16 45 6
0.583333 3 18 36 7
0.59 1 6 36 9
0.596667 2 9 30 11
0.603333 4 7 37 3
0.61 1 12 33 10
0.616667 3 13 28 5
0.623333 1 8 36 3
0.63 4 11 29 5
0.636667 3 14 40 5
0.643333 1 13 36 3
0.65 3 9 29 5
0.656667 1 9 29 4
0.663333 31 424 3213 137
0.67 0 0 0 0
0.676667 0 0 0 0
0.683333 0 0 0 0
0.69 0 0 0 0
0.696667 0 0 0 0
0.703333 0 0 0 0
0.71 0 0 0 0
0.716667 0 0 0 0
0.723333 0 0 0 0
0.73 0 0 0 0
0.736667 0 0 0 0
0.743333 0 0 0 0
0.75 0 0 0 0
0.756667 0 0 0 0
0.763333 0 0 0 0
0.77 0 0 0 0
0.776667 0 0 0 0
0.783333 0 0 0 0
0.79 0 0 0 0
0.796667 0 0 0 0
0.803333 0 0 0 0
0.81 0 0 0 0
0.816667 0 0 0 0
0.823333 0 0 0 0
0.83 0 0 0 0
0.836667 0 0 0 0
0.843333 0 0 0 0
0.85 0 0 0 0
0.856667 0 0 0 0
0.863333 0 0 0 0
0.87 0 0 0 0
0.876667 0 0 0 0
0.883333 0 0 0 0
0.89 0 0 0 0
0.896667 0 0 0 0
0.903333 0 0 0 0
0.91 0 0 0 0
0.916667 0 0 0 0
0.923333 0 0 0 0
0.93 0 0 0 0
0.936667 0 0 0 0
0.943333 0 0 0 0
0.95 0 0 0 0
0.956667 0 0 0 0
0.963333 0 0 0 0
0.97 0 0 0 0
0.976667 0 0 0 0
0.983333 0 0 0 0
0.99 0 0 0 0
0.996667 0 0 0 0
1.00333 0 0 0 0
1.01 0 0 0 0
1.01667 0 0 0 0
1.02333 0 0 0 0
1.03 0 0 0 0
1.03667 0 0 0 0
1.04333 0 0 0 0
1.05 0 0 0 0
1.05667 0 0 0 0
1.06333 0 0 0 0
1.07 0 0 0 0
1.07667 0 0 0 0
1.08333 0 0 0 0
1.09 0 0 0 0
1.09667 0 0 0 0
1.10333 0 0 0 0
1.11 0 0 0 0
1.11667 0 0 0 0
1.12333 0 0 0 0
1.13 0 0 0 0
1.13667 0 0 0 0
1.14333 0 0 0 0
1.15 0 0 0 0
1.15667 0 0 0 0
1.16333 0 0 0 0
1.17 0 0 0 0
1.17667 0 0 0 0
1.18333 0 0 0 0
1.19 0 0 0 0
1.19667 0 0 0 0
1.20333 0 0 0 0
1.21 0 0 0 0
1.21667 0 0 0 0
1.22333 0 0 0 0
1.23 0 0 0 0
1.23667 0 0 0 0
1.24333 0 0 0 0
1.25 0 0 0 0
1.25667 0 0 0 0
1.26333 0 0 0 0
1.27 0 0 0 0
1.27667 0 0 0 0
1.28333 0 0 0 0
1.29 0 0 0 0
1.29667 0 0 0 0
1.30333 0 0 0 0
1.31 0 0 0 0
1.31667 0 0 0 0
1.32333 0 0 0 0
1.33 0 0 0 0
1.33667 0 0 0 0
1.34333 0 0 0 0
1.35 0 0 0 0
1.35667 0 0 0 0
1.36333 0 0 0 0
1.37 0 0 0 0
1.37667 0 0 0 0
1.38333 0 0 0 0
1.39 0 0 0 0
1.39667 0 0 0 0
1.40333 0 0 0 0
1.41 0 0 0 0
1.41667 0 0 0 0
1.42333 0 0 0 0
1.43 0 0 0 0
1.43667 0 0 0 0
1.44333 0 0 0 0
1.45 0 0 0 0
1.45667 0 0 0 0
1.46333 0 0 0 0
1.47 0 0 0 0
1.47667 0 0 0 0
1.48333 0 0 0 0
1.49 0 0 0 0
1.49667 0 0 0 0
1.50333 0 0 0 0
1.51 0 0 0 0
1.51667 0 0 0 0
1.52333 0 0 0 0
1.53 0 0 0 0
1.53667 0 0 0 0
1.54333 0 0 0 0
1.55 0 0 0 0
1.55667 0 0 0 0
1.56333 0 0 0 0
1.57 0 0 0 0
1.57667 0 0 0 0
1.58333 0 0 0 0
1.59 0 0 0 0
1.59667 0 0 0 0
1.60333 0 0 0 0
1.61 0 0 0 0
1.61667 0 0 0 0
1.62333 0 0 0 0
1.63 0 0 0 0
1.63667 0 0 0 0
1.64333 0 0 0 0
1.65 0 0 0 0
1.65667 0 0 0 0
1.66333 0 0 0 0
1.67 0 0 0 0
1.67667 0 0 0 0
1.68333 0 0 0 0
1.69 0 0 0 0
1.69667 0 0 0 0
1.70333 0 0 0 0
1.71 0 0 0 0
1.71667 0 0 0 0
1.72333 0 0 0 0
1.73 0 0 0 0
1.73667 0 0 0 0
1.74333 0 0 0 0
1.75 0 0 0 0
1.75667 0 0 0 0
1.76333 0 0 0 0
1.77 0 0 0 0
1.77667 0 0 0 0
1.78333 0 0 0 0
1.79 0 0 0 0
1.79667 0 0 0 0
1.80333 0 0 0 0
1.81 0 0 0 0
1.81667 0 0 0 0
1.82333 0 0 0 0
1.83 0 0 0 0
1.83667 0 0 0 0
1.84333 0 0 0 0
1.85 0 0 0 0
1.85667 0 0 0 0
1.86333 0 0 0 0
1.87 0 0 0 0
1.87667 0 0 0 0
1.88333 0 0 0 0
1.89 0 0 0 0
1.89667 0 0 0 0
1.90333 0 0 0 0
1.91 0 0 0 0
1.91667 0 0 0 0
1.92333 0 0 0 0
1.93 0 0 0 0
1.93667 0 0 0 0
1.94333 0 0 0 0
1.95 0 0 0 0
1.95667 0 0 0 0
1.96333 0 0 0 0
1.97 0 0 0 0
1.97667 0 0 0 0
1.98333 0 0 0 0
1.99 0 0 0 0
1.99667 0 0 0 0
