0.00333333 1 6 93 20
0.01 1 4 110 21
0.0166667 3 2 104 25
0.0233333 3 9 108 27
0.03 2 11 133 27
0.0366667 1 7 128 33
0.0433333 4 14 181 53
0.05 2 12 223 57
0.0566667 7 20 258 66
0.0633333 4 12 319 80
0.07 4 22 281 82
0.0766667 4 22 315 76
0.0833333 8 20 344 96
0.09 6 20 334 69
0.0966667 2 15 350 75
0.103333 2 25 342 69
0.11 4 23 355 69
0.116667 1 26 345 70
0.123333 1 22 357 70
0.13 6 17 348 83
0.136667 2 15 343 69
0.143333 8 9 325 58
0.15 5 17 276 41
0.156667 1 15 312 53
0.163333 2 17 307 63
0.17 2 17 311 53
0.176667 5 13 283 52
0.183333 5 8 320 56
0.19 7 14 319 44
0.196667 6 14 328 48
0.203333 5 19 317 43
0.21 5 13 290 36
0.216667 8 11 286 42
0.223333 4 12 259 50
0.23 3 9 252 50
0.236667 1 9 237 47
0.243333 5 14 238 41
0.25 6 6 219 37
0.256667 2 9 209 33
0.263333 2 13 199 37
0.27 5 14 197 27
0.276667 2 8 177 24
0.283333 3 4 185 44
0.29 3 9 169 32
0.296667 0 10 177 23
0.303333 0 8 142 29
0.31 3 11 140 30
0.316667 2 12 144 22
0.323333 4 12 136 37
0.33 1 13 126 28
0.336667 2 6 130 23
0.343333 2 9 159 38
0.35 1 9 149 19
0.356667 2 9 121 34
0.363333 1 7 138 26
0.37 1 7 104 24
0.376667 1 7 134 21
0.383333 2 8 140 24
0.39 2 3 102 27
0.396667 4 7 133 18
0.403333 3 5 117 32
0.41 4 6 95 21
0.416667 2 4 117 19
0.423333 2 10 120 14
0.43 3 7 110 16
0.436667 2 6 103 11
0.443333 2 9 103 25
0.45 1 4 113 22
0.456667 2 8 115 13
0.463333 0 4 109 19
0.47 3 4 104 26
0.476667 3 9 95 14
0.483333 1 7 75 17
0.49 1 3 71 12
0.496667 1 10 64 16
0.503333 0 10 66 18
0.51 0 7 64 8
0.516667 1 8 70 16
0.523333 1 5 48 19
0.53 1 1 57 12
0.536667 2 7 58 16
0.543333 1 2 54 12
0.55 2 2 50 4
0.556667 0 3 60 11
0.563333 0 4 43 10
0.57 1 3 39 9
0.576667 4 4 49 5
0.583333 1 7 47 17
0.59 0 7 52 12
0.596667 2 2 34 15
0.603333 3 3 40 9
0.61 0 3 47 14
0.616667 2 4 37 17
0.623333 2 7 47 11
0.63 1 6 42 10
0.636667 0 3 59 8
0.643333 1 4 35 8
0.65 2 2 45 9
0.656667 2 3 50 9
0.663333 15 82 4088 350
0.67 0 0 0 0
0.676667 0 0 0 0
0.683333 0 0 0 0
0.69 0 0 0 0
0.696667 0 0 0 0
0.703333 0 0 0 0
0.71 0 0 0 0
0.716667 0 0 0 0
0.723333 0 0 0 0
0.73 0 0 0 0
0.736667 0 0 0 0
0.743333 0 0 0 0
0.75 0 0 0 0
0.756667 0 0 0 0
0.763333 0 0 0 0
0.77 0 0 0 0
0.776667 0 0 0 0
0.783333 0 0 0 0
0.79 0 0 0 0
0.796667 0 0 0 0
0.803333 0 0 0 0
0.81 0 0 0 0
0.816667 0 0 0 0
0.823333 0 0 0 0
0.83 0 0 0 0
0.836667 0 0 0 0
0.843333 0 0 0 0
0.85 0 0 0 0
0.856667 0 0 0 0
0.863333 0 0 0 0
0.87 0 0 0 0
0.876667 0 0 0 0
0.883333 0 0 0 0
0.89 0 0 0 0
0.896667 0 0 0 0
0.903333 0 0 0 0
0.91 0 0 0 0
0.916667 0 0 0 0
0.923333 0 0 0 0
0.93 0 0 0 0
0.936667 0 0 0 0
0.943333 0 0 0 0
0.95 0 0 0 0
0.956667 0 0 0 0
0.963333 0 0 0 0
0.97 0 0 0 0
0.976667 0 0 0 0
0.983333 0 0 0 0
0.99 0 0 0 0
0.996667 0 0 0 0
1.00333 0 0 0 0
1.01 0 0 0 0
1.01667 0 0 0 0
1.02333 0 0 0 0
1.03 0 0 0 0
1.03667 0 0 0 0
1.04333 0 0 0 0
1.05 0 0 0 0
1.05667 0 0 0 0
1.06333 0 0 0 0
1.07 0 0 0 0
1.07667 0 0 0 0
1.08333 0 0 0 0
1.09 0 0 0 0
1.09667 0 0 0 0
1.10333 0 0 0 0
1.11 0 0 0 0
1.11667 0 0 0 0
1.12333 0 0 0 0
1.13 0 0 0 0
1.13667 0 0 0 0
1.14333 0 0 0 0
1.15 0 0 0 0
1.15667 0 0 0 0
1.16333 0 0 0 0
1.17 0 0 0 0
1.17667 0 0 0 0
1.18333 0 0 0 0
1.19 0 0 0 0
1.19667 0 0 0 0
1.20333 0 0 0 0
1.21 0 0 0 0
1.21667 0 0 0 0
1.22333 0 0 0 0
1.23 0 0 0 0
1.23667 0 0 0 0
1.24333 0 0 0 0
1.25 0 0 0 0
1.25667 0 0 0 0
1.26333 0 0 0 0
1.27 0 0 0 0
1.27667 0 0 0 0
1.28333 0 0 0 0
1.29 0 0 0 0
1.29667 0 0 0 0
1.30333 0 0 0 0
1.31 0 0 0 0
1.31667 0 0 0 0
1.32333 0 0 0 0
1.33 0 0 0 0
1.33667 0 0 0 0
1.34333 0 0 0 0
1.35 0 0 0 0
1.35667 0 0 0 0
1.36333 0 0 0 0
1.37 0 0 0 0
1.37667 0 0 0 0
1.38333 0 0 0 0
1.39 0 0 0 0
1.39667 0 0 0 0
1.40333 0 0 0 0
1.41 0 0 0 0
1.41667 0 0 0 0
1.42333 0 0 0 0
1.43 0 0 0 0
1.43667 0 0 0 0
1.44333 0 0 0 0
1.45 0 0 0 0
1.45667 0 0 0 0
1.46333 0 0 0 0
1.47 0 0 0 0
1.47667 0 0 0 0
1.48333 0 0 0 0
1.49 0 0 0 0
1.49667 0 0 0 0
1.50333 0 0 0 0
1.51 0 0 0 0
1.51667 0 0 0 0
1.52333 0 0 0 0
1.53 0 0 0 0
1.53667 0 0 0 0
1.54333 0 0 0 0
1.55 0 0 0 0
1.55667 0 0 0 0
1.56333 0 0 0 0
1.57 0 0 0 0
1.57667 0 0 0 0
1.58333 0 0 0 0
1.59 0 0 0 0
1.59667 0 0 0 0
1.60333 0 0 0 0
1.61 0 0 0 0
1.61667 0 0 0 0
1.62333 0 0 0 0
1.63 0 0 0 0
1.63667 0 0 0 0
1.64333 0 0 0 0
1.65 0 0 0 0
1.65667 0 0 0 0
1.66333 0 0 0 0
1.67 0 0 0 0
1.67667 0 0 0 0
1.68333 0 0 0 0
1.69 0 0 0 0
1.69667 0 0 0 0
1.70333 0 0 0 0
1.71 0 0 0 0
1.71667 0 0 0 0
1.72333 0 0 0 0
1.73 0 0 0 0
1.73667 0 0 0 0
1.74333 0 0 0 0
1.75 0 0 0 0
1.75667 0 0 0 0
1.76333 0 0 0 0
1.77 0 0 0 0
1.77667 0 0 0 0
1.78333 0 0 0 0
1.79 0 0 0 0
1.79667 0 0 0 0
1.80333 0 0 0 0
1.81 0 0 0 0
1.81667 0 0 0 0
1.82333 0 0 0 0
1.83 0 0 0 0
1.83667 0 0 0 0
1.84333 0 0 0 0
1.85 0 0 0 0
1.85667 0 0 0 0
1.86333 0 0 0 0
1.87 0 0 0 0
1.87667 0 0 0 0
1.88333 0 0 0 0
1.89 0 0 0 0
1.89667 0 0 0 0
1.90333 0 0 0 0
1.91 0 0 0 0
1.91667 0 0 0 0
1.92333 0 0 0 0
1.93 0 0 0 0
1.93667 0 0 0 0
1.94333 0 0 0 0
1.95 0 0 0 0
1.95667 0 0 0 0
1.96333 0 0 0 0
1.97 0 0 0 0
1.97667 0 0 0 0
1.98333 0 0 0 0
1.99 0 0 0 0
1.99667 0 0 0 0
