0.00333333 3 1 12 101
0.01 0 2 25 114
0.0166667 3 3 15 137
0.0233333 1 3 26 117
0.03 1 0 22 126
0.0366667 1 1 22 159
0.0433333 1 2 36 164
0.05 2 1 41 179
0.0566667 2 9 44 209
0.0633333 2 5 68 237
0.07 4 3 70 261
0.0766667 2 3 58 306
0.0833333 6 1 60 320
0.09 3 8 63 296
0.0966667 3 2 61 275
0.103333 1 5 49 318
0.11 1 1 57 324
0.116667 0 4 58 321
0.123333 2 1 50 348
0.13 3 2 48 330
0.136667 4 4 39 363
0.143333 4 3 33 304
0.15 2 3 48 342
0.156667 6 3 36 320
0.163333 2 3 42 319
0.17 3 2 30 305
0.176667 1 2 40 306
0.183333 6 1 40 315
0.19 2 4 30 380
0.196667 7 4 38 408
0.203333 5 1 36 368
0.21 1 2 47 317
0.216667 3 3 33 299
0.223333 5 1 25 320
0.23 0 4 26 273
0.236667 1 0 31 244
0.243333 1 0 28 252
0.25 1 1 26 234
0.256667 3 1 26 245
0.263333 4 3 27 223
0.27 2 2 26 219
0.276667 3 2 25 214
0.283333 2 2 27 197
0.29 1 1 33 179
0.296667 1 4 27 191
0.303333 4 1 14 188
0.31 1 0 17 162
0.316667 1 1 19 162
0.323333 0 2 23 151
0.33 1 1 23 176
0.336667 3 5 20 170
0.343333 3 1 17 160
0.35 2 3 21 172
0.356667 1 2 25 156
0.363333 1 2 22 149
0.37 3 3 16 160
0.376667 1 0 25 130
0.383333 1 1 25 163
0.39 1 0 25 126
0.396667 1 2 16 132
0.403333 2 2 20 137
0.41 0 4 19 135
0.416667 0 1 18 120
0.423333 2 2 16 139
0.43 3 0 13 115
0.436667 2 0 14 144
0.443333 3 1 15 147
0.45 1 0 22 148
0.456667 0 0 22 142
0.463333 4 1 14 120
0.47 2 1 14 142
0.476667 1 3 8 110
0.483333 3 0 16 61
0.49 0 1 7 78
0.496667 0 0 9 67
0.503333 1 1 13 59
0.51 1 0 9 67
0.516667 1 1 7 52
0.523333 0 0 15 43
0.53 1 1 6 49
0.536667 0 1 7 43
0.543333 0 0 13 40
0.55 3 0 8 48
0.556667 0 1 6 47
0.563333 1 0 9 40
0.57 2 1 7 58
0.576667 1 0 9 44
0.583333 0 1 8 45
0.59 0 1 8 48
0.596667 1 1 10 57
0.603333 0 0 11 43
0.61 2 0 8 50
0.616667 0 0 3 45
0.623333 2 2 10 38
0.63 2 0 12 53
0.636667 0 1 13 58
0.643333 1 1 7 40
0.65 2 1 13 48
0.656667 2 1 7 35
0.663333 40 13 240 5461
0.67 0 0 0 0
0.676667 0 0 0 0
0.683333 0 0 0 0
0.69 0 0 0 0
0.696667 0 0 0 0
0.703333 0 0 0 0
0.71 0 0 0 0
0.716667 0 0 0 0
0.723333 0 0 0 0
0.73 0 0 0 0
0.736667 0 0 0 0
0.743333 0 0 0 0
0.75 0 0 0 0
0.756667 0 0 0 0
0.763333 0 0 0 0
0.77 0 0 0 0
0.776667 0 0 0 0
0.783333 0 0 0 0
0.79 0 0 0 0
0.796667 0 0 0 0
0.803333 0 0 0 0
0.81 0 0 0 0
0.816667 0 0 0 0
0.823333 0 0 0 0
0.83 0 0 0 0
0.836667 0 0 0 0
0.843333 0 0 0 0
0.85 0 0 0 0
0.856667 0 0 0 0
0.863333 0 0 0 0
0.87 0 0 0 0
0.876667 0 0 0 0
0.883333 0 0 0 0
0.89 0 0 0 0
0.896667 0 0 0 0
0.903333 0 0 0 0
0.91 0 0 0 0
0.916667 0 0 0 0
0.923333 0 0 0 0
0.93 0 0 0 0
0.936667 0 0 0 0
0.943333 0 0 0 0
0.95 0 0 0 0
0.956667 0 0 0 0
0.963333 0 0 0 0
0.97 0 0 0 0
0.976667 0 0 0 0
0.983333 0 0 0 0
0.99 0 0 0 0
0.996667 0 0 0 0
1.00333 0 0 0 0
1.01 0 0 0 0
1.01667 0 0 0 0
1.02333 0 0 0 0
1.03 0 0 0 0
1.03667 0 0 0 0
1.04333 0 0 0 0
1.05 0 0 0 0
1.05667 0 0 0 0
1.06333 0 0 0 0
1.07 0 0 0 0
1.07667 0 0 0 0
1.08333 0 0 0 0
1.09 0 0 0 0
1.09667 0 0 0 0
1.10333 0 0 0 0
1.11 0 0 0 0
1.11667 0 0 0 0
1.12333 0 0 0 0
1.13 0 0 0 0
1.13667 0 0 0 0
1.14333 0 0 0 0
1.15 0 0 0 0
1.15667 0 0 0 0
1.16333 0 0 0 0
1.17 0 0 0 0
1.17667 0 0 0 0
1.18333 0 0 0 0
1.19 0 0 0 0
1.19667 0 0 0 0
1.20333 0 0 0 0
1.21 0 0 0 0
1.21667 0 0 0 0
1.22333 0 0 0 0
1.23 0 0 0 0
1.23667 0 0 0 0
1.24333 0 0 0 0
1.25 0 0 0 0
1.25667 0 0 0 0
1.26333 0 0 0 0
1.27 0 0 0 0
1.27667 0 0 0 0
1.28333 0 0 0 0
1.29 0 0 0 0
1.29667 0 0 0 0
1.30333 0 0 0 0
1.31 0 0 0 0
1.31667 0 0 0 0
1.32333 0 0 0 0
1.33 0 0 0 0
1.33667 0 0 0 0
1.34333 0 0 0 0
1.35 0 0 0 0
1.35667 0 0 0 0
1.36333 0 0 0 0
1.37 0 0 0 0
1.37667 0 0 0 0
1.38333 0 0 0 0
1.39 0 0 0 0
1.39667 0 0 0 0
1.40333 0 0 0 0
1.41 0 0 0 0
1.41667 0 0 0 0
1.42333 0 0 0 0
1.43 0 0 0 0
1.43667 0 0 0 0
1.44333 0 0 0 0
1.45 0 0 0 0
1.45667 0 0 0 0
1.46333 0 0 0 0
1.47 0 0 0 0
1.47667 0 0 0 0
1.48333 0 0 0 0
1.49 0 0 0 0
1.49667 0 0 0 0
1.50333 0 0 0 0
1.51 0 0 0 0
1.51667 0 0 0 0
1.52333 0 0 0 0
1.53 0 0 0 0
1.53667 0 0 0 0
1.54333 0 0 0 0
1.55 0 0 0 0
1.55667 0 0 0 0
1.56333 0 0 0 0
1.57 0 0 0 0
1.57667 0 0 0 0
1.58333 0 0 0 0
1.59 0 0 0 0
1.59667 0 0 0 0
1.60333 0 0 0 0
1.61 0 0 0 0
1.61667 0 0 0 0
1.62333 0 0 0 0
1.63 0 0 0 0
1.63667 0 0 0 0
1.64333 0 0 0 0
1.65 0 0 0 0
1.65667 0 0 0 0
1.66333 0 0 0 0
1.67 0 0 0 0
1.67667 0 0 0 0
1.68333 0 0 0 0
1.69 0 0 0 0
1.69667 0 0 0 0
1.70333 0 0 0 0
1.71 0 0 0 0
1.71667 0 0 0 0
1.72333 0 0 0 0
1.73 0 0 0 0
1.73667 0 0 0 0
1.74333 0 0 0 0
1.75 0 0 0 0
1.75667 0 0 0 0
1.76333 0 0 0 0
1.77 0 0 0 0
1.77667 0 0 0 0
1.78333 0 0 0 0
1.79 0 0 0 0
1.79667 0 0 0 0
1.80333 0 0 0 0
1.81 0 0 0 0
1.81667 0 0 0 0
1.82333 0 0 0 0
1.83 0 0 0 0
1.83667 0 0 0 0
1.84333 0 0 0 0
1.85 0 0 0 0
1.85667 0 0 0 0
1.86333 0 0 0 0
1.87 0 0 0 0
1.87667 0 0 0 0
1.88333 0 0 0 0
1.89 0 0 0 0
1.89667 0 0 0 0
1.90333 0 0 0 0
1.91 0 0 0 0
1.91667 0 0 0 0
1.92333 0 0 0 0
1.93 0 0 0 0
1.93667 0 0 0 0
1.94333 0 0 0 0
1.95 0 0 0 0
1.95667 0 0 0 0
1.96333 0 0 0 0
1.97 0 0 0 0
1.97667 0 0 0 0
1.98333 0 0 0 0
1.99 0 0 0 0
1.99667 0 0 0 0
