0.00333333 30 35 5 2
0.01 52 25 4 6
0.0166667 57 33 4 2
0.0233333 62 40 4 5
0.03 42 35 5 1
0.0366667 77 63 7 5
0.0433333 69 100 8 3
0.05 104 105 13 7
0.0566667 123 119 8 3
0.0633333 122 137 15 5
0.07 122 152 12 3
0.0766667 130 127 18 4
0.0833333 139 145 8 8
0.09 126 138 20 2
0.0966667 133 131 12 5
0.103333 142 142 22 4
0.11 147 133 20 8
0.116667 150 128 18 10
0.123333 141 139 12 10
0.13 150 115 13 9
0.136667 114 119 14 5
0.143333 135 112 13 3
0.15 125 82 8 8
0.156667 107 108 10 4
0.163333 116 88 15 8
0.17 118 93 14 7
0.176667 129 87 9 7
0.183333 137 84 14 3
0.19 130 84 12 11
0.196667 138 89 12 10
0.203333 134 72 9 16
0.21 107 87 10 9
0.216667 122 92 8 9
0.223333 111 70 9 8
0.23 108 76 9 11
0.236667 106 73 6 8
0.243333 91 69 11 5
0.25 91 80 10 3
0.256667 78 70 3 12
0.263333 97 57 9 4
0.27 98 67 5 7
0.276667 84 62 4 8
0.283333 77 45 3 3
0.29 62 61 8 3
0.296667 67 48 7 6
0.303333 84 56 7 2
0.31 70 46 8 8
0.316667 60 39 2 3
0.323333 69 51 8 5
0.33 62 52 7 5
0.336667 75 46 3 11
0.343333 52 33 2 3
0.35 55 42 4 5
0.356667 66 44 7 6
0.363333 54 44 2 0
0.37 54 37 7 3
0.376667 58 43 3 3
0.383333 56 36 8 3
0.39 45 41 8 3
0.396667 51 24 2 4
0.403333 40 35 6 6
0.41 49 40 8 5
0.416667 48 40 4 5
0.423333 34 35 6 2
0.43 51 38 5 1
0.436667 44 42 7 2
0.443333 48 38 8 7
0.45 38 30 10 5
0.456667 41 31 6 2
0.463333 46 45 2 4
0.47 35 39 5 3
0.476667 39 32 7 2
0.483333 33 32 2 3
0.49 25 26 4 4
0.496667 33 27 5 2
0.503333 24 31 3 3
0.51 24 28 5 3
0.516667 22 29 2 3
0.523333 33 28 8 1
0.53 31 17 3 3
0.536667 23 15 4 8
0.543333 17 21 1 1
0.55 15 18 2 5
0.556667 18 23 1 7
0.563333 17 25 1 4
0.57 20 21 3 3
0.576667 18 15 0 2
0.583333 21 15 2 3
0.59 19 12 2 7
0.596667 24 15 5 2
0.603333 22 16 2 3
0.61 18 21 5 1
0.616667 23 9 2 1
0.623333 28 12 1 4
0.63 15 13 3 0
0.636667 25 17 3 3
0.643333 15 15 3 4
0.65 11 15 5 2
0.656667 12 14 2 3
0.663333 1720 764 60 104
0.67 0 0 0 0
0.676667 0 0 0 0
0.683333 0 0 0 0
0.69 0 0 0 0
0.696667 0 0 0 0
0.703333 0 0 0 0
0.71 0 0 0 0
0.716667 0 0 0 0
0.723333 0 0 0 0
0.73 0 0 0 0
0.736667 0 0 0 0
0.743333 0 0 0 0
0.75 0 0 0 0
0.756667 0 0 0 0
0.763333 0 0 0 0
0.77 0 0 0 0
0.776667 0 0 0 0
0.783333 0 0 0 0
0.79 0 0 0 0
0.796667 0 0 0 0
0.803333 0 0 0 0
0.81 0 0 0 0
0.816667 0 0 0 0
0.823333 0 0 0 0
0.83 0 0 0 0
0.836667 0 0 0 0
0.843333 0 0 0 0
0.85 0 0 0 0
0.856667 0 0 0 0
0.863333 0 0 0 0
0.87 0 0 0 0
0.876667 0 0 0 0
0.883333 0 0 0 0
0.89 0 0 0 0
0.896667 0 0 0 0
0.903333 0 0 0 0
0.91 0 0 0 0
0.916667 0 0 0 0
0.923333 0 0 0 0
0.93 0 0 0 0
0.936667 0 0 0 0
0.943333 0 0 0 0
0.95 0 0 0 0
0.956667 0 0 0 0
0.963333 0 0 0 0
0.97 0 0 0 0
0.976667 0 0 0 0
0.983333 0 0 0 0
0.99 0 0 0 0
0.996667 0 0 0 0
1.00333 0 0 0 0
1.01 0 0 0 0
1.01667 0 0 0 0
1.02333 0 0 0 0
1.03 0 0 0 0
1.03667 0 0 0 0
1.04333 0 0 0 0
1.05 0 0 0 0
1.05667 0 0 0 0
1.06333 0 0 0 0
1.07 0 0 0 0
1.07667 0 0 0 0
1.08333 0 0 0 0
1.09 0 0 0 0
1.09667 0 0 0 0
1.10333 0 0 0 0
1.11 0 0 0 0
1.11667 0 0 0 0
1.12333 0 0 0 0
1.13 0 0 0 0
1.13667 0 0 0 0
1.14333 0 0 0 0
1.15 0 0 0 0
1.15667 0 0 0 0
1.16333 0 0 0 0
1.17 0 0 0 0
1.17667 0 0 0 0
1.18333 0 0 0 0
1.19 0 0 0 0
1.19667 0 0 0 0
1.20333 0 0 0 0
1.21 0 0 0 0
1.21667 0 0 0 0
1.22333 0 0 0 0
1.23 0 0 0 0
1.23667 0 0 0 0
1.24333 0 0 0 0
1.25 0 0 0 0
1.25667 0 0 0 0
1.26333 0 0 0 0
1.27 0 0 0 0
1.27667 0 0 0 0
1.28333 0 0 0 0
1.29 0 0 0 0
1.29667 0 0 0 0
1.30333 0 0 0 0
1.31 0 0 0 0
1.31667 0 0 0 0
1.32333 0 0 0 0
1.33 0 0 0 0
1.33667 0 0 0 0
1.34333 0 0 0 0
1.35 0 0 0 0
1.35667 0 0 0 0
1.36333 0 0 0 0
1.37 0 0 0 0
1.37667 0 0 0 0
1.38333 0 0 0 0
1.39 0 0 0 0
1.39667 0 0 0 0
1.40333 0 0 0 0
1.41 0 0 0 0
1.41667 0 0 0 0
1.42333 0 0 0 0
1.43 0 0 0 0
1.43667 0 0 0 0
1.44333 0 0 0 0
1.45 0 0 0 0
1.45667 0 0 0 0
1.46333 0 0 0 0
1.47 0 0 0 0
1.47667 0 0 0 0
1.48333 0 0 0 0
1.49 0 0 0 0
1.49667 0 0 0 0
1.50333 0 0 0 0
1.51 0 0 0 0
1.51667 0 0 0 0
1.52333 0 0 0 0
1.53 0 0 0 0
1.53667 0 0 0 0
1.54333 0 0 0 0
1.55 0 0 0 0
1.55667 0 0 0 0
1.56333 0 0 0 0
1.57 0 0 0 0
1.57667 0 0 0 0
1.58333 0 0 0 0
1.59 0 0 0 0
1.59667 0 0 0 0
1.60333 0 0 0 0
1.61 0 0 0 0
1.61667 0 0 0 0
1.62333 0 0 0 0
1.63 0 0 0 0
1.63667 0 0 0 0
1.64333 0 0 0 0
1.65 0 0 0 0
1.65667 0 0 0 0
1.66333 0 0 0 0
1.67 0 0 0 0
1.67667 0 0 0 0
1.68333 0 0 0 0
1.69 0 0 0 0
1.69667 0 0 0 0
1.70333 0 0 0 0
1.71 0 0 0 0
1.71667 0 0 0 0
1.72333 0 0 0 0
1.73 0 0 0 0
1.73667 0 0 0 0
1.74333 0 0 0 0
1.75 0 0 0 0
1.75667 0 0 0 0
1.76333 0 0 0 0
1.77 0 0 0 0
1.77667 0 0 0 0
1.78333 0 0 0 0
1.79 0 0 0 0
1.79667 0 0 0 0
1.80333 0 0 0 0
1.81 0 0 0 0
1.81667 0 0 0 0
1.82333 0 0 0 0
1.83 0 0 0 0
1.83667 0 0 0 0
1.84333 0 0 0 0
1.85 0 0 0 0
1.85667 0 0 0 0
1.86333 0 0 0 0
1.87 0 0 0 0
1.87667 0 0 0 0
1.88333 0 0 0 0
1.89 0 0 0 0
1.89667 0 0 0 0
1.90333 0 0 0 0
1.91 0 0 0 0
1.91667 0 0 0 0
1.92333 0 0 0 0
1.93 0 0 0 0
1.93667 0 0 0 0
1.94333 0 0 0 0
1.95 0 0 0 0
1.95667 0 0 0 0
1.96333 0 0 0 0
1.97 0 0 0 0
1.97667 0 0 0 0
1.98333 0 0 0 0
1.99 0 0 0 0
1.99667 0 0 0 0
