0.00333333 37 104 4 8
0.01 28 128 7 9
0.0166667 33 143 8 7
0.0233333 28 119 13 2
0.03 45 154 10 6
0.0366667 38 145 8 6
0.0433333 38 191 10 5
0.05 67 206 11 6
0.0566667 86 250 19 4
0.0633333 99 278 16 11
0.07 85 272 30 10
0.0766667 74 290 20 14
0.0833333 106 302 33 10
0.09 115 327 23 5
0.0966667 94 355 16 8
0.103333 90 319 16 18
0.11 92 352 19 12
0.116667 104 323 20 10
0.123333 85 358 11 11
0.13 98 368 12 12
0.136667 60 372 15 12
0.143333 94 347 16 7
0.15 81 327 16 11
0.156667 98 317 21 6
0.163333 69 346 9 9
0.17 91 301 16 13
0.176667 68 335 14 14
0.183333 81 336 16 15
0.19 82 430 14 15
0.196667 88 391 15 15
0.203333 84 376 11 14
0.21 82 375 14 13
0.216667 71 363 12 5
0.223333 66 346 15 13
0.23 75 332 11 5
0.236667 81 302 14 8
0.243333 60 276 7 4
0.25 75 265 9 9
0.256667 59 253 15 10
0.263333 67 223 14 11
0.27 47 218 11 9
0.276667 49 222 8 3
0.283333 47 197 7 4
0.29 54 197 6 5
0.296667 61 178 8 4
0.303333 46 197 8 7
0.31 41 184 12 0
0.316667 43 141 4 4
0.323333 44 165 7 5
0.33 39 171 4 5
0.336667 40 169 10 5
0.343333 43 137 5 3
0.35 34 141 10 5
0.356667 46 144 9 1
0.363333 48 149 14 3
0.37 49 150 6 8
0.376667 40 146 7 3
0.383333 42 166 14 3
0.39 35 139 9 3
0.396667 36 139 8 3
0.403333 34 127 8 3
0.41 23 145 5 1
0.416667 27 138 3 4
0.423333 38 131 10 5
0.43 37 135 6 2
0.436667 47 143 3 2
0.443333 31 146 4 7
0.45 32 131 9 4
0.456667 32 131 3 4
0.463333 39 135 7 3
0.47 42 138 5 4
0.476667 29 110 5 5
0.483333 14 81 5 6
0.49 29 60 4 4
0.496667 26 70 4 2
0.503333 31 69 7 3
0.51 25 61 4 2
0.516667 15 55 5 2
0.523333 14 71 2 1
0.53 18 53 2 0
0.536667 18 55 2 2
0.543333 21 45 3 0
0.55 18 57 4 3
0.556667 25 45 6 3
0.563333 13 55 5 3
0.57 8 46 4 2
0.576667 27 63 5 1
0.583333 14 56 4 1
0.59 13 55 2 1
0.596667 11 44 3 0
0.603333 23 57 1 6
0.61 16 45 4 2
0.616667 15 41 2 5
0.623333 13 42 3 3
0.63 18 50 1 1
0.636667 23 59 1 3
0.643333 13 38 0 2
0.65 13 41 1 2
0.656667 11 35 5 3
0.663333 1103 5763 88 162
0.67 0 0 0 0
0.676667 0 0 0 0
0.683333 0 0 0 0
0.69 0 0 0 0
0.696667 0 0 0 0
0.703333 0 0 0 0
0.71 0 0 0 0
0.716667 0 0 0 0
0.723333 0 0 0 0
0.73 0 0 0 0
0.736667 0 0 0 0
0.743333 0 0 0 0
0.75 0 0 0 0
0.756667 0 0 0 0
0.763333 0 0 0 0
0.77 0 0 0 0
0.776667 0 0 0 0
0.783333 0 0 0 0
0.79 0 0 0 0
0.796667 0 0 0 0
0.803333 0 0 0 0
0.81 0 0 0 0
0.816667 0 0 0 0
0.823333 0 0 0 0
0.83 0 0 0 0
0.836667 0 0 0 0
0.843333 0 0 0 0
0.85 0 0 0 0
0.856667 0 0 0 0
0.863333 0 0 0 0
0.87 0 0 0 0
0.876667 0 0 0 0
0.883333 0 0 0 0
0.89 0 0 0 0
0.896667 0 0 0 0
0.903333 0 0 0 0
0.91 0 0 0 0
0.916667 0 0 0 0
0.923333 0 0 0 0
0.93 0 0 0 0
0.936667 0 0 0 0
0.943333 0 0 0 0
0.95 0 0 0 0
0.956667 0 0 0 0
0.963333 0 0 0 0
0.97 0 0 0 0
0.976667 0 0 0 0
0.983333 0 0 0 0
0.99 0 0 0 0
0.996667 0 0 0 0
1.00333 0 0 0 0
1.01 0 0 0 0
1.01667 0 0 0 0
1.02333 0 0 0 0
1.03 0 0 0 0
1.03667 0 0 0 0
1.04333 0 0 0 0
1.05 0 0 0 0
1.05667 0 0 0 0
1.06333 0 0 0 0
1.07 0 0 0 0
1.07667 0 0 0 0
1.08333 0 0 0 0
1.09 0 0 0 0
1.09667 0 0 0 0
1.10333 0 0 0 0
1.11 0 0 0 0
1.11667 0 0 0 0
1.12333 0 0 0 0
1.13 0 0 0 0
1.13667 0 0 0 0
1.14333 0 0 0 0
1.15 0 0 0 0
1.15667 0 0 0 0
1.16333 0 0 0 0
1.17 0 0 0 0
1.17667 0 0 0 0
1.18333 0 0 0 0
1.19 0 0 0 0
1.19667 0 0 0 0
1.20333 0 0 0 0
1.21 0 0 0 0
1.21667 0 0 0 0
1.22333 0 0 0 0
1.23 0 0 0 0
1.23667 0 0 0 0
1.24333 0 0 0 0
1.25 0 0 0 0
1.25667 0 0 0 0
1.26333 0 0 0 0
1.27 0 0 0 0
1.27667 0 0 0 0
1.28333 0 0 0 0
1.29 0 0 0 0
1.29667 0 0 0 0
1.30333 0 0 0 0
1.31 0 0 0 0
1.31667 0 0 0 0
1.32333 0 0 0 0
1.33 0 0 0 0
1.33667 0 0 0 0
1.34333 0 0 0 0
1.35 0 0 0 0
1.35667 0 0 0 0
1.36333 0 0 0 0
1.37 0 0 0 0
1.37667 0 0 0 0
1.38333 0 0 0 0
1.39 0 0 0 0
1.39667 0 0 0 0
1.40333 0 0 0 0
1.41 0 0 0 0
1.41667 0 0 0 0
1.42333 0 0 0 0
1.43 0 0 0 0
1.43667 0 0 0 0
1.44333 0 0 0 0
1.45 0 0 0 0
1.45667 0 0 0 0
1.46333 0 0 0 0
1.47 0 0 0 0
1.47667 0 0 0 0
1.48333 0 0 0 0
1.49 0 0 0 0
1.49667 0 0 0 0
1.50333 0 0 0 0
1.51 0 0 0 0
1.51667 0 0 0 0
1.52333 0 0 0 0
1.53 0 0 0 0
1.53667 0 0 0 0
1.54333 0 0 0 0
1.55 0 0 0 0
1.55667 0 0 0 0
1.56333 0 0 0 0
1.57 0 0 0 0
1.57667 0 0 0 0
1.58333 0 0 0 0
1.59 0 0 0 0
1.59667 0 0 0 0
1.60333 0 0 0 0
1.61 0 0 0 0
1.61667 0 0 0 0
1.62333 0 0 0 0
1.63 0 0 0 0
1.63667 0 0 0 0
1.64333 0 0 0 0
1.65 0 0 0 0
1.65667 0 0 0 0
1.66333 0 0 0 0
1.67 0 0 0 0
1.67667 0 0 0 0
1.68333 0 0 0 0
1.69 0 0 0 0
1.69667 0 0 0 0
1.70333 0 0 0 0
1.71 0 0 0 0
1.71667 0 0 0 0
1.72333 0 0 0 0
1.73 0 0 0 0
1.73667 0 0 0 0
1.74333 0 0 0 0
1.75 0 0 0 0
1.75667 0 0 0 0
1.76333 0 0 0 0
1.77 0 0 0 0
1.77667 0 0 0 0
1.78333 0 0 0 0
1.79 0 0 0 0
1.79667 0 0 0 0
1.80333 0 0 0 0
1.81 0 0 0 0
1.81667 0 0 0 0
1.82333 0 0 0 0
1.83 0 0 0 0
1.83667 0 0 0 0
1.84333 0 0 0 0
1.85 0 0 0 0
1.85667 0 0 0 0
1.86333 0 0 0 0
1.87 0 0 0 0
1.87667 0 0 0 0
1.88333 0 0 0 0
1.89 0 0 0 0
1.89667 0 0 0 0
1.90333 0 0 0 0
1.91 0 0 0 0
1.91667 0 0 0 0
1.92333 0 0 0 0
1.93 0 0 0 0
1.93667 0 0 0 0
1.94333 0 0 0 0
1.95 0 0 0 0
1.95667 0 0 0 0
1.96333 0 0 0 0
1.97 0 0 0 0
1.97667 0 0 0 0
1.98333 0 0 0 0
1.99 0 0 0 0
1.99667 0 0 0 0
