0.00333333 1 10 31 32
0.01 0 8 41 32
0.0166667 0 7 57 53
0.0233333 5 9 48 40
0.03 1 5 50 57
0.0366667 2 17 80 67
0.0433333 1 14 108 82
0.05 1 19 148 101
0.0566667 2 21 192 124
0.0633333 10 23 192 119
0.07 3 24 179 138
0.0766667 2 17 185 143
0.0833333 3 27 210 143
0.09 4 27 218 136
0.0966667 3 16 182 164
0.103333 2 24 215 140
0.11 4 33 183 161
0.116667 5 25 202 137
0.123333 3 21 196 127
0.13 6 27 175 136
0.136667 6 23 168 143
0.143333 4 28 156 132
0.15 4 25 143 102
0.156667 8 16 155 97
0.163333 5 26 138 115
0.17 3 31 149 101
0.176667 2 13 155 104
0.183333 7 21 142 109
0.19 3 35 143 114
0.196667 2 33 133 124
0.203333 1 17 140 100
0.21 4 13 135 94
0.216667 2 16 132 92
0.223333 1 21 127 90
0.23 1 13 106 85
0.236667 2 16 105 94
0.243333 2 20 97 72
0.25 6 12 87 90
0.256667 3 8 102 74
0.263333 2 11 80 72
0.27 5 9 79 68
0.276667 5 11 79 76
0.283333 0 17 86 78
0.29 0 10 78 48
0.296667 1 16 106 57
0.303333 3 13 67 64
0.31 6 16 76 61
0.316667 3 11 64 55
0.323333 1 16 62 43
0.33 2 9 70 65
0.336667 2 14 70 51
0.343333 6 10 55 48
0.35 2 5 65 54
0.356667 1 13 61 40
0.363333 5 17 61 37
0.37 3 5 69 49
0.376667 3 14 56 46
0.383333 0 14 50 54
0.39 0 14 70 43
0.396667 2 13 55 52
0.403333 3 13 60 33
0.41 5 14 48 37
0.416667 1 18 59 47
0.423333 4 7 50 44
0.43 0 7 53 41
0.436667 2 6 39 39
0.443333 2 15 55 36
0.45 4 8 46 42
0.456667 1 10 47 34
0.463333 3 7 44 38
0.47 6 18 55 36
0.476667 0 11 36 37
0.483333 0 8 35 23
0.49 0 8 47 38
0.496667 3 11 45 25
0.503333 1 11 28 32
0.51 3 9 31 27
0.516667 1 8 45 22
0.523333 1 4 39 34
0.53 0 6 20 24
0.536667 2 3 21 27
0.543333 2 8 20 31
0.55 2 4 34 17
0.556667 3 4 30 19
0.563333 1 9 29 23
0.57 1 7 31 20
0.576667 2 3 23 19
0.583333 3 10 34 27
0.59 1 6 30 17
0.596667 0 4 26 21
0.603333 1 7 14 19
0.61 0 2 24 23
0.616667 1 0 28 27
0.623333 1 4 19 20
0.63 0 4 25 20
0.636667 3 6 36 17
0.643333 1 6 16 17
0.65 1 4 24 14
0.656667 1 6 17 17
0.663333 27 254 1330 1027
0.67 0 0 0 0
0.676667 0 0 0 0
0.683333 0 0 0 0
0.69 0 0 0 0
0.696667 0 0 0 0
0.703333 0 0 0 0
0.71 0 0 0 0
0.716667 0 0 0 0
0.723333 0 0 0 0
0.73 0 0 0 0
0.736667 0 0 0 0
0.743333 0 0 0 0
0.75 0 0 0 0
0.756667 0 0 0 0
0.763333 0 0 0 0
0.77 0 0 0 0
0.776667 0 0 0 0
0.783333 0 0 0 0
0.79 0 0 0 0
0.796667 0 0 0 0
0.803333 0 0 0 0
0.81 0 0 0 0
0.816667 0 0 0 0
0.823333 0 0 0 0
0.83 0 0 0 0
0.836667 0 0 0 0
0.843333 0 0 0 0
0.85 0 0 0 0
0.856667 0 0 0 0
0.863333 0 0 0 0
0.87 0 0 0 0
0.876667 0 0 0 0
0.883333 0 0 0 0
0.89 0 0 0 0
0.896667 0 0 0 0
0.903333 0 0 0 0
0.91 0 0 0 0
0.916667 0 0 0 0
0.923333 0 0 0 0
0.93 0 0 0 0
0.936667 0 0 0 0
0.943333 0 0 0 0
0.95 0 0 0 0
0.956667 0 0 0 0
0.963333 0 0 0 0
0.97 0 0 0 0
0.976667 0 0 0 0
0.983333 0 0 0 0
0.99 0 0 0 0
0.996667 0 0 0 0
1.00333 0 0 0 0
1.01 0 0 0 0
1.01667 0 0 0 0
1.02333 0 0 0 0
1.03 0 0 0 0
1.03667 0 0 0 0
1.04333 0 0 0 0
1.05 0 0 0 0
1.05667 0 0 0 0
1.06333 0 0 0 0
1.07 0 0 0 0
1.07667 0 0 0 0
1.08333 0 0 0 0
1.09 0 0 0 0
1.09667 0 0 0 0
1.10333 0 0 0 0
1.11 0 0 0 0
1.11667 0 0 0 0
1.12333 0 0 0 0
1.13 0 0 0 0
1.13667 0 0 0 0
1.14333 0 0 0 0
1.15 0 0 0 0
1.15667 0 0 0 0
1.16333 0 0 0 0
1.17 0 0 0 0
1.17667 0 0 0 0
1.18333 0 0 0 0
1.19 0 0 0 0
1.19667 0 0 0 0
1.20333 0 0 0 0
1.21 0 0 0 0
1.21667 0 0 0 0
1.22333 0 0 0 0
1.23 0 0 0 0
1.23667 0 0 0 0
1.24333 0 0 0 0
1.25 0 0 0 0
1.25667 0 0 0 0
1.26333 0 0 0 0
1.27 0 0 0 0
1.27667 0 0 0 0
1.28333 0 0 0 0
1.29 0 0 0 0
1.29667 0 0 0 0
1.30333 0 0 0 0
1.31 0 0 0 0
1.31667 0 0 0 0
1.32333 0 0 0 0
1.33 0 0 0 0
1.33667 0 0 0 0
1.34333 0 0 0 0
1.35 0 0 0 0
1.35667 0 0 0 0
1.36333 0 0 0 0
1.37 0 0 0 0
1.37667 0 0 0 0
1.38333 0 0 0 0
1.39 0 0 0 0
1.39667 0 0 0 0
1.40333 0 0 0 0
1.41 0 0 0 0
1.41667 0 0 0 0
1.42333 0 0 0 0
1.43 0 0 0 0
1.43667 0 0 0 0
1.44333 0 0 0 0
1.45 0 0 0 0
1.45667 0 0 0 0
1.46333 0 0 0 0
1.47 0 0 0 0
1.47667 0 0 0 0
1.48333 0 0 0 0
1.49 0 0 0 0
1.49667 0 0 0 0
1.50333 0 0 0 0
1.51 0 0 0 0
1.51667 0 0 0 0
1.52333 0 0 0 0
1.53 0 0 0 0
1.53667 0 0 0 0
1.54333 0 0 0 0
1.55 0 0 0 0
1.55667 0 0 0 0
1.56333 0 0 0 0
1.57 0 0 0 0
1.57667 0 0 0 0
1.58333 0 0 0 0
1.59 0 0 0 0
1.59667 0 0 0 0
1.60333 0 0 0 0
1.61 0 0 0 0
1.61667 0 0 0 0
1.62333 0 0 0 0
1.63 0 0 0 0
1.63667 0 0 0 0
1.64333 0 0 0 0
1.65 0 0 0 0
1.65667 0 0 0 0
1.66333 0 0 0 0
1.67 0 0 0 0
1.67667 0 0 0 0
1.68333 0 0 0 0
1.69 0 0 0 0
1.69667 0 0 0 0
1.70333 0 0 0 0
1.71 0 0 0 0
1.71667 0 0 0 0
1.72333 0 0 0 0
1.73 0 0 0 0
1.73667 0 0 0 0
1.74333 0 0 0 0
1.75 0 0 0 0
1.75667 0 0 0 0
1.76333 0 0 0 0
1.77 0 0 0 0
1.77667 0 0 0 0
1.78333 0 0 0 0
1.79 0 0 0 0
1.79667 0 0 0 0
1.80333 0 0 0 0
1.81 0 0 0 0
1.81667 0 0 0 0
1.82333 0 0 0 0
1.83 0 0 0 0
1.83667 0 0 0 0
1.84333 0 0 0 0
1.85 0 0 0 0
1.85667 0 0 0 0
1.86333 0 0 0 0
1.87 0 0 0 0
1.87667 0 0 0 0
1.88333 0 0 0 0
1.89 0 0 0 0
1.89667 0 0 0 0
1.90333 0 0 0 0
1.91 0 0 0 0
1.91667 0 0 0 0
1.92333 0 0 0 0
1.93 0 0 0 0
1.93667 0 0 0 0
1.94333 0 0 0 0
1.95 0 0 0 0
1.95667 0 0 0 0
1.96333 0 0 0 0
1.97 0 0 0 0
1.97667 0 0 0 0
1.98333 0 0 0 0
1.99 0 0 0 0
1.99667 0 0 0 0
