0.00333333 19 66 8 1
0.01 31 67 4 0
0.0166667 39 83 8 1
0.0233333 31 80 7 2
0.03 40 106 4 2
0.0366667 53 98 9 1
0.0433333 75 163 12 4
0.05 83 218 11 5
0.0566667 116 229 15 2
0.0633333 126 259 26 7
0.07 138 258 26 8
0.0766667 119 272 24 5
0.0833333 137 287 26 8
0.09 119 293 25 6
0.0966667 125 268 33 8
0.103333 117 270 24 6
0.11 135 283 27 5
0.116667 109 291 29 4
0.123333 116 300 28 2
0.13 91 271 18 5
0.136667 100 233 20 7
0.143333 111 243 23 1
0.15 85 226 22 2
0.156667 83 248 18 5
0.163333 79 226 17 4
0.17 85 228 24 2
0.176667 76 209 16 4
0.183333 81 221 22 6
0.19 76 214 16 2
0.196667 72 212 23 3
0.203333 65 229 20 6
0.21 70 204 14 2
0.216667 57 201 15 3
0.223333 71 164 17 3
0.23 68 172 12 3
0.236667 73 186 18 4
0.243333 72 142 19 4
0.25 50 154 16 2
0.256667 48 143 9 1
0.263333 48 141 12 5
0.27 52 129 11 5
0.276667 48 153 13 3
0.283333 47 113 11 1
0.29 45 106 11 3
0.296667 40 131 11 3
0.303333 62 112 10 1
0.31 42 137 14 2
0.316667 46 99 14 2
0.323333 42 100 10 2
0.33 40 112 12 2
0.336667 40 114 12 1
0.343333 40 99 7 1
0.35 25 111 11 2
0.356667 28 104 10 0
0.363333 31 95 13 1
0.37 34 95 10 1
0.376667 31 84 4 2
0.383333 22 88 6 1
0.39 24 79 5 2
0.396667 39 91 8 1
0.403333 30 89 11 0
0.41 29 81 12 3
0.416667 40 89 7 3
0.423333 36 71 8 3
0.43 31 94 15 1
0.436667 29 69 13 0
0.443333 33 65 10 0
0.45 33 79 11 2
0.456667 28 71 7 0
0.463333 35 55 8 2
0.47 19 76 6 1
0.476667 25 69 10 6
0.483333 12 52 3 1
0.49 27 54 6 4
0.496667 17 44 3 1
0.503333 21 42 8 3
0.51 17 44 6 0
0.516667 23 48 6 0
0.523333 23 48 7 3
0.53 17 36 5 0
0.536667 16 38 3 3
0.543333 8 43 7 1
0.55 20 30 3 1
0.556667 14 43 5 1
0.563333 19 39 5 0
0.57 14 40 7 0
0.576667 13 46 10 1
0.583333 16 33 8 1
0.59 16 35 5 2
0.596667 17 46 0 1
0.603333 13 34 10 0
0.61 16 31 6 2
0.616667 16 30 5 3
0.623333 15 26 8 1
0.63 12 43 1 3
0.636667 14 33 3 3
0.643333 12 37 8 2
0.65 18 38 6 2
0.656667 12 27 4 0
0.663333 600 2341 164 18
0.67 0 0 0 0
0.676667 0 0 0 0
0.683333 0 0 0 0
0.69 0 0 0 0
0.696667 0 0 0 0
0.703333 0 0 0 0
0.71 0 0 0 0
0.716667 0 0 0 0
0.723333 0 0 0 0
0.73 0 0 0 0
0.736667 0 0 0 0
0.743333 0 0 0 0
0.75 0 0 0 0
0.756667 0 0 0 0
0.763333 0 0 0 0
0.77 0 0 0 0
0.776667 0 0 0 0
0.783333 0 0 0 0
0.79 0 0 0 0
0.796667 0 0 0 0
0.803333 0 0 0 0
0.81 0 0 0 0
0.816667 0 0 0 0
0.823333 0 0 0 0
0.83 0 0 0 0
0.836667 0 0 0 0
0.843333 0 0 0 0
0.85 0 0 0 0
0.856667 0 0 0 0
0.863333 0 0 0 0
0.87 0 0 0 0
0.876667 0 0 0 0
0.883333 0 0 0 0
0.89 0 0 0 0
0.896667 0 0 0 0
0.903333 0 0 0 0
0.91 0 0 0 0
0.916667 0 0 0 0
0.923333 0 0 0 0
0.93 0 0 0 0
0.936667 0 0 0 0
0.943333 0 0 0 0
0.95 0 0 0 0
0.956667 0 0 0 0
0.963333 0 0 0 0
0.97 0 0 0 0
0.976667 0 0 0 0
0.983333 0 0 0 0
0.99 0 0 0 0
0.996667 0 0 0 0
1.00333 0 0 0 0
1.01 0 0 0 0
1.01667 0 0 0 0
1.02333 0 0 0 0
1.03 0 0 0 0
1.03667 0 0 0 0
1.04333 0 0 0 0
1.05 0 0 0 0
1.05667 0 0 0 0
1.06333 0 0 0 0
1.07 0 0 0 0
1.07667 0 0 0 0
1.08333 0 0 0 0
1.09 0 0 0 0
1.09667 0 0 0 0
1.10333 0 0 0 0
1.11 0 0 0 0
1.11667 0 0 0 0
1.12333 0 0 0 0
1.13 0 0 0 0
1.13667 0 0 0 0
1.14333 0 0 0 0
1.15 0 0 0 0
1.15667 0 0 0 0
1.16333 0 0 0 0
1.17 0 0 0 0
1.17667 0 0 0 0
1.18333 0 0 0 0
1.19 0 0 0 0
1.19667 0 0 0 0
1.20333 0 0 0 0
1.21 0 0 0 0
1.21667 0 0 0 0
1.22333 0 0 0 0
1.23 0 0 0 0
1.23667 0 0 0 0
1.24333 0 0 0 0
1.25 0 0 0 0
1.25667 0 0 0 0
1.26333 0 0 0 0
1.27 0 0 0 0
1.27667 0 0 0 0
1.28333 0 0 0 0
1.29 0 0 0 0
1.29667 0 0 0 0
1.30333 0 0 0 0
1.31 0 0 0 0
1.31667 0 0 0 0
1.32333 0 0 0 0
1.33 0 0 0 0
1.33667 0 0 0 0
1.34333 0 0 0 0
1.35 0 0 0 0
1.35667 0 0 0 0
1.36333 0 0 0 0
1.37 0 0 0 0
1.37667 0 0 0 0
1.38333 0 0 0 0
1.39 0 0 0 0
1.39667 0 0 0 0
1.40333 0 0 0 0
1.41 0 0 0 0
1.41667 0 0 0 0
1.42333 0 0 0 0
1.43 0 0 0 0
1.43667 0 0 0 0
1.44333 0 0 0 0
1.45 0 0 0 0
1.45667 0 0 0 0
1.46333 0 0 0 0
1.47 0 0 0 0
1.47667 0 0 0 0
1.48333 0 0 0 0
1.49 0 0 0 0
1.49667 0 0 0 0
1.50333 0 0 0 0
1.51 0 0 0 0
1.51667 0 0 0 0
1.52333 0 0 0 0
1.53 0 0 0 0
1.53667 0 0 0 0
1.54333 0 0 0 0
1.55 0 0 0 0
1.55667 0 0 0 0
1.56333 0 0 0 0
1.57 0 0 0 0
1.57667 0 0 0 0
1.58333 0 0 0 0
1.59 0 0 0 0
1.59667 0 0 0 0
1.60333 0 0 0 0
1.61 0 0 0 0
1.61667 0 0 0 0
1.62333 0 0 0 0
1.63 0 0 0 0
1.63667 0 0 0 0
1.64333 0 0 0 0
1.65 0 0 0 0
1.65667 0 0 0 0
1.66333 0 0 0 0
1.67 0 0 0 0
1.67667 0 0 0 0
1.68333 0 0 0 0
1.69 0 0 0 0
1.69667 0 0 0 0
1.70333 0 0 0 0
1.71 0 0 0 0
1.71667 0 0 0 0
1.72333 0 0 0 0
1.73 0 0 0 0
1.73667 0 0 0 0
1.74333 0 0 0 0
1.75 0 0 0 0
1.75667 0 0 0 0
1.76333 0 0 0 0
1.77 0 0 0 0
1.77667 0 0 0 0
1.78333 0 0 0 0
1.79 0 0 0 0
1.79667 0 0 0 0
1.80333 0 0 0 0
1.81 0 0 0 0
1.81667 0 0 0 0
1.82333 0 0 0 0
1.83 0 0 0 0
1.83667 0 0 0 0
1.84333 0 0 0 0
1.85 0 0 0 0
1.85667 0 0 0 0
1.86333 0 0 0 0
1.87 0 0 0 0
1.87667 0 0 0 0
1.88333 0 0 0 0
1.89 0 0 0 0
1.89667 0 0 0 0
1.90333 0 0 0 0
1.91 0 0 0 0
1.91667 0 0 0 0
1.92333 0 0 0 0
1.93 0 0 0 0
1.93667 0 0 0 0
1.94333 0 0 0 0
1.95 0 0 0 0
1.95667 0 0 0 0
1.96333 0 0 0 0
1.97 0 0 0 0
1.97667 0 0 0 0
1.98333 0 0 0 0
1.99 0 0 0 0
1.99667 0 0 0 0
