0.00333333 0 8 143 10
0.01 1 10 128 15
0.0166667 1 11 142 12
0.0233333 2 8 158 12
0.03 2 8 157 13
0.0366667 1 20 183 25
0.0433333 4 19 203 26
0.05 2 20 242 46
0.0566667 5 25 287 42
0.0633333 3 29 326 36
0.07 6 30 324 53
0.0766667 4 33 354 63
0.0833333 7 36 372 44
0.09 8 23 382 55
0.0966667 2 32 373 67
0.103333 7 43 364 51
0.11 0 27 417 41
0.116667 2 37 420 48
0.123333 3 23 385 55
0.13 4 33 397 36
0.136667 1 38 429 40
0.143333 5 26 393 43
0.15 4 20 394 32
0.156667 2 22 377 32
0.163333 1 26 392 34
0.17 2 25 362 21
0.176667 4 22 380 40
0.183333 5 26 430 40
0.19 2 24 520 21
0.196667 3 33 532 35
0.203333 3 28 471 32
0.21 2 35 440 26
0.216667 3 22 388 25
0.223333 2 23 445 31
0.23 3 24 360 22
0.236667 2 27 351 20
0.243333 6 24 316 21
0.25 2 17 305 28
0.256667 3 23 269 24
0.263333 2 26 258 21
0.27 3 19 220 27
0.276667 0 15 219 18
0.283333 1 22 241 31
0.29 3 9 244 21
0.296667 2 15 223 16
0.303333 3 10 195 20
0.31 0 23 207 26
0.316667 2 17 198 14
0.323333 1 21 206 25
0.33 3 18 165 8
0.336667 1 19 191 12
0.343333 1 9 185 19
0.35 2 12 185 17
0.356667 3 15 146 14
0.363333 2 9 164 14
0.37 3 17 164 17
0.376667 2 17 195 14
0.383333 1 13 156 22
0.39 1 13 159 14
0.396667 3 14 165 14
0.403333 1 11 158 12
0.41 1 7 165 19
0.416667 0 12 153 18
0.423333 0 6 171 21
0.43 1 12 164 11
0.436667 2 18 143 10
0.443333 1 15 166 17
0.45 0 7 164 10
0.456667 1 8 173 10
0.463333 1 6 157 19
0.47 2 7 159 10
0.476667 0 5 152 10
0.483333 0 8 82 5
0.49 0 8 70 10
0.496667 3 7 82 10
0.503333 1 10 64 13
0.51 0 13 56 10
0.516667 0 8 72 11
0.523333 0 6 63 8
0.53 1 6 56 15
0.536667 0 3 56 10
0.543333 0 9 53 12
0.55 1 3 57 10
0.556667 1 6 62 11
0.563333 2 5 49 6
0.57 1 8 45 4
0.576667 0 11 46 13
0.583333 2 5 56 9
0.59 2 6 60 10
0.596667 1 9 51 6
0.603333 2 6 52 8
0.61 1 4 44 7
0.616667 2 9 46 9
0.623333 1 3 47 7
0.63 1 5 51 9
0.636667 1 6 55 5
0.643333 0 3 36 6
0.65 1 10 55 7
0.656667 0 5 45 3
0.663333 11 328 7586 207
0.67 0 0 0 0
0.676667 0 0 0 0
0.683333 0 0 0 0
0.69 0 0 0 0
0.696667 0 0 0 0
0.703333 0 0 0 0
0.71 0 0 0 0
0.716667 0 0 0 0
0.723333 0 0 0 0
0.73 0 0 0 0
0.736667 0 0 0 0
0.743333 0 0 0 0
0.75 0 0 0 0
0.756667 0 0 0 0
0.763333 0 0 0 0
0.77 0 0 0 0
0.776667 0 0 0 0
0.783333 0 0 0 0
0.79 0 0 0 0
0.796667 0 0 0 0
0.803333 0 0 0 0
0.81 0 0 0 0
0.816667 0 0 0 0
0.823333 0 0 0 0
0.83 0 0 0 0
0.836667 0 0 0 0
0.843333 0 0 0 0
0.85 0 0 0 0
0.856667 0 0 0 0
0.863333 0 0 0 0
0.87 0 0 0 0
0.876667 0 0 0 0
0.883333 0 0 0 0
0.89 0 0 0 0
0.896667 0 0 0 0
0.903333 0 0 0 0
0.91 0 0 0 0
0.916667 0 0 0 0
0.923333 0 0 0 0
0.93 0 0 0 0
0.936667 0 0 0 0
0.943333 0 0 0 0
0.95 0 0 0 0
0.956667 0 0 0 0
0.963333 0 0 0 0
0.97 0 0 0 0
0.976667 0 0 0 0
0.983333 0 0 0 0
0.99 0 0 0 0
0.996667 0 0 0 0
1.00333 0 0 0 0
1.01 0 0 0 0
1.01667 0 0 0 0
1.02333 0 0 0 0
1.03 0 0 0 0
1.03667 0 0 0 0
1.04333 0 0 0 0
1.05 0 0 0 0
1.05667 0 0 0 0
1.06333 0 0 0 0
1.07 0 0 0 0
1.07667 0 0 0 0
1.08333 0 0 0 0
1.09 0 0 0 0
1.09667 0 0 0 0
1.10333 0 0 0 0
1.11 0 0 0 0
1.11667 0 0 0 0
1.12333 0 0 0 0
1.13 0 0 0 0
1.13667 0 0 0 0
1.14333 0 0 0 0
1.15 0 0 0 0
1.15667 0 0 0 0
1.16333 0 0 0 0
1.17 0 0 0 0
1.17667 0 0 0 0
1.18333 0 0 0 0
1.19 0 0 0 0
1.19667 0 0 0 0
1.20333 0 0 0 0
1.21 0 0 0 0
1.21667 0 0 0 0
1.22333 0 0 0 0
1.23 0 0 0 0
1.23667 0 0 0 0
1.24333 0 0 0 0
1.25 0 0 0 0
1.25667 0 0 0 0
1.26333 0 0 0 0
1.27 0 0 0 0
1.27667 0 0 0 0
1.28333 0 0 0 0
1.29 0 0 0 0
1.29667 0 0 0 0
1.30333 0 0 0 0
1.31 0 0 0 0
1.31667 0 0 0 0
1.32333 0 0 0 0
1.33 0 0 0 0
1.33667 0 0 0 0
1.34333 0 0 0 0
1.35 0 0 0 0
1.35667 0 0 0 0
1.36333 0 0 0 0
1.37 0 0 0 0
1.37667 0 0 0 0
1.38333 0 0 0 0
1.39 0 0 0 0
1.39667 0 0 0 0
1.40333 0 0 0 0
1.41 0 0 0 0
1.41667 0 0 0 0
1.42333 0 0 0 0
1.43 0 0 0 0
1.43667 0 0 0 0
1.44333 0 0 0 0
1.45 0 0 0 0
1.45667 0 0 0 0
1.46333 0 0 0 0
1.47 0 0 0 0
1.47667 0 0 0 0
1.48333 0 0 0 0
1.49 0 0 0 0
1.49667 0 0 0 0
1.50333 0 0 0 0
1.51 0 0 0 0
1.51667 0 0 0 0
1.52333 0 0 0 0
1.53 0 0 0 0
1.53667 0 0 0 0
1.54333 0 0 0 0
1.55 0 0 0 0
1.55667 0 0 0 0
1.56333 0 0 0 0
1.57 0 0 0 0
1.57667 0 0 0 0
1.58333 0 0 0 0
1.59 0 0 0 0
1.59667 0 0 0 0
1.60333 0 0 0 0
1.61 0 0 0 0
1.61667 0 0 0 0
1.62333 0 0 0 0
1.63 0 0 0 0
1.63667 0 0 0 0
1.64333 0 0 0 0
1.65 0 0 0 0
1.65667 0 0 0 0
1.66333 0 0 0 0
1.67 0 0 0 0
1.67667 0 0 0 0
1.68333 0 0 0 0
1.69 0 0 0 0
1.69667 0 0 0 0
1.70333 0 0 0 0
1.71 0 0 0 0
1.71667 0 0 0 0
1.72333 0 0 0 0
1.73 0 0 0 0
1.73667 0 0 0 0
1.74333 0 0 0 0
1.75 0 0 0 0
1.75667 0 0 0 0
1.76333 0 0 0 0
1.77 0 0 0 0
1.77667 0 0 0 0
1.78333 0 0 0 0
1.79 0 0 0 0
1.79667 0 0 0 0
1.80333 0 0 0 0
1.81 0 0 0 0
1.81667 0 0 0 0
1.82333 0 0 0 0
1.83 0 0 0 0
1.83667 0 0 0 0
1.84333 0 0 0 0
1.85 0 0 0 0
1.85667 0 0 0 0
1.86333 0 0 0 0
1.87 0 0 0 0
1.87667 0 0 0 0
1.88333 0 0 0 0
1.89 0 0 0 0
1.89667 0 0 0 0
1.90333 0 0 0 0
1.91 0 0 0 0
1.91667 0 0 0 0
1.92333 0 0 0 0
1.93 0 0 0 0
1.93667 0 0 0 0
1.94333 0 0 0 0
1.95 0 0 0 0
1.95667 0 0 0 0
1.96333 0 0 0 0
1.97 0 0 0 0
1.97667 0 0 0 0
1.98333 0 0 0 0
1.99 0 0 0 0
1.99667 0 0 0 0
