0.00333333 15 78 11 0
0.01 16 114 19 0
0.0166667 27 105 15 1
0.0233333 15 106 7 0
0.03 24 115 7 1
0.0366667 24 125 8 1
0.0433333 47 165 19 0
0.05 48 177 18 3
0.0566667 66 270 30 1
0.0633333 78 268 27 7
0.07 64 268 28 3
0.0766667 76 323 40 3
0.0833333 83 316 36 1
0.09 73 287 31 8
0.0966667 75 286 35 3
0.103333 72 303 29 6
0.11 71 314 21 4
0.116667 77 331 31 6
0.123333 54 341 31 3
0.13 55 303 38 6
0.136667 66 317 23 4
0.143333 61 296 27 2
0.15 56 306 32 6
0.156667 46 291 31 6
0.163333 41 282 33 4
0.17 49 252 21 3
0.176667 37 259 30 2
0.183333 33 274 26 2
0.19 58 310 30 3
0.196667 38 312 26 7
0.203333 33 289 25 3
0.21 42 274 20 4
0.216667 33 246 26 3
0.223333 54 259 22 6
0.23 37 247 17 2
0.236667 42 236 31 2
0.243333 39 182 24 2
0.25 39 231 15 4
0.256667 35 192 20 1
0.263333 42 181 18 1
0.27 29 166 12 1
0.276667 31 151 17 5
0.283333 34 161 15 4
0.29 30 156 17 1
0.296667 22 160 14 5
0.303333 30 150 13 1
0.31 34 161 16 1
0.316667 27 151 7 4
0.323333 37 113 11 1
0.33 15 129 19 1
0.336667 28 122 14 1
0.343333 24 133 14 1
0.35 21 118 21 2
0.356667 19 116 18 3
0.363333 28 145 14 1
0.37 25 114 12 1
0.376667 28 112 16 3
0.383333 11 133 15 1
0.39 17 115 20 1
0.396667 21 111 11 1
0.403333 24 109 13 3
0.41 19 101 12 1
0.416667 19 108 14 0
0.423333 18 88 16 1
0.43 16 109 10 1
0.436667 18 107 17 2
0.443333 15 100 6 2
0.45 16 110 11 2
0.456667 20 108 11 2
0.463333 24 102 10 1
0.47 14 95 16 0
0.476667 12 98 11 1
0.483333 14 60 6 1
0.49 20 76 12 0
0.496667 12 67 8 2
0.503333 13 55 8 2
0.51 14 47 14 0
0.516667 16 56 12 1
0.523333 17 52 9 1
0.53 15 46 5 0
0.536667 12 48 9 3
0.543333 10 47 10 0
0.55 10 48 2 1
0.556667 10 46 9 0
0.563333 7 57 8 0
0.57 14 40 8 1
0.576667 12 51 6 0
0.583333 9 50 7 1
0.59 9 50 5 0
0.596667 10 49 8 0
0.603333 9 37 11 0
0.61 11 40 7 0
0.616667 11 38 5 1
0.623333 12 38 9 0
0.63 10 40 10 1
0.636667 11 46 6 1
0.643333 12 33 8 3
0.65 11 31 7 0
0.656667 4 26 6 1
0.663333 311 3861 310 8
0.67 0 0 0 0
0.676667 0 0 0 0
0.683333 0 0 0 0
0.69 0 0 0 0
0.696667 0 0 0 0
0.703333 0 0 0 0
0.71 0 0 0 0
0.716667 0 0 0 0
0.723333 0 0 0 0
0.73 0 0 0 0
0.736667 0 0 0 0
0.743333 0 0 0 0
0.75 0 0 0 0
0.756667 0 0 0 0
0.763333 0 0 0 0
0.77 0 0 0 0
0.776667 0 0 0 0
0.783333 0 0 0 0
0.79 0 0 0 0
0.796667 0 0 0 0
0.803333 0 0 0 0
0.81 0 0 0 0
0.816667 0 0 0 0
0.823333 0 0 0 0
0.83 0 0 0 0
0.836667 0 0 0 0
0.843333 0 0 0 0
0.85 0 0 0 0
0.856667 0 0 0 0
0.863333 0 0 0 0
0.87 0 0 0 0
0.876667 0 0 0 0
0.883333 0 0 0 0
0.89 0 0 0 0
0.896667 0 0 0 0
0.903333 0 0 0 0
0.91 0 0 0 0
0.916667 0 0 0 0
0.923333 0 0 0 0
0.93 0 0 0 0
0.936667 0 0 0 0
0.943333 0 0 0 0
0.95 0 0 0 0
0.956667 0 0 0 0
0.963333 0 0 0 0
0.97 0 0 0 0
0.976667 0 0 0 0
0.983333 0 0 0 0
0.99 0 0 0 0
0.996667 0 0 0 0
1.00333 0 0 0 0
1.01 0 0 0 0
1.01667 0 0 0 0
1.02333 0 0 0 0
1.03 0 0 0 0
1.03667 0 0 0 0
1.04333 0 0 0 0
1.05 0 0 0 0
1.05667 0 0 0 0
1.06333 0 0 0 0
1.07 0 0 0 0
1.07667 0 0 0 0
1.08333 0 0 0 0
1.09 0 0 0 0
1.09667 0 0 0 0
1.10333 0 0 0 0
1.11 0 0 0 0
1.11667 0 0 0 0
1.12333 0 0 0 0
1.13 0 0 0 0
1.13667 0 0 0 0
1.14333 0 0 0 0
1.15 0 0 0 0
1.15667 0 0 0 0
1.16333 0 0 0 0
1.17 0 0 0 0
1.17667 0 0 0 0
1.18333 0 0 0 0
1.19 0 0 0 0
1.19667 0 0 0 0
1.20333 0 0 0 0
1.21 0 0 0 0
1.21667 0 0 0 0
1.22333 0 0 0 0
1.23 0 0 0 0
1.23667 0 0 0 0
1.24333 0 0 0 0
1.25 0 0 0 0
1.25667 0 0 0 0
1.26333 0 0 0 0
1.27 0 0 0 0
1.27667 0 0 0 0
1.28333 0 0 0 0
1.29 0 0 0 0
1.29667 0 0 0 0
1.30333 0 0 0 0
1.31 0 0 0 0
1.31667 0 0 0 0
1.32333 0 0 0 0
1.33 0 0 0 0
1.33667 0 0 0 0
1.34333 0 0 0 0
1.35 0 0 0 0
1.35667 0 0 0 0
1.36333 0 0 0 0
1.37 0 0 0 0
1.37667 0 0 0 0
1.38333 0 0 0 0
1.39 0 0 0 0
1.39667 0 0 0 0
1.40333 0 0 0 0
1.41 0 0 0 0
1.41667 0 0 0 0
1.42333 0 0 0 0
1.43 0 0 0 0
1.43667 0 0 0 0
1.44333 0 0 0 0
1.45 0 0 0 0
1.45667 0 0 0 0
1.46333 0 0 0 0
1.47 0 0 0 0
1.47667 0 0 0 0
1.48333 0 0 0 0
1.49 0 0 0 0
1.49667 0 0 0 0
1.50333 0 0 0 0
1.51 0 0 0 0
1.51667 0 0 0 0
1.52333 0 0 0 0
1.53 0 0 0 0
1.53667 0 0 0 0
1.54333 0 0 0 0
1.55 0 0 0 0
1.55667 0 0 0 0
1.56333 0 0 0 0
1.57 0 0 0 0
1.57667 0 0 0 0
1.58333 0 0 0 0
1.59 0 0 0 0
1.59667 0 0 0 0
1.60333 0 0 0 0
1.61 0 0 0 0
1.61667 0 0 0 0
1.62333 0 0 0 0
1.63 0 0 0 0
1.63667 0 0 0 0
1.64333 0 0 0 0
1.65 0 0 0 0
1.65667 0 0 0 0
1.66333 0 0 0 0
1.67 0 0 0 0
1.67667 0 0 0 0
1.68333 0 0 0 0
1.69 0 0 0 0
1.69667 0 0 0 0
1.70333 0 0 0 0
1.71 0 0 0 0
1.71667 0 0 0 0
1.72333 0 0 0 0
1.73 0 0 0 0
1.73667 0 0 0 0
1.74333 0 0 0 0
1.75 0 0 0 0
1.75667 0 0 0 0
1.76333 0 0 0 0
1.77 0 0 0 0
1.77667 0 0 0 0
1.78333 0 0 0 0
1.79 0 0 0 0
1.79667 0 0 0 0
1.80333 0 0 0 0
1.81 0 0 0 0
1.81667 0 0 0 0
1.82333 0 0 0 0
1.83 0 0 0 0
1.83667 0 0 0 0
1.84333 0 0 0 0
1.85 0 0 0 0
1.85667 0 0 0 0
1.86333 0 0 0 0
1.87 0 0 0 0
1.87667 0 0 0 0
1.88333 0 0 0 0
1.89 0 0 0 0
1.89667 0 0 0 0
1.90333 0 0 0 0
1.91 0 0 0 0
1.91667 0 0 0 0
1.92333 0 0 0 0
1.93 0 0 0 0
1.93667 0 0 0 0
1.94333 0 0 0 0
1.95 0 0 0 0
1.95667 0 0 0 0
1.96333 0 0 0 0
1.97 0 0 0 0
1.97667 0 0 0 0
1.98333 0 0 0 0
1.99 0 0 0 0
1.99667 0 0 0 0
