0.00333333 11 149 11 1
0.01 16 157 16 2
0.0166667 16 170 12 0
0.0233333 19 169 11 1
0.03 16 173 7 2
0.0366667 20 187 14 0
0.0433333 25 214 11 2
0.05 48 234 20 0
0.0566667 68 278 25 2
0.0633333 48 289 24 4
0.07 60 336 19 3
0.0766667 55 334 30 5
0.0833333 56 383 39 4
0.09 62 389 23 4
0.0966667 40 345 29 4
0.103333 47 362 25 3
0.11 57 340 28 7
0.116667 69 383 32 6
0.123333 48 434 23 1
0.13 41 385 30 1
0.136667 45 416 24 7
0.143333 41 412 25 0
0.15 40 414 31 4
0.156667 36 408 23 4
0.163333 44 382 22 2
0.17 29 381 25 3
0.176667 38 386 25 1
0.183333 24 397 28 2
0.19 32 540 34 3
0.196667 36 577 26 3
0.203333 36 495 27 2
0.21 43 465 17 4
0.216667 31 425 20 1
0.223333 34 433 18 5
0.23 34 392 18 3
0.236667 29 361 16 2
0.243333 19 323 20 0
0.25 25 349 14 3
0.256667 36 302 21 5
0.263333 34 292 15 1
0.27 24 260 17 1
0.276667 26 220 18 2
0.283333 25 246 15 0
0.29 25 259 12 2
0.296667 21 232 13 0
0.303333 20 200 15 0
0.31 22 228 14 2
0.316667 20 204 7 4
0.323333 33 172 19 1
0.33 24 200 11 0
0.336667 26 198 18 1
0.343333 23 200 10 1
0.35 21 201 15 0
0.356667 14 166 10 0
0.363333 12 184 17 0
0.37 28 191 8 1
0.376667 17 179 16 4
0.383333 20 166 13 1
0.39 14 178 13 0
0.396667 14 169 8 3
0.403333 22 189 7 1
0.41 14 155 13 1
0.416667 16 178 9 1
0.423333 16 147 19 1
0.43 16 175 14 1
0.436667 19 153 11 1
0.443333 16 161 8 2
0.45 14 153 12 1
0.456667 19 159 13 2
0.463333 17 184 14 1
0.47 15 165 13 0
0.476667 20 146 13 0
0.483333 14 77 6 0
0.49 15 96 12 3
0.496667 5 82 7 2
0.503333 16 60 4 1
0.51 6 64 11 1
0.516667 13 62 13 0
0.523333 18 62 9 0
0.53 14 65 5 1
0.536667 9 68 9 3
0.543333 10 54 8 0
0.55 7 56 6 2
0.556667 10 57 6 0
0.563333 7 61 7 1
0.57 10 60 6 1
0.576667 6 67 6 0
0.583333 11 65 7 1
0.59 4 55 5 0
0.596667 11 60 12 0
0.603333 11 38 8 0
0.61 9 47 8 0
0.616667 8 46 8 0
0.623333 9 45 7 0
0.63 10 48 4 0
0.636667 14 81 8 3
0.643333 15 49 5 2
0.65 7 45 8 1
0.656667 7 37 4 0
0.663333 268 8304 313 13
0.67 0 0 0 0
0.676667 0 0 0 0
0.683333 0 0 0 0
0.69 0 0 0 0
0.696667 0 0 0 0
0.703333 0 0 0 0
0.71 0 0 0 0
0.716667 0 0 0 0
0.723333 0 0 0 0
0.73 0 0 0 0
0.736667 0 0 0 0
0.743333 0 0 0 0
0.75 0 0 0 0
0.756667 0 0 0 0
0.763333 0 0 0 0
0.77 0 0 0 0
0.776667 0 0 0 0
0.783333 0 0 0 0
0.79 0 0 0 0
0.796667 0 0 0 0
0.803333 0 0 0 0
0.81 0 0 0 0
0.816667 0 0 0 0
0.823333 0 0 0 0
0.83 0 0 0 0
0.836667 0 0 0 0
0.843333 0 0 0 0
0.85 0 0 0 0
0.856667 0 0 0 0
0.863333 0 0 0 0
0.87 0 0 0 0
0.876667 0 0 0 0
0.883333 0 0 0 0
0.89 0 0 0 0
0.896667 0 0 0 0
0.903333 0 0 0 0
0.91 0 0 0 0
0.916667 0 0 0 0
0.923333 0 0 0 0
0.93 0 0 0 0
0.936667 0 0 0 0
0.943333 0 0 0 0
0.95 0 0 0 0
0.956667 0 0 0 0
0.963333 0 0 0 0
0.97 0 0 0 0
0.976667 0 0 0 0
0.983333 0 0 0 0
0.99 0 0 0 0
0.996667 0 0 0 0
1.00333 0 0 0 0
1.01 0 0 0 0
1.01667 0 0 0 0
1.02333 0 0 0 0
1.03 0 0 0 0
1.03667 0 0 0 0
1.04333 0 0 0 0
1.05 0 0 0 0
1.05667 0 0 0 0
1.06333 0 0 0 0
1.07 0 0 0 0
1.07667 0 0 0 0
1.08333 0 0 0 0
1.09 0 0 0 0
1.09667 0 0 0 0
1.10333 0 0 0 0
1.11 0 0 0 0
1.11667 0 0 0 0
1.12333 0 0 0 0
1.13 0 0 0 0
1.13667 0 0 0 0
1.14333 0 0 0 0
1.15 0 0 0 0
1.15667 0 0 0 0
1.16333 0 0 0 0
1.17 0 0 0 0
1.17667 0 0 0 0
1.18333 0 0 0 0
1.19 0 0 0 0
1.19667 0 0 0 0
1.20333 0 0 0 0
1.21 0 0 0 0
1.21667 0 0 0 0
1.22333 0 0 0 0
1.23 0 0 0 0
1.23667 0 0 0 0
1.24333 0 0 0 0
1.25 0 0 0 0
1.25667 0 0 0 0
1.26333 0 0 0 0
1.27 0 0 0 0
1.27667 0 0 0 0
1.28333 0 0 0 0
1.29 0 0 0 0
1.29667 0 0 0 0
1.30333 0 0 0 0
1.31 0 0 0 0
1.31667 0 0 0 0
1.32333 0 0 0 0
1.33 0 0 0 0
1.33667 0 0 0 0
1.34333 0 0 0 0
1.35 0 0 0 0
1.35667 0 0 0 0
1.36333 0 0 0 0
1.37 0 0 0 0
1.37667 0 0 0 0
1.38333 0 0 0 0
1.39 0 0 0 0
1.39667 0 0 0 0
1.40333 0 0 0 0
1.41 0 0 0 0
1.41667 0 0 0 0
1.42333 0 0 0 0
1.43 0 0 0 0
1.43667 0 0 0 0
1.44333 0 0 0 0
1.45 0 0 0 0
1.45667 0 0 0 0
1.46333 0 0 0 0
1.47 0 0 0 0
1.47667 0 0 0 0
1.48333 0 0 0 0
1.49 0 0 0 0
1.49667 0 0 0 0
1.50333 0 0 0 0
1.51 0 0 0 0
1.51667 0 0 0 0
1.52333 0 0 0 0
1.53 0 0 0 0
1.53667 0 0 0 0
1.54333 0 0 0 0
1.55 0 0 0 0
1.55667 0 0 0 0
1.56333 0 0 0 0
1.57 0 0 0 0
1.57667 0 0 0 0
1.58333 0 0 0 0
1.59 0 0 0 0
1.59667 0 0 0 0
1.60333 0 0 0 0
1.61 0 0 0 0
1.61667 0 0 0 0
1.62333 0 0 0 0
1.63 0 0 0 0
1.63667 0 0 0 0
1.64333 0 0 0 0
1.65 0 0 0 0
1.65667 0 0 0 0
1.66333 0 0 0 0
1.67 0 0 0 0
1.67667 0 0 0 0
1.68333 0 0 0 0
1.69 0 0 0 0
1.69667 0 0 0 0
1.70333 0 0 0 0
1.71 0 0 0 0
1.71667 0 0 0 0
1.72333 0 0 0 0
1.73 0 0 0 0
1.73667 0 0 0 0
1.74333 0 0 0 0
1.75 0 0 0 0
1.75667 0 0 0 0
1.76333 0 0 0 0
1.77 0 0 0 0
1.77667 0 0 0 0
1.78333 0 0 0 0
1.79 0 0 0 0
1.79667 0 0 0 0
1.80333 0 0 0 0
1.81 0 0 0 0
1.81667 0 0 0 0
1.82333 0 0 0 0
1.83 0 0 0 0
1.83667 0 0 0 0
1.84333 0 0 0 0
1.85 0 0 0 0
1.85667 0 0 0 0
1.86333 0 0 0 0
1.87 0 0 0 0
1.87667 0 0 0 0
1.88333 0 0 0 0
1.89 0 0 0 0
1.89667 0 0 0 0
1.90333 0 0 0 0
1.91 0 0 0 0
1.91667 0 0 0 0
1.92333 0 0 0 0
1.93 0 0 0 0
1.93667 0 0 0 0
1.94333 0 0 0 0
1.95 0 0 0 0
1.95667 0 0 0 0
1.96333 0 0 0 0
1.97 0 0 0 0
1.97667 0 0 0 0
1.98333 0 0 0 0
1.99 0 0 0 0
1.99667 0 0 0 0
