0.00333333 9 67 11 4
0.01 5 52 15 6
0.0166667 13 69 15 7
0.0233333 5 80 20 3
0.03 14 75 16 6
0.0366667 11 89 21 11
0.0433333 23 101 42 15
0.05 25 102 38 15
0.0566667 19 121 51 24
0.0633333 36 133 40 17
0.07 31 159 61 19
0.0766667 21 167 51 18
0.0833333 23 163 68 18
0.09 23 143 53 16
0.0966667 32 165 57 16
0.103333 34 183 60 17
0.11 28 154 53 18
0.116667 19 193 52 16
0.123333 25 179 45 20
0.13 20 182 42 18
0.136667 21 159 38 18
0.143333 23 180 54 22
0.15 33 140 49 8
0.156667 23 180 48 18
0.163333 22 153 51 12
0.17 20 144 35 8
0.176667 19 145 50 16
0.183333 23 184 43 15
0.19 20 239 39 24
0.196667 24 228 40 19
0.203333 25 185 28 19
0.21 23 175 44 15
0.216667 22 154 28 9
0.223333 21 139 18 20
0.23 14 157 26 15
0.236667 16 118 28 11
0.243333 12 126 28 9
0.25 15 136 31 9
0.256667 22 107 37 5
0.263333 17 121 29 16
0.27 15 108 30 8
0.276667 15 109 30 6
0.283333 20 105 18 8
0.29 23 108 20 7
0.296667 13 109 19 8
0.303333 12 95 21 9
0.31 10 96 29 9
0.316667 19 86 24 12
0.323333 12 99 15 6
0.33 16 90 17 8
0.336667 15 91 20 6
0.343333 11 96 17 7
0.35 5 84 28 13
0.356667 12 68 20 11
0.363333 9 68 15 9
0.37 12 62 21 8
0.376667 16 65 14 11
0.383333 9 78 19 5
0.39 12 79 16 3
0.396667 4 72 15 7
0.403333 5 94 18 6
0.41 11 66 18 7
0.416667 11 81 20 6
0.423333 22 76 18 7
0.43 9 65 14 4
0.436667 5 59 12 11
0.443333 9 75 23 11
0.45 10 79 14 9
0.456667 11 74 19 4
0.463333 9 72 21 8
0.47 11 83 21 9
0.476667 12 65 16 9
0.483333 5 38 8 4
0.49 10 39 10 3
0.496667 6 37 11 7
0.503333 5 32 16 5
0.51 5 28 8 6
0.516667 3 42 10 4
0.523333 6 27 11 6
0.53 4 27 8 5
0.536667 9 29 9 3
0.543333 8 22 11 4
0.55 5 31 13 3
0.556667 7 31 9 4
0.563333 7 23 11 6
0.57 2 24 9 3
0.576667 4 29 11 6
0.583333 9 25 12 6
0.59 3 21 10 4
0.596667 4 16 9 5
0.603333 5 16 10 4
0.61 11 20 12 6
0.616667 3 22 7 4
0.623333 11 21 9 6
0.63 8 29 5 3
0.636667 4 24 12 9
0.643333 5 19 10 5
0.65 6 18 7 6
0.656667 2 20 12 8
0.663333 263 3130 316 175
0.67 0 0 0 0
0.676667 0 0 0 0
0.683333 0 0 0 0
0.69 0 0 0 0
0.696667 0 0 0 0
0.703333 0 0 0 0
0.71 0 0 0 0
0.716667 0 0 0 0
0.723333 0 0 0 0
0.73 0 0 0 0
0.736667 0 0 0 0
0.743333 0 0 0 0
0.75 0 0 0 0
0.756667 0 0 0 0
0.763333 0 0 0 0
0.77 0 0 0 0
0.776667 0 0 0 0
0.783333 0 0 0 0
0.79 0 0 0 0
0.796667 0 0 0 0
0.803333 0 0 0 0
0.81 0 0 0 0
0.816667 0 0 0 0
0.823333 0 0 0 0
0.83 0 0 0 0
0.836667 0 0 0 0
0.843333 0 0 0 0
0.85 0 0 0 0
0.856667 0 0 0 0
0.863333 0 0 0 0
0.87 0 0 0 0
0.876667 0 0 0 0
0.883333 0 0 0 0
0.89 0 0 0 0
0.896667 0 0 0 0
0.903333 0 0 0 0
0.91 0 0 0 0
0.916667 0 0 0 0
0.923333 0 0 0 0
0.93 0 0 0 0
0.936667 0 0 0 0
0.943333 0 0 0 0
0.95 0 0 0 0
0.956667 0 0 0 0
0.963333 0 0 0 0
0.97 0 0 0 0
0.976667 0 0 0 0
0.983333 0 0 0 0
0.99 0 0 0 0
0.996667 0 0 0 0
1.00333 0 0 0 0
1.01 0 0 0 0
1.01667 0 0 0 0
1.02333 0 0 0 0
1.03 0 0 0 0
1.03667 0 0 0 0
1.04333 0 0 0 0
1.05 0 0 0 0
1.05667 0 0 0 0
1.06333 0 0 0 0
1.07 0 0 0 0
1.07667 0 0 0 0
1.08333 0 0 0 0
1.09 0 0 0 0
1.09667 0 0 0 0
1.10333 0 0 0 0
1.11 0 0 0 0
1.11667 0 0 0 0
1.12333 0 0 0 0
1.13 0 0 0 0
1.13667 0 0 0 0
1.14333 0 0 0 0
1.15 0 0 0 0
1.15667 0 0 0 0
1.16333 0 0 0 0
1.17 0 0 0 0
1.17667 0 0 0 0
1.18333 0 0 0 0
1.19 0 0 0 0
1.19667 0 0 0 0
1.20333 0 0 0 0
1.21 0 0 0 0
1.21667 0 0 0 0
1.22333 0 0 0 0
1.23 0 0 0 0
1.23667 0 0 0 0
1.24333 0 0 0 0
1.25 0 0 0 0
1.25667 0 0 0 0
1.26333 0 0 0 0
1.27 0 0 0 0
1.27667 0 0 0 0
1.28333 0 0 0 0
1.29 0 0 0 0
1.29667 0 0 0 0
1.30333 0 0 0 0
1.31 0 0 0 0
1.31667 0 0 0 0
1.32333 0 0 0 0
1.33 0 0 0 0
1.33667 0 0 0 0
1.34333 0 0 0 0
1.35 0 0 0 0
1.35667 0 0 0 0
1.36333 0 0 0 0
1.37 0 0 0 0
1.37667 0 0 0 0
1.38333 0 0 0 0
1.39 0 0 0 0
1.39667 0 0 0 0
1.40333 0 0 0 0
1.41 0 0 0 0
1.41667 0 0 0 0
1.42333 0 0 0 0
1.43 0 0 0 0
1.43667 0 0 0 0
1.44333 0 0 0 0
1.45 0 0 0 0
1.45667 0 0 0 0
1.46333 0 0 0 0
1.47 0 0 0 0
1.47667 0 0 0 0
1.48333 0 0 0 0
1.49 0 0 0 0
1.49667 0 0 0 0
1.50333 0 0 0 0
1.51 0 0 0 0
1.51667 0 0 0 0
1.52333 0 0 0 0
1.53 0 0 0 0
1.53667 0 0 0 0
1.54333 0 0 0 0
1.55 0 0 0 0
1.55667 0 0 0 0
1.56333 0 0 0 0
1.57 0 0 0 0
1.57667 0 0 0 0
1.58333 0 0 0 0
1.59 0 0 0 0
1.59667 0 0 0 0
1.60333 0 0 0 0
1.61 0 0 0 0
1.61667 0 0 0 0
1.62333 0 0 0 0
1.63 0 0 0 0
1.63667 0 0 0 0
1.64333 0 0 0 0
1.65 0 0 0 0
1.65667 0 0 0 0
1.66333 0 0 0 0
1.67 0 0 0 0
1.67667 0 0 0 0
1.68333 0 0 0 0
1.69 0 0 0 0
1.69667 0 0 0 0
1.70333 0 0 0 0
1.71 0 0 0 0
1.71667 0 0 0 0
1.72333 0 0 0 0
1.73 0 0 0 0
1.73667 0 0 0 0
1.74333 0 0 0 0
1.75 0 0 0 0
1.75667 0 0 0 0
1.76333 0 0 0 0
1.77 0 0 0 0
1.77667 0 0 0 0
1.78333 0 0 0 0
1.79 0 0 0 0
1.79667 0 0 0 0
1.80333 0 0 0 0
1.81 0 0 0 0
1.81667 0 0 0 0
1.82333 0 0 0 0
1.83 0 0 0 0
1.83667 0 0 0 0
1.84333 0 0 0 0
1.85 0 0 0 0
1.85667 0 0 0 0
1.86333 0 0 0 0
1.87 0 0 0 0
1.87667 0 0 0 0
1.88333 0 0 0 0
1.89 0 0 0 0
1.89667 0 0 0 0
1.90333 0 0 0 0
1.91 0 0 0 0
1.91667 0 0 0 0
1.92333 0 0 0 0
1.93 0 0 0 0
1.93667 0 0 0 0
1.94333 0 0 0 0
1.95 0 0 0 0
1.95667 0 0 0 0
1.96333 0 0 0 0
1.97 0 0 0 0
1.97667 0 0 0 0
1.98333 0 0 0 0
1.99 0 0 0 0
1.99667 0 0 0 0
