0.00333333 70 74 4 6
0.01 71 75 3 5
0.0166667 71 89 1 5
0.0233333 69 79 9 5
0.03 63 100 4 4
0.0366667 91 123 6 2
0.0433333 85 148 10 4
0.05 119 145 7 6
0.0566667 131 178 13 7
0.0633333 129 217 8 9
0.07 136 208 18 3
0.0766667 136 230 7 22
0.0833333 175 227 11 6
0.09 151 237 13 8
0.0966667 136 243 12 4
0.103333 141 212 10 13
0.11 168 262 13 15
0.116667 184 256 12 9
0.123333 157 268 10 11
0.13 150 258 5 9
0.136667 128 242 6 9
0.143333 152 220 13 9
0.15 167 237 12 7
0.156667 151 206 4 6
0.163333 150 229 9 10
0.17 155 230 5 15
0.176667 143 194 7 7
0.183333 177 219 8 11
0.19 212 249 9 13
0.196667 194 270 8 21
0.203333 210 232 11 13
0.21 185 237 8 12
0.216667 144 246 8 5
0.223333 150 197 9 10
0.23 127 209 2 3
0.236667 142 201 9 12
0.243333 106 179 3 10
0.25 125 160 6 7
0.256667 114 191 5 7
0.263333 105 160 6 9
0.27 97 148 4 11
0.276667 92 151 1 9
0.283333 83 142 8 3
0.29 107 134 4 9
0.296667 89 118 3 4
0.303333 98 127 5 7
0.31 90 129 10 6
0.316667 95 101 4 8
0.323333 75 126 3 10
0.33 85 114 6 11
0.336667 81 116 3 4
0.343333 80 115 2 6
0.35 85 138 8 3
0.356667 68 94 4 4
0.363333 73 102 2 5
0.37 72 96 1 14
0.376667 67 120 3 7
0.383333 77 99 6 3
0.39 90 101 1 7
0.396667 77 90 10 5
0.403333 63 91 3 4
0.41 67 96 2 4
0.416667 63 90 5 5
0.423333 68 89 3 6
0.43 82 86 5 7
0.436667 66 80 5 8
0.443333 62 103 4 9
0.45 63 96 5 10
0.456667 65 100 4 9
0.463333 60 98 6 4
0.47 84 85 2 6
0.476667 51 93 2 3
0.483333 39 56 3 3
0.49 41 56 1 5
0.496667 35 41 3 2
0.503333 38 57 5 2
0.51 41 51 5 4
0.516667 28 49 2 3
0.523333 30 58 1 4
0.53 34 44 4 5
0.536667 35 47 2 3
0.543333 20 41 2 4
0.55 22 44 4 4
0.556667 22 36 2 1
0.563333 25 45 0 3
0.57 27 42 5 1
0.576667 21 39 3 0
0.583333 27 41 4 4
0.59 20 46 2 3
0.596667 23 41 2 6
0.603333 23 49 2 3
0.61 22 33 2 2
0.616667 24 48 1 2
0.623333 18 26 2 1
0.63 24 31 1 1
0.636667 32 56 0 4
0.643333 20 22 0 4
0.65 11 24 1 3
0.656667 13 30 2 5
0.663333 3024 3528 52 253
0.67 0 0 0 0
0.676667 0 0 0 0
0.683333 0 0 0 0
0.69 0 0 0 0
0.696667 0 0 0 0
0.703333 0 0 0 0
0.71 0 0 0 0
0.716667 0 0 0 0
0.723333 0 0 0 0
0.73 0 0 0 0
0.736667 0 0 0 0
0.743333 0 0 0 0
0.75 0 0 0 0
0.756667 0 0 0 0
0.763333 0 0 0 0
0.77 0 0 0 0
0.776667 0 0 0 0
0.783333 0 0 0 0
0.79 0 0 0 0
0.796667 0 0 0 0
0.803333 0 0 0 0
0.81 0 0 0 0
0.816667 0 0 0 0
0.823333 0 0 0 0
0.83 0 0 0 0
0.836667 0 0 0 0
0.843333 0 0 0 0
0.85 0 0 0 0
0.856667 0 0 0 0
0.863333 0 0 0 0
0.87 0 0 0 0
0.876667 0 0 0 0
0.883333 0 0 0 0
0.89 0 0 0 0
0.896667 0 0 0 0
0.903333 0 0 0 0
0.91 0 0 0 0
0.916667 0 0 0 0
0.923333 0 0 0 0
0.93 0 0 0 0
0.936667 0 0 0 0
0.943333 0 0 0 0
0.95 0 0 0 0
0.956667 0 0 0 0
0.963333 0 0 0 0
0.97 0 0 0 0
0.976667 0 0 0 0
0.983333 0 0 0 0
0.99 0 0 0 0
0.996667 0 0 0 0
1.00333 0 0 0 0
1.01 0 0 0 0
1.01667 0 0 0 0
1.02333 0 0 0 0
1.03 0 0 0 0
1.03667 0 0 0 0
1.04333 0 0 0 0
1.05 0 0 0 0
1.05667 0 0 0 0
1.06333 0 0 0 0
1.07 0 0 0 0
1.07667 0 0 0 0
1.08333 0 0 0 0
1.09 0 0 0 0
1.09667 0 0 0 0
1.10333 0 0 0 0
1.11 0 0 0 0
1.11667 0 0 0 0
1.12333 0 0 0 0
1.13 0 0 0 0
1.13667 0 0 0 0
1.14333 0 0 0 0
1.15 0 0 0 0
1.15667 0 0 0 0
1.16333 0 0 0 0
1.17 0 0 0 0
1.17667 0 0 0 0
1.18333 0 0 0 0
1.19 0 0 0 0
1.19667 0 0 0 0
1.20333 0 0 0 0
1.21 0 0 0 0
1.21667 0 0 0 0
1.22333 0 0 0 0
1.23 0 0 0 0
1.23667 0 0 0 0
1.24333 0 0 0 0
1.25 0 0 0 0
1.25667 0 0 0 0
1.26333 0 0 0 0
1.27 0 0 0 0
1.27667 0 0 0 0
1.28333 0 0 0 0
1.29 0 0 0 0
1.29667 0 0 0 0
1.30333 0 0 0 0
1.31 0 0 0 0
1.31667 0 0 0 0
1.32333 0 0 0 0
1.33 0 0 0 0
1.33667 0 0 0 0
1.34333 0 0 0 0
1.35 0 0 0 0
1.35667 0 0 0 0
1.36333 0 0 0 0
1.37 0 0 0 0
1.37667 0 0 0 0
1.38333 0 0 0 0
1.39 0 0 0 0
1.39667 0 0 0 0
1.40333 0 0 0 0
1.41 0 0 0 0
1.41667 0 0 0 0
1.42333 0 0 0 0
1.43 0 0 0 0
1.43667 0 0 0 0
1.44333 0 0 0 0
1.45 0 0 0 0
1.45667 0 0 0 0
1.46333 0 0 0 0
1.47 0 0 0 0
1.47667 0 0 0 0
1.48333 0 0 0 0
1.49 0 0 0 0
1.49667 0 0 0 0
1.50333 0 0 0 0
1.51 0 0 0 0
1.51667 0 0 0 0
1.52333 0 0 0 0
1.53 0 0 0 0
1.53667 0 0 0 0
1.54333 0 0 0 0
1.55 0 0 0 0
1.55667 0 0 0 0
1.56333 0 0 0 0
1.57 0 0 0 0
1.57667 0 0 0 0
1.58333 0 0 0 0
1.59 0 0 0 0
1.59667 0 0 0 0
1.60333 0 0 0 0
1.61 0 0 0 0
1.61667 0 0 0 0
1.62333 0 0 0 0
1.63 0 0 0 0
1.63667 0 0 0 0
1.64333 0 0 0 0
1.65 0 0 0 0
1.65667 0 0 0 0
1.66333 0 0 0 0
1.67 0 0 0 0
1.67667 0 0 0 0
1.68333 0 0 0 0
1.69 0 0 0 0
1.69667 0 0 0 0
1.70333 0 0 0 0
1.71 0 0 0 0
1.71667 0 0 0 0
1.72333 0 0 0 0
1.73 0 0 0 0
1.73667 0 0 0 0
1.74333 0 0 0 0
1.75 0 0 0 0
1.75667 0 0 0 0
1.76333 0 0 0 0
1.77 0 0 0 0
1.77667 0 0 0 0
1.78333 0 0 0 0
1.79 0 0 0 0
1.79667 0 0 0 0
1.80333 0 0 0 0
1.81 0 0 0 0
1.81667 0 0 0 0
1.82333 0 0 0 0
1.83 0 0 0 0
1.83667 0 0 0 0
1.84333 0 0 0 0
1.85 0 0 0 0
1.85667 0 0 0 0
1.86333 0 0 0 0
1.87 0 0 0 0
1.87667 0 0 0 0
1.88333 0 0 0 0
1.89 0 0 0 0
1.89667 0 0 0 0
1.90333 0 0 0 0
1.91 0 0 0 0
1.91667 0 0 0 0
1.92333 0 0 0 0
1.93 0 0 0 0
1.93667 0 0 0 0
1.94333 0 0 0 0
1.95 0 0 0 0
1.95667 0 0 0 0
1.96333 0 0 0 0
1.97 0 0 0 0
1.97667 0 0 0 0
1.98333 0 0 0 0
1.99 0 0 0 0
1.99667 0 0 0 0
