0.00333333 13 130 5 0
0.01 20 120 7 3
0.0166667 20 156 11 0
0.0233333 27 154 8 1
0.03 29 177 9 3
0.0366667 26 180 9 6
0.0433333 52 224 19 2
0.05 52 248 21 0
0.0566667 53 290 23 2
0.0633333 70 324 30 10
0.07 88 358 29 7
0.0766667 76 362 37 2
0.0833333 79 397 47 3
0.09 77 385 34 6
0.0966667 64 388 28 8
0.103333 73 379 23 6
0.11 83 374 32 8
0.116667 72 426 33 6
0.123333 64 407 28 3
0.13 58 412 28 4
0.136667 60 413 22 6
0.143333 72 419 29 5
0.15 53 398 30 3
0.156667 62 384 25 4
0.163333 52 377 23 4
0.17 59 370 28 6
0.176667 48 398 24 1
0.183333 50 374 17 1
0.19 46 488 24 3
0.196667 58 461 23 3
0.203333 48 444 26 2
0.21 44 422 12 4
0.216667 35 345 30 7
0.223333 45 358 21 3
0.23 42 387 20 3
0.236667 37 316 22 2
0.243333 43 285 21 1
0.25 43 280 16 3
0.256667 32 299 9 3
0.263333 35 256 13 5
0.27 47 255 20 3
0.276667 40 210 18 1
0.283333 37 211 15 3
0.29 27 217 12 2
0.296667 24 234 20 4
0.303333 30 204 8 4
0.31 27 198 15 0
0.316667 20 185 12 3
0.323333 41 181 20 2
0.33 30 190 14 1
0.336667 31 195 14 1
0.343333 24 176 18 5
0.35 25 172 14 2
0.356667 15 149 12 0
0.363333 17 167 13 1
0.37 21 162 18 3
0.376667 29 138 11 4
0.383333 9 148 11 3
0.39 25 130 7 2
0.396667 28 157 10 0
0.403333 25 167 7 4
0.41 23 157 10 6
0.416667 17 132 7 3
0.423333 19 133 11 0
0.43 28 140 12 0
0.436667 16 135 21 2
0.443333 16 146 13 4
0.45 28 171 10 3
0.456667 20 159 12 3
0.463333 18 157 20 0
0.47 19 157 8 1
0.476667 16 114 13 2
0.483333 16 66 7 0
0.49 15 92 9 0
0.496667 9 73 10 1
0.503333 14 82 7 1
0.51 16 59 12 1
0.516667 11 61 12 0
0.523333 14 66 9 1
0.53 14 47 4 1
0.536667 9 50 4 1
0.543333 14 67 8 1
0.55 19 61 7 2
0.556667 9 48 4 2
0.563333 10 59 7 2
0.57 13 51 4 1
0.576667 11 79 1 1
0.583333 15 52 4 3
0.59 6 67 7 1
0.596667 11 58 5 1
0.603333 10 54 3 2
0.61 10 56 4 0
0.616667 11 56 5 2
0.623333 6 48 8 3
0.63 11 47 6 1
0.636667 12 53 6 2
0.643333 18 43 7 4
0.65 9 57 5 1
0.656667 11 55 5 1
0.663333 353 6284 243 22
0.67 0 0 0 0
0.676667 0 0 0 0
0.683333 0 0 0 0
0.69 0 0 0 0
0.696667 0 0 0 0
0.703333 0 0 0 0
0.71 0 0 0 0
0.716667 0 0 0 0
0.723333 0 0 0 0
0.73 0 0 0 0
0.736667 0 0 0 0
0.743333 0 0 0 0
0.75 0 0 0 0
0.756667 0 0 0 0
0.763333 0 0 0 0
0.77 0 0 0 0
0.776667 0 0 0 0
0.783333 0 0 0 0
0.79 0 0 0 0
0.796667 0 0 0 0
0.803333 0 0 0 0
0.81 0 0 0 0
0.816667 0 0 0 0
0.823333 0 0 0 0
0.83 0 0 0 0
0.836667 0 0 0 0
0.843333 0 0 0 0
0.85 0 0 0 0
0.856667 0 0 0 0
0.863333 0 0 0 0
0.87 0 0 0 0
0.876667 0 0 0 0
0.883333 0 0 0 0
0.89 0 0 0 0
0.896667 0 0 0 0
0.903333 0 0 0 0
0.91 0 0 0 0
0.916667 0 0 0 0
0.923333 0 0 0 0
0.93 0 0 0 0
0.936667 0 0 0 0
0.943333 0 0 0 0
0.95 0 0 0 0
0.956667 0 0 0 0
0.963333 0 0 0 0
0.97 0 0 0 0
0.976667 0 0 0 0
0.983333 0 0 0 0
0.99 0 0 0 0
0.996667 0 0 0 0
1.00333 0 0 0 0
1.01 0 0 0 0
1.01667 0 0 0 0
1.02333 0 0 0 0
1.03 0 0 0 0
1.03667 0 0 0 0
1.04333 0 0 0 0
1.05 0 0 0 0
1.05667 0 0 0 0
1.06333 0 0 0 0
1.07 0 0 0 0
1.07667 0 0 0 0
1.08333 0 0 0 0
1.09 0 0 0 0
1.09667 0 0 0 0
1.10333 0 0 0 0
1.11 0 0 0 0
1.11667 0 0 0 0
1.12333 0 0 0 0
1.13 0 0 0 0
1.13667 0 0 0 0
1.14333 0 0 0 0
1.15 0 0 0 0
1.15667 0 0 0 0
1.16333 0 0 0 0
1.17 0 0 0 0
1.17667 0 0 0 0
1.18333 0 0 0 0
1.19 0 0 0 0
1.19667 0 0 0 0
1.20333 0 0 0 0
1.21 0 0 0 0
1.21667 0 0 0 0
1.22333 0 0 0 0
1.23 0 0 0 0
1.23667 0 0 0 0
1.24333 0 0 0 0
1.25 0 0 0 0
1.25667 0 0 0 0
1.26333 0 0 0 0
1.27 0 0 0 0
1.27667 0 0 0 0
1.28333 0 0 0 0
1.29 0 0 0 0
1.29667 0 0 0 0
1.30333 0 0 0 0
1.31 0 0 0 0
1.31667 0 0 0 0
1.32333 0 0 0 0
1.33 0 0 0 0
1.33667 0 0 0 0
1.34333 0 0 0 0
1.35 0 0 0 0
1.35667 0 0 0 0
1.36333 0 0 0 0
1.37 0 0 0 0
1.37667 0 0 0 0
1.38333 0 0 0 0
1.39 0 0 0 0
1.39667 0 0 0 0
1.40333 0 0 0 0
1.41 0 0 0 0
1.41667 0 0 0 0
1.42333 0 0 0 0
1.43 0 0 0 0
1.43667 0 0 0 0
1.44333 0 0 0 0
1.45 0 0 0 0
1.45667 0 0 0 0
1.46333 0 0 0 0
1.47 0 0 0 0
1.47667 0 0 0 0
1.48333 0 0 0 0
1.49 0 0 0 0
1.49667 0 0 0 0
1.50333 0 0 0 0
1.51 0 0 0 0
1.51667 0 0 0 0
1.52333 0 0 0 0
1.53 0 0 0 0
1.53667 0 0 0 0
1.54333 0 0 0 0
1.55 0 0 0 0
1.55667 0 0 0 0
1.56333 0 0 0 0
1.57 0 0 0 0
1.57667 0 0 0 0
1.58333 0 0 0 0
1.59 0 0 0 0
1.59667 0 0 0 0
1.60333 0 0 0 0
1.61 0 0 0 0
1.61667 0 0 0 0
1.62333 0 0 0 0
1.63 0 0 0 0
1.63667 0 0 0 0
1.64333 0 0 0 0
1.65 0 0 0 0
1.65667 0 0 0 0
1.66333 0 0 0 0
1.67 0 0 0 0
1.67667 0 0 0 0
1.68333 0 0 0 0
1.69 0 0 0 0
1.69667 0 0 0 0
1.70333 0 0 0 0
1.71 0 0 0 0
1.71667 0 0 0 0
1.72333 0 0 0 0
1.73 0 0 0 0
1.73667 0 0 0 0
1.74333 0 0 0 0
1.75 0 0 0 0
1.75667 0 0 0 0
1.76333 0 0 0 0
1.77 0 0 0 0
1.77667 0 0 0 0
1.78333 0 0 0 0
1.79 0 0 0 0
1.79667 0 0 0 0
1.80333 0 0 0 0
1.81 0 0 0 0
1.81667 0 0 0 0
1.82333 0 0 0 0
1.83 0 0 0 0
1.83667 0 0 0 0
1.84333 0 0 0 0
1.85 0 0 0 0
1.85667 0 0 0 0
1.86333 0 0 0 0
1.87 0 0 0 0
1.87667 0 0 0 0
1.88333 0 0 0 0
1.89 0 0 0 0
1.89667 0 0 0 0
1.90333 0 0 0 0
1.91 0 0 0 0
1.91667 0 0 0 0
1.92333 0 0 0 0
1.93 0 0 0 0
1.93667 0 0 0 0
1.94333 0 0 0 0
1.95 0 0 0 0
1.95667 0 0 0 0
1.96333 0 0 0 0
1.97 0 0 0 0
1.97667 0 0 0 0
1.98333 0 0 0 0
1.99 0 0 0 0
1.99667 0 0 0 0
