0.00333333 7 43 25 3
0.01 8 51 17 4
0.0166667 17 65 21 6
0.0233333 17 57 21 1
0.03 14 71 24 2
0.0366667 17 71 37 2
0.0433333 29 111 38 6
0.05 31 142 42 3
0.0566667 44 171 59 13
0.0633333 48 200 60 8
0.07 39 199 66 11
0.0766667 46 201 77 11
0.0833333 52 186 67 11
0.09 42 188 67 15
0.0966667 39 190 61 14
0.103333 45 203 59 8
0.11 40 205 62 9
0.116667 48 198 78 11
0.123333 35 207 73 6
0.13 31 190 65 4
0.136667 28 178 59 11
0.143333 29 184 68 3
0.15 30 160 68 5
0.156667 24 129 75 10
0.163333 21 116 65 6
0.17 33 160 62 8
0.176667 29 140 62 3
0.183333 28 148 59 10
0.19 17 137 63 7
0.196667 29 143 54 10
0.203333 18 144 59 4
0.21 32 153 60 9
0.216667 17 117 47 5
0.223333 27 113 51 6
0.23 21 126 44 6
0.236667 21 119 43 8
0.243333 20 115 35 4
0.25 16 122 39 7
0.256667 17 108 48 5
0.263333 26 100 41 4
0.27 19 101 35 8
0.276667 18 91 36 6
0.283333 14 99 35 6
0.29 16 92 27 2
0.296667 13 90 29 8
0.303333 12 91 24 2
0.31 17 84 31 4
0.316667 18 74 30 3
0.323333 12 86 25 3
0.33 12 84 32 5
0.336667 12 58 32 1
0.343333 10 64 25 1
0.35 17 76 38 2
0.356667 11 71 29 6
0.363333 12 62 26 3
0.37 7 70 23 4
0.376667 11 47 29 3
0.383333 15 74 34 1
0.39 5 61 34 3
0.396667 17 63 19 5
0.403333 9 54 21 2
0.41 13 54 31 3
0.416667 14 59 23 1
0.423333 10 62 30 4
0.43 12 46 23 1
0.436667 5 46 21 2
0.443333 8 49 15 4
0.45 15 53 30 4
0.456667 11 47 19 8
0.463333 7 65 26 0
0.47 10 58 20 4
0.476667 11 52 19 1
0.483333 10 36 15 1
0.49 9 36 14 2
0.496667 7 17 10 2
0.503333 6 24 15 3
0.51 7 28 16 1
0.516667 8 31 14 3
0.523333 5 33 8 1
0.53 5 37 6 2
0.536667 13 26 9 6
0.543333 9 28 18 1
0.55 7 23 13 1
0.556667 9 24 11 2
0.563333 8 24 17 2
0.57 7 34 11 4
0.576667 6 20 15 3
0.583333 3 22 11 3
0.59 2 29 11 1
0.596667 1 23 12 1
0.603333 2 23 8 0
0.61 1 30 13 1
0.616667 7 27 13 1
0.623333 6 25 15 1
0.63 9 32 8 2
0.636667 6 29 12 1
0.643333 2 23 9 3
0.65 2 26 7 2
0.656667 6 29 11 0
0.663333 182 1410 616 27
0.67 0 0 0 0
0.676667 0 0 0 0
0.683333 0 0 0 0
0.69 0 0 0 0
0.696667 0 0 0 0
0.703333 0 0 0 0
0.71 0 0 0 0
0.716667 0 0 0 0
0.723333 0 0 0 0
0.73 0 0 0 0
0.736667 0 0 0 0
0.743333 0 0 0 0
0.75 0 0 0 0
0.756667 0 0 0 0
0.763333 0 0 0 0
0.77 0 0 0 0
0.776667 0 0 0 0
0.783333 0 0 0 0
0.79 0 0 0 0
0.796667 0 0 0 0
0.803333 0 0 0 0
0.81 0 0 0 0
0.816667 0 0 0 0
0.823333 0 0 0 0
0.83 0 0 0 0
0.836667 0 0 0 0
0.843333 0 0 0 0
0.85 0 0 0 0
0.856667 0 0 0 0
0.863333 0 0 0 0
0.87 0 0 0 0
0.876667 0 0 0 0
0.883333 0 0 0 0
0.89 0 0 0 0
0.896667 0 0 0 0
0.903333 0 0 0 0
0.91 0 0 0 0
0.916667 0 0 0 0
0.923333 0 0 0 0
0.93 0 0 0 0
0.936667 0 0 0 0
0.943333 0 0 0 0
0.95 0 0 0 0
0.956667 0 0 0 0
0.963333 0 0 0 0
0.97 0 0 0 0
0.976667 0 0 0 0
0.983333 0 0 0 0
0.99 0 0 0 0
0.996667 0 0 0 0
1.00333 0 0 0 0
1.01 0 0 0 0
1.01667 0 0 0 0
1.02333 0 0 0 0
1.03 0 0 0 0
1.03667 0 0 0 0
1.04333 0 0 0 0
1.05 0 0 0 0
1.05667 0 0 0 0
1.06333 0 0 0 0
1.07 0 0 0 0
1.07667 0 0 0 0
1.08333 0 0 0 0
1.09 0 0 0 0
1.09667 0 0 0 0
1.10333 0 0 0 0
1.11 0 0 0 0
1.11667 0 0 0 0
1.12333 0 0 0 0
1.13 0 0 0 0
1.13667 0 0 0 0
1.14333 0 0 0 0
1.15 0 0 0 0
1.15667 0 0 0 0
1.16333 0 0 0 0
1.17 0 0 0 0
1.17667 0 0 0 0
1.18333 0 0 0 0
1.19 0 0 0 0
1.19667 0 0 0 0
1.20333 0 0 0 0
1.21 0 0 0 0
1.21667 0 0 0 0
1.22333 0 0 0 0
1.23 0 0 0 0
1.23667 0 0 0 0
1.24333 0 0 0 0
1.25 0 0 0 0
1.25667 0 0 0 0
1.26333 0 0 0 0
1.27 0 0 0 0
1.27667 0 0 0 0
1.28333 0 0 0 0
1.29 0 0 0 0
1.29667 0 0 0 0
1.30333 0 0 0 0
1.31 0 0 0 0
1.31667 0 0 0 0
1.32333 0 0 0 0
1.33 0 0 0 0
1.33667 0 0 0 0
1.34333 0 0 0 0
1.35 0 0 0 0
1.35667 0 0 0 0
1.36333 0 0 0 0
1.37 0 0 0 0
1.37667 0 0 0 0
1.38333 0 0 0 0
1.39 0 0 0 0
1.39667 0 0 0 0
1.40333 0 0 0 0
1.41 0 0 0 0
1.41667 0 0 0 0
1.42333 0 0 0 0
1.43 0 0 0 0
1.43667 0 0 0 0
1.44333 0 0 0 0
1.45 0 0 0 0
1.45667 0 0 0 0
1.46333 0 0 0 0
1.47 0 0 0 0
1.47667 0 0 0 0
1.48333 0 0 0 0
1.49 0 0 0 0
1.49667 0 0 0 0
1.50333 0 0 0 0
1.51 0 0 0 0
1.51667 0 0 0 0
1.52333 0 0 0 0
1.53 0 0 0 0
1.53667 0 0 0 0
1.54333 0 0 0 0
1.55 0 0 0 0
1.55667 0 0 0 0
1.56333 0 0 0 0
1.57 0 0 0 0
1.57667 0 0 0 0
1.58333 0 0 0 0
1.59 0 0 0 0
1.59667 0 0 0 0
1.60333 0 0 0 0
1.61 0 0 0 0
1.61667 0 0 0 0
1.62333 0 0 0 0
1.63 0 0 0 0
1.63667 0 0 0 0
1.64333 0 0 0 0
1.65 0 0 0 0
1.65667 0 0 0 0
1.66333 0 0 0 0
1.67 0 0 0 0
1.67667 0 0 0 0
1.68333 0 0 0 0
1.69 0 0 0 0
1.69667 0 0 0 0
1.70333 0 0 0 0
1.71 0 0 0 0
1.71667 0 0 0 0
1.72333 0 0 0 0
1.73 0 0 0 0
1.73667 0 0 0 0
1.74333 0 0 0 0
1.75 0 0 0 0
1.75667 0 0 0 0
1.76333 0 0 0 0
1.77 0 0 0 0
1.77667 0 0 0 0
1.78333 0 0 0 0
1.79 0 0 0 0
1.79667 0 0 0 0
1.80333 0 0 0 0
1.81 0 0 0 0
1.81667 0 0 0 0
1.82333 0 0 0 0
1.83 0 0 0 0
1.83667 0 0 0 0
1.84333 0 0 0 0
1.85 0 0 0 0
1.85667 0 0 0 0
1.86333 0 0 0 0
1.87 0 0 0 0
1.87667 0 0 0 0
1.88333 0 0 0 0
1.89 0 0 0 0
1.89667 0 0 0 0
1.90333 0 0 0 0
1.91 0 0 0 0
1.91667 0 0 0 0
1.92333 0 0 0 0
1.93 0 0 0 0
1.93667 0 0 0 0
1.94333 0 0 0 0
1.95 0 0 0 0
1.95667 0 0 0 0
1.96333 0 0 0 0
1.97 0 0 0 0
1.97667 0 0 0 0
1.98333 0 0 0 0
1.99 0 0 0 0
1.99667 0 0 0 0
