0.00333333 69 42 1 1
0.01 79 45 2 2
0.0166667 93 50 4 1
0.0233333 97 47 3 3
0.03 107 63 2 5
0.0366667 103 82 9 4
0.0433333 104 79 6 1
0.05 161 113 6 5
0.0566667 164 140 5 6
0.0633333 213 145 7 5
0.07 216 159 7 4
0.0766667 222 144 14 1
0.0833333 234 160 6 4
0.09 234 170 10 1
0.0966667 222 151 6 8
0.103333 254 135 9 4
0.11 241 177 13 10
0.116667 241 144 16 5
0.123333 247 151 11 11
0.13 249 166 17 9
0.136667 239 140 9 3
0.143333 252 134 8 5
0.15 232 114 8 4
0.156667 212 125 12 3
0.163333 208 113 10 3
0.17 233 127 6 4
0.176667 229 107 6 8
0.183333 229 122 3 2
0.19 262 106 5 11
0.196667 251 113 5 6
0.203333 201 96 7 6
0.21 217 99 4 4
0.216667 214 120 8 7
0.223333 196 106 14 6
0.23 187 100 3 4
0.236667 170 95 4 5
0.243333 177 85 5 8
0.25 164 97 6 3
0.256667 131 87 2 5
0.263333 125 69 4 5
0.27 152 75 5 3
0.276667 154 66 5 4
0.283333 150 59 4 5
0.29 115 75 4 5
0.296667 144 72 3 3
0.303333 118 71 5 1
0.31 129 68 2 6
0.316667 110 57 2 3
0.323333 129 55 1 2
0.33 130 62 7 4
0.336667 95 48 4 4
0.343333 90 46 2 5
0.35 84 62 5 3
0.356667 81 55 4 0
0.363333 95 50 2 2
0.37 80 44 3 2
0.376667 100 47 5 1
0.383333 87 48 2 4
0.39 83 47 5 1
0.396667 72 42 1 3
0.403333 90 57 3 2
0.41 93 57 3 2
0.416667 77 38 3 4
0.423333 78 43 5 0
0.43 89 40 5 2
0.436667 82 37 3 2
0.443333 87 43 3 3
0.45 82 42 5 7
0.456667 75 49 4 0
0.463333 81 35 2 3
0.47 89 44 3 2
0.476667 63 37 1 3
0.483333 48 36 4 4
0.49 47 34 7 2
0.496667 60 27 5 2
0.503333 49 30 3 4
0.51 36 27 3 2
0.516667 42 20 4 3
0.523333 40 28 6 3
0.53 45 23 1 1
0.536667 42 37 2 2
0.543333 40 18 1 2
0.55 31 19 0 1
0.556667 40 27 3 5
0.563333 25 23 3 3
0.57 29 17 3 1
0.576667 31 30 2 1
0.583333 27 28 2 2
0.59 25 20 1 3
0.596667 40 19 1 3
0.603333 23 25 2 2
0.61 33 19 5 5
0.616667 38 15 6 2
0.623333 45 19 1 1
0.63 36 15 1 1
0.636667 41 21 1 5
0.643333 30 15 2 1
0.65 21 19 0 2
0.656667 30 20 6 2
0.663333 3103 970 38 77
0.67 0 0 0 0
0.676667 0 0 0 0
0.683333 0 0 0 0
0.69 0 0 0 0
0.696667 0 0 0 0
0.703333 0 0 0 0
0.71 0 0 0 0
0.716667 0 0 0 0
0.723333 0 0 0 0
0.73 0 0 0 0
0.736667 0 0 0 0
0.743333 0 0 0 0
0.75 0 0 0 0
0.756667 0 0 0 0
0.763333 0 0 0 0
0.77 0 0 0 0
0.776667 0 0 0 0
0.783333 0 0 0 0
0.79 0 0 0 0
0.796667 0 0 0 0
0.803333 0 0 0 0
0.81 0 0 0 0
0.816667 0 0 0 0
0.823333 0 0 0 0
0.83 0 0 0 0
0.836667 0 0 0 0
0.843333 0 0 0 0
0.85 0 0 0 0
0.856667 0 0 0 0
0.863333 0 0 0 0
0.87 0 0 0 0
0.876667 0 0 0 0
0.883333 0 0 0 0
0.89 0 0 0 0
0.896667 0 0 0 0
0.903333 0 0 0 0
0.91 0 0 0 0
0.916667 0 0 0 0
0.923333 0 0 0 0
0.93 0 0 0 0
0.936667 0 0 0 0
0.943333 0 0 0 0
0.95 0 0 0 0
0.956667 0 0 0 0
0.963333 0 0 0 0
0.97 0 0 0 0
0.976667 0 0 0 0
0.983333 0 0 0 0
0.99 0 0 0 0
0.996667 0 0 0 0
1.00333 0 0 0 0
1.01 0 0 0 0
1.01667 0 0 0 0
1.02333 0 0 0 0
1.03 0 0 0 0
1.03667 0 0 0 0
1.04333 0 0 0 0
1.05 0 0 0 0
1.05667 0 0 0 0
1.06333 0 0 0 0
1.07 0 0 0 0
1.07667 0 0 0 0
1.08333 0 0 0 0
1.09 0 0 0 0
1.09667 0 0 0 0
1.10333 0 0 0 0
1.11 0 0 0 0
1.11667 0 0 0 0
1.12333 0 0 0 0
1.13 0 0 0 0
1.13667 0 0 0 0
1.14333 0 0 0 0
1.15 0 0 0 0
1.15667 0 0 0 0
1.16333 0 0 0 0
1.17 0 0 0 0
1.17667 0 0 0 0
1.18333 0 0 0 0
1.19 0 0 0 0
1.19667 0 0 0 0
1.20333 0 0 0 0
1.21 0 0 0 0
1.21667 0 0 0 0
1.22333 0 0 0 0
1.23 0 0 0 0
1.23667 0 0 0 0
1.24333 0 0 0 0
1.25 0 0 0 0
1.25667 0 0 0 0
1.26333 0 0 0 0
1.27 0 0 0 0
1.27667 0 0 0 0
1.28333 0 0 0 0
1.29 0 0 0 0
1.29667 0 0 0 0
1.30333 0 0 0 0
1.31 0 0 0 0
1.31667 0 0 0 0
1.32333 0 0 0 0
1.33 0 0 0 0
1.33667 0 0 0 0
1.34333 0 0 0 0
1.35 0 0 0 0
1.35667 0 0 0 0
1.36333 0 0 0 0
1.37 0 0 0 0
1.37667 0 0 0 0
1.38333 0 0 0 0
1.39 0 0 0 0
1.39667 0 0 0 0
1.40333 0 0 0 0
1.41 0 0 0 0
1.41667 0 0 0 0
1.42333 0 0 0 0
1.43 0 0 0 0
1.43667 0 0 0 0
1.44333 0 0 0 0
1.45 0 0 0 0
1.45667 0 0 0 0
1.46333 0 0 0 0
1.47 0 0 0 0
1.47667 0 0 0 0
1.48333 0 0 0 0
1.49 0 0 0 0
1.49667 0 0 0 0
1.50333 0 0 0 0
1.51 0 0 0 0
1.51667 0 0 0 0
1.52333 0 0 0 0
1.53 0 0 0 0
1.53667 0 0 0 0
1.54333 0 0 0 0
1.55 0 0 0 0
1.55667 0 0 0 0
1.56333 0 0 0 0
1.57 0 0 0 0
1.57667 0 0 0 0
1.58333 0 0 0 0
1.59 0 0 0 0
1.59667 0 0 0 0
1.60333 0 0 0 0
1.61 0 0 0 0
1.61667 0 0 0 0
1.62333 0 0 0 0
1.63 0 0 0 0
1.63667 0 0 0 0
1.64333 0 0 0 0
1.65 0 0 0 0
1.65667 0 0 0 0
1.66333 0 0 0 0
1.67 0 0 0 0
1.67667 0 0 0 0
1.68333 0 0 0 0
1.69 0 0 0 0
1.69667 0 0 0 0
1.70333 0 0 0 0
1.71 0 0 0 0
1.71667 0 0 0 0
1.72333 0 0 0 0
1.73 0 0 0 0
1.73667 0 0 0 0
1.74333 0 0 0 0
1.75 0 0 0 0
1.75667 0 0 0 0
1.76333 0 0 0 0
1.77 0 0 0 0
1.77667 0 0 0 0
1.78333 0 0 0 0
1.79 0 0 0 0
1.79667 0 0 0 0
1.80333 0 0 0 0
1.81 0 0 0 0
1.81667 0 0 0 0
1.82333 0 0 0 0
1.83 0 0 0 0
1.83667 0 0 0 0
1.84333 0 0 0 0
1.85 0 0 0 0
1.85667 0 0 0 0
1.86333 0 0 0 0
1.87 0 0 0 0
1.87667 0 0 0 0
1.88333 0 0 0 0
1.89 0 0 0 0
1.89667 0 0 0 0
1.90333 0 0 0 0
1.91 0 0 0 0
1.91667 0 0 0 0
1.92333 0 0 0 0
1.93 0 0 0 0
1.93667 0 0 0 0
1.94333 0 0 0 0
1.95 0 0 0 0
1.95667 0 0 0 0
1.96333 0 0 0 0
1.97 0 0 0 0
1.97667 0 0 0 0
1.98333 0 0 0 0
1.99 0 0 0 0
1.99667 0 0 0 0
