0.00333333 14 43 9 0
0.01 22 51 8 0
0.0166667 31 53 8 0
0.0233333 29 68 7 3
0.03 26 70 6 3
0.0366667 42 97 8 4
0.0433333 50 123 22 0
0.05 71 132 9 3
0.0566667 87 186 29 3
0.0633333 90 198 25 10
0.07 112 203 17 4
0.0766667 97 228 37 6
0.0833333 104 197 32 6
0.09 95 212 38 8
0.0966667 95 190 41 5
0.103333 97 193 38 8
0.11 99 219 28 5
0.116667 104 232 34 4
0.123333 75 200 29 5
0.13 73 209 30 5
0.136667 86 178 23 8
0.143333 86 195 24 4
0.15 62 148 33 3
0.156667 71 181 25 3
0.163333 54 151 33 7
0.17 70 149 29 3
0.176667 76 164 25 6
0.183333 55 141 36 7
0.19 61 145 27 0
0.196667 58 177 31 4
0.203333 51 146 21 7
0.21 63 132 14 8
0.216667 56 143 19 7
0.223333 48 115 21 3
0.23 57 122 22 1
0.236667 50 127 22 5
0.243333 47 95 17 2
0.25 50 126 19 1
0.256667 32 112 19 2
0.263333 38 111 16 3
0.27 38 100 11 5
0.276667 42 103 16 2
0.283333 30 84 10 2
0.29 39 91 17 1
0.296667 28 86 12 1
0.303333 41 84 15 4
0.31 35 98 16 0
0.316667 33 73 13 1
0.323333 23 68 10 1
0.33 36 74 16 3
0.336667 23 79 13 0
0.343333 37 57 11 0
0.35 32 77 13 1
0.356667 31 63 11 0
0.363333 37 54 12 0
0.37 28 61 21 2
0.376667 32 54 17 5
0.383333 25 56 9 1
0.39 26 56 3 1
0.396667 31 56 11 3
0.403333 28 61 13 0
0.41 23 49 13 1
0.416667 21 52 10 1
0.423333 11 49 8 2
0.43 23 62 14 0
0.436667 20 48 7 1
0.443333 25 49 9 0
0.45 25 44 11 1
0.456667 19 53 13 4
0.463333 19 46 12 2
0.47 21 48 12 2
0.476667 29 43 8 2
0.483333 17 32 6 2
0.49 16 40 7 3
0.496667 12 28 2 2
0.503333 14 34 9 1
0.51 22 29 8 0
0.516667 15 30 9 0
0.523333 15 27 7 0
0.53 18 34 5 1
0.536667 11 24 5 1
0.543333 7 35 10 2
0.55 10 27 8 1
0.556667 10 27 7 0
0.563333 9 37 6 1
0.57 12 22 7 0
0.576667 14 32 17 1
0.583333 14 32 9 1
0.59 9 30 5 2
0.596667 16 27 7 0
0.603333 8 26 8 2
0.61 15 25 5 2
0.616667 11 27 10 1
0.623333 13 28 11 1
0.63 7 28 5 4
0.636667 11 17 6 4
0.643333 11 27 4 1
0.65 9 28 6 1
0.656667 14 36 6 0
0.663333 462 1424 224 13
0.67 0 0 0 0
0.676667 0 0 0 0
0.683333 0 0 0 0
0.69 0 0 0 0
0.696667 0 0 0 0
0.703333 0 0 0 0
0.71 0 0 0 0
0.716667 0 0 0 0
0.723333 0 0 0 0
0.73 0 0 0 0
0.736667 0 0 0 0
0.743333 0 0 0 0
0.75 0 0 0 0
0.756667 0 0 0 0
0.763333 0 0 0 0
0.77 0 0 0 0
0.776667 0 0 0 0
0.783333 0 0 0 0
0.79 0 0 0 0
0.796667 0 0 0 0
0.803333 0 0 0 0
0.81 0 0 0 0
0.816667 0 0 0 0
0.823333 0 0 0 0
0.83 0 0 0 0
0.836667 0 0 0 0
0.843333 0 0 0 0
0.85 0 0 0 0
0.856667 0 0 0 0
0.863333 0 0 0 0
0.87 0 0 0 0
0.876667 0 0 0 0
0.883333 0 0 0 0
0.89 0 0 0 0
0.896667 0 0 0 0
0.903333 0 0 0 0
0.91 0 0 0 0
0.916667 0 0 0 0
0.923333 0 0 0 0
0.93 0 0 0 0
0.936667 0 0 0 0
0.943333 0 0 0 0
0.95 0 0 0 0
0.956667 0 0 0 0
0.963333 0 0 0 0
0.97 0 0 0 0
0.976667 0 0 0 0
0.983333 0 0 0 0
0.99 0 0 0 0
0.996667 0 0 0 0
1.00333 0 0 0 0
1.01 0 0 0 0
1.01667 0 0 0 0
1.02333 0 0 0 0
1.03 0 0 0 0
1.03667 0 0 0 0
1.04333 0 0 0 0
1.05 0 0 0 0
1.05667 0 0 0 0
1.06333 0 0 0 0
1.07 0 0 0 0
1.07667 0 0 0 0
1.08333 0 0 0 0
1.09 0 0 0 0
1.09667 0 0 0 0
1.10333 0 0 0 0
1.11 0 0 0 0
1.11667 0 0 0 0
1.12333 0 0 0 0
1.13 0 0 0 0
1.13667 0 0 0 0
1.14333 0 0 0 0
1.15 0 0 0 0
1.15667 0 0 0 0
1.16333 0 0 0 0
1.17 0 0 0 0
1.17667 0 0 0 0
1.18333 0 0 0 0
1.19 0 0 0 0
1.19667 0 0 0 0
1.20333 0 0 0 0
1.21 0 0 0 0
1.21667 0 0 0 0
1.22333 0 0 0 0
1.23 0 0 0 0
1.23667 0 0 0 0
1.24333 0 0 0 0
1.25 0 0 0 0
1.25667 0 0 0 0
1.26333 0 0 0 0
1.27 0 0 0 0
1.27667 0 0 0 0
1.28333 0 0 0 0
1.29 0 0 0 0
1.29667 0 0 0 0
1.30333 0 0 0 0
1.31 0 0 0 0
1.31667 0 0 0 0
1.32333 0 0 0 0
1.33 0 0 0 0
1.33667 0 0 0 0
1.34333 0 0 0 0
1.35 0 0 0 0
1.35667 0 0 0 0
1.36333 0 0 0 0
1.37 0 0 0 0
1.37667 0 0 0 0
1.38333 0 0 0 0
1.39 0 0 0 0
1.39667 0 0 0 0
1.40333 0 0 0 0
1.41 0 0 0 0
1.41667 0 0 0 0
1.42333 0 0 0 0
1.43 0 0 0 0
1.43667 0 0 0 0
1.44333 0 0 0 0
1.45 0 0 0 0
1.45667 0 0 0 0
1.46333 0 0 0 0
1.47 0 0 0 0
1.47667 0 0 0 0
1.48333 0 0 0 0
1.49 0 0 0 0
1.49667 0 0 0 0
1.50333 0 0 0 0
1.51 0 0 0 0
1.51667 0 0 0 0
1.52333 0 0 0 0
1.53 0 0 0 0
1.53667 0 0 0 0
1.54333 0 0 0 0
1.55 0 0 0 0
1.55667 0 0 0 0
1.56333 0 0 0 0
1.57 0 0 0 0
1.57667 0 0 0 0
1.58333 0 0 0 0
1.59 0 0 0 0
1.59667 0 0 0 0
1.60333 0 0 0 0
1.61 0 0 0 0
1.61667 0 0 0 0
1.62333 0 0 0 0
1.63 0 0 0 0
1.63667 0 0 0 0
1.64333 0 0 0 0
1.65 0 0 0 0
1.65667 0 0 0 0
1.66333 0 0 0 0
1.67 0 0 0 0
1.67667 0 0 0 0
1.68333 0 0 0 0
1.69 0 0 0 0
1.69667 0 0 0 0
1.70333 0 0 0 0
1.71 0 0 0 0
1.71667 0 0 0 0
1.72333 0 0 0 0
1.73 0 0 0 0
1.73667 0 0 0 0
1.74333 0 0 0 0
1.75 0 0 0 0
1.75667 0 0 0 0
1.76333 0 0 0 0
1.77 0 0 0 0
1.77667 0 0 0 0
1.78333 0 0 0 0
1.79 0 0 0 0
1.79667 0 0 0 0
1.80333 0 0 0 0
1.81 0 0 0 0
1.81667 0 0 0 0
1.82333 0 0 0 0
1.83 0 0 0 0
1.83667 0 0 0 0
1.84333 0 0 0 0
1.85 0 0 0 0
1.85667 0 0 0 0
1.86333 0 0 0 0
1.87 0 0 0 0
1.87667 0 0 0 0
1.88333 0 0 0 0
1.89 0 0 0 0
1.89667 0 0 0 0
1.90333 0 0 0 0
1.91 0 0 0 0
1.91667 0 0 0 0
1.92333 0 0 0 0
1.93 0 0 0 0
1.93667 0 0 0 0
1.94333 0 0 0 0
1.95 0 0 0 0
1.95667 0 0 0 0
1.96333 0 0 0 0
1.97 0 0 0 0
1.97667 0 0 0 0
1.98333 0 0 0 0
1.99 0 0 0 0
1.99667 0 0 0 0
