0.00333333 1 1 42 29
0.01 0 8 43 61
0.0166667 0 4 39 49
0.0233333 1 3 51 57
0.03 0 4 57 52
0.0366667 0 7 51 72
0.0433333 1 6 80 84
0.05 1 4 94 98
0.0566667 2 12 110 135
0.0633333 0 6 111 130
0.07 1 7 144 136
0.0766667 3 5 130 156
0.0833333 0 8 134 147
0.09 1 8 131 139
0.0966667 1 8 131 147
0.103333 3 5 136 152
0.11 0 10 152 168
0.116667 1 8 134 149
0.123333 1 11 115 137
0.13 1 3 120 135
0.136667 0 9 101 129
0.143333 0 11 129 105
0.15 0 10 110 99
0.156667 3 10 97 122
0.163333 1 9 115 98
0.17 2 6 102 102
0.176667 0 7 106 103
0.183333 1 4 113 111
0.19 1 13 111 125
0.196667 1 10 120 100
0.203333 0 10 119 89
0.21 2 3 104 97
0.216667 1 5 103 98
0.223333 0 13 91 96
0.23 1 3 93 83
0.236667 1 5 93 86
0.243333 0 8 82 82
0.25 1 6 94 85
0.256667 1 3 69 59
0.263333 1 5 68 60
0.27 1 2 76 62
0.276667 0 6 83 65
0.283333 0 5 59 76
0.29 0 3 67 66
0.296667 2 2 56 67
0.303333 2 5 65 60
0.31 2 2 80 66
0.316667 0 3 50 51
0.323333 0 7 54 52
0.33 1 4 54 54
0.336667 0 1 58 60
0.343333 0 4 49 61
0.35 0 3 44 46
0.356667 1 2 59 40
0.363333 0 10 60 53
0.37 0 4 47 52
0.376667 0 2 40 39
0.383333 0 2 40 61
0.39 1 4 52 47
0.396667 3 4 45 50
0.403333 0 2 49 59
0.41 0 3 46 44
0.416667 1 1 37 41
0.423333 1 0 45 33
0.43 0 5 45 45
0.436667 1 4 28 35
0.443333 0 5 46 42
0.45 0 5 35 34
0.456667 0 0 47 41
0.463333 3 5 39 29
0.47 0 3 43 31
0.476667 1 2 36 34
0.483333 0 2 28 35
0.49 0 3 29 18
0.496667 0 2 29 31
0.503333 0 2 22 33
0.51 0 2 21 26
0.516667 0 3 23 28
0.523333 0 4 28 28
0.53 0 3 28 28
0.536667 0 1 23 24
0.543333 0 2 20 24
0.55 0 0 24 15
0.556667 0 0 16 29
0.563333 1 1 27 22
0.57 0 3 24 25
0.576667 0 2 23 15
0.583333 1 5 24 17
0.59 0 2 23 27
0.596667 0 2 23 24
0.603333 0 5 32 20
0.61 0 2 22 18
0.616667 0 1 15 23
0.623333 1 0 11 22
0.63 0 2 18 12
0.636667 0 1 25 12
0.643333 1 1 23 16
0.65 0 2 17 17
0.656667 0 1 16 17
0.663333 0 76 1148 935
0.67 0 0 0 0
0.676667 0 0 0 0
0.683333 0 0 0 0
0.69 0 0 0 0
0.696667 0 0 0 0
0.703333 0 0 0 0
0.71 0 0 0 0
0.716667 0 0 0 0
0.723333 0 0 0 0
0.73 0 0 0 0
0.736667 0 0 0 0
0.743333 0 0 0 0
0.75 0 0 0 0
0.756667 0 0 0 0
0.763333 0 0 0 0
0.77 0 0 0 0
0.776667 0 0 0 0
0.783333 0 0 0 0
0.79 0 0 0 0
0.796667 0 0 0 0
0.803333 0 0 0 0
0.81 0 0 0 0
0.816667 0 0 0 0
0.823333 0 0 0 0
0.83 0 0 0 0
0.836667 0 0 0 0
0.843333 0 0 0 0
0.85 0 0 0 0
0.856667 0 0 0 0
0.863333 0 0 0 0
0.87 0 0 0 0
0.876667 0 0 0 0
0.883333 0 0 0 0
0.89 0 0 0 0
0.896667 0 0 0 0
0.903333 0 0 0 0
0.91 0 0 0 0
0.916667 0 0 0 0
0.923333 0 0 0 0
0.93 0 0 0 0
0.936667 0 0 0 0
0.943333 0 0 0 0
0.95 0 0 0 0
0.956667 0 0 0 0
0.963333 0 0 0 0
0.97 0 0 0 0
0.976667 0 0 0 0
0.983333 0 0 0 0
0.99 0 0 0 0
0.996667 0 0 0 0
1.00333 0 0 0 0
1.01 0 0 0 0
1.01667 0 0 0 0
1.02333 0 0 0 0
1.03 0 0 0 0
1.03667 0 0 0 0
1.04333 0 0 0 0
1.05 0 0 0 0
1.05667 0 0 0 0
1.06333 0 0 0 0
1.07 0 0 0 0
1.07667 0 0 0 0
1.08333 0 0 0 0
1.09 0 0 0 0
1.09667 0 0 0 0
1.10333 0 0 0 0
1.11 0 0 0 0
1.11667 0 0 0 0
1.12333 0 0 0 0
1.13 0 0 0 0
1.13667 0 0 0 0
1.14333 0 0 0 0
1.15 0 0 0 0
1.15667 0 0 0 0
1.16333 0 0 0 0
1.17 0 0 0 0
1.17667 0 0 0 0
1.18333 0 0 0 0
1.19 0 0 0 0
1.19667 0 0 0 0
1.20333 0 0 0 0
1.21 0 0 0 0
1.21667 0 0 0 0
1.22333 0 0 0 0
1.23 0 0 0 0
1.23667 0 0 0 0
1.24333 0 0 0 0
1.25 0 0 0 0
1.25667 0 0 0 0
1.26333 0 0 0 0
1.27 0 0 0 0
1.27667 0 0 0 0
1.28333 0 0 0 0
1.29 0 0 0 0
1.29667 0 0 0 0
1.30333 0 0 0 0
1.31 0 0 0 0
1.31667 0 0 0 0
1.32333 0 0 0 0
1.33 0 0 0 0
1.33667 0 0 0 0
1.34333 0 0 0 0
1.35 0 0 0 0
1.35667 0 0 0 0
1.36333 0 0 0 0
1.37 0 0 0 0
1.37667 0 0 0 0
1.38333 0 0 0 0
1.39 0 0 0 0
1.39667 0 0 0 0
1.40333 0 0 0 0
1.41 0 0 0 0
1.41667 0 0 0 0
1.42333 0 0 0 0
1.43 0 0 0 0
1.43667 0 0 0 0
1.44333 0 0 0 0
1.45 0 0 0 0
1.45667 0 0 0 0
1.46333 0 0 0 0
1.47 0 0 0 0
1.47667 0 0 0 0
1.48333 0 0 0 0
1.49 0 0 0 0
1.49667 0 0 0 0
1.50333 0 0 0 0
1.51 0 0 0 0
1.51667 0 0 0 0
1.52333 0 0 0 0
1.53 0 0 0 0
1.53667 0 0 0 0
1.54333 0 0 0 0
1.55 0 0 0 0
1.55667 0 0 0 0
1.56333 0 0 0 0
1.57 0 0 0 0
1.57667 0 0 0 0
1.58333 0 0 0 0
1.59 0 0 0 0
1.59667 0 0 0 0
1.60333 0 0 0 0
1.61 0 0 0 0
1.61667 0 0 0 0
1.62333 0 0 0 0
1.63 0 0 0 0
1.63667 0 0 0 0
1.64333 0 0 0 0
1.65 0 0 0 0
1.65667 0 0 0 0
1.66333 0 0 0 0
1.67 0 0 0 0
1.67667 0 0 0 0
1.68333 0 0 0 0
1.69 0 0 0 0
1.69667 0 0 0 0
1.70333 0 0 0 0
1.71 0 0 0 0
1.71667 0 0 0 0
1.72333 0 0 0 0
1.73 0 0 0 0
1.73667 0 0 0 0
1.74333 0 0 0 0
1.75 0 0 0 0
1.75667 0 0 0 0
1.76333 0 0 0 0
1.77 0 0 0 0
1.77667 0 0 0 0
1.78333 0 0 0 0
1.79 0 0 0 0
1.79667 0 0 0 0
1.80333 0 0 0 0
1.81 0 0 0 0
1.81667 0 0 0 0
1.82333 0 0 0 0
1.83 0 0 0 0
1.83667 0 0 0 0
1.84333 0 0 0 0
1.85 0 0 0 0
1.85667 0 0 0 0
1.86333 0 0 0 0
1.87 0 0 0 0
1.87667 0 0 0 0
1.88333 0 0 0 0
1.89 0 0 0 0
1.89667 0 0 0 0
1.90333 0 0 0 0
1.91 0 0 0 0
1.91667 0 0 0 0
1.92333 0 0 0 0
1.93 0 0 0 0
1.93667 0 0 0 0
1.94333 0 0 0 0
1.95 0 0 0 0
1.95667 0 0 0 0
1.96333 0 0 0 0
1.97 0 0 0 0
1.97667 0 0 0 0
1.98333 0 0 0 0
1.99 0 0 0 0
1.99667 0 0 0 0
