0.00333333 2 2 18 94
0.01 0 0 25 113
0.0166667 2 5 24 129
0.0233333 2 1 33 132
0.03 2 1 38 114
0.0366667 2 3 57 161
0.0433333 0 2 58 172
0.05 4 8 72 235
0.0566667 4 4 85 251
0.0633333 4 7 104 303
0.07 4 6 100 311
0.0766667 3 8 97 308
0.0833333 8 15 83 329
0.09 4 8 88 319
0.0966667 8 5 86 333
0.103333 5 8 96 307
0.11 0 6 84 338
0.116667 3 5 89 394
0.123333 5 6 103 364
0.13 4 8 90 369
0.136667 4 8 85 372
0.143333 2 7 58 358
0.15 3 2 69 331
0.156667 5 7 60 341
0.163333 2 7 62 328
0.17 3 5 60 306
0.176667 6 4 51 298
0.183333 3 8 60 347
0.19 6 5 60 411
0.196667 11 7 60 426
0.203333 4 7 54 373
0.21 3 6 50 342
0.216667 5 7 53 322
0.223333 8 10 54 345
0.23 3 5 58 306
0.236667 1 2 48 306
0.243333 3 1 53 285
0.25 1 5 47 287
0.256667 3 4 37 236
0.263333 2 4 33 205
0.27 1 3 38 217
0.276667 3 3 40 225
0.283333 1 3 36 197
0.29 3 5 32 202
0.296667 2 3 35 194
0.303333 2 2 38 175
0.31 2 2 39 145
0.316667 0 4 25 170
0.323333 1 3 34 164
0.33 2 1 42 159
0.336667 2 4 31 173
0.343333 4 2 29 150
0.35 1 3 35 158
0.356667 1 4 33 144
0.363333 4 4 18 137
0.37 4 4 27 136
0.376667 4 2 25 125
0.383333 4 6 28 118
0.39 0 1 24 146
0.396667 1 4 21 145
0.403333 5 2 19 120
0.41 4 6 26 107
0.416667 2 5 25 128
0.423333 2 2 23 127
0.43 8 1 24 118
0.436667 6 1 35 117
0.443333 4 1 9 112
0.45 4 2 27 136
0.456667 3 1 29 136
0.463333 4 1 15 127
0.47 2 1 9 113
0.476667 2 4 26 108
0.483333 5 4 18 69
0.49 0 5 14 70
0.496667 2 1 14 64
0.503333 0 0 10 68
0.51 1 0 13 53
0.516667 1 1 9 53
0.523333 1 0 14 61
0.53 3 1 14 57
0.536667 0 1 12 52
0.543333 1 1 14 46
0.55 1 0 12 44
0.556667 0 1 18 58
0.563333 1 3 9 52
0.57 2 1 8 55
0.576667 1 1 16 43
0.583333 1 2 9 47
0.59 1 1 16 39
0.596667 0 3 14 44
0.603333 0 0 21 43
0.61 3 3 13 40
0.616667 0 0 12 43
0.623333 2 2 15 44
0.63 3 2 13 52
0.636667 0 1 16 69
0.643333 1 1 10 39
0.65 2 4 13 36
0.656667 4 1 7 38
0.663333 55 32 420 5425
0.67 0 0 0 0
0.676667 0 0 0 0
0.683333 0 0 0 0
0.69 0 0 0 0
0.696667 0 0 0 0
0.703333 0 0 0 0
0.71 0 0 0 0
0.716667 0 0 0 0
0.723333 0 0 0 0
0.73 0 0 0 0
0.736667 0 0 0 0
0.743333 0 0 0 0
0.75 0 0 0 0
0.756667 0 0 0 0
0.763333 0 0 0 0
0.77 0 0 0 0
0.776667 0 0 0 0
0.783333 0 0 0 0
0.79 0 0 0 0
0.796667 0 0 0 0
0.803333 0 0 0 0
0.81 0 0 0 0
0.816667 0 0 0 0
0.823333 0 0 0 0
0.83 0 0 0 0
0.836667 0 0 0 0
0.843333 0 0 0 0
0.85 0 0 0 0
0.856667 0 0 0 0
0.863333 0 0 0 0
0.87 0 0 0 0
0.876667 0 0 0 0
0.883333 0 0 0 0
0.89 0 0 0 0
0.896667 0 0 0 0
0.903333 0 0 0 0
0.91 0 0 0 0
0.916667 0 0 0 0
0.923333 0 0 0 0
0.93 0 0 0 0
0.936667 0 0 0 0
0.943333 0 0 0 0
0.95 0 0 0 0
0.956667 0 0 0 0
0.963333 0 0 0 0
0.97 0 0 0 0
0.976667 0 0 0 0
0.983333 0 0 0 0
0.99 0 0 0 0
0.996667 0 0 0 0
1.00333 0 0 0 0
1.01 0 0 0 0
1.01667 0 0 0 0
1.02333 0 0 0 0
1.03 0 0 0 0
1.03667 0 0 0 0
1.04333 0 0 0 0
1.05 0 0 0 0
1.05667 0 0 0 0
1.06333 0 0 0 0
1.07 0 0 0 0
1.07667 0 0 0 0
1.08333 0 0 0 0
1.09 0 0 0 0
1.09667 0 0 0 0
1.10333 0 0 0 0
1.11 0 0 0 0
1.11667 0 0 0 0
1.12333 0 0 0 0
1.13 0 0 0 0
1.13667 0 0 0 0
1.14333 0 0 0 0
1.15 0 0 0 0
1.15667 0 0 0 0
1.16333 0 0 0 0
1.17 0 0 0 0
1.17667 0 0 0 0
1.18333 0 0 0 0
1.19 0 0 0 0
1.19667 0 0 0 0
1.20333 0 0 0 0
1.21 0 0 0 0
1.21667 0 0 0 0
1.22333 0 0 0 0
1.23 0 0 0 0
1.23667 0 0 0 0
1.24333 0 0 0 0
1.25 0 0 0 0
1.25667 0 0 0 0
1.26333 0 0 0 0
1.27 0 0 0 0
1.27667 0 0 0 0
1.28333 0 0 0 0
1.29 0 0 0 0
1.29667 0 0 0 0
1.30333 0 0 0 0
1.31 0 0 0 0
1.31667 0 0 0 0
1.32333 0 0 0 0
1.33 0 0 0 0
1.33667 0 0 0 0
1.34333 0 0 0 0
1.35 0 0 0 0
1.35667 0 0 0 0
1.36333 0 0 0 0
1.37 0 0 0 0
1.37667 0 0 0 0
1.38333 0 0 0 0
1.39 0 0 0 0
1.39667 0 0 0 0
1.40333 0 0 0 0
1.41 0 0 0 0
1.41667 0 0 0 0
1.42333 0 0 0 0
1.43 0 0 0 0
1.43667 0 0 0 0
1.44333 0 0 0 0
1.45 0 0 0 0
1.45667 0 0 0 0
1.46333 0 0 0 0
1.47 0 0 0 0
1.47667 0 0 0 0
1.48333 0 0 0 0
1.49 0 0 0 0
1.49667 0 0 0 0
1.50333 0 0 0 0
1.51 0 0 0 0
1.51667 0 0 0 0
1.52333 0 0 0 0
1.53 0 0 0 0
1.53667 0 0 0 0
1.54333 0 0 0 0
1.55 0 0 0 0
1.55667 0 0 0 0
1.56333 0 0 0 0
1.57 0 0 0 0
1.57667 0 0 0 0
1.58333 0 0 0 0
1.59 0 0 0 0
1.59667 0 0 0 0
1.60333 0 0 0 0
1.61 0 0 0 0
1.61667 0 0 0 0
1.62333 0 0 0 0
1.63 0 0 0 0
1.63667 0 0 0 0
1.64333 0 0 0 0
1.65 0 0 0 0
1.65667 0 0 0 0
1.66333 0 0 0 0
1.67 0 0 0 0
1.67667 0 0 0 0
1.68333 0 0 0 0
1.69 0 0 0 0
1.69667 0 0 0 0
1.70333 0 0 0 0
1.71 0 0 0 0
1.71667 0 0 0 0
1.72333 0 0 0 0
1.73 0 0 0 0
1.73667 0 0 0 0
1.74333 0 0 0 0
1.75 0 0 0 0
1.75667 0 0 0 0
1.76333 0 0 0 0
1.77 0 0 0 0
1.77667 0 0 0 0
1.78333 0 0 0 0
1.79 0 0 0 0
1.79667 0 0 0 0
1.80333 0 0 0 0
1.81 0 0 0 0
1.81667 0 0 0 0
1.82333 0 0 0 0
1.83 0 0 0 0
1.83667 0 0 0 0
1.84333 0 0 0 0
1.85 0 0 0 0
1.85667 0 0 0 0
1.86333 0 0 0 0
1.87 0 0 0 0
1.87667 0 0 0 0
1.88333 0 0 0 0
1.89 0 0 0 0
1.89667 0 0 0 0
1.90333 0 0 0 0
1.91 0 0 0 0
1.91667 0 0 0 0
1.92333 0 0 0 0
1.93 0 0 0 0
1.93667 0 0 0 0
1.94333 0 0 0 0
1.95 0 0 0 0
1.95667 0 0 0 0
1.96333 0 0 0 0
1.97 0 0 0 0
1.97667 0 0 0 0
1.98333 0 0 0 0
1.99 0 0 0 0
1.99667 0 0 0 0
