0.00333333 19 82 3 8
0.01 6 71 12 8
0.0166667 23 92 11 5
0.0233333 19 82 11 5
0.03 22 86 25 8
0.0366667 11 87 14 9
0.0433333 29 116 27 11
0.05 44 149 29 11
0.0566667 39 164 28 11
0.0633333 45 160 41 20
0.07 41 163 44 16
0.0766667 52 214 36 20
0.0833333 46 204 42 10
0.09 54 200 38 22
0.0966667 42 202 43 13
0.103333 44 168 30 22
0.11 42 228 29 23
0.116667 46 220 33 23
0.123333 47 213 31 22
0.13 53 199 28 24
0.136667 33 219 29 22
0.143333 48 187 29 21
0.15 45 215 31 16
0.156667 51 189 31 12
0.163333 41 195 21 12
0.17 39 208 25 11
0.176667 37 193 34 17
0.183333 46 222 28 22
0.19 51 243 20 16
0.196667 44 232 24 17
0.203333 42 211 20 16
0.21 40 204 22 13
0.216667 41 197 26 10
0.223333 37 159 19 14
0.23 41 179 20 14
0.236667 37 163 19 15
0.243333 24 162 18 14
0.25 38 158 23 11
0.256667 28 134 17 8
0.263333 36 153 12 23
0.27 30 139 15 11
0.276667 23 126 21 10
0.283333 15 115 6 10
0.29 32 123 10 7
0.296667 27 96 9 10
0.303333 27 112 13 13
0.31 30 101 15 7
0.316667 29 114 11 9
0.323333 24 107 18 8
0.33 23 97 10 11
0.336667 19 91 16 11
0.343333 18 109 10 10
0.35 14 94 12 14
0.356667 29 81 14 3
0.363333 21 77 17 12
0.37 28 92 12 14
0.376667 20 73 6 12
0.383333 18 85 11 9
0.39 24 81 17 6
0.396667 15 90 9 9
0.403333 13 80 15 7
0.41 18 75 13 8
0.416667 25 72 8 8
0.423333 17 98 12 6
0.43 12 86 10 8
0.436667 19 84 14 17
0.443333 26 74 13 10
0.45 16 91 8 10
0.456667 19 68 9 6
0.463333 18 68 12 6
0.47 21 73 10 12
0.476667 17 80 11 13
0.483333 14 46 11 7
0.49 14 47 11 4
0.496667 17 44 5 4
0.503333 12 43 13 5
0.51 14 44 5 6
0.516667 8 36 3 9
0.523333 21 39 11 3
0.53 10 49 6 6
0.536667 11 42 7 6
0.543333 12 30 9 4
0.55 6 29 8 4
0.556667 6 37 6 5
0.563333 5 29 7 5
0.57 10 25 5 4
0.576667 13 34 7 5
0.583333 14 31 9 2
0.59 7 24 3 3
0.596667 7 24 6 2
0.603333 8 27 7 4
0.61 11 26 8 7
0.616667 9 31 5 5
0.623333 10 22 5 5
0.63 13 25 9 7
0.636667 7 34 7 5
0.643333 7 25 7 2
0.65 8 26 6 7
0.656667 3 22 6 5
0.663333 550 3096 179 209
0.67 0 0 0 0
0.676667 0 0 0 0
0.683333 0 0 0 0
0.69 0 0 0 0
0.696667 0 0 0 0
0.703333 0 0 0 0
0.71 0 0 0 0
0.716667 0 0 0 0
0.723333 0 0 0 0
0.73 0 0 0 0
0.736667 0 0 0 0
0.743333 0 0 0 0
0.75 0 0 0 0
0.756667 0 0 0 0
0.763333 0 0 0 0
0.77 0 0 0 0
0.776667 0 0 0 0
0.783333 0 0 0 0
0.79 0 0 0 0
0.796667 0 0 0 0
0.803333 0 0 0 0
0.81 0 0 0 0
0.816667 0 0 0 0
0.823333 0 0 0 0
0.83 0 0 0 0
0.836667 0 0 0 0
0.843333 0 0 0 0
0.85 0 0 0 0
0.856667 0 0 0 0
0.863333 0 0 0 0
0.87 0 0 0 0
0.876667 0 0 0 0
0.883333 0 0 0 0
0.89 0 0 0 0
0.896667 0 0 0 0
0.903333 0 0 0 0
0.91 0 0 0 0
0.916667 0 0 0 0
0.923333 0 0 0 0
0.93 0 0 0 0
0.936667 0 0 0 0
0.943333 0 0 0 0
0.95 0 0 0 0
0.956667 0 0 0 0
0.963333 0 0 0 0
0.97 0 0 0 0
0.976667 0 0 0 0
0.983333 0 0 0 0
0.99 0 0 0 0
0.996667 0 0 0 0
1.00333 0 0 0 0
1.01 0 0 0 0
1.01667 0 0 0 0
1.02333 0 0 0 0
1.03 0 0 0 0
1.03667 0 0 0 0
1.04333 0 0 0 0
1.05 0 0 0 0
1.05667 0 0 0 0
1.06333 0 0 0 0
1.07 0 0 0 0
1.07667 0 0 0 0
1.08333 0 0 0 0
1.09 0 0 0 0
1.09667 0 0 0 0
1.10333 0 0 0 0
1.11 0 0 0 0
1.11667 0 0 0 0
1.12333 0 0 0 0
1.13 0 0 0 0
1.13667 0 0 0 0
1.14333 0 0 0 0
1.15 0 0 0 0
1.15667 0 0 0 0
1.16333 0 0 0 0
1.17 0 0 0 0
1.17667 0 0 0 0
1.18333 0 0 0 0
1.19 0 0 0 0
1.19667 0 0 0 0
1.20333 0 0 0 0
1.21 0 0 0 0
1.21667 0 0 0 0
1.22333 0 0 0 0
1.23 0 0 0 0
1.23667 0 0 0 0
1.24333 0 0 0 0
1.25 0 0 0 0
1.25667 0 0 0 0
1.26333 0 0 0 0
1.27 0 0 0 0
1.27667 0 0 0 0
1.28333 0 0 0 0
1.29 0 0 0 0
1.29667 0 0 0 0
1.30333 0 0 0 0
1.31 0 0 0 0
1.31667 0 0 0 0
1.32333 0 0 0 0
1.33 0 0 0 0
1.33667 0 0 0 0
1.34333 0 0 0 0
1.35 0 0 0 0
1.35667 0 0 0 0
1.36333 0 0 0 0
1.37 0 0 0 0
1.37667 0 0 0 0
1.38333 0 0 0 0
1.39 0 0 0 0
1.39667 0 0 0 0
1.40333 0 0 0 0
1.41 0 0 0 0
1.41667 0 0 0 0
1.42333 0 0 0 0
1.43 0 0 0 0
1.43667 0 0 0 0
1.44333 0 0 0 0
1.45 0 0 0 0
1.45667 0 0 0 0
1.46333 0 0 0 0
1.47 0 0 0 0
1.47667 0 0 0 0
1.48333 0 0 0 0
1.49 0 0 0 0
1.49667 0 0 0 0
1.50333 0 0 0 0
1.51 0 0 0 0
1.51667 0 0 0 0
1.52333 0 0 0 0
1.53 0 0 0 0
1.53667 0 0 0 0
1.54333 0 0 0 0
1.55 0 0 0 0
1.55667 0 0 0 0
1.56333 0 0 0 0
1.57 0 0 0 0
1.57667 0 0 0 0
1.58333 0 0 0 0
1.59 0 0 0 0
1.59667 0 0 0 0
1.60333 0 0 0 0
1.61 0 0 0 0
1.61667 0 0 0 0
1.62333 0 0 0 0
1.63 0 0 0 0
1.63667 0 0 0 0
1.64333 0 0 0 0
1.65 0 0 0 0
1.65667 0 0 0 0
1.66333 0 0 0 0
1.67 0 0 0 0
1.67667 0 0 0 0
1.68333 0 0 0 0
1.69 0 0 0 0
1.69667 0 0 0 0
1.70333 0 0 0 0
1.71 0 0 0 0
1.71667 0 0 0 0
1.72333 0 0 0 0
1.73 0 0 0 0
1.73667 0 0 0 0
1.74333 0 0 0 0
1.75 0 0 0 0
1.75667 0 0 0 0
1.76333 0 0 0 0
1.77 0 0 0 0
1.77667 0 0 0 0
1.78333 0 0 0 0
1.79 0 0 0 0
1.79667 0 0 0 0
1.80333 0 0 0 0
1.81 0 0 0 0
1.81667 0 0 0 0
1.82333 0 0 0 0
1.83 0 0 0 0
1.83667 0 0 0 0
1.84333 0 0 0 0
1.85 0 0 0 0
1.85667 0 0 0 0
1.86333 0 0 0 0
1.87 0 0 0 0
1.87667 0 0 0 0
1.88333 0 0 0 0
1.89 0 0 0 0
1.89667 0 0 0 0
1.90333 0 0 0 0
1.91 0 0 0 0
1.91667 0 0 0 0
1.92333 0 0 0 0
1.93 0 0 0 0
1.93667 0 0 0 0
1.94333 0 0 0 0
1.95 0 0 0 0
1.95667 0 0 0 0
1.96333 0 0 0 0
1.97 0 0 0 0
1.97667 0 0 0 0
1.98333 0 0 0 0
1.99 0 0 0 0
1.99667 0 0 0 0
