0.00333333 113 17 0 3
0.01 138 32 0 2
0.0166667 132 22 3 3
0.0233333 138 26 2 2
0.03 167 36 3 4
0.0366667 155 42 4 4
0.0433333 185 68 2 3
0.05 214 81 2 2
0.0566667 252 96 4 5
0.0633333 243 76 6 3
0.07 289 112 5 4
0.0766667 303 99 6 1
0.0833333 322 92 5 3
0.09 329 102 6 4
0.0966667 331 125 8 7
0.103333 317 96 8 5
0.11 326 97 4 6
0.116667 396 93 4 4
0.123333 381 95 4 3
0.13 343 88 10 5
0.136667 389 66 9 4
0.143333 365 74 3 5
0.15 354 71 2 3
0.156667 345 62 5 2
0.163333 335 61 4 6
0.17 331 68 6 5
0.176667 335 64 2 3
0.183333 350 78 3 3
0.19 432 69 4 8
0.196667 420 79 3 5
0.203333 393 62 2 5
0.21 378 63 4 7
0.216667 348 69 7 4
0.223333 336 57 3 5
0.23 329 62 3 8
0.236667 298 63 2 7
0.243333 271 45 4 10
0.25 290 67 4 3
0.256667 243 49 1 2
0.263333 232 47 5 4
0.27 227 46 1 2
0.276667 213 50 1 5
0.283333 209 43 6 5
0.29 171 43 0 5
0.296667 200 39 2 1
0.303333 189 45 1 1
0.31 172 49 3 2
0.316667 159 40 2 7
0.323333 181 31 2 2
0.33 181 35 3 3
0.336667 167 38 1 3
0.343333 141 28 0 3
0.35 175 28 1 4
0.356667 162 32 6 4
0.363333 165 33 3 2
0.37 148 27 2 0
0.376667 142 36 1 2
0.383333 182 19 2 1
0.39 127 22 5 3
0.396667 136 34 0 0
0.403333 136 29 4 5
0.41 133 31 3 0
0.416667 131 30 2 0
0.423333 129 32 1 1
0.43 132 27 3 2
0.436667 160 22 1 3
0.443333 126 29 0 0
0.45 134 23 2 1
0.456667 138 15 1 0
0.463333 142 28 1 2
0.47 145 40 2 0
0.476667 125 30 1 4
0.483333 76 20 6 1
0.49 70 19 3 2
0.496667 58 22 1 1
0.503333 57 21 0 0
0.51 57 20 1 2
0.516667 68 19 3 4
0.523333 65 19 2 0
0.53 64 16 0 3
0.536667 61 13 1 3
0.543333 65 14 1 2
0.55 46 29 1 0
0.556667 56 15 0 6
0.563333 49 14 1 5
0.57 51 18 2 1
0.576667 44 10 1 1
0.583333 47 14 3 2
0.59 45 9 0 2
0.596667 49 11 1 0
0.603333 45 12 0 1
0.61 51 12 3 2
0.616667 43 11 2 0
0.623333 37 12 0 0
0.63 65 13 2 1
0.636667 64 13 1 3
0.643333 44 13 2 0
0.65 38 10 0 1
0.656667 34 15 3 1
0.663333 6277 564 29 77
0.67 0 0 0 0
0.676667 0 0 0 0
0.683333 0 0 0 0
0.69 0 0 0 0
0.696667 0 0 0 0
0.703333 0 0 0 0
0.71 0 0 0 0
0.716667 0 0 0 0
0.723333 0 0 0 0
0.73 0 0 0 0
0.736667 0 0 0 0
0.743333 0 0 0 0
0.75 0 0 0 0
0.756667 0 0 0 0
0.763333 0 0 0 0
0.77 0 0 0 0
0.776667 0 0 0 0
0.783333 0 0 0 0
0.79 0 0 0 0
0.796667 0 0 0 0
0.803333 0 0 0 0
0.81 0 0 0 0
0.816667 0 0 0 0
0.823333 0 0 0 0
0.83 0 0 0 0
0.836667 0 0 0 0
0.843333 0 0 0 0
0.85 0 0 0 0
0.856667 0 0 0 0
0.863333 0 0 0 0
0.87 0 0 0 0
0.876667 0 0 0 0
0.883333 0 0 0 0
0.89 0 0 0 0
0.896667 0 0 0 0
0.903333 0 0 0 0
0.91 0 0 0 0
0.916667 0 0 0 0
0.923333 0 0 0 0
0.93 0 0 0 0
0.936667 0 0 0 0
0.943333 0 0 0 0
0.95 0 0 0 0
0.956667 0 0 0 0
0.963333 0 0 0 0
0.97 0 0 0 0
0.976667 0 0 0 0
0.983333 0 0 0 0
0.99 0 0 0 0
0.996667 0 0 0 0
1.00333 0 0 0 0
1.01 0 0 0 0
1.01667 0 0 0 0
1.02333 0 0 0 0
1.03 0 0 0 0
1.03667 0 0 0 0
1.04333 0 0 0 0
1.05 0 0 0 0
1.05667 0 0 0 0
1.06333 0 0 0 0
1.07 0 0 0 0
1.07667 0 0 0 0
1.08333 0 0 0 0
1.09 0 0 0 0
1.09667 0 0 0 0
1.10333 0 0 0 0
1.11 0 0 0 0
1.11667 0 0 0 0
1.12333 0 0 0 0
1.13 0 0 0 0
1.13667 0 0 0 0
1.14333 0 0 0 0
1.15 0 0 0 0
1.15667 0 0 0 0
1.16333 0 0 0 0
1.17 0 0 0 0
1.17667 0 0 0 0
1.18333 0 0 0 0
1.19 0 0 0 0
1.19667 0 0 0 0
1.20333 0 0 0 0
1.21 0 0 0 0
1.21667 0 0 0 0
1.22333 0 0 0 0
1.23 0 0 0 0
1.23667 0 0 0 0
1.24333 0 0 0 0
1.25 0 0 0 0
1.25667 0 0 0 0
1.26333 0 0 0 0
1.27 0 0 0 0
1.27667 0 0 0 0
1.28333 0 0 0 0
1.29 0 0 0 0
1.29667 0 0 0 0
1.30333 0 0 0 0
1.31 0 0 0 0
1.31667 0 0 0 0
1.32333 0 0 0 0
1.33 0 0 0 0
1.33667 0 0 0 0
1.34333 0 0 0 0
1.35 0 0 0 0
1.35667 0 0 0 0
1.36333 0 0 0 0
1.37 0 0 0 0
1.37667 0 0 0 0
1.38333 0 0 0 0
1.39 0 0 0 0
1.39667 0 0 0 0
1.40333 0 0 0 0
1.41 0 0 0 0
1.41667 0 0 0 0
1.42333 0 0 0 0
1.43 0 0 0 0
1.43667 0 0 0 0
1.44333 0 0 0 0
1.45 0 0 0 0
1.45667 0 0 0 0
1.46333 0 0 0 0
1.47 0 0 0 0
1.47667 0 0 0 0
1.48333 0 0 0 0
1.49 0 0 0 0
1.49667 0 0 0 0
1.50333 0 0 0 0
1.51 0 0 0 0
1.51667 0 0 0 0
1.52333 0 0 0 0
1.53 0 0 0 0
1.53667 0 0 0 0
1.54333 0 0 0 0
1.55 0 0 0 0
1.55667 0 0 0 0
1.56333 0 0 0 0
1.57 0 0 0 0
1.57667 0 0 0 0
1.58333 0 0 0 0
1.59 0 0 0 0
1.59667 0 0 0 0
1.60333 0 0 0 0
1.61 0 0 0 0
1.61667 0 0 0 0
1.62333 0 0 0 0
1.63 0 0 0 0
1.63667 0 0 0 0
1.64333 0 0 0 0
1.65 0 0 0 0
1.65667 0 0 0 0
1.66333 0 0 0 0
1.67 0 0 0 0
1.67667 0 0 0 0
1.68333 0 0 0 0
1.69 0 0 0 0
1.69667 0 0 0 0
1.70333 0 0 0 0
1.71 0 0 0 0
1.71667 0 0 0 0
1.72333 0 0 0 0
1.73 0 0 0 0
1.73667 0 0 0 0
1.74333 0 0 0 0
1.75 0 0 0 0
1.75667 0 0 0 0
1.76333 0 0 0 0
1.77 0 0 0 0
1.77667 0 0 0 0
1.78333 0 0 0 0
1.79 0 0 0 0
1.79667 0 0 0 0
1.80333 0 0 0 0
1.81 0 0 0 0
1.81667 0 0 0 0
1.82333 0 0 0 0
1.83 0 0 0 0
1.83667 0 0 0 0
1.84333 0 0 0 0
1.85 0 0 0 0
1.85667 0 0 0 0
1.86333 0 0 0 0
1.87 0 0 0 0
1.87667 0 0 0 0
1.88333 0 0 0 0
1.89 0 0 0 0
1.89667 0 0 0 0
1.90333 0 0 0 0
1.91 0 0 0 0
1.91667 0 0 0 0
1.92333 0 0 0 0
1.93 0 0 0 0
1.93667 0 0 0 0
1.94333 0 0 0 0
1.95 0 0 0 0
1.95667 0 0 0 0
1.96333 0 0 0 0
1.97 0 0 0 0
1.97667 0 0 0 0
1.98333 0 0 0 0
1.99 0 0 0 0
1.99667 0 0 0 0
