0.00333333 20 131 2 1
0.01 43 126 1 2
0.0166667 37 161 1 2
0.0233333 53 152 2 1
0.03 40 168 1 0
0.0366667 64 148 9 1
0.0433333 77 216 7 0
0.05 98 222 9 1
0.0566667 86 250 8 4
0.0633333 99 277 11 2
0.07 123 312 14 1
0.0766667 124 328 6 3
0.0833333 122 323 19 2
0.09 112 349 6 1
0.0966667 132 341 11 3
0.103333 125 305 7 4
0.11 117 337 10 2
0.116667 133 328 11 1
0.123333 111 364 12 2
0.13 109 362 9 4
0.136667 103 322 8 2
0.143333 101 351 11 0
0.15 121 331 7 2
0.156667 79 366 5 1
0.163333 100 337 6 2
0.17 95 312 11 5
0.176667 86 330 5 1
0.183333 100 374 7 2
0.19 87 484 7 6
0.196667 97 440 5 0
0.203333 111 452 6 4
0.21 89 397 6 2
0.216667 73 364 6 3
0.223333 80 377 8 2
0.23 67 288 7 2
0.236667 70 300 10 1
0.243333 85 283 8 1
0.25 75 265 6 0
0.256667 76 229 7 1
0.263333 76 220 7 1
0.27 64 197 5 3
0.276667 59 195 4 4
0.283333 48 201 1 0
0.29 54 201 12 0
0.296667 59 185 8 0
0.303333 61 198 6 2
0.31 46 202 4 2
0.316667 51 155 9 1
0.323333 45 168 5 4
0.33 48 154 4 2
0.336667 46 165 1 2
0.343333 45 155 5 1
0.35 47 187 4 0
0.356667 44 163 3 1
0.363333 43 172 8 1
0.37 42 145 6 1
0.376667 37 168 7 0
0.383333 42 140 8 4
0.39 32 168 6 2
0.396667 43 153 5 0
0.403333 49 124 7 1
0.41 39 156 4 2
0.416667 40 144 8 1
0.423333 50 153 5 2
0.43 40 144 7 2
0.436667 33 148 5 4
0.443333 42 143 4 0
0.45 31 182 6 1
0.456667 38 153 1 2
0.463333 54 157 4 2
0.47 37 134 5 0
0.476667 41 127 4 2
0.483333 16 85 2 0
0.49 29 65 6 2
0.496667 34 68 2 0
0.503333 26 56 3 0
0.51 15 56 4 0
0.516667 21 55 9 0
0.523333 16 59 3 0
0.53 17 66 3 0
0.536667 19 49 1 1
0.543333 25 57 5 0
0.55 19 35 1 0
0.556667 27 43 3 0
0.563333 24 47 1 1
0.57 20 47 4 2
0.576667 23 52 2 0
0.583333 28 46 1 1
0.59 15 50 2 1
0.596667 15 48 6 1
0.603333 22 50 2 3
0.61 22 42 1 1
0.616667 19 43 3 0
0.623333 21 39 1 1
0.63 14 52 4 1
0.636667 13 70 1 1
0.643333 15 28 3 0
0.65 20 25 1 1
0.656667 18 30 2 0
0.663333 988 6956 81 18
0.67 0 0 0 0
0.676667 0 0 0 0
0.683333 0 0 0 0
0.69 0 0 0 0
0.696667 0 0 0 0
0.703333 0 0 0 0
0.71 0 0 0 0
0.716667 0 0 0 0
0.723333 0 0 0 0
0.73 0 0 0 0
0.736667 0 0 0 0
0.743333 0 0 0 0
0.75 0 0 0 0
0.756667 0 0 0 0
0.763333 0 0 0 0
0.77 0 0 0 0
0.776667 0 0 0 0
0.783333 0 0 0 0
0.79 0 0 0 0
0.796667 0 0 0 0
0.803333 0 0 0 0
0.81 0 0 0 0
0.816667 0 0 0 0
0.823333 0 0 0 0
0.83 0 0 0 0
0.836667 0 0 0 0
0.843333 0 0 0 0
0.85 0 0 0 0
0.856667 0 0 0 0
0.863333 0 0 0 0
0.87 0 0 0 0
0.876667 0 0 0 0
0.883333 0 0 0 0
0.89 0 0 0 0
0.896667 0 0 0 0
0.903333 0 0 0 0
0.91 0 0 0 0
0.916667 0 0 0 0
0.923333 0 0 0 0
0.93 0 0 0 0
0.936667 0 0 0 0
0.943333 0 0 0 0
0.95 0 0 0 0
0.956667 0 0 0 0
0.963333 0 0 0 0
0.97 0 0 0 0
0.976667 0 0 0 0
0.983333 0 0 0 0
0.99 0 0 0 0
0.996667 0 0 0 0
1.00333 0 0 0 0
1.01 0 0 0 0
1.01667 0 0 0 0
1.02333 0 0 0 0
1.03 0 0 0 0
1.03667 0 0 0 0
1.04333 0 0 0 0
1.05 0 0 0 0
1.05667 0 0 0 0
1.06333 0 0 0 0
1.07 0 0 0 0
1.07667 0 0 0 0
1.08333 0 0 0 0
1.09 0 0 0 0
1.09667 0 0 0 0
1.10333 0 0 0 0
1.11 0 0 0 0
1.11667 0 0 0 0
1.12333 0 0 0 0
1.13 0 0 0 0
1.13667 0 0 0 0
1.14333 0 0 0 0
1.15 0 0 0 0
1.15667 0 0 0 0
1.16333 0 0 0 0
1.17 0 0 0 0
1.17667 0 0 0 0
1.18333 0 0 0 0
1.19 0 0 0 0
1.19667 0 0 0 0
1.20333 0 0 0 0
1.21 0 0 0 0
1.21667 0 0 0 0
1.22333 0 0 0 0
1.23 0 0 0 0
1.23667 0 0 0 0
1.24333 0 0 0 0
1.25 0 0 0 0
1.25667 0 0 0 0
1.26333 0 0 0 0
1.27 0 0 0 0
1.27667 0 0 0 0
1.28333 0 0 0 0
1.29 0 0 0 0
1.29667 0 0 0 0
1.30333 0 0 0 0
1.31 0 0 0 0
1.31667 0 0 0 0
1.32333 0 0 0 0
1.33 0 0 0 0
1.33667 0 0 0 0
1.34333 0 0 0 0
1.35 0 0 0 0
1.35667 0 0 0 0
1.36333 0 0 0 0
1.37 0 0 0 0
1.37667 0 0 0 0
1.38333 0 0 0 0
1.39 0 0 0 0
1.39667 0 0 0 0
1.40333 0 0 0 0
1.41 0 0 0 0
1.41667 0 0 0 0
1.42333 0 0 0 0
1.43 0 0 0 0
1.43667 0 0 0 0
1.44333 0 0 0 0
1.45 0 0 0 0
1.45667 0 0 0 0
1.46333 0 0 0 0
1.47 0 0 0 0
1.47667 0 0 0 0
1.48333 0 0 0 0
1.49 0 0 0 0
1.49667 0 0 0 0
1.50333 0 0 0 0
1.51 0 0 0 0
1.51667 0 0 0 0
1.52333 0 0 0 0
1.53 0 0 0 0
1.53667 0 0 0 0
1.54333 0 0 0 0
1.55 0 0 0 0
1.55667 0 0 0 0
1.56333 0 0 0 0
1.57 0 0 0 0
1.57667 0 0 0 0
1.58333 0 0 0 0
1.59 0 0 0 0
1.59667 0 0 0 0
1.60333 0 0 0 0
1.61 0 0 0 0
1.61667 0 0 0 0
1.62333 0 0 0 0
1.63 0 0 0 0
1.63667 0 0 0 0
1.64333 0 0 0 0
1.65 0 0 0 0
1.65667 0 0 0 0
1.66333 0 0 0 0
1.67 0 0 0 0
1.67667 0 0 0 0
1.68333 0 0 0 0
1.69 0 0 0 0
1.69667 0 0 0 0
1.70333 0 0 0 0
1.71 0 0 0 0
1.71667 0 0 0 0
1.72333 0 0 0 0
1.73 0 0 0 0
1.73667 0 0 0 0
1.74333 0 0 0 0
1.75 0 0 0 0
1.75667 0 0 0 0
1.76333 0 0 0 0
1.77 0 0 0 0
1.77667 0 0 0 0
1.78333 0 0 0 0
1.79 0 0 0 0
1.79667 0 0 0 0
1.80333 0 0 0 0
1.81 0 0 0 0
1.81667 0 0 0 0
1.82333 0 0 0 0
1.83 0 0 0 0
1.83667 0 0 0 0
1.84333 0 0 0 0
1.85 0 0 0 0
1.85667 0 0 0 0
1.86333 0 0 0 0
1.87 0 0 0 0
1.87667 0 0 0 0
1.88333 0 0 0 0
1.89 0 0 0 0
1.89667 0 0 0 0
1.90333 0 0 0 0
1.91 0 0 0 0
1.91667 0 0 0 0
1.92333 0 0 0 0
1.93 0 0 0 0
1.93667 0 0 0 0
1.94333 0 0 0 0
1.95 0 0 0 0
1.95667 0 0 0 0
1.96333 0 0 0 0
1.97 0 0 0 0
1.97667 0 0 0 0
1.98333 0 0 0 0
1.99 0 0 0 0
1.99667 0 0 0 0
