0.00333333 1 10 14 67
0.01 1 11 23 72
0.0166667 1 12 16 90
0.0233333 1 8 30 64
0.03 1 13 20 73
0.0366667 2 7 17 99
0.0433333 2 11 37 108
0.05 2 16 39 125
0.0566667 2 19 55 125
0.0633333 1 9 55 129
0.07 3 14 60 148
0.0766667 4 10 54 158
0.0833333 3 8 59 153
0.09 4 14 55 181
0.0966667 2 19 60 171
0.103333 5 15 50 159
0.11 3 10 51 180
0.116667 2 15 45 171
0.123333 3 18 51 162
0.13 1 20 44 175
0.136667 2 15 49 173
0.143333 1 9 52 142
0.15 3 16 47 180
0.156667 2 14 43 153
0.163333 2 12 38 163
0.17 2 16 58 164
0.176667 1 16 32 151
0.183333 6 17 39 178
0.19 1 24 32 169
0.196667 1 25 52 189
0.203333 1 31 42 152
0.21 2 21 34 204
0.216667 4 20 38 161
0.223333 7 20 35 179
0.23 3 20 28 159
0.236667 2 12 37 185
0.243333 1 23 27 156
0.25 4 9 22 133
0.256667 2 18 29 139
0.263333 1 16 26 124
0.27 2 11 27 127
0.276667 2 10 27 121
0.283333 2 12 24 135
0.29 3 19 34 100
0.296667 0 12 25 120
0.303333 2 10 21 94
0.31 0 15 25 82
0.316667 0 8 23 105
0.323333 2 13 39 107
0.33 1 13 21 107
0.336667 3 12 27 95
0.343333 2 13 26 104
0.35 4 13 19 88
0.356667 2 10 23 100
0.363333 2 15 17 92
0.37 0 7 17 80
0.376667 0 12 15 80
0.383333 0 14 20 85
0.39 4 7 10 108
0.396667 1 7 26 75
0.403333 1 16 21 74
0.41 0 9 23 81
0.416667 4 9 17 88
0.423333 3 10 20 92
0.43 2 12 17 85
0.436667 0 11 19 79
0.443333 0 8 16 94
0.45 2 7 20 90
0.456667 2 16 19 76
0.463333 2 7 17 96
0.47 2 18 21 82
0.476667 0 11 15 75
0.483333 1 4 8 52
0.49 0 0 14 46
0.496667 1 6 14 49
0.503333 1 9 16 50
0.51 1 6 9 52
0.516667 0 3 8 41
0.523333 0 6 11 51
0.53 0 3 11 42
0.536667 0 3 15 45
0.543333 0 2 9 53
0.55 2 4 6 41
0.556667 0 3 12 47
0.563333 2 2 9 34
0.57 0 6 17 35
0.576667 3 4 11 33
0.583333 2 3 8 35
0.59 2 7 9 37
0.596667 1 7 13 42
0.603333 1 2 6 33
0.61 1 9 9 37
0.616667 0 0 7 32
0.623333 2 3 8 33
0.63 0 8 11 19
0.636667 1 4 9 48
0.643333 3 1 9 32
0.65 2 1 12 27
0.656667 1 2 12 34
0.663333 55 601 363 3615
0.67 0 0 0 0
0.676667 0 0 0 0
0.683333 0 0 0 0
0.69 0 0 0 0
0.696667 0 0 0 0
0.703333 0 0 0 0
0.71 0 0 0 0
0.716667 0 0 0 0
0.723333 0 0 0 0
0.73 0 0 0 0
0.736667 0 0 0 0
0.743333 0 0 0 0
0.75 0 0 0 0
0.756667 0 0 0 0
0.763333 0 0 0 0
0.77 0 0 0 0
0.776667 0 0 0 0
0.783333 0 0 0 0
0.79 0 0 0 0
0.796667 0 0 0 0
0.803333 0 0 0 0
0.81 0 0 0 0
0.816667 0 0 0 0
0.823333 0 0 0 0
0.83 0 0 0 0
0.836667 0 0 0 0
0.843333 0 0 0 0
0.85 0 0 0 0
0.856667 0 0 0 0
0.863333 0 0 0 0
0.87 0 0 0 0
0.876667 0 0 0 0
0.883333 0 0 0 0
0.89 0 0 0 0
0.896667 0 0 0 0
0.903333 0 0 0 0
0.91 0 0 0 0
0.916667 0 0 0 0
0.923333 0 0 0 0
0.93 0 0 0 0
0.936667 0 0 0 0
0.943333 0 0 0 0
0.95 0 0 0 0
0.956667 0 0 0 0
0.963333 0 0 0 0
0.97 0 0 0 0
0.976667 0 0 0 0
0.983333 0 0 0 0
0.99 0 0 0 0
0.996667 0 0 0 0
1.00333 0 0 0 0
1.01 0 0 0 0
1.01667 0 0 0 0
1.02333 0 0 0 0
1.03 0 0 0 0
1.03667 0 0 0 0
1.04333 0 0 0 0
1.05 0 0 0 0
1.05667 0 0 0 0
1.06333 0 0 0 0
1.07 0 0 0 0
1.07667 0 0 0 0
1.08333 0 0 0 0
1.09 0 0 0 0
1.09667 0 0 0 0
1.10333 0 0 0 0
1.11 0 0 0 0
1.11667 0 0 0 0
1.12333 0 0 0 0
1.13 0 0 0 0
1.13667 0 0 0 0
1.14333 0 0 0 0
1.15 0 0 0 0
1.15667 0 0 0 0
1.16333 0 0 0 0
1.17 0 0 0 0
1.17667 0 0 0 0
1.18333 0 0 0 0
1.19 0 0 0 0
1.19667 0 0 0 0
1.20333 0 0 0 0
1.21 0 0 0 0
1.21667 0 0 0 0
1.22333 0 0 0 0
1.23 0 0 0 0
1.23667 0 0 0 0
1.24333 0 0 0 0
1.25 0 0 0 0
1.25667 0 0 0 0
1.26333 0 0 0 0
1.27 0 0 0 0
1.27667 0 0 0 0
1.28333 0 0 0 0
1.29 0 0 0 0
1.29667 0 0 0 0
1.30333 0 0 0 0
1.31 0 0 0 0
1.31667 0 0 0 0
1.32333 0 0 0 0
1.33 0 0 0 0
1.33667 0 0 0 0
1.34333 0 0 0 0
1.35 0 0 0 0
1.35667 0 0 0 0
1.36333 0 0 0 0
1.37 0 0 0 0
1.37667 0 0 0 0
1.38333 0 0 0 0
1.39 0 0 0 0
1.39667 0 0 0 0
1.40333 0 0 0 0
1.41 0 0 0 0
1.41667 0 0 0 0
1.42333 0 0 0 0
1.43 0 0 0 0
1.43667 0 0 0 0
1.44333 0 0 0 0
1.45 0 0 0 0
1.45667 0 0 0 0
1.46333 0 0 0 0
1.47 0 0 0 0
1.47667 0 0 0 0
1.48333 0 0 0 0
1.49 0 0 0 0
1.49667 0 0 0 0
1.50333 0 0 0 0
1.51 0 0 0 0
1.51667 0 0 0 0
1.52333 0 0 0 0
1.53 0 0 0 0
1.53667 0 0 0 0
1.54333 0 0 0 0
1.55 0 0 0 0
1.55667 0 0 0 0
1.56333 0 0 0 0
1.57 0 0 0 0
1.57667 0 0 0 0
1.58333 0 0 0 0
1.59 0 0 0 0
1.59667 0 0 0 0
1.60333 0 0 0 0
1.61 0 0 0 0
1.61667 0 0 0 0
1.62333 0 0 0 0
1.63 0 0 0 0
1.63667 0 0 0 0
1.64333 0 0 0 0
1.65 0 0 0 0
1.65667 0 0 0 0
1.66333 0 0 0 0
1.67 0 0 0 0
1.67667 0 0 0 0
1.68333 0 0 0 0
1.69 0 0 0 0
1.69667 0 0 0 0
1.70333 0 0 0 0
1.71 0 0 0 0
1.71667 0 0 0 0
1.72333 0 0 0 0
1.73 0 0 0 0
1.73667 0 0 0 0
1.74333 0 0 0 0
1.75 0 0 0 0
1.75667 0 0 0 0
1.76333 0 0 0 0
1.77 0 0 0 0
1.77667 0 0 0 0
1.78333 0 0 0 0
1.79 0 0 0 0
1.79667 0 0 0 0
1.80333 0 0 0 0
1.81 0 0 0 0
1.81667 0 0 0 0
1.82333 0 0 0 0
1.83 0 0 0 0
1.83667 0 0 0 0
1.84333 0 0 0 0
1.85 0 0 0 0
1.85667 0 0 0 0
1.86333 0 0 0 0
1.87 0 0 0 0
1.87667 0 0 0 0
1.88333 0 0 0 0
1.89 0 0 0 0
1.89667 0 0 0 0
1.90333 0 0 0 0
1.91 0 0 0 0
1.91667 0 0 0 0
1.92333 0 0 0 0
1.93 0 0 0 0
1.93667 0 0 0 0
1.94333 0 0 0 0
1.95 0 0 0 0
1.95667 0 0 0 0
1.96333 0 0 0 0
1.97 0 0 0 0
1.97667 0 0 0 0
1.98333 0 0 0 0
1.99 0 0 0 0
1.99667 0 0 0 0
