0.00333333 15 38 15 7
0.01 16 49 14 4
0.0166667 19 59 24 4
0.0233333 16 61 28 7
0.03 16 59 25 3
0.0366667 15 80 29 9
0.0433333 24 116 44 8
0.05 31 127 52 13
0.0566667 41 150 53 15
0.0633333 44 139 59 18
0.07 42 189 68 23
0.0766667 43 184 78 24
0.0833333 52 180 80 18
0.09 38 167 67 21
0.0966667 44 189 80 19
0.103333 51 169 87 24
0.11 46 149 70 21
0.116667 47 187 80 18
0.123333 46 170 71 23
0.13 39 165 64 22
0.136667 40 146 54 27
0.143333 41 163 47 10
0.15 53 163 56 15
0.156667 36 132 61 20
0.163333 32 142 47 14
0.17 35 125 47 12
0.176667 32 124 49 10
0.183333 32 143 41 14
0.19 30 145 52 23
0.196667 43 139 53 18
0.203333 32 137 43 19
0.21 28 132 42 15
0.216667 26 119 43 18
0.223333 36 108 35 14
0.23 27 105 31 15
0.236667 30 109 44 12
0.243333 29 98 36 13
0.25 41 98 31 5
0.256667 22 84 36 12
0.263333 23 78 31 16
0.27 16 91 37 10
0.276667 24 82 25 14
0.283333 26 71 31 10
0.29 18 81 30 10
0.296667 18 69 18 5
0.303333 19 67 22 11
0.31 24 66 18 6
0.316667 20 64 18 10
0.323333 19 63 21 7
0.33 21 70 25 8
0.336667 10 80 26 7
0.343333 11 54 14 4
0.35 13 59 26 9
0.356667 25 61 26 8
0.363333 20 66 23 12
0.37 14 46 19 9
0.376667 14 56 16 8
0.383333 23 44 20 4
0.39 12 46 15 11
0.396667 19 47 14 6
0.403333 9 51 21 10
0.41 15 57 11 4
0.416667 20 49 20 6
0.423333 15 48 18 5
0.43 10 47 14 2
0.436667 13 66 13 5
0.443333 17 51 14 10
0.45 12 44 18 4
0.456667 17 48 17 13
0.463333 20 42 22 6
0.47 16 56 20 5
0.476667 11 35 16 7
0.483333 7 40 9 5
0.49 6 38 5 7
0.496667 8 29 13 6
0.503333 12 27 9 6
0.51 9 29 11 4
0.516667 6 32 5 8
0.523333 8 21 5 2
0.53 4 30 8 1
0.536667 9 25 10 7
0.543333 7 21 15 6
0.55 4 27 14 7
0.556667 7 22 14 2
0.563333 9 27 4 6
0.57 4 30 13 6
0.576667 11 24 10 7
0.583333 12 27 16 6
0.59 8 29 7 5
0.596667 9 25 17 3
0.603333 9 22 11 4
0.61 7 24 10 4
0.616667 9 13 5 4
0.623333 2 20 6 4
0.63 7 21 5 5
0.636667 5 28 7 4
0.643333 5 19 9 4
0.65 3 26 9 3
0.656667 7 17 4 8
0.663333 293 1161 343 115
0.67 0 0 0 0
0.676667 0 0 0 0
0.683333 0 0 0 0
0.69 0 0 0 0
0.696667 0 0 0 0
0.703333 0 0 0 0
0.71 0 0 0 0
0.716667 0 0 0 0
0.723333 0 0 0 0
0.73 0 0 0 0
0.736667 0 0 0 0
0.743333 0 0 0 0
0.75 0 0 0 0
0.756667 0 0 0 0
0.763333 0 0 0 0
0.77 0 0 0 0
0.776667 0 0 0 0
0.783333 0 0 0 0
0.79 0 0 0 0
0.796667 0 0 0 0
0.803333 0 0 0 0
0.81 0 0 0 0
0.816667 0 0 0 0
0.823333 0 0 0 0
0.83 0 0 0 0
0.836667 0 0 0 0
0.843333 0 0 0 0
0.85 0 0 0 0
0.856667 0 0 0 0
0.863333 0 0 0 0
0.87 0 0 0 0
0.876667 0 0 0 0
0.883333 0 0 0 0
0.89 0 0 0 0
0.896667 0 0 0 0
0.903333 0 0 0 0
0.91 0 0 0 0
0.916667 0 0 0 0
0.923333 0 0 0 0
0.93 0 0 0 0
0.936667 0 0 0 0
0.943333 0 0 0 0
0.95 0 0 0 0
0.956667 0 0 0 0
0.963333 0 0 0 0
0.97 0 0 0 0
0.976667 0 0 0 0
0.983333 0 0 0 0
0.99 0 0 0 0
0.996667 0 0 0 0
1.00333 0 0 0 0
1.01 0 0 0 0
1.01667 0 0 0 0
1.02333 0 0 0 0
1.03 0 0 0 0
1.03667 0 0 0 0
1.04333 0 0 0 0
1.05 0 0 0 0
1.05667 0 0 0 0
1.06333 0 0 0 0
1.07 0 0 0 0
1.07667 0 0 0 0
1.08333 0 0 0 0
1.09 0 0 0 0
1.09667 0 0 0 0
1.10333 0 0 0 0
1.11 0 0 0 0
1.11667 0 0 0 0
1.12333 0 0 0 0
1.13 0 0 0 0
1.13667 0 0 0 0
1.14333 0 0 0 0
1.15 0 0 0 0
1.15667 0 0 0 0
1.16333 0 0 0 0
1.17 0 0 0 0
1.17667 0 0 0 0
1.18333 0 0 0 0
1.19 0 0 0 0
1.19667 0 0 0 0
1.20333 0 0 0 0
1.21 0 0 0 0
1.21667 0 0 0 0
1.22333 0 0 0 0
1.23 0 0 0 0
1.23667 0 0 0 0
1.24333 0 0 0 0
1.25 0 0 0 0
1.25667 0 0 0 0
1.26333 0 0 0 0
1.27 0 0 0 0
1.27667 0 0 0 0
1.28333 0 0 0 0
1.29 0 0 0 0
1.29667 0 0 0 0
1.30333 0 0 0 0
1.31 0 0 0 0
1.31667 0 0 0 0
1.32333 0 0 0 0
1.33 0 0 0 0
1.33667 0 0 0 0
1.34333 0 0 0 0
1.35 0 0 0 0
1.35667 0 0 0 0
1.36333 0 0 0 0
1.37 0 0 0 0
1.37667 0 0 0 0
1.38333 0 0 0 0
1.39 0 0 0 0
1.39667 0 0 0 0
1.40333 0 0 0 0
1.41 0 0 0 0
1.41667 0 0 0 0
1.42333 0 0 0 0
1.43 0 0 0 0
1.43667 0 0 0 0
1.44333 0 0 0 0
1.45 0 0 0 0
1.45667 0 0 0 0
1.46333 0 0 0 0
1.47 0 0 0 0
1.47667 0 0 0 0
1.48333 0 0 0 0
1.49 0 0 0 0
1.49667 0 0 0 0
1.50333 0 0 0 0
1.51 0 0 0 0
1.51667 0 0 0 0
1.52333 0 0 0 0
1.53 0 0 0 0
1.53667 0 0 0 0
1.54333 0 0 0 0
1.55 0 0 0 0
1.55667 0 0 0 0
1.56333 0 0 0 0
1.57 0 0 0 0
1.57667 0 0 0 0
1.58333 0 0 0 0
1.59 0 0 0 0
1.59667 0 0 0 0
1.60333 0 0 0 0
1.61 0 0 0 0
1.61667 0 0 0 0
1.62333 0 0 0 0
1.63 0 0 0 0
1.63667 0 0 0 0
1.64333 0 0 0 0
1.65 0 0 0 0
1.65667 0 0 0 0
1.66333 0 0 0 0
1.67 0 0 0 0
1.67667 0 0 0 0
1.68333 0 0 0 0
1.69 0 0 0 0
1.69667 0 0 0 0
1.70333 0 0 0 0
1.71 0 0 0 0
1.71667 0 0 0 0
1.72333 0 0 0 0
1.73 0 0 0 0
1.73667 0 0 0 0
1.74333 0 0 0 0
1.75 0 0 0 0
1.75667 0 0 0 0
1.76333 0 0 0 0
1.77 0 0 0 0
1.77667 0 0 0 0
1.78333 0 0 0 0
1.79 0 0 0 0
1.79667 0 0 0 0
1.80333 0 0 0 0
1.81 0 0 0 0
1.81667 0 0 0 0
1.82333 0 0 0 0
1.83 0 0 0 0
1.83667 0 0 0 0
1.84333 0 0 0 0
1.85 0 0 0 0
1.85667 0 0 0 0
1.86333 0 0 0 0
1.87 0 0 0 0
1.87667 0 0 0 0
1.88333 0 0 0 0
1.89 0 0 0 0
1.89667 0 0 0 0
1.90333 0 0 0 0
1.91 0 0 0 0
1.91667 0 0 0 0
1.92333 0 0 0 0
1.93 0 0 0 0
1.93667 0 0 0 0
1.94333 0 0 0 0
1.95 0 0 0 0
1.95667 0 0 0 0
1.96333 0 0 0 0
1.97 0 0 0 0
1.97667 0 0 0 0
1.98333 0 0 0 0
1.99 0 0 0 0
1.99667 0 0 0 0
