0.00333333 43 21 2 1
0.01 49 28 3 0
0.0166667 65 27 3 1
0.0233333 62 26 1 1
0.03 61 22 5 2
0.0366667 84 46 2 1
0.0433333 93 56 2 1
0.05 138 69 4 3
0.0566667 134 70 2 2
0.0633333 159 85 3 1
0.07 168 72 8 2
0.0766667 180 85 2 4
0.0833333 189 71 3 2
0.09 207 102 7 1
0.0966667 180 72 6 1
0.103333 179 87 7 4
0.11 169 67 8 3
0.116667 179 78 2 4
0.123333 204 72 8 1
0.13 167 74 4 2
0.136667 161 72 0 1
0.143333 150 52 6 1
0.15 139 50 5 3
0.156667 150 84 4 1
0.163333 126 53 5 3
0.17 145 50 3 1
0.176667 122 55 4 1
0.183333 153 68 9 2
0.19 149 67 5 1
0.196667 125 42 5 2
0.203333 122 62 0 1
0.21 138 43 4 0
0.216667 120 43 2 1
0.223333 126 45 2 1
0.23 107 56 9 1
0.236667 100 43 5 2
0.243333 117 34 8 0
0.25 100 32 6 0
0.256667 97 31 5 1
0.263333 101 32 4 0
0.27 87 32 3 1
0.276667 90 34 3 2
0.283333 81 35 4 1
0.29 83 37 2 0
0.296667 80 39 1 2
0.303333 79 43 1 2
0.31 93 27 2 1
0.316667 68 35 3 0
0.323333 76 34 1 1
0.33 75 30 3 0
0.336667 80 29 3 3
0.343333 69 32 3 0
0.35 68 28 4 2
0.356667 54 22 3 1
0.363333 55 35 5 0
0.37 55 29 2 0
0.376667 52 28 1 0
0.383333 70 28 0 0
0.39 55 24 3 0
0.396667 74 23 3 1
0.403333 58 20 3 0
0.41 58 22 5 1
0.416667 45 25 1 2
0.423333 57 21 2 0
0.43 48 21 2 0
0.436667 57 31 4 0
0.443333 53 22 4 0
0.45 61 22 1 0
0.456667 55 22 2 0
0.463333 55 24 0 3
0.47 54 16 2 1
0.476667 54 21 0 1
0.483333 35 17 3 1
0.49 38 21 1 1
0.496667 39 16 2 0
0.503333 21 18 2 0
0.51 38 17 1 0
0.516667 29 24 3 0
0.523333 30 11 1 0
0.53 21 8 2 1
0.536667 23 12 1 0
0.543333 17 11 1 0
0.55 32 10 2 1
0.556667 28 16 2 0
0.563333 27 14 1 0
0.57 33 12 1 0
0.576667 29 7 2 0
0.583333 31 16 2 1
0.59 23 17 4 0
0.596667 23 16 2 1
0.603333 26 13 0 0
0.61 13 14 1 0
0.616667 18 8 3 0
0.623333 29 14 1 1
0.63 23 8 1 2
0.636667 29 17 1 2
0.643333 26 13 1 1
0.65 28 6 2 2
0.656667 20 13 3 0
0.663333 1359 459 38 5
0.67 0 0 0 0
0.676667 0 0 0 0
0.683333 0 0 0 0
0.69 0 0 0 0
0.696667 0 0 0 0
0.703333 0 0 0 0
0.71 0 0 0 0
0.716667 0 0 0 0
0.723333 0 0 0 0
0.73 0 0 0 0
0.736667 0 0 0 0
0.743333 0 0 0 0
0.75 0 0 0 0
0.756667 0 0 0 0
0.763333 0 0 0 0
0.77 0 0 0 0
0.776667 0 0 0 0
0.783333 0 0 0 0
0.79 0 0 0 0
0.796667 0 0 0 0
0.803333 0 0 0 0
0.81 0 0 0 0
0.816667 0 0 0 0
0.823333 0 0 0 0
0.83 0 0 0 0
0.836667 0 0 0 0
0.843333 0 0 0 0
0.85 0 0 0 0
0.856667 0 0 0 0
0.863333 0 0 0 0
0.87 0 0 0 0
0.876667 0 0 0 0
0.883333 0 0 0 0
0.89 0 0 0 0
0.896667 0 0 0 0
0.903333 0 0 0 0
0.91 0 0 0 0
0.916667 0 0 0 0
0.923333 0 0 0 0
0.93 0 0 0 0
0.936667 0 0 0 0
0.943333 0 0 0 0
0.95 0 0 0 0
0.956667 0 0 0 0
0.963333 0 0 0 0
0.97 0 0 0 0
0.976667 0 0 0 0
0.983333 0 0 0 0
0.99 0 0 0 0
0.996667 0 0 0 0
1.00333 0 0 0 0
1.01 0 0 0 0
1.01667 0 0 0 0
1.02333 0 0 0 0
1.03 0 0 0 0
1.03667 0 0 0 0
1.04333 0 0 0 0
1.05 0 0 0 0
1.05667 0 0 0 0
1.06333 0 0 0 0
1.07 0 0 0 0
1.07667 0 0 0 0
1.08333 0 0 0 0
1.09 0 0 0 0
1.09667 0 0 0 0
1.10333 0 0 0 0
1.11 0 0 0 0
1.11667 0 0 0 0
1.12333 0 0 0 0
1.13 0 0 0 0
1.13667 0 0 0 0
1.14333 0 0 0 0
1.15 0 0 0 0
1.15667 0 0 0 0
1.16333 0 0 0 0
1.17 0 0 0 0
1.17667 0 0 0 0
1.18333 0 0 0 0
1.19 0 0 0 0
1.19667 0 0 0 0
1.20333 0 0 0 0
1.21 0 0 0 0
1.21667 0 0 0 0
1.22333 0 0 0 0
1.23 0 0 0 0
1.23667 0 0 0 0
1.24333 0 0 0 0
1.25 0 0 0 0
1.25667 0 0 0 0
1.26333 0 0 0 0
1.27 0 0 0 0
1.27667 0 0 0 0
1.28333 0 0 0 0
1.29 0 0 0 0
1.29667 0 0 0 0
1.30333 0 0 0 0
1.31 0 0 0 0
1.31667 0 0 0 0
1.32333 0 0 0 0
1.33 0 0 0 0
1.33667 0 0 0 0
1.34333 0 0 0 0
1.35 0 0 0 0
1.35667 0 0 0 0
1.36333 0 0 0 0
1.37 0 0 0 0
1.37667 0 0 0 0
1.38333 0 0 0 0
1.39 0 0 0 0
1.39667 0 0 0 0
1.40333 0 0 0 0
1.41 0 0 0 0
1.41667 0 0 0 0
1.42333 0 0 0 0
1.43 0 0 0 0
1.43667 0 0 0 0
1.44333 0 0 0 0
1.45 0 0 0 0
1.45667 0 0 0 0
1.46333 0 0 0 0
1.47 0 0 0 0
1.47667 0 0 0 0
1.48333 0 0 0 0
1.49 0 0 0 0
1.49667 0 0 0 0
1.50333 0 0 0 0
1.51 0 0 0 0
1.51667 0 0 0 0
1.52333 0 0 0 0
1.53 0 0 0 0
1.53667 0 0 0 0
1.54333 0 0 0 0
1.55 0 0 0 0
1.55667 0 0 0 0
1.56333 0 0 0 0
1.57 0 0 0 0
1.57667 0 0 0 0
1.58333 0 0 0 0
1.59 0 0 0 0
1.59667 0 0 0 0
1.60333 0 0 0 0
1.61 0 0 0 0
1.61667 0 0 0 0
1.62333 0 0 0 0
1.63 0 0 0 0
1.63667 0 0 0 0
1.64333 0 0 0 0
1.65 0 0 0 0
1.65667 0 0 0 0
1.66333 0 0 0 0
1.67 0 0 0 0
1.67667 0 0 0 0
1.68333 0 0 0 0
1.69 0 0 0 0
1.69667 0 0 0 0
1.70333 0 0 0 0
1.71 0 0 0 0
1.71667 0 0 0 0
1.72333 0 0 0 0
1.73 0 0 0 0
1.73667 0 0 0 0
1.74333 0 0 0 0
1.75 0 0 0 0
1.75667 0 0 0 0
1.76333 0 0 0 0
1.77 0 0 0 0
1.77667 0 0 0 0
1.78333 0 0 0 0
1.79 0 0 0 0
1.79667 0 0 0 0
1.80333 0 0 0 0
1.81 0 0 0 0
1.81667 0 0 0 0
1.82333 0 0 0 0
1.83 0 0 0 0
1.83667 0 0 0 0
1.84333 0 0 0 0
1.85 0 0 0 0
1.85667 0 0 0 0
1.86333 0 0 0 0
1.87 0 0 0 0
1.87667 0 0 0 0
1.88333 0 0 0 0
1.89 0 0 0 0
1.89667 0 0 0 0
1.90333 0 0 0 0
1.91 0 0 0 0
1.91667 0 0 0 0
1.92333 0 0 0 0
1.93 0 0 0 0
1.93667 0 0 0 0
1.94333 0 0 0 0
1.95 0 0 0 0
1.95667 0 0 0 0
1.96333 0 0 0 0
1.97 0 0 0 0
1.97667 0 0 0 0
1.98333 0 0 0 0
1.99 0 0 0 0
1.99667 0 0 0 0
