0.00333333 3 18 36 11
0.01 5 20 45 11
0.0166667 8 37 47 8
0.0233333 13 27 55 9
0.03 5 29 60 7
0.0366667 9 36 72 20
0.0433333 5 50 97 19
0.05 19 69 116 18
0.0566667 20 87 137 35
0.0633333 23 85 157 31
0.07 18 92 151 24
0.0766667 20 101 170 30
0.0833333 27 95 167 28
0.09 14 113 177 29
0.0966667 18 90 172 40
0.103333 28 81 191 30
0.11 27 93 156 29
0.116667 16 97 188 27
0.123333 14 89 147 33
0.13 24 84 187 23
0.136667 20 71 159 22
0.143333 19 73 162 17
0.15 15 71 148 22
0.156667 15 73 159 20
0.163333 14 72 145 17
0.17 20 65 127 19
0.176667 12 61 134 26
0.183333 11 70 110 19
0.19 10 56 135 21
0.196667 11 71 116 25
0.203333 7 61 115 14
0.21 14 51 108 16
0.216667 10 59 135 15
0.223333 13 47 112 19
0.23 12 67 104 11
0.236667 11 48 106 12
0.243333 8 47 89 9
0.25 12 54 104 15
0.256667 7 37 90 18
0.263333 7 39 71 14
0.27 9 32 79 15
0.276667 3 46 75 8
0.283333 6 25 81 14
0.29 11 30 62 7
0.296667 3 38 79 19
0.303333 9 32 65 13
0.31 5 39 54 10
0.316667 3 34 59 7
0.323333 5 36 78 12
0.33 11 30 58 10
0.336667 7 41 72 11
0.343333 5 24 62 10
0.35 7 24 60 6
0.356667 6 38 48 12
0.363333 7 32 61 12
0.37 9 26 52 9
0.376667 8 35 59 13
0.383333 7 35 38 11
0.39 5 33 44 7
0.396667 10 17 42 6
0.403333 7 27 51 8
0.41 4 19 56 8
0.416667 11 22 47 11
0.423333 5 23 39 10
0.43 3 25 40 7
0.436667 6 18 49 7
0.443333 7 19 46 6
0.45 8 23 47 6
0.456667 8 19 42 11
0.463333 6 34 46 5
0.47 6 24 42 7
0.476667 7 27 34 6
0.483333 6 18 26 12
0.49 0 22 34 6
0.496667 4 14 34 7
0.503333 6 15 29 4
0.51 1 13 28 1
0.516667 1 13 20 6
0.523333 4 17 17 6
0.53 3 12 23 4
0.536667 3 15 20 8
0.543333 6 12 26 9
0.55 2 19 24 2
0.556667 3 12 21 4
0.563333 4 16 22 4
0.57 1 14 26 3
0.576667 6 14 20 4
0.583333 2 16 24 5
0.59 1 17 22 4
0.596667 6 18 24 5
0.603333 4 9 19 2
0.61 1 12 15 4
0.616667 3 14 19 6
0.623333 1 15 19 2
0.63 5 6 15 2
0.636667 2 14 17 5
0.643333 1 11 16 5
0.65 4 9 24 3
0.656667 0 13 19 1
0.663333 80 459 1253 118
0.67 0 0 0 0
0.676667 0 0 0 0
0.683333 0 0 0 0
0.69 0 0 0 0
0.696667 0 0 0 0
0.703333 0 0 0 0
0.71 0 0 0 0
0.716667 0 0 0 0
0.723333 0 0 0 0
0.73 0 0 0 0
0.736667 0 0 0 0
0.743333 0 0 0 0
0.75 0 0 0 0
0.756667 0 0 0 0
0.763333 0 0 0 0
0.77 0 0 0 0
0.776667 0 0 0 0
0.783333 0 0 0 0
0.79 0 0 0 0
0.796667 0 0 0 0
0.803333 0 0 0 0
0.81 0 0 0 0
0.816667 0 0 0 0
0.823333 0 0 0 0
0.83 0 0 0 0
0.836667 0 0 0 0
0.843333 0 0 0 0
0.85 0 0 0 0
0.856667 0 0 0 0
0.863333 0 0 0 0
0.87 0 0 0 0
0.876667 0 0 0 0
0.883333 0 0 0 0
0.89 0 0 0 0
0.896667 0 0 0 0
0.903333 0 0 0 0
0.91 0 0 0 0
0.916667 0 0 0 0
0.923333 0 0 0 0
0.93 0 0 0 0
0.936667 0 0 0 0
0.943333 0 0 0 0
0.95 0 0 0 0
0.956667 0 0 0 0
0.963333 0 0 0 0
0.97 0 0 0 0
0.976667 0 0 0 0
0.983333 0 0 0 0
0.99 0 0 0 0
0.996667 0 0 0 0
1.00333 0 0 0 0
1.01 0 0 0 0
1.01667 0 0 0 0
1.02333 0 0 0 0
1.03 0 0 0 0
1.03667 0 0 0 0
1.04333 0 0 0 0
1.05 0 0 0 0
1.05667 0 0 0 0
1.06333 0 0 0 0
1.07 0 0 0 0
1.07667 0 0 0 0
1.08333 0 0 0 0
1.09 0 0 0 0
1.09667 0 0 0 0
1.10333 0 0 0 0
1.11 0 0 0 0
1.11667 0 0 0 0
1.12333 0 0 0 0
1.13 0 0 0 0
1.13667 0 0 0 0
1.14333 0 0 0 0
1.15 0 0 0 0
1.15667 0 0 0 0
1.16333 0 0 0 0
1.17 0 0 0 0
1.17667 0 0 0 0
1.18333 0 0 0 0
1.19 0 0 0 0
1.19667 0 0 0 0
1.20333 0 0 0 0
1.21 0 0 0 0
1.21667 0 0 0 0
1.22333 0 0 0 0
1.23 0 0 0 0
1.23667 0 0 0 0
1.24333 0 0 0 0
1.25 0 0 0 0
1.25667 0 0 0 0
1.26333 0 0 0 0
1.27 0 0 0 0
1.27667 0 0 0 0
1.28333 0 0 0 0
1.29 0 0 0 0
1.29667 0 0 0 0
1.30333 0 0 0 0
1.31 0 0 0 0
1.31667 0 0 0 0
1.32333 0 0 0 0
1.33 0 0 0 0
1.33667 0 0 0 0
1.34333 0 0 0 0
1.35 0 0 0 0
1.35667 0 0 0 0
1.36333 0 0 0 0
1.37 0 0 0 0
1.37667 0 0 0 0
1.38333 0 0 0 0
1.39 0 0 0 0
1.39667 0 0 0 0
1.40333 0 0 0 0
1.41 0 0 0 0
1.41667 0 0 0 0
1.42333 0 0 0 0
1.43 0 0 0 0
1.43667 0 0 0 0
1.44333 0 0 0 0
1.45 0 0 0 0
1.45667 0 0 0 0
1.46333 0 0 0 0
1.47 0 0 0 0
1.47667 0 0 0 0
1.48333 0 0 0 0
1.49 0 0 0 0
1.49667 0 0 0 0
1.50333 0 0 0 0
1.51 0 0 0 0
1.51667 0 0 0 0
1.52333 0 0 0 0
1.53 0 0 0 0
1.53667 0 0 0 0
1.54333 0 0 0 0
1.55 0 0 0 0
1.55667 0 0 0 0
1.56333 0 0 0 0
1.57 0 0 0 0
1.57667 0 0 0 0
1.58333 0 0 0 0
1.59 0 0 0 0
1.59667 0 0 0 0
1.60333 0 0 0 0
1.61 0 0 0 0
1.61667 0 0 0 0
1.62333 0 0 0 0
1.63 0 0 0 0
1.63667 0 0 0 0
1.64333 0 0 0 0
1.65 0 0 0 0
1.65667 0 0 0 0
1.66333 0 0 0 0
1.67 0 0 0 0
1.67667 0 0 0 0
1.68333 0 0 0 0
1.69 0 0 0 0
1.69667 0 0 0 0
1.70333 0 0 0 0
1.71 0 0 0 0
1.71667 0 0 0 0
1.72333 0 0 0 0
1.73 0 0 0 0
1.73667 0 0 0 0
1.74333 0 0 0 0
1.75 0 0 0 0
1.75667 0 0 0 0
1.76333 0 0 0 0
1.77 0 0 0 0
1.77667 0 0 0 0
1.78333 0 0 0 0
1.79 0 0 0 0
1.79667 0 0 0 0
1.80333 0 0 0 0
1.81 0 0 0 0
1.81667 0 0 0 0
1.82333 0 0 0 0
1.83 0 0 0 0
1.83667 0 0 0 0
1.84333 0 0 0 0
1.85 0 0 0 0
1.85667 0 0 0 0
1.86333 0 0 0 0
1.87 0 0 0 0
1.87667 0 0 0 0
1.88333 0 0 0 0
1.89 0 0 0 0
1.89667 0 0 0 0
1.90333 0 0 0 0
1.91 0 0 0 0
1.91667 0 0 0 0
1.92333 0 0 0 0
1.93 0 0 0 0
1.93667 0 0 0 0
1.94333 0 0 0 0
1.95 0 0 0 0
1.95667 0 0 0 0
1.96333 0 0 0 0
1.97 0 0 0 0
1.97667 0 0 0 0
1.98333 0 0 0 0
1.99 0 0 0 0
1.99667 0 0 0 0
