0.00333333 36 35 3 1
0.01 46 50 1 1
0.0166667 59 64 4 2
0.0233333 58 49 4 2
0.03 63 58 5 2
0.0366667 79 72 0 1
0.0433333 90 91 4 1
0.05 117 97 8 0
0.0566667 137 140 6 0
0.0633333 145 150 6 3
0.07 170 195 8 1
0.0766667 185 164 5 3
0.0833333 178 166 10 2
0.09 185 186 10 3
0.0966667 193 180 6 3
0.103333 172 184 8 1
0.11 175 173 12 2
0.116667 183 168 8 3
0.123333 171 161 7 1
0.13 164 174 5 4
0.136667 170 140 7 3
0.143333 134 152 6 1
0.15 158 134 8 1
0.156667 160 158 8 3
0.163333 128 144 5 4
0.17 124 143 7 5
0.176667 149 129 5 2
0.183333 119 137 5 2
0.19 134 164 4 2
0.196667 135 136 8 1
0.203333 122 172 2 2
0.21 129 146 5 2
0.216667 124 121 8 0
0.223333 112 124 5 1
0.23 103 129 8 2
0.236667 118 115 9 3
0.243333 116 91 5 2
0.25 91 111 8 1
0.256667 82 91 8 3
0.263333 87 74 5 1
0.27 78 79 6 3
0.276667 100 83 6 3
0.283333 84 89 4 0
0.29 97 77 6 1
0.296667 69 86 4 2
0.303333 78 99 3 0
0.31 78 87 1 1
0.316667 79 77 6 2
0.323333 81 69 1 1
0.33 75 63 3 2
0.336667 68 62 8 0
0.343333 67 69 3 1
0.35 53 73 6 1
0.356667 44 72 3 1
0.363333 50 54 7 0
0.37 55 62 4 2
0.376667 51 65 2 1
0.383333 56 50 3 0
0.39 53 56 5 0
0.396667 45 59 3 0
0.403333 54 59 4 0
0.41 44 48 3 0
0.416667 56 44 1 0
0.423333 46 51 7 2
0.43 55 45 1 3
0.436667 46 47 3 0
0.443333 44 39 2 0
0.45 49 53 4 1
0.456667 51 55 4 0
0.463333 46 48 2 2
0.47 46 42 5 0
0.476667 38 46 4 1
0.483333 32 36 4 0
0.49 38 39 1 1
0.496667 45 33 0 1
0.503333 37 37 4 1
0.51 33 30 1 0
0.516667 27 36 2 0
0.523333 27 26 2 0
0.53 27 24 3 0
0.536667 32 32 1 1
0.543333 32 25 1 0
0.55 28 19 1 1
0.556667 39 21 2 0
0.563333 25 20 1 1
0.57 33 24 2 0
0.576667 18 18 1 0
0.583333 26 27 1 1
0.59 26 27 2 2
0.596667 24 22 1 1
0.603333 24 23 1 0
0.61 24 17 3 1
0.616667 20 19 0 2
0.623333 33 28 2 1
0.63 20 28 1 2
0.636667 18 28 0 0
0.643333 15 17 3 0
0.65 29 22 1 0
0.656667 22 21 2 0
0.663333 1283 1556 57 15
0.67 0 0 0 0
0.676667 0 0 0 0
0.683333 0 0 0 0
0.69 0 0 0 0
0.696667 0 0 0 0
0.703333 0 0 0 0
0.71 0 0 0 0
0.716667 0 0 0 0
0.723333 0 0 0 0
0.73 0 0 0 0
0.736667 0 0 0 0
0.743333 0 0 0 0
0.75 0 0 0 0
0.756667 0 0 0 0
0.763333 0 0 0 0
0.77 0 0 0 0
0.776667 0 0 0 0
0.783333 0 0 0 0
0.79 0 0 0 0
0.796667 0 0 0 0
0.803333 0 0 0 0
0.81 0 0 0 0
0.816667 0 0 0 0
0.823333 0 0 0 0
0.83 0 0 0 0
0.836667 0 0 0 0
0.843333 0 0 0 0
0.85 0 0 0 0
0.856667 0 0 0 0
0.863333 0 0 0 0
0.87 0 0 0 0
0.876667 0 0 0 0
0.883333 0 0 0 0
0.89 0 0 0 0
0.896667 0 0 0 0
0.903333 0 0 0 0
0.91 0 0 0 0
0.916667 0 0 0 0
0.923333 0 0 0 0
0.93 0 0 0 0
0.936667 0 0 0 0
0.943333 0 0 0 0
0.95 0 0 0 0
0.956667 0 0 0 0
0.963333 0 0 0 0
0.97 0 0 0 0
0.976667 0 0 0 0
0.983333 0 0 0 0
0.99 0 0 0 0
0.996667 0 0 0 0
1.00333 0 0 0 0
1.01 0 0 0 0
1.01667 0 0 0 0
1.02333 0 0 0 0
1.03 0 0 0 0
1.03667 0 0 0 0
1.04333 0 0 0 0
1.05 0 0 0 0
1.05667 0 0 0 0
1.06333 0 0 0 0
1.07 0 0 0 0
1.07667 0 0 0 0
1.08333 0 0 0 0
1.09 0 0 0 0
1.09667 0 0 0 0
1.10333 0 0 0 0
1.11 0 0 0 0
1.11667 0 0 0 0
1.12333 0 0 0 0
1.13 0 0 0 0
1.13667 0 0 0 0
1.14333 0 0 0 0
1.15 0 0 0 0
1.15667 0 0 0 0
1.16333 0 0 0 0
1.17 0 0 0 0
1.17667 0 0 0 0
1.18333 0 0 0 0
1.19 0 0 0 0
1.19667 0 0 0 0
1.20333 0 0 0 0
1.21 0 0 0 0
1.21667 0 0 0 0
1.22333 0 0 0 0
1.23 0 0 0 0
1.23667 0 0 0 0
1.24333 0 0 0 0
1.25 0 0 0 0
1.25667 0 0 0 0
1.26333 0 0 0 0
1.27 0 0 0 0
1.27667 0 0 0 0
1.28333 0 0 0 0
1.29 0 0 0 0
1.29667 0 0 0 0
1.30333 0 0 0 0
1.31 0 0 0 0
1.31667 0 0 0 0
1.32333 0 0 0 0
1.33 0 0 0 0
1.33667 0 0 0 0
1.34333 0 0 0 0
1.35 0 0 0 0
1.35667 0 0 0 0
1.36333 0 0 0 0
1.37 0 0 0 0
1.37667 0 0 0 0
1.38333 0 0 0 0
1.39 0 0 0 0
1.39667 0 0 0 0
1.40333 0 0 0 0
1.41 0 0 0 0
1.41667 0 0 0 0
1.42333 0 0 0 0
1.43 0 0 0 0
1.43667 0 0 0 0
1.44333 0 0 0 0
1.45 0 0 0 0
1.45667 0 0 0 0
1.46333 0 0 0 0
1.47 0 0 0 0
1.47667 0 0 0 0
1.48333 0 0 0 0
1.49 0 0 0 0
1.49667 0 0 0 0
1.50333 0 0 0 0
1.51 0 0 0 0
1.51667 0 0 0 0
1.52333 0 0 0 0
1.53 0 0 0 0
1.53667 0 0 0 0
1.54333 0 0 0 0
1.55 0 0 0 0
1.55667 0 0 0 0
1.56333 0 0 0 0
1.57 0 0 0 0
1.57667 0 0 0 0
1.58333 0 0 0 0
1.59 0 0 0 0
1.59667 0 0 0 0
1.60333 0 0 0 0
1.61 0 0 0 0
1.61667 0 0 0 0
1.62333 0 0 0 0
1.63 0 0 0 0
1.63667 0 0 0 0
1.64333 0 0 0 0
1.65 0 0 0 0
1.65667 0 0 0 0
1.66333 0 0 0 0
1.67 0 0 0 0
1.67667 0 0 0 0
1.68333 0 0 0 0
1.69 0 0 0 0
1.69667 0 0 0 0
1.70333 0 0 0 0
1.71 0 0 0 0
1.71667 0 0 0 0
1.72333 0 0 0 0
1.73 0 0 0 0
1.73667 0 0 0 0
1.74333 0 0 0 0
1.75 0 0 0 0
1.75667 0 0 0 0
1.76333 0 0 0 0
1.77 0 0 0 0
1.77667 0 0 0 0
1.78333 0 0 0 0
1.79 0 0 0 0
1.79667 0 0 0 0
1.80333 0 0 0 0
1.81 0 0 0 0
1.81667 0 0 0 0
1.82333 0 0 0 0
1.83 0 0 0 0
1.83667 0 0 0 0
1.84333 0 0 0 0
1.85 0 0 0 0
1.85667 0 0 0 0
1.86333 0 0 0 0
1.87 0 0 0 0
1.87667 0 0 0 0
1.88333 0 0 0 0
1.89 0 0 0 0
1.89667 0 0 0 0
1.90333 0 0 0 0
1.91 0 0 0 0
1.91667 0 0 0 0
1.92333 0 0 0 0
1.93 0 0 0 0
1.93667 0 0 0 0
1.94333 0 0 0 0
1.95 0 0 0 0
1.95667 0 0 0 0
1.96333 0 0 0 0
1.97 0 0 0 0
1.97667 0 0 0 0
1.98333 0 0 0 0
1.99 0 0 0 0
1.99667 0 0 0 0
