0.00333333 28 26 0 0
0.01 22 32 2 0
0.0166667 36 33 4 0
0.0233333 32 28 1 0
0.03 38 27 0 0
0.0366667 53 42 3 0
0.0433333 46 49 1 0
0.05 66 51 3 1
0.0566667 73 69 8 2
0.0633333 89 78 3 1
0.07 98 80 9 0
0.0766667 90 66 8 2
0.0833333 103 82 8 0
0.09 110 97 8 1
0.0966667 86 88 10 0
0.103333 99 83 5 1
0.11 95 88 6 2
0.116667 100 77 8 1
0.123333 90 74 2 0
0.13 80 87 5 0
0.136667 100 93 2 2
0.143333 81 56 4 0
0.15 84 75 6 0
0.156667 67 79 2 0
0.163333 62 83 6 1
0.17 89 85 4 0
0.176667 84 82 7 1
0.183333 77 66 7 1
0.19 83 86 4 3
0.196667 76 76 6 2
0.203333 66 70 5 0
0.21 61 82 8 0
0.216667 62 86 4 2
0.223333 68 71 2 0
0.23 46 75 3 0
0.236667 49 83 4 0
0.243333 51 60 6 1
0.25 57 58 2 1
0.256667 59 67 6 0
0.263333 49 63 9 0
0.27 45 58 3 0
0.276667 44 49 4 0
0.283333 60 49 3 1
0.29 54 48 4 0
0.296667 54 47 2 0
0.303333 44 51 5 0
0.31 47 36 1 0
0.316667 37 49 1 0
0.323333 30 49 3 0
0.33 37 35 3 1
0.336667 41 37 4 1
0.343333 38 31 1 0
0.35 27 29 3 1
0.356667 50 37 2 1
0.363333 37 44 1 0
0.37 38 39 4 0
0.376667 46 38 2 0
0.383333 30 30 2 0
0.39 29 37 5 1
0.396667 47 42 7 0
0.403333 29 40 4 1
0.41 31 29 4 0
0.416667 33 21 6 1
0.423333 24 29 4 0
0.43 31 29 1 0
0.436667 44 34 1 0
0.443333 34 31 5 1
0.45 24 30 2 0
0.456667 25 35 6 0
0.463333 27 28 4 2
0.47 20 30 2 1
0.476667 28 34 0 0
0.483333 27 24 4 1
0.49 25 24 1 0
0.496667 16 21 2 0
0.503333 20 16 1 1
0.51 17 19 1 0
0.516667 23 15 1 1
0.523333 31 14 7 1
0.53 28 17 3 0
0.536667 30 22 1 0
0.543333 18 17 2 0
0.55 21 20 0 0
0.556667 18 16 1 0
0.563333 15 16 3 0
0.57 20 11 3 1
0.576667 12 19 0 0
0.583333 20 19 3 0
0.59 18 20 2 0
0.596667 12 9 2 1
0.603333 15 12 2 0
0.61 17 11 2 1
0.616667 21 17 0 0
0.623333 18 18 1 0
0.63 17 18 2 0
0.636667 17 15 1 0
0.643333 13 9 3 0
0.65 18 16 0 0
0.656667 11 13 0 0
0.663333 703 1083 74 5
0.67 0 0 0 0
0.676667 0 0 0 0
0.683333 0 0 0 0
0.69 0 0 0 0
0.696667 0 0 0 0
0.703333 0 0 0 0
0.71 0 0 0 0
0.716667 0 0 0 0
0.723333 0 0 0 0
0.73 0 0 0 0
0.736667 0 0 0 0
0.743333 0 0 0 0
0.75 0 0 0 0
0.756667 0 0 0 0
0.763333 0 0 0 0
0.77 0 0 0 0
0.776667 0 0 0 0
0.783333 0 0 0 0
0.79 0 0 0 0
0.796667 0 0 0 0
0.803333 0 0 0 0
0.81 0 0 0 0
0.816667 0 0 0 0
0.823333 0 0 0 0
0.83 0 0 0 0
0.836667 0 0 0 0
0.843333 0 0 0 0
0.85 0 0 0 0
0.856667 0 0 0 0
0.863333 0 0 0 0
0.87 0 0 0 0
0.876667 0 0 0 0
0.883333 0 0 0 0
0.89 0 0 0 0
0.896667 0 0 0 0
0.903333 0 0 0 0
0.91 0 0 0 0
0.916667 0 0 0 0
0.923333 0 0 0 0
0.93 0 0 0 0
0.936667 0 0 0 0
0.943333 0 0 0 0
0.95 0 0 0 0
0.956667 0 0 0 0
0.963333 0 0 0 0
0.97 0 0 0 0
0.976667 0 0 0 0
0.983333 0 0 0 0
0.99 0 0 0 0
0.996667 0 0 0 0
1.00333 0 0 0 0
1.01 0 0 0 0
1.01667 0 0 0 0
1.02333 0 0 0 0
1.03 0 0 0 0
1.03667 0 0 0 0
1.04333 0 0 0 0
1.05 0 0 0 0
1.05667 0 0 0 0
1.06333 0 0 0 0
1.07 0 0 0 0
1.07667 0 0 0 0
1.08333 0 0 0 0
1.09 0 0 0 0
1.09667 0 0 0 0
1.10333 0 0 0 0
1.11 0 0 0 0
1.11667 0 0 0 0
1.12333 0 0 0 0
1.13 0 0 0 0
1.13667 0 0 0 0
1.14333 0 0 0 0
1.15 0 0 0 0
1.15667 0 0 0 0
1.16333 0 0 0 0
1.17 0 0 0 0
1.17667 0 0 0 0
1.18333 0 0 0 0
1.19 0 0 0 0
1.19667 0 0 0 0
1.20333 0 0 0 0
1.21 0 0 0 0
1.21667 0 0 0 0
1.22333 0 0 0 0
1.23 0 0 0 0
1.23667 0 0 0 0
1.24333 0 0 0 0
1.25 0 0 0 0
1.25667 0 0 0 0
1.26333 0 0 0 0
1.27 0 0 0 0
1.27667 0 0 0 0
1.28333 0 0 0 0
1.29 0 0 0 0
1.29667 0 0 0 0
1.30333 0 0 0 0
1.31 0 0 0 0
1.31667 0 0 0 0
1.32333 0 0 0 0
1.33 0 0 0 0
1.33667 0 0 0 0
1.34333 0 0 0 0
1.35 0 0 0 0
1.35667 0 0 0 0
1.36333 0 0 0 0
1.37 0 0 0 0
1.37667 0 0 0 0
1.38333 0 0 0 0
1.39 0 0 0 0
1.39667 0 0 0 0
1.40333 0 0 0 0
1.41 0 0 0 0
1.41667 0 0 0 0
1.42333 0 0 0 0
1.43 0 0 0 0
1.43667 0 0 0 0
1.44333 0 0 0 0
1.45 0 0 0 0
1.45667 0 0 0 0
1.46333 0 0 0 0
1.47 0 0 0 0
1.47667 0 0 0 0
1.48333 0 0 0 0
1.49 0 0 0 0
1.49667 0 0 0 0
1.50333 0 0 0 0
1.51 0 0 0 0
1.51667 0 0 0 0
1.52333 0 0 0 0
1.53 0 0 0 0
1.53667 0 0 0 0
1.54333 0 0 0 0
1.55 0 0 0 0
1.55667 0 0 0 0
1.56333 0 0 0 0
1.57 0 0 0 0
1.57667 0 0 0 0
1.58333 0 0 0 0
1.59 0 0 0 0
1.59667 0 0 0 0
1.60333 0 0 0 0
1.61 0 0 0 0
1.61667 0 0 0 0
1.62333 0 0 0 0
1.63 0 0 0 0
1.63667 0 0 0 0
1.64333 0 0 0 0
1.65 0 0 0 0
1.65667 0 0 0 0
1.66333 0 0 0 0
1.67 0 0 0 0
1.67667 0 0 0 0
1.68333 0 0 0 0
1.69 0 0 0 0
1.69667 0 0 0 0
1.70333 0 0 0 0
1.71 0 0 0 0
1.71667 0 0 0 0
1.72333 0 0 0 0
1.73 0 0 0 0
1.73667 0 0 0 0
1.74333 0 0 0 0
1.75 0 0 0 0
1.75667 0 0 0 0
1.76333 0 0 0 0
1.77 0 0 0 0
1.77667 0 0 0 0
1.78333 0 0 0 0
1.79 0 0 0 0
1.79667 0 0 0 0
1.80333 0 0 0 0
1.81 0 0 0 0
1.81667 0 0 0 0
1.82333 0 0 0 0
1.83 0 0 0 0
1.83667 0 0 0 0
1.84333 0 0 0 0
1.85 0 0 0 0
1.85667 0 0 0 0
1.86333 0 0 0 0
1.87 0 0 0 0
1.87667 0 0 0 0
1.88333 0 0 0 0
1.89 0 0 0 0
1.89667 0 0 0 0
1.90333 0 0 0 0
1.91 0 0 0 0
1.91667 0 0 0 0
1.92333 0 0 0 0
1.93 0 0 0 0
1.93667 0 0 0 0
1.94333 0 0 0 0
1.95 0 0 0 0
1.95667 0 0 0 0
1.96333 0 0 0 0
1.97 0 0 0 0
1.97667 0 0 0 0
1.98333 0 0 0 0
1.99 0 0 0 0
1.99667 0 0 0 0
