0.00333333 2 45 16 0
0.01 23 56 11 3
0.0166667 21 77 13 1
0.0233333 18 68 16 4
0.03 14 73 15 2
0.0366667 21 97 15 8
0.0433333 36 126 34 7
0.05 41 135 36 3
0.0566667 49 195 50 7
0.0633333 79 189 40 9
0.07 55 226 48 10
0.0766667 47 219 52 11
0.0833333 63 201 55 6
0.09 69 223 49 7
0.0966667 48 207 46 10
0.103333 75 224 44 7
0.11 50 210 54 8
0.116667 67 205 50 11
0.123333 48 200 55 4
0.13 32 203 39 9
0.136667 49 203 33 5
0.143333 42 186 50 1
0.15 40 169 41 12
0.156667 33 148 52 7
0.163333 34 162 40 3
0.17 37 149 48 6
0.176667 48 166 45 3
0.183333 45 151 40 8
0.19 34 152 47 3
0.196667 47 169 41 6
0.203333 42 146 44 5
0.21 38 151 39 7
0.216667 19 140 33 3
0.223333 37 124 35 4
0.23 23 137 34 3
0.236667 27 114 28 5
0.243333 33 111 32 2
0.25 34 103 28 8
0.256667 26 125 26 9
0.263333 33 115 21 2
0.27 21 100 19 8
0.276667 19 107 24 2
0.283333 22 96 24 5
0.29 17 90 24 1
0.296667 17 105 20 4
0.303333 20 82 20 1
0.31 26 102 28 2
0.316667 27 94 19 0
0.323333 28 65 14 3
0.33 16 82 23 2
0.336667 21 79 21 1
0.343333 18 68 20 2
0.35 21 64 17 5
0.356667 13 73 16 5
0.363333 18 68 16 1
0.37 20 89 16 4
0.376667 12 62 20 7
0.383333 22 75 19 3
0.39 14 60 16 5
0.396667 17 64 17 3
0.403333 11 55 19 2
0.41 19 60 19 2
0.416667 15 54 12 4
0.423333 15 57 21 1
0.43 18 51 21 1
0.436667 9 67 23 0
0.443333 19 60 9 3
0.45 16 68 19 2
0.456667 13 49 7 8
0.463333 15 63 16 3
0.47 13 44 15 3
0.476667 13 44 15 1
0.483333 12 32 6 2
0.49 6 37 14 3
0.496667 7 29 4 0
0.503333 11 29 9 1
0.51 10 33 6 0
0.516667 11 26 18 2
0.523333 8 36 6 0
0.53 9 30 8 0
0.536667 12 34 9 2
0.543333 6 32 16 4
0.55 12 29 10 1
0.556667 7 24 7 1
0.563333 10 25 8 2
0.57 8 22 10 2
0.576667 9 33 13 3
0.583333 13 29 11 3
0.59 5 24 5 1
0.596667 7 25 8 1
0.603333 4 27 10 1
0.61 8 31 8 0
0.616667 8 24 13 1
0.623333 7 26 10 2
0.63 10 23 8 1
0.636667 12 25 7 1
0.643333 8 23 9 0
0.65 3 23 11 2
0.656667 8 26 11 0
0.663333 271 1414 402 25
0.67 0 0 0 0
0.676667 0 0 0 0
0.683333 0 0 0 0
0.69 0 0 0 0
0.696667 0 0 0 0
0.703333 0 0 0 0
0.71 0 0 0 0
0.716667 0 0 0 0
0.723333 0 0 0 0
0.73 0 0 0 0
0.736667 0 0 0 0
0.743333 0 0 0 0
0.75 0 0 0 0
0.756667 0 0 0 0
0.763333 0 0 0 0
0.77 0 0 0 0
0.776667 0 0 0 0
0.783333 0 0 0 0
0.79 0 0 0 0
0.796667 0 0 0 0
0.803333 0 0 0 0
0.81 0 0 0 0
0.816667 0 0 0 0
0.823333 0 0 0 0
0.83 0 0 0 0
0.836667 0 0 0 0
0.843333 0 0 0 0
0.85 0 0 0 0
0.856667 0 0 0 0
0.863333 0 0 0 0
0.87 0 0 0 0
0.876667 0 0 0 0
0.883333 0 0 0 0
0.89 0 0 0 0
0.896667 0 0 0 0
0.903333 0 0 0 0
0.91 0 0 0 0
0.916667 0 0 0 0
0.923333 0 0 0 0
0.93 0 0 0 0
0.936667 0 0 0 0
0.943333 0 0 0 0
0.95 0 0 0 0
0.956667 0 0 0 0
0.963333 0 0 0 0
0.97 0 0 0 0
0.976667 0 0 0 0
0.983333 0 0 0 0
0.99 0 0 0 0
0.996667 0 0 0 0
1.00333 0 0 0 0
1.01 0 0 0 0
1.01667 0 0 0 0
1.02333 0 0 0 0
1.03 0 0 0 0
1.03667 0 0 0 0
1.04333 0 0 0 0
1.05 0 0 0 0
1.05667 0 0 0 0
1.06333 0 0 0 0
1.07 0 0 0 0
1.07667 0 0 0 0
1.08333 0 0 0 0
1.09 0 0 0 0
1.09667 0 0 0 0
1.10333 0 0 0 0
1.11 0 0 0 0
1.11667 0 0 0 0
1.12333 0 0 0 0
1.13 0 0 0 0
1.13667 0 0 0 0
1.14333 0 0 0 0
1.15 0 0 0 0
1.15667 0 0 0 0
1.16333 0 0 0 0
1.17 0 0 0 0
1.17667 0 0 0 0
1.18333 0 0 0 0
1.19 0 0 0 0
1.19667 0 0 0 0
1.20333 0 0 0 0
1.21 0 0 0 0
1.21667 0 0 0 0
1.22333 0 0 0 0
1.23 0 0 0 0
1.23667 0 0 0 0
1.24333 0 0 0 0
1.25 0 0 0 0
1.25667 0 0 0 0
1.26333 0 0 0 0
1.27 0 0 0 0
1.27667 0 0 0 0
1.28333 0 0 0 0
1.29 0 0 0 0
1.29667 0 0 0 0
1.30333 0 0 0 0
1.31 0 0 0 0
1.31667 0 0 0 0
1.32333 0 0 0 0
1.33 0 0 0 0
1.33667 0 0 0 0
1.34333 0 0 0 0
1.35 0 0 0 0
1.35667 0 0 0 0
1.36333 0 0 0 0
1.37 0 0 0 0
1.37667 0 0 0 0
1.38333 0 0 0 0
1.39 0 0 0 0
1.39667 0 0 0 0
1.40333 0 0 0 0
1.41 0 0 0 0
1.41667 0 0 0 0
1.42333 0 0 0 0
1.43 0 0 0 0
1.43667 0 0 0 0
1.44333 0 0 0 0
1.45 0 0 0 0
1.45667 0 0 0 0
1.46333 0 0 0 0
1.47 0 0 0 0
1.47667 0 0 0 0
1.48333 0 0 0 0
1.49 0 0 0 0
1.49667 0 0 0 0
1.50333 0 0 0 0
1.51 0 0 0 0
1.51667 0 0 0 0
1.52333 0 0 0 0
1.53 0 0 0 0
1.53667 0 0 0 0
1.54333 0 0 0 0
1.55 0 0 0 0
1.55667 0 0 0 0
1.56333 0 0 0 0
1.57 0 0 0 0
1.57667 0 0 0 0
1.58333 0 0 0 0
1.59 0 0 0 0
1.59667 0 0 0 0
1.60333 0 0 0 0
1.61 0 0 0 0
1.61667 0 0 0 0
1.62333 0 0 0 0
1.63 0 0 0 0
1.63667 0 0 0 0
1.64333 0 0 0 0
1.65 0 0 0 0
1.65667 0 0 0 0
1.66333 0 0 0 0
1.67 0 0 0 0
1.67667 0 0 0 0
1.68333 0 0 0 0
1.69 0 0 0 0
1.69667 0 0 0 0
1.70333 0 0 0 0
1.71 0 0 0 0
1.71667 0 0 0 0
1.72333 0 0 0 0
1.73 0 0 0 0
1.73667 0 0 0 0
1.74333 0 0 0 0
1.75 0 0 0 0
1.75667 0 0 0 0
1.76333 0 0 0 0
1.77 0 0 0 0
1.77667 0 0 0 0
1.78333 0 0 0 0
1.79 0 0 0 0
1.79667 0 0 0 0
1.80333 0 0 0 0
1.81 0 0 0 0
1.81667 0 0 0 0
1.82333 0 0 0 0
1.83 0 0 0 0
1.83667 0 0 0 0
1.84333 0 0 0 0
1.85 0 0 0 0
1.85667 0 0 0 0
1.86333 0 0 0 0
1.87 0 0 0 0
1.87667 0 0 0 0
1.88333 0 0 0 0
1.89 0 0 0 0
1.89667 0 0 0 0
1.90333 0 0 0 0
1.91 0 0 0 0
1.91667 0 0 0 0
1.92333 0 0 0 0
1.93 0 0 0 0
1.93667 0 0 0 0
1.94333 0 0 0 0
1.95 0 0 0 0
1.95667 0 0 0 0
1.96333 0 0 0 0
1.97 0 0 0 0
1.97667 0 0 0 0
1.98333 0 0 0 0
1.99 0 0 0 0
1.99667 0 0 0 0
