0.00333333 11 76 4 4
0.01 10 86 5 4
0.0166667 20 94 17 4
0.0233333 8 96 9 1
0.03 24 106 21 5
0.0366667 20 92 18 7
0.0433333 25 141 28 8
0.05 35 186 30 13
0.0566667 36 164 38 18
0.0633333 44 205 29 15
0.07 56 231 53 11
0.0766667 47 236 38 15
0.0833333 60 247 62 13
0.09 49 247 45 17
0.0966667 62 257 53 10
0.103333 63 221 32 19
0.11 54 285 36 17
0.116667 50 312 35 16
0.123333 41 261 35 13
0.13 49 272 33 16
0.136667 36 240 49 19
0.143333 32 250 27 14
0.15 65 254 40 16
0.156667 62 223 28 10
0.163333 37 232 33 9
0.17 36 223 28 16
0.176667 33 218 38 14
0.183333 52 244 27 13
0.19 37 247 26 11
0.196667 42 275 30 15
0.203333 50 254 22 11
0.21 37 245 27 12
0.216667 35 202 28 11
0.223333 24 188 15 13
0.23 38 212 26 12
0.236667 28 185 24 15
0.243333 27 162 19 13
0.25 35 172 24 8
0.256667 24 162 19 8
0.263333 32 187 19 11
0.27 27 140 24 6
0.276667 19 132 22 6
0.283333 30 130 14 9
0.29 26 138 14 6
0.296667 23 119 14 6
0.303333 21 126 15 11
0.31 21 115 22 6
0.316667 29 119 13 11
0.323333 26 131 14 6
0.33 25 102 13 7
0.336667 16 110 10 10
0.343333 13 107 15 6
0.35 19 96 17 13
0.356667 19 88 15 1
0.363333 14 96 26 6
0.37 19 94 11 14
0.376667 26 106 13 7
0.383333 17 95 12 5
0.39 20 90 16 6
0.396667 20 86 11 10
0.403333 16 91 11 3
0.41 14 78 13 10
0.416667 21 83 16 7
0.423333 22 103 9 10
0.43 16 85 9 5
0.436667 26 96 10 10
0.443333 23 88 13 8
0.45 21 101 10 10
0.456667 17 91 10 7
0.463333 20 89 16 3
0.47 15 87 11 6
0.476667 17 89 14 7
0.483333 13 40 5 8
0.49 9 53 9 4
0.496667 16 49 7 6
0.503333 10 47 13 3
0.51 7 47 6 2
0.516667 7 38 5 2
0.523333 11 33 7 2
0.53 11 51 5 3
0.536667 16 51 5 6
0.543333 16 35 4 2
0.55 12 29 10 2
0.556667 9 37 10 3
0.563333 11 32 8 4
0.57 4 38 5 4
0.576667 13 34 6 6
0.583333 13 36 11 3
0.59 5 35 6 7
0.596667 3 28 5 6
0.603333 9 35 9 3
0.61 13 23 8 4
0.616667 9 33 3 3
0.623333 14 27 6 2
0.63 8 32 5 2
0.636667 8 40 8 5
0.643333 6 25 5 4
0.65 3 39 5 6
0.656667 6 26 4 3
0.663333 460 3361 198 131
0.67 0 0 0 0
0.676667 0 0 0 0
0.683333 0 0 0 0
0.69 0 0 0 0
0.696667 0 0 0 0
0.703333 0 0 0 0
0.71 0 0 0 0
0.716667 0 0 0 0
0.723333 0 0 0 0
0.73 0 0 0 0
0.736667 0 0 0 0
0.743333 0 0 0 0
0.75 0 0 0 0
0.756667 0 0 0 0
0.763333 0 0 0 0
0.77 0 0 0 0
0.776667 0 0 0 0
0.783333 0 0 0 0
0.79 0 0 0 0
0.796667 0 0 0 0
0.803333 0 0 0 0
0.81 0 0 0 0
0.816667 0 0 0 0
0.823333 0 0 0 0
0.83 0 0 0 0
0.836667 0 0 0 0
0.843333 0 0 0 0
0.85 0 0 0 0
0.856667 0 0 0 0
0.863333 0 0 0 0
0.87 0 0 0 0
0.876667 0 0 0 0
0.883333 0 0 0 0
0.89 0 0 0 0
0.896667 0 0 0 0
0.903333 0 0 0 0
0.91 0 0 0 0
0.916667 0 0 0 0
0.923333 0 0 0 0
0.93 0 0 0 0
0.936667 0 0 0 0
0.943333 0 0 0 0
0.95 0 0 0 0
0.956667 0 0 0 0
0.963333 0 0 0 0
0.97 0 0 0 0
0.976667 0 0 0 0
0.983333 0 0 0 0
0.99 0 0 0 0
0.996667 0 0 0 0
1.00333 0 0 0 0
1.01 0 0 0 0
1.01667 0 0 0 0
1.02333 0 0 0 0
1.03 0 0 0 0
1.03667 0 0 0 0
1.04333 0 0 0 0
1.05 0 0 0 0
1.05667 0 0 0 0
1.06333 0 0 0 0
1.07 0 0 0 0
1.07667 0 0 0 0
1.08333 0 0 0 0
1.09 0 0 0 0
1.09667 0 0 0 0
1.10333 0 0 0 0
1.11 0 0 0 0
1.11667 0 0 0 0
1.12333 0 0 0 0
1.13 0 0 0 0
1.13667 0 0 0 0
1.14333 0 0 0 0
1.15 0 0 0 0
1.15667 0 0 0 0
1.16333 0 0 0 0
1.17 0 0 0 0
1.17667 0 0 0 0
1.18333 0 0 0 0
1.19 0 0 0 0
1.19667 0 0 0 0
1.20333 0 0 0 0
1.21 0 0 0 0
1.21667 0 0 0 0
1.22333 0 0 0 0
1.23 0 0 0 0
1.23667 0 0 0 0
1.24333 0 0 0 0
1.25 0 0 0 0
1.25667 0 0 0 0
1.26333 0 0 0 0
1.27 0 0 0 0
1.27667 0 0 0 0
1.28333 0 0 0 0
1.29 0 0 0 0
1.29667 0 0 0 0
1.30333 0 0 0 0
1.31 0 0 0 0
1.31667 0 0 0 0
1.32333 0 0 0 0
1.33 0 0 0 0
1.33667 0 0 0 0
1.34333 0 0 0 0
1.35 0 0 0 0
1.35667 0 0 0 0
1.36333 0 0 0 0
1.37 0 0 0 0
1.37667 0 0 0 0
1.38333 0 0 0 0
1.39 0 0 0 0
1.39667 0 0 0 0
1.40333 0 0 0 0
1.41 0 0 0 0
1.41667 0 0 0 0
1.42333 0 0 0 0
1.43 0 0 0 0
1.43667 0 0 0 0
1.44333 0 0 0 0
1.45 0 0 0 0
1.45667 0 0 0 0
1.46333 0 0 0 0
1.47 0 0 0 0
1.47667 0 0 0 0
1.48333 0 0 0 0
1.49 0 0 0 0
1.49667 0 0 0 0
1.50333 0 0 0 0
1.51 0 0 0 0
1.51667 0 0 0 0
1.52333 0 0 0 0
1.53 0 0 0 0
1.53667 0 0 0 0
1.54333 0 0 0 0
1.55 0 0 0 0
1.55667 0 0 0 0
1.56333 0 0 0 0
1.57 0 0 0 0
1.57667 0 0 0 0
1.58333 0 0 0 0
1.59 0 0 0 0
1.59667 0 0 0 0
1.60333 0 0 0 0
1.61 0 0 0 0
1.61667 0 0 0 0
1.62333 0 0 0 0
1.63 0 0 0 0
1.63667 0 0 0 0
1.64333 0 0 0 0
1.65 0 0 0 0
1.65667 0 0 0 0
1.66333 0 0 0 0
1.67 0 0 0 0
1.67667 0 0 0 0
1.68333 0 0 0 0
1.69 0 0 0 0
1.69667 0 0 0 0
1.70333 0 0 0 0
1.71 0 0 0 0
1.71667 0 0 0 0
1.72333 0 0 0 0
1.73 0 0 0 0
1.73667 0 0 0 0
1.74333 0 0 0 0
1.75 0 0 0 0
1.75667 0 0 0 0
1.76333 0 0 0 0
1.77 0 0 0 0
1.77667 0 0 0 0
1.78333 0 0 0 0
1.79 0 0 0 0
1.79667 0 0 0 0
1.80333 0 0 0 0
1.81 0 0 0 0
1.81667 0 0 0 0
1.82333 0 0 0 0
1.83 0 0 0 0
1.83667 0 0 0 0
1.84333 0 0 0 0
1.85 0 0 0 0
1.85667 0 0 0 0
1.86333 0 0 0 0
1.87 0 0 0 0
1.87667 0 0 0 0
1.88333 0 0 0 0
1.89 0 0 0 0
1.89667 0 0 0 0
1.90333 0 0 0 0
1.91 0 0 0 0
1.91667 0 0 0 0
1.92333 0 0 0 0
1.93 0 0 0 0
1.93667 0 0 0 0
1.94333 0 0 0 0
1.95 0 0 0 0
1.95667 0 0 0 0
1.96333 0 0 0 0
1.97 0 0 0 0
1.97667 0 0 0 0
1.98333 0 0 0 0
1.99 0 0 0 0
1.99667 0 0 0 0
