0.00333333 60 22 5 2
0.01 62 34 3 2
0.0166667 70 20 2 0
0.0233333 72 40 2 2
0.03 78 42 4 2
0.0366667 84 51 4 2
0.0433333 101 64 5 3
0.05 131 97 6 2
0.0566667 143 110 15 4
0.0633333 153 116 9 3
0.07 161 130 10 3
0.0766667 194 138 10 4
0.0833333 203 104 15 8
0.09 204 125 12 1
0.0966667 197 132 12 3
0.103333 200 117 8 2
0.11 198 136 17 2
0.116667 215 118 12 5
0.123333 184 123 15 8
0.13 195 93 9 5
0.136667 199 104 8 4
0.143333 178 99 8 5
0.15 171 88 8 5
0.156667 175 101 10 0
0.163333 178 80 5 4
0.17 176 85 7 5
0.176667 191 79 4 2
0.183333 167 83 6 3
0.19 180 72 8 3
0.196667 180 80 5 5
0.203333 165 107 7 3
0.21 163 75 3 2
0.216667 164 71 10 2
0.223333 150 69 6 6
0.23 150 56 10 0
0.236667 131 58 4 2
0.243333 122 61 4 2
0.25 113 49 5 2
0.256667 112 62 6 8
0.263333 104 56 1 2
0.27 119 53 7 2
0.276667 118 54 3 2
0.283333 103 54 7 3
0.29 87 54 3 0
0.296667 104 46 1 5
0.303333 119 44 5 5
0.31 107 48 6 2
0.316667 88 43 2 4
0.323333 88 50 2 5
0.33 96 38 4 5
0.336667 90 42 4 2
0.343333 72 44 1 2
0.35 72 44 1 2
0.356667 67 49 7 3
0.363333 82 42 5 2
0.37 76 27 5 1
0.376667 86 34 6 1
0.383333 83 37 4 3
0.39 63 48 5 3
0.396667 77 37 5 4
0.403333 74 32 6 3
0.41 66 39 3 3
0.416667 57 33 2 3
0.423333 76 27 6 2
0.43 77 22 1 1
0.436667 74 33 2 0
0.443333 79 22 2 5
0.45 52 27 5 1
0.456667 61 32 3 0
0.463333 62 19 1 1
0.47 57 21 5 1
0.476667 58 35 4 2
0.483333 39 19 4 4
0.49 38 19 4 0
0.496667 44 21 3 1
0.503333 32 20 4 3
0.51 42 24 1 2
0.516667 41 18 2 1
0.523333 38 16 4 0
0.53 31 21 0 1
0.536667 33 24 3 5
0.543333 26 16 3 1
0.55 27 20 3 1
0.556667 37 15 1 4
0.563333 21 13 0 3
0.57 27 12 2 1
0.576667 26 18 1 0
0.583333 23 19 4 1
0.59 17 15 2 5
0.596667 32 17 1 1
0.603333 34 17 2 0
0.61 26 14 3 1
0.616667 31 16 2 1
0.623333 29 17 0 1
0.63 33 11 2 0
0.636667 30 9 2 5
0.643333 33 17 2 2
0.65 26 17 0 1
0.656667 27 13 3 0
0.663333 2188 592 43 52
0.67 0 0 0 0
0.676667 0 0 0 0
0.683333 0 0 0 0
0.69 0 0 0 0
0.696667 0 0 0 0
0.703333 0 0 0 0
0.71 0 0 0 0
0.716667 0 0 0 0
0.723333 0 0 0 0
0.73 0 0 0 0
0.736667 0 0 0 0
0.743333 0 0 0 0
0.75 0 0 0 0
0.756667 0 0 0 0
0.763333 0 0 0 0
0.77 0 0 0 0
0.776667 0 0 0 0
0.783333 0 0 0 0
0.79 0 0 0 0
0.796667 0 0 0 0
0.803333 0 0 0 0
0.81 0 0 0 0
0.816667 0 0 0 0
0.823333 0 0 0 0
0.83 0 0 0 0
0.836667 0 0 0 0
0.843333 0 0 0 0
0.85 0 0 0 0
0.856667 0 0 0 0
0.863333 0 0 0 0
0.87 0 0 0 0
0.876667 0 0 0 0
0.883333 0 0 0 0
0.89 0 0 0 0
0.896667 0 0 0 0
0.903333 0 0 0 0
0.91 0 0 0 0
0.916667 0 0 0 0
0.923333 0 0 0 0
0.93 0 0 0 0
0.936667 0 0 0 0
0.943333 0 0 0 0
0.95 0 0 0 0
0.956667 0 0 0 0
0.963333 0 0 0 0
0.97 0 0 0 0
0.976667 0 0 0 0
0.983333 0 0 0 0
0.99 0 0 0 0
0.996667 0 0 0 0
1.00333 0 0 0 0
1.01 0 0 0 0
1.01667 0 0 0 0
1.02333 0 0 0 0
1.03 0 0 0 0
1.03667 0 0 0 0
1.04333 0 0 0 0
1.05 0 0 0 0
1.05667 0 0 0 0
1.06333 0 0 0 0
1.07 0 0 0 0
1.07667 0 0 0 0
1.08333 0 0 0 0
1.09 0 0 0 0
1.09667 0 0 0 0
1.10333 0 0 0 0
1.11 0 0 0 0
1.11667 0 0 0 0
1.12333 0 0 0 0
1.13 0 0 0 0
1.13667 0 0 0 0
1.14333 0 0 0 0
1.15 0 0 0 0
1.15667 0 0 0 0
1.16333 0 0 0 0
1.17 0 0 0 0
1.17667 0 0 0 0
1.18333 0 0 0 0
1.19 0 0 0 0
1.19667 0 0 0 0
1.20333 0 0 0 0
1.21 0 0 0 0
1.21667 0 0 0 0
1.22333 0 0 0 0
1.23 0 0 0 0
1.23667 0 0 0 0
1.24333 0 0 0 0
1.25 0 0 0 0
1.25667 0 0 0 0
1.26333 0 0 0 0
1.27 0 0 0 0
1.27667 0 0 0 0
1.28333 0 0 0 0
1.29 0 0 0 0
1.29667 0 0 0 0
1.30333 0 0 0 0
1.31 0 0 0 0
1.31667 0 0 0 0
1.32333 0 0 0 0
1.33 0 0 0 0
1.33667 0 0 0 0
1.34333 0 0 0 0
1.35 0 0 0 0
1.35667 0 0 0 0
1.36333 0 0 0 0
1.37 0 0 0 0
1.37667 0 0 0 0
1.38333 0 0 0 0
1.39 0 0 0 0
1.39667 0 0 0 0
1.40333 0 0 0 0
1.41 0 0 0 0
1.41667 0 0 0 0
1.42333 0 0 0 0
1.43 0 0 0 0
1.43667 0 0 0 0
1.44333 0 0 0 0
1.45 0 0 0 0
1.45667 0 0 0 0
1.46333 0 0 0 0
1.47 0 0 0 0
1.47667 0 0 0 0
1.48333 0 0 0 0
1.49 0 0 0 0
1.49667 0 0 0 0
1.50333 0 0 0 0
1.51 0 0 0 0
1.51667 0 0 0 0
1.52333 0 0 0 0
1.53 0 0 0 0
1.53667 0 0 0 0
1.54333 0 0 0 0
1.55 0 0 0 0
1.55667 0 0 0 0
1.56333 0 0 0 0
1.57 0 0 0 0
1.57667 0 0 0 0
1.58333 0 0 0 0
1.59 0 0 0 0
1.59667 0 0 0 0
1.60333 0 0 0 0
1.61 0 0 0 0
1.61667 0 0 0 0
1.62333 0 0 0 0
1.63 0 0 0 0
1.63667 0 0 0 0
1.64333 0 0 0 0
1.65 0 0 0 0
1.65667 0 0 0 0
1.66333 0 0 0 0
1.67 0 0 0 0
1.67667 0 0 0 0
1.68333 0 0 0 0
1.69 0 0 0 0
1.69667 0 0 0 0
1.70333 0 0 0 0
1.71 0 0 0 0
1.71667 0 0 0 0
1.72333 0 0 0 0
1.73 0 0 0 0
1.73667 0 0 0 0
1.74333 0 0 0 0
1.75 0 0 0 0
1.75667 0 0 0 0
1.76333 0 0 0 0
1.77 0 0 0 0
1.77667 0 0 0 0
1.78333 0 0 0 0
1.79 0 0 0 0
1.79667 0 0 0 0
1.80333 0 0 0 0
1.81 0 0 0 0
1.81667 0 0 0 0
1.82333 0 0 0 0
1.83 0 0 0 0
1.83667 0 0 0 0
1.84333 0 0 0 0
1.85 0 0 0 0
1.85667 0 0 0 0
1.86333 0 0 0 0
1.87 0 0 0 0
1.87667 0 0 0 0
1.88333 0 0 0 0
1.89 0 0 0 0
1.89667 0 0 0 0
1.90333 0 0 0 0
1.91 0 0 0 0
1.91667 0 0 0 0
1.92333 0 0 0 0
1.93 0 0 0 0
1.93667 0 0 0 0
1.94333 0 0 0 0
1.95 0 0 0 0
1.95667 0 0 0 0
1.96333 0 0 0 0
1.97 0 0 0 0
1.97667 0 0 0 0
1.98333 0 0 0 0
1.99 0 0 0 0
1.99667 0 0 0 0
