0.00333333 2 12 51 17
0.01 1 14 69 16
0.0166667 5 13 45 12
0.0233333 5 13 60 17
0.03 5 13 68 12
0.0366667 6 26 86 30
0.0433333 13 36 102 34
0.05 9 39 134 43
0.0566667 8 47 183 50
0.0633333 11 43 166 57
0.07 7 58 201 57
0.0766667 14 47 175 51
0.0833333 16 58 205 48
0.09 16 54 212 54
0.0966667 15 44 214 51
0.103333 13 59 213 58
0.11 15 52 210 58
0.116667 12 43 202 64
0.123333 4 47 199 37
0.13 15 42 189 41
0.136667 9 31 173 40
0.143333 15 35 178 41
0.15 9 30 172 41
0.156667 9 35 165 37
0.163333 9 29 159 45
0.17 11 28 143 34
0.176667 10 25 173 43
0.183333 10 33 134 41
0.19 11 27 170 41
0.196667 17 38 170 33
0.203333 11 30 157 33
0.21 12 32 142 22
0.216667 4 26 144 36
0.223333 11 19 112 33
0.23 6 32 122 22
0.236667 3 33 90 32
0.243333 9 27 123 20
0.25 7 22 117 28
0.256667 7 26 89 24
0.263333 3 27 85 32
0.27 11 14 109 25
0.276667 5 21 96 17
0.283333 3 14 81 16
0.29 6 16 90 22
0.296667 4 19 89 23
0.303333 3 18 87 23
0.31 2 18 78 17
0.316667 6 16 66 20
0.323333 5 21 63 21
0.33 1 9 71 22
0.336667 7 18 74 19
0.343333 3 17 85 22
0.35 1 12 54 13
0.356667 2 22 57 25
0.363333 7 14 58 20
0.37 7 13 56 19
0.376667 5 15 65 14
0.383333 6 18 57 19
0.39 7 13 63 17
0.396667 5 10 50 13
0.403333 2 15 57 13
0.41 3 8 56 16
0.416667 7 11 54 16
0.423333 6 13 54 18
0.43 6 13 56 15
0.436667 5 11 58 15
0.443333 4 15 43 26
0.45 3 12 52 9
0.456667 3 15 56 13
0.463333 6 13 55 13
0.47 6 17 54 15
0.476667 3 16 38 11
0.483333 0 14 35 11
0.49 4 9 35 12
0.496667 1 8 31 12
0.503333 1 13 35 7
0.51 1 13 36 5
0.516667 3 9 27 14
0.523333 1 12 39 9
0.53 2 9 38 13
0.536667 4 3 24 9
0.543333 2 7 32 5
0.55 2 9 30 7
0.556667 2 4 32 6
0.563333 1 13 29 8
0.57 3 11 30 6
0.576667 6 8 33 9
0.583333 2 6 28 10
0.59 0 6 23 9
0.596667 4 3 18 10
0.603333 2 9 29 9
0.61 0 3 32 10
0.616667 2 1 24 6
0.623333 6 6 25 6
0.63 1 3 25 6
0.636667 4 10 26 7
0.643333 2 8 19 9
0.65 2 8 21 11
0.656667 3 1 18 7
0.663333 51 200 1409 298
0.67 0 0 0 0
0.676667 0 0 0 0
0.683333 0 0 0 0
0.69 0 0 0 0
0.696667 0 0 0 0
0.703333 0 0 0 0
0.71 0 0 0 0
0.716667 0 0 0 0
0.723333 0 0 0 0
0.73 0 0 0 0
0.736667 0 0 0 0
0.743333 0 0 0 0
0.75 0 0 0 0
0.756667 0 0 0 0
0.763333 0 0 0 0
0.77 0 0 0 0
0.776667 0 0 0 0
0.783333 0 0 0 0
0.79 0 0 0 0
0.796667 0 0 0 0
0.803333 0 0 0 0
0.81 0 0 0 0
0.816667 0 0 0 0
0.823333 0 0 0 0
0.83 0 0 0 0
0.836667 0 0 0 0
0.843333 0 0 0 0
0.85 0 0 0 0
0.856667 0 0 0 0
0.863333 0 0 0 0
0.87 0 0 0 0
0.876667 0 0 0 0
0.883333 0 0 0 0
0.89 0 0 0 0
0.896667 0 0 0 0
0.903333 0 0 0 0
0.91 0 0 0 0
0.916667 0 0 0 0
0.923333 0 0 0 0
0.93 0 0 0 0
0.936667 0 0 0 0
0.943333 0 0 0 0
0.95 0 0 0 0
0.956667 0 0 0 0
0.963333 0 0 0 0
0.97 0 0 0 0
0.976667 0 0 0 0
0.983333 0 0 0 0
0.99 0 0 0 0
0.996667 0 0 0 0
1.00333 0 0 0 0
1.01 0 0 0 0
1.01667 0 0 0 0
1.02333 0 0 0 0
1.03 0 0 0 0
1.03667 0 0 0 0
1.04333 0 0 0 0
1.05 0 0 0 0
1.05667 0 0 0 0
1.06333 0 0 0 0
1.07 0 0 0 0
1.07667 0 0 0 0
1.08333 0 0 0 0
1.09 0 0 0 0
1.09667 0 0 0 0
1.10333 0 0 0 0
1.11 0 0 0 0
1.11667 0 0 0 0
1.12333 0 0 0 0
1.13 0 0 0 0
1.13667 0 0 0 0
1.14333 0 0 0 0
1.15 0 0 0 0
1.15667 0 0 0 0
1.16333 0 0 0 0
1.17 0 0 0 0
1.17667 0 0 0 0
1.18333 0 0 0 0
1.19 0 0 0 0
1.19667 0 0 0 0
1.20333 0 0 0 0
1.21 0 0 0 0
1.21667 0 0 0 0
1.22333 0 0 0 0
1.23 0 0 0 0
1.23667 0 0 0 0
1.24333 0 0 0 0
1.25 0 0 0 0
1.25667 0 0 0 0
1.26333 0 0 0 0
1.27 0 0 0 0
1.27667 0 0 0 0
1.28333 0 0 0 0
1.29 0 0 0 0
1.29667 0 0 0 0
1.30333 0 0 0 0
1.31 0 0 0 0
1.31667 0 0 0 0
1.32333 0 0 0 0
1.33 0 0 0 0
1.33667 0 0 0 0
1.34333 0 0 0 0
1.35 0 0 0 0
1.35667 0 0 0 0
1.36333 0 0 0 0
1.37 0 0 0 0
1.37667 0 0 0 0
1.38333 0 0 0 0
1.39 0 0 0 0
1.39667 0 0 0 0
1.40333 0 0 0 0
1.41 0 0 0 0
1.41667 0 0 0 0
1.42333 0 0 0 0
1.43 0 0 0 0
1.43667 0 0 0 0
1.44333 0 0 0 0
1.45 0 0 0 0
1.45667 0 0 0 0
1.46333 0 0 0 0
1.47 0 0 0 0
1.47667 0 0 0 0
1.48333 0 0 0 0
1.49 0 0 0 0
1.49667 0 0 0 0
1.50333 0 0 0 0
1.51 0 0 0 0
1.51667 0 0 0 0
1.52333 0 0 0 0
1.53 0 0 0 0
1.53667 0 0 0 0
1.54333 0 0 0 0
1.55 0 0 0 0
1.55667 0 0 0 0
1.56333 0 0 0 0
1.57 0 0 0 0
1.57667 0 0 0 0
1.58333 0 0 0 0
1.59 0 0 0 0
1.59667 0 0 0 0
1.60333 0 0 0 0
1.61 0 0 0 0
1.61667 0 0 0 0
1.62333 0 0 0 0
1.63 0 0 0 0
1.63667 0 0 0 0
1.64333 0 0 0 0
1.65 0 0 0 0
1.65667 0 0 0 0
1.66333 0 0 0 0
1.67 0 0 0 0
1.67667 0 0 0 0
1.68333 0 0 0 0
1.69 0 0 0 0
1.69667 0 0 0 0
1.70333 0 0 0 0
1.71 0 0 0 0
1.71667 0 0 0 0
1.72333 0 0 0 0
1.73 0 0 0 0
1.73667 0 0 0 0
1.74333 0 0 0 0
1.75 0 0 0 0
1.75667 0 0 0 0
1.76333 0 0 0 0
1.77 0 0 0 0
1.77667 0 0 0 0
1.78333 0 0 0 0
1.79 0 0 0 0
1.79667 0 0 0 0
1.80333 0 0 0 0
1.81 0 0 0 0
1.81667 0 0 0 0
1.82333 0 0 0 0
1.83 0 0 0 0
1.83667 0 0 0 0
1.84333 0 0 0 0
1.85 0 0 0 0
1.85667 0 0 0 0
1.86333 0 0 0 0
1.87 0 0 0 0
1.87667 0 0 0 0
1.88333 0 0 0 0
1.89 0 0 0 0
1.89667 0 0 0 0
1.90333 0 0 0 0
1.91 0 0 0 0
1.91667 0 0 0 0
1.92333 0 0 0 0
1.93 0 0 0 0
1.93667 0 0 0 0
1.94333 0 0 0 0
1.95 0 0 0 0
1.95667 0 0 0 0
1.96333 0 0 0 0
1.97 0 0 0 0
1.97667 0 0 0 0
1.98333 0 0 0 0
1.99 0 0 0 0
1.99667 0 0 0 0
