0.00333333 0 5 27 95
0.01 4 3 21 106
0.0166667 3 4 24 108
0.0233333 0 4 25 108
0.03 5 2 24 123
0.0366667 6 13 43 154
0.0433333 7 3 62 150
0.05 5 9 57 186
0.0566667 9 11 75 181
0.0633333 3 8 87 239
0.07 6 14 92 234
0.0766667 3 14 105 254
0.0833333 4 16 88 307
0.09 4 12 91 241
0.0966667 5 14 81 301
0.103333 8 13 88 235
0.11 3 16 82 260
0.116667 6 10 72 305
0.123333 7 9 85 300
0.13 4 20 71 293
0.136667 8 12 79 284
0.143333 5 13 84 271
0.15 7 10 51 278
0.156667 2 8 58 287
0.163333 6 15 68 280
0.17 5 16 50 255
0.176667 5 13 54 262
0.183333 4 14 47 302
0.19 7 15 63 376
0.196667 11 9 55 351
0.203333 15 18 44 301
0.21 11 7 49 325
0.216667 4 10 34 288
0.223333 6 8 49 276
0.23 4 8 48 269
0.236667 5 9 43 236
0.243333 1 7 40 231
0.25 7 4 43 232
0.256667 4 10 41 216
0.263333 7 9 39 200
0.27 2 3 39 205
0.276667 4 5 45 201
0.283333 5 7 33 196
0.29 3 5 33 158
0.296667 3 3 43 160
0.303333 0 7 36 163
0.31 8 11 40 176
0.316667 2 3 35 168
0.323333 5 10 32 150
0.33 5 9 19 127
0.336667 4 6 25 125
0.343333 3 2 37 122
0.35 1 6 31 126
0.356667 1 4 51 106
0.363333 3 7 36 137
0.37 2 5 31 137
0.376667 1 6 23 135
0.383333 3 10 23 106
0.39 1 6 19 131
0.396667 2 2 32 121
0.403333 7 4 22 123
0.41 1 5 29 132
0.416667 3 8 26 127
0.423333 3 2 24 90
0.43 3 3 20 109
0.436667 5 4 24 114
0.443333 4 7 25 146
0.45 0 3 22 116
0.456667 7 3 21 98
0.463333 2 5 22 121
0.47 3 8 27 119
0.476667 4 3 15 98
0.483333 5 2 19 59
0.49 3 4 13 73
0.496667 1 3 24 64
0.503333 2 6 24 46
0.51 0 4 10 56
0.516667 4 6 20 47
0.523333 2 2 22 56
0.53 2 5 16 44
0.536667 0 1 11 56
0.543333 2 3 7 46
0.55 4 5 16 35
0.556667 4 5 17 42
0.563333 0 4 13 42
0.57 1 3 9 49
0.576667 1 4 20 48
0.583333 0 7 12 40
0.59 4 4 11 32
0.596667 2 2 7 30
0.603333 1 7 11 38
0.61 2 2 13 40
0.616667 2 1 9 44
0.623333 2 2 7 42
0.63 3 1 15 39
0.636667 2 2 8 45
0.643333 2 2 17 39
0.65 3 2 12 29
0.656667 4 2 13 27
0.663333 100 118 394 5119
0.67 0 0 0 0
0.676667 0 0 0 0
0.683333 0 0 0 0
0.69 0 0 0 0
0.696667 0 0 0 0
0.703333 0 0 0 0
0.71 0 0 0 0
0.716667 0 0 0 0
0.723333 0 0 0 0
0.73 0 0 0 0
0.736667 0 0 0 0
0.743333 0 0 0 0
0.75 0 0 0 0
0.756667 0 0 0 0
0.763333 0 0 0 0
0.77 0 0 0 0
0.776667 0 0 0 0
0.783333 0 0 0 0
0.79 0 0 0 0
0.796667 0 0 0 0
0.803333 0 0 0 0
0.81 0 0 0 0
0.816667 0 0 0 0
0.823333 0 0 0 0
0.83 0 0 0 0
0.836667 0 0 0 0
0.843333 0 0 0 0
0.85 0 0 0 0
0.856667 0 0 0 0
0.863333 0 0 0 0
0.87 0 0 0 0
0.876667 0 0 0 0
0.883333 0 0 0 0
0.89 0 0 0 0
0.896667 0 0 0 0
0.903333 0 0 0 0
0.91 0 0 0 0
0.916667 0 0 0 0
0.923333 0 0 0 0
0.93 0 0 0 0
0.936667 0 0 0 0
0.943333 0 0 0 0
0.95 0 0 0 0
0.956667 0 0 0 0
0.963333 0 0 0 0
0.97 0 0 0 0
0.976667 0 0 0 0
0.983333 0 0 0 0
0.99 0 0 0 0
0.996667 0 0 0 0
1.00333 0 0 0 0
1.01 0 0 0 0
1.01667 0 0 0 0
1.02333 0 0 0 0
1.03 0 0 0 0
1.03667 0 0 0 0
1.04333 0 0 0 0
1.05 0 0 0 0
1.05667 0 0 0 0
1.06333 0 0 0 0
1.07 0 0 0 0
1.07667 0 0 0 0
1.08333 0 0 0 0
1.09 0 0 0 0
1.09667 0 0 0 0
1.10333 0 0 0 0
1.11 0 0 0 0
1.11667 0 0 0 0
1.12333 0 0 0 0
1.13 0 0 0 0
1.13667 0 0 0 0
1.14333 0 0 0 0
1.15 0 0 0 0
1.15667 0 0 0 0
1.16333 0 0 0 0
1.17 0 0 0 0
1.17667 0 0 0 0
1.18333 0 0 0 0
1.19 0 0 0 0
1.19667 0 0 0 0
1.20333 0 0 0 0
1.21 0 0 0 0
1.21667 0 0 0 0
1.22333 0 0 0 0
1.23 0 0 0 0
1.23667 0 0 0 0
1.24333 0 0 0 0
1.25 0 0 0 0
1.25667 0 0 0 0
1.26333 0 0 0 0
1.27 0 0 0 0
1.27667 0 0 0 0
1.28333 0 0 0 0
1.29 0 0 0 0
1.29667 0 0 0 0
1.30333 0 0 0 0
1.31 0 0 0 0
1.31667 0 0 0 0
1.32333 0 0 0 0
1.33 0 0 0 0
1.33667 0 0 0 0
1.34333 0 0 0 0
1.35 0 0 0 0
1.35667 0 0 0 0
1.36333 0 0 0 0
1.37 0 0 0 0
1.37667 0 0 0 0
1.38333 0 0 0 0
1.39 0 0 0 0
1.39667 0 0 0 0
1.40333 0 0 0 0
1.41 0 0 0 0
1.41667 0 0 0 0
1.42333 0 0 0 0
1.43 0 0 0 0
1.43667 0 0 0 0
1.44333 0 0 0 0
1.45 0 0 0 0
1.45667 0 0 0 0
1.46333 0 0 0 0
1.47 0 0 0 0
1.47667 0 0 0 0
1.48333 0 0 0 0
1.49 0 0 0 0
1.49667 0 0 0 0
1.50333 0 0 0 0
1.51 0 0 0 0
1.51667 0 0 0 0
1.52333 0 0 0 0
1.53 0 0 0 0
1.53667 0 0 0 0
1.54333 0 0 0 0
1.55 0 0 0 0
1.55667 0 0 0 0
1.56333 0 0 0 0
1.57 0 0 0 0
1.57667 0 0 0 0
1.58333 0 0 0 0
1.59 0 0 0 0
1.59667 0 0 0 0
1.60333 0 0 0 0
1.61 0 0 0 0
1.61667 0 0 0 0
1.62333 0 0 0 0
1.63 0 0 0 0
1.63667 0 0 0 0
1.64333 0 0 0 0
1.65 0 0 0 0
1.65667 0 0 0 0
1.66333 0 0 0 0
1.67 0 0 0 0
1.67667 0 0 0 0
1.68333 0 0 0 0
1.69 0 0 0 0
1.69667 0 0 0 0
1.70333 0 0 0 0
1.71 0 0 0 0
1.71667 0 0 0 0
1.72333 0 0 0 0
1.73 0 0 0 0
1.73667 0 0 0 0
1.74333 0 0 0 0
1.75 0 0 0 0
1.75667 0 0 0 0
1.76333 0 0 0 0
1.77 0 0 0 0
1.77667 0 0 0 0
1.78333 0 0 0 0
1.79 0 0 0 0
1.79667 0 0 0 0
1.80333 0 0 0 0
1.81 0 0 0 0
1.81667 0 0 0 0
1.82333 0 0 0 0
1.83 0 0 0 0
1.83667 0 0 0 0
1.84333 0 0 0 0
1.85 0 0 0 0
1.85667 0 0 0 0
1.86333 0 0 0 0
1.87 0 0 0 0
1.87667 0 0 0 0
1.88333 0 0 0 0
1.89 0 0 0 0
1.89667 0 0 0 0
1.90333 0 0 0 0
1.91 0 0 0 0
1.91667 0 0 0 0
1.92333 0 0 0 0
1.93 0 0 0 0
1.93667 0 0 0 0
1.94333 0 0 0 0
1.95 0 0 0 0
1.95667 0 0 0 0
1.96333 0 0 0 0
1.97 0 0 0 0
1.97667 0 0 0 0
1.98333 0 0 0 0
1.99 0 0 0 0
1.99667 0 0 0 0
