0.00333333 11 54 8 5
0.01 9 72 14 6
0.0166667 22 91 16 3
0.0233333 20 75 14 4
0.03 26 96 21 8
0.0366667 21 88 19 14
0.0433333 25 125 31 11
0.05 33 160 27 10
0.0566667 36 152 46 19
0.0633333 42 185 34 20
0.07 43 206 49 13
0.0766667 48 237 45 15
0.0833333 53 203 55 17
0.09 47 212 46 17
0.0966667 44 209 43 12
0.103333 51 192 38 26
0.11 49 229 45 16
0.116667 57 224 34 21
0.123333 40 211 28 18
0.13 48 217 40 19
0.136667 29 222 38 17
0.143333 41 182 36 10
0.15 46 213 45 14
0.156667 52 184 32 12
0.163333 48 184 32 14
0.17 51 186 29 18
0.176667 28 189 39 14
0.183333 39 200 32 17
0.19 41 201 27 20
0.196667 48 223 25 20
0.203333 41 210 22 7
0.21 50 200 28 10
0.216667 34 174 33 12
0.223333 28 167 27 19
0.23 35 189 23 16
0.236667 31 163 22 19
0.243333 27 129 25 13
0.25 32 132 26 7
0.256667 25 132 21 9
0.263333 26 165 23 15
0.27 27 119 17 10
0.276667 32 110 27 8
0.283333 26 102 17 10
0.29 32 114 15 4
0.296667 25 91 12 7
0.303333 17 112 11 11
0.31 25 104 23 6
0.316667 22 115 14 11
0.323333 18 103 19 8
0.33 20 94 12 8
0.336667 15 90 20 10
0.343333 15 97 12 7
0.35 17 87 12 13
0.356667 25 94 15 3
0.363333 15 90 22 6
0.37 22 78 12 12
0.376667 16 85 11 11
0.383333 24 87 12 7
0.39 17 77 19 7
0.396667 24 73 10 7
0.403333 12 91 15 9
0.41 13 59 13 11
0.416667 24 73 8 9
0.423333 20 84 12 7
0.43 13 72 13 7
0.436667 22 75 12 5
0.443333 21 66 13 8
0.45 23 73 13 11
0.456667 14 85 8 5
0.463333 20 67 13 8
0.47 24 66 15 8
0.476667 11 62 13 7
0.483333 11 39 13 5
0.49 13 45 10 6
0.496667 18 46 6 4
0.503333 15 34 12 6
0.51 10 45 7 4
0.516667 5 30 5 6
0.523333 13 32 9 4
0.53 11 38 6 4
0.536667 16 44 7 4
0.543333 12 31 10 6
0.55 11 26 10 2
0.556667 10 40 8 7
0.563333 9 35 4 3
0.57 5 32 8 3
0.576667 11 29 7 5
0.583333 9 30 10 1
0.59 7 31 6 7
0.596667 3 21 5 7
0.603333 9 28 11 4
0.61 11 23 8 3
0.616667 12 31 4 2
0.623333 12 23 7 2
0.63 12 33 8 4
0.636667 9 37 9 3
0.643333 7 25 9 3
0.65 8 31 5 3
0.656667 6 26 3 6
0.663333 485 2666 200 178
0.67 0 0 0 0
0.676667 0 0 0 0
0.683333 0 0 0 0
0.69 0 0 0 0
0.696667 0 0 0 0
0.703333 0 0 0 0
0.71 0 0 0 0
0.716667 0 0 0 0
0.723333 0 0 0 0
0.73 0 0 0 0
0.736667 0 0 0 0
0.743333 0 0 0 0
0.75 0 0 0 0
0.756667 0 0 0 0
0.763333 0 0 0 0
0.77 0 0 0 0
0.776667 0 0 0 0
0.783333 0 0 0 0
0.79 0 0 0 0
0.796667 0 0 0 0
0.803333 0 0 0 0
0.81 0 0 0 0
0.816667 0 0 0 0
0.823333 0 0 0 0
0.83 0 0 0 0
0.836667 0 0 0 0
0.843333 0 0 0 0
0.85 0 0 0 0
0.856667 0 0 0 0
0.863333 0 0 0 0
0.87 0 0 0 0
0.876667 0 0 0 0
0.883333 0 0 0 0
0.89 0 0 0 0
0.896667 0 0 0 0
0.903333 0 0 0 0
0.91 0 0 0 0
0.916667 0 0 0 0
0.923333 0 0 0 0
0.93 0 0 0 0
0.936667 0 0 0 0
0.943333 0 0 0 0
0.95 0 0 0 0
0.956667 0 0 0 0
0.963333 0 0 0 0
0.97 0 0 0 0
0.976667 0 0 0 0
0.983333 0 0 0 0
0.99 0 0 0 0
0.996667 0 0 0 0
1.00333 0 0 0 0
1.01 0 0 0 0
1.01667 0 0 0 0
1.02333 0 0 0 0
1.03 0 0 0 0
1.03667 0 0 0 0
1.04333 0 0 0 0
1.05 0 0 0 0
1.05667 0 0 0 0
1.06333 0 0 0 0
1.07 0 0 0 0
1.07667 0 0 0 0
1.08333 0 0 0 0
1.09 0 0 0 0
1.09667 0 0 0 0
1.10333 0 0 0 0
1.11 0 0 0 0
1.11667 0 0 0 0
1.12333 0 0 0 0
1.13 0 0 0 0
1.13667 0 0 0 0
1.14333 0 0 0 0
1.15 0 0 0 0
1.15667 0 0 0 0
1.16333 0 0 0 0
1.17 0 0 0 0
1.17667 0 0 0 0
1.18333 0 0 0 0
1.19 0 0 0 0
1.19667 0 0 0 0
1.20333 0 0 0 0
1.21 0 0 0 0
1.21667 0 0 0 0
1.22333 0 0 0 0
1.23 0 0 0 0
1.23667 0 0 0 0
1.24333 0 0 0 0
1.25 0 0 0 0
1.25667 0 0 0 0
1.26333 0 0 0 0
1.27 0 0 0 0
1.27667 0 0 0 0
1.28333 0 0 0 0
1.29 0 0 0 0
1.29667 0 0 0 0
1.30333 0 0 0 0
1.31 0 0 0 0
1.31667 0 0 0 0
1.32333 0 0 0 0
1.33 0 0 0 0
1.33667 0 0 0 0
1.34333 0 0 0 0
1.35 0 0 0 0
1.35667 0 0 0 0
1.36333 0 0 0 0
1.37 0 0 0 0
1.37667 0 0 0 0
1.38333 0 0 0 0
1.39 0 0 0 0
1.39667 0 0 0 0
1.40333 0 0 0 0
1.41 0 0 0 0
1.41667 0 0 0 0
1.42333 0 0 0 0
1.43 0 0 0 0
1.43667 0 0 0 0
1.44333 0 0 0 0
1.45 0 0 0 0
1.45667 0 0 0 0
1.46333 0 0 0 0
1.47 0 0 0 0
1.47667 0 0 0 0
1.48333 0 0 0 0
1.49 0 0 0 0
1.49667 0 0 0 0
1.50333 0 0 0 0
1.51 0 0 0 0
1.51667 0 0 0 0
1.52333 0 0 0 0
1.53 0 0 0 0
1.53667 0 0 0 0
1.54333 0 0 0 0
1.55 0 0 0 0
1.55667 0 0 0 0
1.56333 0 0 0 0
1.57 0 0 0 0
1.57667 0 0 0 0
1.58333 0 0 0 0
1.59 0 0 0 0
1.59667 0 0 0 0
1.60333 0 0 0 0
1.61 0 0 0 0
1.61667 0 0 0 0
1.62333 0 0 0 0
1.63 0 0 0 0
1.63667 0 0 0 0
1.64333 0 0 0 0
1.65 0 0 0 0
1.65667 0 0 0 0
1.66333 0 0 0 0
1.67 0 0 0 0
1.67667 0 0 0 0
1.68333 0 0 0 0
1.69 0 0 0 0
1.69667 0 0 0 0
1.70333 0 0 0 0
1.71 0 0 0 0
1.71667 0 0 0 0
1.72333 0 0 0 0
1.73 0 0 0 0
1.73667 0 0 0 0
1.74333 0 0 0 0
1.75 0 0 0 0
1.75667 0 0 0 0
1.76333 0 0 0 0
1.77 0 0 0 0
1.77667 0 0 0 0
1.78333 0 0 0 0
1.79 0 0 0 0
1.79667 0 0 0 0
1.80333 0 0 0 0
1.81 0 0 0 0
1.81667 0 0 0 0
1.82333 0 0 0 0
1.83 0 0 0 0
1.83667 0 0 0 0
1.84333 0 0 0 0
1.85 0 0 0 0
1.85667 0 0 0 0
1.86333 0 0 0 0
1.87 0 0 0 0
1.87667 0 0 0 0
1.88333 0 0 0 0
1.89 0 0 0 0
1.89667 0 0 0 0
1.90333 0 0 0 0
1.91 0 0 0 0
1.91667 0 0 0 0
1.92333 0 0 0 0
1.93 0 0 0 0
1.93667 0 0 0 0
1.94333 0 0 0 0
1.95 0 0 0 0
1.95667 0 0 0 0
1.96333 0 0 0 0
1.97 0 0 0 0
1.97667 0 0 0 0
1.98333 0 0 0 0
1.99 0 0 0 0
1.99667 0 0 0 0
