0.00333333 0 1 27 44
0.01 1 2 35 59
0.0166667 1 1 49 74
0.0233333 3 3 56 79
0.03 2 3 58 71
0.0366667 0 8 68 99
0.0433333 3 3 94 123
0.05 2 11 112 134
0.0566667 2 15 135 164
0.0633333 4 8 164 179
0.07 8 15 166 191
0.0766667 5 10 178 175
0.0833333 4 6 172 191
0.09 7 13 148 196
0.0966667 4 7 135 196
0.103333 5 8 162 198
0.11 4 14 154 195
0.116667 6 9 158 218
0.123333 6 10 133 217
0.13 4 8 143 190
0.136667 2 8 120 163
0.143333 3 4 129 193
0.15 2 8 126 201
0.156667 3 8 129 182
0.163333 4 10 96 162
0.17 4 9 112 170
0.176667 3 11 108 153
0.183333 3 6 84 175
0.19 4 8 131 193
0.196667 5 7 113 174
0.203333 5 7 76 176
0.21 2 4 95 178
0.216667 3 8 105 143
0.223333 1 3 105 172
0.23 3 7 91 130
0.236667 0 5 72 124
0.243333 6 5 77 128
0.25 2 9 75 118
0.256667 2 6 63 112
0.263333 3 5 73 115
0.27 1 7 66 98
0.276667 2 3 63 123
0.283333 1 4 71 103
0.29 1 8 65 106
0.296667 1 4 68 89
0.303333 4 3 57 92
0.31 1 2 61 78
0.316667 3 6 61 81
0.323333 3 4 53 89
0.33 3 4 50 98
0.336667 1 4 47 79
0.343333 1 4 63 88
0.35 0 3 49 77
0.356667 1 7 43 78
0.363333 3 3 50 59
0.37 2 5 51 82
0.376667 5 3 41 61
0.383333 1 2 37 57
0.39 2 5 42 75
0.396667 1 5 35 65
0.403333 2 3 47 55
0.41 1 4 45 63
0.416667 0 6 44 77
0.423333 1 3 47 78
0.43 1 1 39 63
0.436667 1 3 40 40
0.443333 2 4 32 66
0.45 0 6 40 69
0.456667 0 1 50 50
0.463333 3 2 36 60
0.47 0 4 36 50
0.476667 2 3 24 52
0.483333 3 3 31 38
0.49 0 3 25 38
0.496667 1 4 25 29
0.503333 1 4 29 35
0.51 2 0 26 38
0.516667 2 2 20 35
0.523333 2 1 22 37
0.53 0 0 30 34
0.536667 1 1 23 29
0.543333 2 1 24 27
0.55 1 4 12 25
0.556667 2 3 21 37
0.563333 1 0 24 39
0.57 2 1 14 22
0.576667 2 2 14 26
0.583333 2 6 17 29
0.59 2 3 22 18
0.596667 1 2 18 21
0.603333 2 2 24 34
0.61 1 2 22 31
0.616667 3 2 27 31
0.623333 2 1 20 29
0.63 1 1 14 23
0.636667 1 2 29 36
0.643333 0 1 10 20
0.65 0 2 23 27
0.656667 3 5 18 23
0.663333 36 45 885 1901
0.67 0 0 0 0
0.676667 0 0 0 0
0.683333 0 0 0 0
0.69 0 0 0 0
0.696667 0 0 0 0
0.703333 0 0 0 0
0.71 0 0 0 0
0.716667 0 0 0 0
0.723333 0 0 0 0
0.73 0 0 0 0
0.736667 0 0 0 0
0.743333 0 0 0 0
0.75 0 0 0 0
0.756667 0 0 0 0
0.763333 0 0 0 0
0.77 0 0 0 0
0.776667 0 0 0 0
0.783333 0 0 0 0
0.79 0 0 0 0
0.796667 0 0 0 0
0.803333 0 0 0 0
0.81 0 0 0 0
0.816667 0 0 0 0
0.823333 0 0 0 0
0.83 0 0 0 0
0.836667 0 0 0 0
0.843333 0 0 0 0
0.85 0 0 0 0
0.856667 0 0 0 0
0.863333 0 0 0 0
0.87 0 0 0 0
0.876667 0 0 0 0
0.883333 0 0 0 0
0.89 0 0 0 0
0.896667 0 0 0 0
0.903333 0 0 0 0
0.91 0 0 0 0
0.916667 0 0 0 0
0.923333 0 0 0 0
0.93 0 0 0 0
0.936667 0 0 0 0
0.943333 0 0 0 0
0.95 0 0 0 0
0.956667 0 0 0 0
0.963333 0 0 0 0
0.97 0 0 0 0
0.976667 0 0 0 0
0.983333 0 0 0 0
0.99 0 0 0 0
0.996667 0 0 0 0
1.00333 0 0 0 0
1.01 0 0 0 0
1.01667 0 0 0 0
1.02333 0 0 0 0
1.03 0 0 0 0
1.03667 0 0 0 0
1.04333 0 0 0 0
1.05 0 0 0 0
1.05667 0 0 0 0
1.06333 0 0 0 0
1.07 0 0 0 0
1.07667 0 0 0 0
1.08333 0 0 0 0
1.09 0 0 0 0
1.09667 0 0 0 0
1.10333 0 0 0 0
1.11 0 0 0 0
1.11667 0 0 0 0
1.12333 0 0 0 0
1.13 0 0 0 0
1.13667 0 0 0 0
1.14333 0 0 0 0
1.15 0 0 0 0
1.15667 0 0 0 0
1.16333 0 0 0 0
1.17 0 0 0 0
1.17667 0 0 0 0
1.18333 0 0 0 0
1.19 0 0 0 0
1.19667 0 0 0 0
1.20333 0 0 0 0
1.21 0 0 0 0
1.21667 0 0 0 0
1.22333 0 0 0 0
1.23 0 0 0 0
1.23667 0 0 0 0
1.24333 0 0 0 0
1.25 0 0 0 0
1.25667 0 0 0 0
1.26333 0 0 0 0
1.27 0 0 0 0
1.27667 0 0 0 0
1.28333 0 0 0 0
1.29 0 0 0 0
1.29667 0 0 0 0
1.30333 0 0 0 0
1.31 0 0 0 0
1.31667 0 0 0 0
1.32333 0 0 0 0
1.33 0 0 0 0
1.33667 0 0 0 0
1.34333 0 0 0 0
1.35 0 0 0 0
1.35667 0 0 0 0
1.36333 0 0 0 0
1.37 0 0 0 0
1.37667 0 0 0 0
1.38333 0 0 0 0
1.39 0 0 0 0
1.39667 0 0 0 0
1.40333 0 0 0 0
1.41 0 0 0 0
1.41667 0 0 0 0
1.42333 0 0 0 0
1.43 0 0 0 0
1.43667 0 0 0 0
1.44333 0 0 0 0
1.45 0 0 0 0
1.45667 0 0 0 0
1.46333 0 0 0 0
1.47 0 0 0 0
1.47667 0 0 0 0
1.48333 0 0 0 0
1.49 0 0 0 0
1.49667 0 0 0 0
1.50333 0 0 0 0
1.51 0 0 0 0
1.51667 0 0 0 0
1.52333 0 0 0 0
1.53 0 0 0 0
1.53667 0 0 0 0
1.54333 0 0 0 0
1.55 0 0 0 0
1.55667 0 0 0 0
1.56333 0 0 0 0
1.57 0 0 0 0
1.57667 0 0 0 0
1.58333 0 0 0 0
1.59 0 0 0 0
1.59667 0 0 0 0
1.60333 0 0 0 0
1.61 0 0 0 0
1.61667 0 0 0 0
1.62333 0 0 0 0
1.63 0 0 0 0
1.63667 0 0 0 0
1.64333 0 0 0 0
1.65 0 0 0 0
1.65667 0 0 0 0
1.66333 0 0 0 0
1.67 0 0 0 0
1.67667 0 0 0 0
1.68333 0 0 0 0
1.69 0 0 0 0
1.69667 0 0 0 0
1.70333 0 0 0 0
1.71 0 0 0 0
1.71667 0 0 0 0
1.72333 0 0 0 0
1.73 0 0 0 0
1.73667 0 0 0 0
1.74333 0 0 0 0
1.75 0 0 0 0
1.75667 0 0 0 0
1.76333 0 0 0 0
1.77 0 0 0 0
1.77667 0 0 0 0
1.78333 0 0 0 0
1.79 0 0 0 0
1.79667 0 0 0 0
1.80333 0 0 0 0
1.81 0 0 0 0
1.81667 0 0 0 0
1.82333 0 0 0 0
1.83 0 0 0 0
1.83667 0 0 0 0
1.84333 0 0 0 0
1.85 0 0 0 0
1.85667 0 0 0 0
1.86333 0 0 0 0
1.87 0 0 0 0
1.87667 0 0 0 0
1.88333 0 0 0 0
1.89 0 0 0 0
1.89667 0 0 0 0
1.90333 0 0 0 0
1.91 0 0 0 0
1.91667 0 0 0 0
1.92333 0 0 0 0
1.93 0 0 0 0
1.93667 0 0 0 0
1.94333 0 0 0 0
1.95 0 0 0 0
1.95667 0 0 0 0
1.96333 0 0 0 0
1.97 0 0 0 0
1.97667 0 0 0 0
1.98333 0 0 0 0
1.99 0 0 0 0
1.99667 0 0 0 0
