0.00333333 4 34 23 11
0.01 10 31 24 8
0.0166667 8 42 28 7
0.0233333 13 33 29 6
0.03 8 41 27 10
0.0366667 15 49 34 5
0.0433333 13 94 68 17
0.05 30 98 83 17
0.0566667 31 103 86 22
0.0633333 29 124 86 20
0.07 40 126 87 22
0.0766667 30 115 118 30
0.0833333 27 128 104 26
0.09 41 137 107 27
0.0966667 27 126 116 16
0.103333 28 120 104 26
0.11 25 118 106 24
0.116667 41 125 100 23
0.123333 19 138 98 16
0.13 28 134 95 10
0.136667 25 73 93 23
0.143333 27 91 90 9
0.15 17 96 78 12
0.156667 24 79 92 21
0.163333 25 66 77 19
0.17 23 81 71 18
0.176667 21 88 68 14
0.183333 24 86 76 25
0.19 20 91 73 18
0.196667 28 82 76 17
0.203333 17 87 74 13
0.21 18 80 73 15
0.216667 18 67 54 19
0.223333 15 62 63 12
0.23 19 69 46 10
0.236667 22 67 64 12
0.243333 15 44 54 8
0.25 19 73 45 7
0.256667 13 51 54 13
0.263333 10 43 50 22
0.27 14 54 58 9
0.276667 13 68 41 7
0.283333 11 42 39 6
0.29 10 34 41 11
0.296667 13 50 37 13
0.303333 5 41 37 15
0.31 10 59 33 8
0.316667 9 47 43 8
0.323333 13 47 50 15
0.33 19 40 32 9
0.336667 16 51 28 9
0.343333 9 34 39 7
0.35 14 37 42 11
0.356667 11 40 25 9
0.363333 16 53 29 6
0.37 4 27 28 10
0.376667 6 33 30 10
0.383333 14 32 28 8
0.39 12 34 28 5
0.396667 13 31 26 7
0.403333 11 43 36 9
0.41 9 30 37 10
0.416667 10 32 27 6
0.423333 10 26 31 8
0.43 12 30 29 9
0.436667 9 38 30 9
0.443333 9 33 20 6
0.45 8 35 22 10
0.456667 12 28 32 14
0.463333 14 40 31 4
0.47 10 27 22 4
0.476667 15 24 18 6
0.483333 7 21 19 13
0.49 6 24 19 4
0.496667 3 16 20 5
0.503333 11 20 15 1
0.51 7 18 17 6
0.516667 9 23 8 6
0.523333 6 20 14 4
0.53 3 15 13 4
0.536667 5 18 14 4
0.543333 4 16 13 5
0.55 7 18 12 2
0.556667 4 15 15 5
0.563333 6 20 15 4
0.57 3 30 15 7
0.576667 5 12 15 4
0.583333 4 15 16 7
0.59 2 18 8 2
0.596667 9 13 24 3
0.603333 7 10 11 2
0.61 5 8 14 2
0.616667 5 10 14 4
0.623333 4 18 8 4
0.63 3 12 10 6
0.636667 6 17 13 2
0.643333 5 10 14 3
0.65 3 18 15 3
0.656667 2 9 9 3
0.663333 156 596 615 96
0.67 0 0 0 0
0.676667 0 0 0 0
0.683333 0 0 0 0
0.69 0 0 0 0
0.696667 0 0 0 0
0.703333 0 0 0 0
0.71 0 0 0 0
0.716667 0 0 0 0
0.723333 0 0 0 0
0.73 0 0 0 0
0.736667 0 0 0 0
0.743333 0 0 0 0
0.75 0 0 0 0
0.756667 0 0 0 0
0.763333 0 0 0 0
0.77 0 0 0 0
0.776667 0 0 0 0
0.783333 0 0 0 0
0.79 0 0 0 0
0.796667 0 0 0 0
0.803333 0 0 0 0
0.81 0 0 0 0
0.816667 0 0 0 0
0.823333 0 0 0 0
0.83 0 0 0 0
0.836667 0 0 0 0
0.843333 0 0 0 0
0.85 0 0 0 0
0.856667 0 0 0 0
0.863333 0 0 0 0
0.87 0 0 0 0
0.876667 0 0 0 0
0.883333 0 0 0 0
0.89 0 0 0 0
0.896667 0 0 0 0
0.903333 0 0 0 0
0.91 0 0 0 0
0.916667 0 0 0 0
0.923333 0 0 0 0
0.93 0 0 0 0
0.936667 0 0 0 0
0.943333 0 0 0 0
0.95 0 0 0 0
0.956667 0 0 0 0
0.963333 0 0 0 0
0.97 0 0 0 0
0.976667 0 0 0 0
0.983333 0 0 0 0
0.99 0 0 0 0
0.996667 0 0 0 0
1.00333 0 0 0 0
1.01 0 0 0 0
1.01667 0 0 0 0
1.02333 0 0 0 0
1.03 0 0 0 0
1.03667 0 0 0 0
1.04333 0 0 0 0
1.05 0 0 0 0
1.05667 0 0 0 0
1.06333 0 0 0 0
1.07 0 0 0 0
1.07667 0 0 0 0
1.08333 0 0 0 0
1.09 0 0 0 0
1.09667 0 0 0 0
1.10333 0 0 0 0
1.11 0 0 0 0
1.11667 0 0 0 0
1.12333 0 0 0 0
1.13 0 0 0 0
1.13667 0 0 0 0
1.14333 0 0 0 0
1.15 0 0 0 0
1.15667 0 0 0 0
1.16333 0 0 0 0
1.17 0 0 0 0
1.17667 0 0 0 0
1.18333 0 0 0 0
1.19 0 0 0 0
1.19667 0 0 0 0
1.20333 0 0 0 0
1.21 0 0 0 0
1.21667 0 0 0 0
1.22333 0 0 0 0
1.23 0 0 0 0
1.23667 0 0 0 0
1.24333 0 0 0 0
1.25 0 0 0 0
1.25667 0 0 0 0
1.26333 0 0 0 0
1.27 0 0 0 0
1.27667 0 0 0 0
1.28333 0 0 0 0
1.29 0 0 0 0
1.29667 0 0 0 0
1.30333 0 0 0 0
1.31 0 0 0 0
1.31667 0 0 0 0
1.32333 0 0 0 0
1.33 0 0 0 0
1.33667 0 0 0 0
1.34333 0 0 0 0
1.35 0 0 0 0
1.35667 0 0 0 0
1.36333 0 0 0 0
1.37 0 0 0 0
1.37667 0 0 0 0
1.38333 0 0 0 0
1.39 0 0 0 0
1.39667 0 0 0 0
1.40333 0 0 0 0
1.41 0 0 0 0
1.41667 0 0 0 0
1.42333 0 0 0 0
1.43 0 0 0 0
1.43667 0 0 0 0
1.44333 0 0 0 0
1.45 0 0 0 0
1.45667 0 0 0 0
1.46333 0 0 0 0
1.47 0 0 0 0
1.47667 0 0 0 0
1.48333 0 0 0 0
1.49 0 0 0 0
1.49667 0 0 0 0
1.50333 0 0 0 0
1.51 0 0 0 0
1.51667 0 0 0 0
1.52333 0 0 0 0
1.53 0 0 0 0
1.53667 0 0 0 0
1.54333 0 0 0 0
1.55 0 0 0 0
1.55667 0 0 0 0
1.56333 0 0 0 0
1.57 0 0 0 0
1.57667 0 0 0 0
1.58333 0 0 0 0
1.59 0 0 0 0
1.59667 0 0 0 0
1.60333 0 0 0 0
1.61 0 0 0 0
1.61667 0 0 0 0
1.62333 0 0 0 0
1.63 0 0 0 0
1.63667 0 0 0 0
1.64333 0 0 0 0
1.65 0 0 0 0
1.65667 0 0 0 0
1.66333 0 0 0 0
1.67 0 0 0 0
1.67667 0 0 0 0
1.68333 0 0 0 0
1.69 0 0 0 0
1.69667 0 0 0 0
1.70333 0 0 0 0
1.71 0 0 0 0
1.71667 0 0 0 0
1.72333 0 0 0 0
1.73 0 0 0 0
1.73667 0 0 0 0
1.74333 0 0 0 0
1.75 0 0 0 0
1.75667 0 0 0 0
1.76333 0 0 0 0
1.77 0 0 0 0
1.77667 0 0 0 0
1.78333 0 0 0 0
1.79 0 0 0 0
1.79667 0 0 0 0
1.80333 0 0 0 0
1.81 0 0 0 0
1.81667 0 0 0 0
1.82333 0 0 0 0
1.83 0 0 0 0
1.83667 0 0 0 0
1.84333 0 0 0 0
1.85 0 0 0 0
1.85667 0 0 0 0
1.86333 0 0 0 0
1.87 0 0 0 0
1.87667 0 0 0 0
1.88333 0 0 0 0
1.89 0 0 0 0
1.89667 0 0 0 0
1.90333 0 0 0 0
1.91 0 0 0 0
1.91667 0 0 0 0
1.92333 0 0 0 0
1.93 0 0 0 0
1.93667 0 0 0 0
1.94333 0 0 0 0
1.95 0 0 0 0
1.95667 0 0 0 0
1.96333 0 0 0 0
1.97 0 0 0 0
1.97667 0 0 0 0
1.98333 0 0 0 0
1.99 0 0 0 0
1.99667 0 0 0 0
