0.00333333 4 10 33 18
0.01 2 5 42 31
0.0166667 7 10 46 21
0.0233333 10 11 47 23
0.03 3 19 82 34
0.0366667 2 20 76 43
0.0433333 9 18 104 50
0.05 4 34 153 66
0.0566667 12 30 161 88
0.0633333 8 35 178 90
0.07 12 56 187 91
0.0766667 9 32 207 91
0.0833333 14 36 188 107
0.09 13 32 209 92
0.0966667 8 40 215 122
0.103333 13 40 196 88
0.11 18 41 206 70
0.116667 11 32 198 102
0.123333 11 40 160 91
0.13 13 27 164 82
0.136667 7 36 166 80
0.143333 8 16 157 74
0.15 9 26 159 74
0.156667 7 24 150 69
0.163333 10 19 145 76
0.17 10 19 124 65
0.176667 5 24 128 68
0.183333 16 18 133 56
0.19 5 32 137 71
0.196667 12 34 124 69
0.203333 15 30 144 66
0.21 6 17 124 63
0.216667 2 18 115 78
0.223333 12 23 100 68
0.23 11 22 104 51
0.236667 6 19 96 65
0.243333 8 24 111 48
0.25 11 24 102 53
0.256667 3 18 85 60
0.263333 10 21 59 50
0.27 3 17 85 40
0.276667 4 20 96 45
0.283333 6 19 75 39
0.29 8 14 78 38
0.296667 3 19 74 40
0.303333 8 18 71 40
0.31 7 10 67 32
0.316667 5 14 66 31
0.323333 9 12 81 39
0.33 3 11 52 40
0.336667 3 15 60 32
0.343333 2 13 63 32
0.35 3 9 57 32
0.356667 4 10 62 35
0.363333 2 12 62 23
0.37 3 8 43 24
0.376667 3 14 62 40
0.383333 3 19 57 31
0.39 3 13 57 24
0.396667 5 7 40 21
0.403333 4 10 55 20
0.41 3 13 61 24
0.416667 4 10 53 35
0.423333 1 13 47 27
0.43 3 17 52 25
0.436667 4 5 38 28
0.443333 5 12 53 31
0.45 3 13 37 25
0.456667 2 3 43 33
0.463333 2 12 41 32
0.47 4 8 45 26
0.476667 6 13 43 26
0.483333 5 6 31 21
0.49 2 9 32 16
0.496667 2 9 26 10
0.503333 4 7 18 13
0.51 2 9 22 16
0.516667 0 8 26 10
0.523333 3 12 28 17
0.53 3 6 20 17
0.536667 1 7 20 21
0.543333 3 2 22 14
0.55 4 12 30 11
0.556667 3 8 34 11
0.563333 1 8 20 16
0.57 2 9 30 8
0.576667 7 5 18 10
0.583333 6 9 23 16
0.59 7 10 21 18
0.596667 4 6 23 10
0.603333 2 9 17 8
0.61 4 5 23 11
0.616667 2 5 12 6
0.623333 1 7 22 4
0.63 4 8 21 12
0.636667 3 8 20 9
0.643333 3 6 24 11
0.65 2 4 18 14
0.656667 1 6 24 9
0.663333 68 194 1085 653
0.67 0 0 0 0
0.676667 0 0 0 0
0.683333 0 0 0 0
0.69 0 0 0 0
0.696667 0 0 0 0
0.703333 0 0 0 0
0.71 0 0 0 0
0.716667 0 0 0 0
0.723333 0 0 0 0
0.73 0 0 0 0
0.736667 0 0 0 0
0.743333 0 0 0 0
0.75 0 0 0 0
0.756667 0 0 0 0
0.763333 0 0 0 0
0.77 0 0 0 0
0.776667 0 0 0 0
0.783333 0 0 0 0
0.79 0 0 0 0
0.796667 0 0 0 0
0.803333 0 0 0 0
0.81 0 0 0 0
0.816667 0 0 0 0
0.823333 0 0 0 0
0.83 0 0 0 0
0.836667 0 0 0 0
0.843333 0 0 0 0
0.85 0 0 0 0
0.856667 0 0 0 0
0.863333 0 0 0 0
0.87 0 0 0 0
0.876667 0 0 0 0
0.883333 0 0 0 0
0.89 0 0 0 0
0.896667 0 0 0 0
0.903333 0 0 0 0
0.91 0 0 0 0
0.916667 0 0 0 0
0.923333 0 0 0 0
0.93 0 0 0 0
0.936667 0 0 0 0
0.943333 0 0 0 0
0.95 0 0 0 0
0.956667 0 0 0 0
0.963333 0 0 0 0
0.97 0 0 0 0
0.976667 0 0 0 0
0.983333 0 0 0 0
0.99 0 0 0 0
0.996667 0 0 0 0
1.00333 0 0 0 0
1.01 0 0 0 0
1.01667 0 0 0 0
1.02333 0 0 0 0
1.03 0 0 0 0
1.03667 0 0 0 0
1.04333 0 0 0 0
1.05 0 0 0 0
1.05667 0 0 0 0
1.06333 0 0 0 0
1.07 0 0 0 0
1.07667 0 0 0 0
1.08333 0 0 0 0
1.09 0 0 0 0
1.09667 0 0 0 0
1.10333 0 0 0 0
1.11 0 0 0 0
1.11667 0 0 0 0
1.12333 0 0 0 0
1.13 0 0 0 0
1.13667 0 0 0 0
1.14333 0 0 0 0
1.15 0 0 0 0
1.15667 0 0 0 0
1.16333 0 0 0 0
1.17 0 0 0 0
1.17667 0 0 0 0
1.18333 0 0 0 0
1.19 0 0 0 0
1.19667 0 0 0 0
1.20333 0 0 0 0
1.21 0 0 0 0
1.21667 0 0 0 0
1.22333 0 0 0 0
1.23 0 0 0 0
1.23667 0 0 0 0
1.24333 0 0 0 0
1.25 0 0 0 0
1.25667 0 0 0 0
1.26333 0 0 0 0
1.27 0 0 0 0
1.27667 0 0 0 0
1.28333 0 0 0 0
1.29 0 0 0 0
1.29667 0 0 0 0
1.30333 0 0 0 0
1.31 0 0 0 0
1.31667 0 0 0 0
1.32333 0 0 0 0
1.33 0 0 0 0
1.33667 0 0 0 0
1.34333 0 0 0 0
1.35 0 0 0 0
1.35667 0 0 0 0
1.36333 0 0 0 0
1.37 0 0 0 0
1.37667 0 0 0 0
1.38333 0 0 0 0
1.39 0 0 0 0
1.39667 0 0 0 0
1.40333 0 0 0 0
1.41 0 0 0 0
1.41667 0 0 0 0
1.42333 0 0 0 0
1.43 0 0 0 0
1.43667 0 0 0 0
1.44333 0 0 0 0
1.45 0 0 0 0
1.45667 0 0 0 0
1.46333 0 0 0 0
1.47 0 0 0 0
1.47667 0 0 0 0
1.48333 0 0 0 0
1.49 0 0 0 0
1.49667 0 0 0 0
1.50333 0 0 0 0
1.51 0 0 0 0
1.51667 0 0 0 0
1.52333 0 0 0 0
1.53 0 0 0 0
1.53667 0 0 0 0
1.54333 0 0 0 0
1.55 0 0 0 0
1.55667 0 0 0 0
1.56333 0 0 0 0
1.57 0 0 0 0
1.57667 0 0 0 0
1.58333 0 0 0 0
1.59 0 0 0 0
1.59667 0 0 0 0
1.60333 0 0 0 0
1.61 0 0 0 0
1.61667 0 0 0 0
1.62333 0 0 0 0
1.63 0 0 0 0
1.63667 0 0 0 0
1.64333 0 0 0 0
1.65 0 0 0 0
1.65667 0 0 0 0
1.66333 0 0 0 0
1.67 0 0 0 0
1.67667 0 0 0 0
1.68333 0 0 0 0
1.69 0 0 0 0
1.69667 0 0 0 0
1.70333 0 0 0 0
1.71 0 0 0 0
1.71667 0 0 0 0
1.72333 0 0 0 0
1.73 0 0 0 0
1.73667 0 0 0 0
1.74333 0 0 0 0
1.75 0 0 0 0
1.75667 0 0 0 0
1.76333 0 0 0 0
1.77 0 0 0 0
1.77667 0 0 0 0
1.78333 0 0 0 0
1.79 0 0 0 0
1.79667 0 0 0 0
1.80333 0 0 0 0
1.81 0 0 0 0
1.81667 0 0 0 0
1.82333 0 0 0 0
1.83 0 0 0 0
1.83667 0 0 0 0
1.84333 0 0 0 0
1.85 0 0 0 0
1.85667 0 0 0 0
1.86333 0 0 0 0
1.87 0 0 0 0
1.87667 0 0 0 0
1.88333 0 0 0 0
1.89 0 0 0 0
1.89667 0 0 0 0
1.90333 0 0 0 0
1.91 0 0 0 0
1.91667 0 0 0 0
1.92333 0 0 0 0
1.93 0 0 0 0
1.93667 0 0 0 0
1.94333 0 0 0 0
1.95 0 0 0 0
1.95667 0 0 0 0
1.96333 0 0 0 0
1.97 0 0 0 0
1.97667 0 0 0 0
1.98333 0 0 0 0
1.99 0 0 0 0
1.99667 0 0 0 0
