0.00333333 33 73 3 0
0.01 45 101 2 2
0.0166667 33 75 0 2
0.0233333 49 93 4 1
0.03 46 89 3 0
0.0366667 65 98 2 0
0.0433333 72 126 4 0
0.05 103 134 3 1
0.0566667 109 159 3 2
0.0633333 110 155 5 1
0.07 128 187 8 1
0.0766667 135 201 2 2
0.0833333 142 186 9 2
0.09 147 205 9 0
0.0966667 158 220 8 5
0.103333 142 193 10 2
0.11 126 202 9 1
0.116667 139 197 4 0
0.123333 135 197 6 3
0.13 124 213 7 2
0.136667 128 212 7 2
0.143333 118 207 9 1
0.15 113 192 4 0
0.156667 103 207 10 0
0.163333 107 221 7 1
0.17 104 191 5 6
0.176667 85 197 9 2
0.183333 95 223 6 3
0.19 96 272 7 2
0.196667 105 253 13 2
0.203333 90 264 6 1
0.21 90 218 5 3
0.216667 94 215 3 1
0.223333 78 190 9 2
0.23 96 156 5 1
0.236667 81 184 7 0
0.243333 79 162 3 0
0.25 88 172 5 1
0.256667 74 186 6 1
0.263333 59 156 3 3
0.27 70 130 3 2
0.276667 53 129 2 3
0.283333 55 118 7 1
0.29 65 116 5 0
0.296667 47 129 7 1
0.303333 53 141 3 1
0.31 65 119 2 1
0.316667 57 109 3 0
0.323333 57 109 3 2
0.33 54 102 2 3
0.336667 52 105 3 1
0.343333 51 98 7 0
0.35 50 139 2 1
0.356667 43 92 5 1
0.363333 42 98 3 0
0.37 54 108 1 2
0.376667 40 98 2 0
0.383333 45 73 3 2
0.39 34 96 0 1
0.396667 33 91 5 1
0.403333 39 82 3 2
0.41 47 107 3 1
0.416667 40 76 5 1
0.423333 40 86 7 1
0.43 45 76 2 1
0.436667 43 82 4 1
0.443333 40 89 0 0
0.45 36 86 6 1
0.456667 36 85 1 1
0.463333 46 86 3 1
0.47 36 112 5 0
0.476667 34 74 1 1
0.483333 35 47 6 1
0.49 35 40 2 1
0.496667 28 35 2 3
0.503333 20 36 1 0
0.51 37 23 1 0
0.516667 34 38 7 0
0.523333 22 35 5 0
0.53 28 34 1 0
0.536667 28 39 2 0
0.543333 22 20 1 0
0.55 22 31 1 0
0.556667 24 29 1 1
0.563333 21 27 0 2
0.57 24 37 2 2
0.576667 30 33 2 0
0.583333 20 34 0 0
0.59 28 31 0 0
0.596667 17 22 3 1
0.603333 22 30 2 1
0.61 27 22 0 0
0.616667 20 30 2 0
0.623333 24 15 2 1
0.63 22 21 3 0
0.636667 29 36 4 0
0.643333 11 16 3 0
0.65 18 16 1 1
0.656667 23 21 0 0
0.663333 1028 3907 54 14
0.67 0 0 0 0
0.676667 0 0 0 0
0.683333 0 0 0 0
0.69 0 0 0 0
0.696667 0 0 0 0
0.703333 0 0 0 0
0.71 0 0 0 0
0.716667 0 0 0 0
0.723333 0 0 0 0
0.73 0 0 0 0
0.736667 0 0 0 0
0.743333 0 0 0 0
0.75 0 0 0 0
0.756667 0 0 0 0
0.763333 0 0 0 0
0.77 0 0 0 0
0.776667 0 0 0 0
0.783333 0 0 0 0
0.79 0 0 0 0
0.796667 0 0 0 0
0.803333 0 0 0 0
0.81 0 0 0 0
0.816667 0 0 0 0
0.823333 0 0 0 0
0.83 0 0 0 0
0.836667 0 0 0 0
0.843333 0 0 0 0
0.85 0 0 0 0
0.856667 0 0 0 0
0.863333 0 0 0 0
0.87 0 0 0 0
0.876667 0 0 0 0
0.883333 0 0 0 0
0.89 0 0 0 0
0.896667 0 0 0 0
0.903333 0 0 0 0
0.91 0 0 0 0
0.916667 0 0 0 0
0.923333 0 0 0 0
0.93 0 0 0 0
0.936667 0 0 0 0
0.943333 0 0 0 0
0.95 0 0 0 0
0.956667 0 0 0 0
0.963333 0 0 0 0
0.97 0 0 0 0
0.976667 0 0 0 0
0.983333 0 0 0 0
0.99 0 0 0 0
0.996667 0 0 0 0
1.00333 0 0 0 0
1.01 0 0 0 0
1.01667 0 0 0 0
1.02333 0 0 0 0
1.03 0 0 0 0
1.03667 0 0 0 0
1.04333 0 0 0 0
1.05 0 0 0 0
1.05667 0 0 0 0
1.06333 0 0 0 0
1.07 0 0 0 0
1.07667 0 0 0 0
1.08333 0 0 0 0
1.09 0 0 0 0
1.09667 0 0 0 0
1.10333 0 0 0 0
1.11 0 0 0 0
1.11667 0 0 0 0
1.12333 0 0 0 0
1.13 0 0 0 0
1.13667 0 0 0 0
1.14333 0 0 0 0
1.15 0 0 0 0
1.15667 0 0 0 0
1.16333 0 0 0 0
1.17 0 0 0 0
1.17667 0 0 0 0
1.18333 0 0 0 0
1.19 0 0 0 0
1.19667 0 0 0 0
1.20333 0 0 0 0
1.21 0 0 0 0
1.21667 0 0 0 0
1.22333 0 0 0 0
1.23 0 0 0 0
1.23667 0 0 0 0
1.24333 0 0 0 0
1.25 0 0 0 0
1.25667 0 0 0 0
1.26333 0 0 0 0
1.27 0 0 0 0
1.27667 0 0 0 0
1.28333 0 0 0 0
1.29 0 0 0 0
1.29667 0 0 0 0
1.30333 0 0 0 0
1.31 0 0 0 0
1.31667 0 0 0 0
1.32333 0 0 0 0
1.33 0 0 0 0
1.33667 0 0 0 0
1.34333 0 0 0 0
1.35 0 0 0 0
1.35667 0 0 0 0
1.36333 0 0 0 0
1.37 0 0 0 0
1.37667 0 0 0 0
1.38333 0 0 0 0
1.39 0 0 0 0
1.39667 0 0 0 0
1.40333 0 0 0 0
1.41 0 0 0 0
1.41667 0 0 0 0
1.42333 0 0 0 0
1.43 0 0 0 0
1.43667 0 0 0 0
1.44333 0 0 0 0
1.45 0 0 0 0
1.45667 0 0 0 0
1.46333 0 0 0 0
1.47 0 0 0 0
1.47667 0 0 0 0
1.48333 0 0 0 0
1.49 0 0 0 0
1.49667 0 0 0 0
1.50333 0 0 0 0
1.51 0 0 0 0
1.51667 0 0 0 0
1.52333 0 0 0 0
1.53 0 0 0 0
1.53667 0 0 0 0
1.54333 0 0 0 0
1.55 0 0 0 0
1.55667 0 0 0 0
1.56333 0 0 0 0
1.57 0 0 0 0
1.57667 0 0 0 0
1.58333 0 0 0 0
1.59 0 0 0 0
1.59667 0 0 0 0
1.60333 0 0 0 0
1.61 0 0 0 0
1.61667 0 0 0 0
1.62333 0 0 0 0
1.63 0 0 0 0
1.63667 0 0 0 0
1.64333 0 0 0 0
1.65 0 0 0 0
1.65667 0 0 0 0
1.66333 0 0 0 0
1.67 0 0 0 0
1.67667 0 0 0 0
1.68333 0 0 0 0
1.69 0 0 0 0
1.69667 0 0 0 0
1.70333 0 0 0 0
1.71 0 0 0 0
1.71667 0 0 0 0
1.72333 0 0 0 0
1.73 0 0 0 0
1.73667 0 0 0 0
1.74333 0 0 0 0
1.75 0 0 0 0
1.75667 0 0 0 0
1.76333 0 0 0 0
1.77 0 0 0 0
1.77667 0 0 0 0
1.78333 0 0 0 0
1.79 0 0 0 0
1.79667 0 0 0 0
1.80333 0 0 0 0
1.81 0 0 0 0
1.81667 0 0 0 0
1.82333 0 0 0 0
1.83 0 0 0 0
1.83667 0 0 0 0
1.84333 0 0 0 0
1.85 0 0 0 0
1.85667 0 0 0 0
1.86333 0 0 0 0
1.87 0 0 0 0
1.87667 0 0 0 0
1.88333 0 0 0 0
1.89 0 0 0 0
1.89667 0 0 0 0
1.90333 0 0 0 0
1.91 0 0 0 0
1.91667 0 0 0 0
1.92333 0 0 0 0
1.93 0 0 0 0
1.93667 0 0 0 0
1.94333 0 0 0 0
1.95 0 0 0 0
1.95667 0 0 0 0
1.96333 0 0 0 0
1.97 0 0 0 0
1.97667 0 0 0 0
1.98333 0 0 0 0
1.99 0 0 0 0
1.99667 0 0 0 0
