0.00333333 7 39 12 5
0.01 17 45 17 1
0.0166667 20 69 21 2
0.0233333 19 64 19 5
0.03 14 62 22 5
0.0366667 26 87 25 5
0.0433333 35 132 22 5
0.05 37 156 50 7
0.0566667 51 195 54 7
0.0633333 59 193 47 12
0.07 69 232 46 11
0.0766667 44 206 73 12
0.0833333 57 201 56 14
0.09 59 217 64 17
0.0966667 59 216 56 11
0.103333 53 229 77 11
0.11 43 227 67 9
0.116667 59 222 64 10
0.123333 40 223 43 6
0.13 38 193 47 5
0.136667 56 181 36 15
0.143333 39 204 49 5
0.15 34 155 46 16
0.156667 43 141 44 11
0.163333 43 138 29 8
0.17 37 149 42 7
0.176667 50 159 46 10
0.183333 44 162 44 16
0.19 31 136 42 8
0.196667 34 143 50 9
0.203333 35 136 42 10
0.21 44 136 39 8
0.216667 24 113 35 7
0.223333 33 127 42 2
0.23 27 122 40 5
0.236667 22 131 34 11
0.243333 24 114 23 2
0.25 32 123 26 6
0.256667 36 98 31 7
0.263333 22 95 23 8
0.27 32 97 27 9
0.276667 23 108 34 3
0.283333 22 92 30 5
0.29 21 88 24 5
0.296667 22 98 25 6
0.303333 22 82 19 4
0.31 19 98 30 2
0.316667 25 88 26 1
0.323333 21 64 15 4
0.33 17 63 27 1
0.336667 20 80 19 2
0.343333 14 64 22 3
0.35 12 83 30 5
0.356667 21 71 20 7
0.363333 18 67 22 4
0.37 14 73 21 5
0.376667 25 55 23 9
0.383333 24 65 18 2
0.39 9 55 24 3
0.396667 19 80 14 4
0.403333 16 57 23 4
0.41 20 46 19 4
0.416667 20 60 18 6
0.423333 15 56 24 4
0.43 8 55 12 3
0.436667 12 53 13 4
0.443333 17 47 23 4
0.45 27 60 15 2
0.456667 13 55 17 4
0.463333 21 59 19 3
0.47 14 50 14 5
0.476667 11 28 21 5
0.483333 18 32 11 4
0.49 5 29 15 4
0.496667 9 36 12 1
0.503333 9 28 12 3
0.51 10 26 8 1
0.516667 7 34 12 4
0.523333 6 35 10 1
0.53 12 29 10 3
0.536667 11 26 7 3
0.543333 8 26 15 4
0.55 7 30 8 1
0.556667 9 27 5 1
0.563333 11 25 12 4
0.57 4 30 11 2
0.576667 11 33 12 3
0.583333 4 17 10 5
0.59 6 24 5 1
0.596667 8 21 7 3
0.603333 7 31 5 2
0.61 4 28 5 1
0.616667 5 22 10 3
0.623333 9 22 8 2
0.63 8 21 7 3
0.636667 5 22 6 4
0.643333 8 22 8 1
0.65 5 29 10 1
0.656667 6 30 11 2
0.663333 265 1340 364 41
0.67 0 0 0 0
0.676667 0 0 0 0
0.683333 0 0 0 0
0.69 0 0 0 0
0.696667 0 0 0 0
0.703333 0 0 0 0
0.71 0 0 0 0
0.716667 0 0 0 0
0.723333 0 0 0 0
0.73 0 0 0 0
0.736667 0 0 0 0
0.743333 0 0 0 0
0.75 0 0 0 0
0.756667 0 0 0 0
0.763333 0 0 0 0
0.77 0 0 0 0
0.776667 0 0 0 0
0.783333 0 0 0 0
0.79 0 0 0 0
0.796667 0 0 0 0
0.803333 0 0 0 0
0.81 0 0 0 0
0.816667 0 0 0 0
0.823333 0 0 0 0
0.83 0 0 0 0
0.836667 0 0 0 0
0.843333 0 0 0 0
0.85 0 0 0 0
0.856667 0 0 0 0
0.863333 0 0 0 0
0.87 0 0 0 0
0.876667 0 0 0 0
0.883333 0 0 0 0
0.89 0 0 0 0
0.896667 0 0 0 0
0.903333 0 0 0 0
0.91 0 0 0 0
0.916667 0 0 0 0
0.923333 0 0 0 0
0.93 0 0 0 0
0.936667 0 0 0 0
0.943333 0 0 0 0
0.95 0 0 0 0
0.956667 0 0 0 0
0.963333 0 0 0 0
0.97 0 0 0 0
0.976667 0 0 0 0
0.983333 0 0 0 0
0.99 0 0 0 0
0.996667 0 0 0 0
1.00333 0 0 0 0
1.01 0 0 0 0
1.01667 0 0 0 0
1.02333 0 0 0 0
1.03 0 0 0 0
1.03667 0 0 0 0
1.04333 0 0 0 0
1.05 0 0 0 0
1.05667 0 0 0 0
1.06333 0 0 0 0
1.07 0 0 0 0
1.07667 0 0 0 0
1.08333 0 0 0 0
1.09 0 0 0 0
1.09667 0 0 0 0
1.10333 0 0 0 0
1.11 0 0 0 0
1.11667 0 0 0 0
1.12333 0 0 0 0
1.13 0 0 0 0
1.13667 0 0 0 0
1.14333 0 0 0 0
1.15 0 0 0 0
1.15667 0 0 0 0
1.16333 0 0 0 0
1.17 0 0 0 0
1.17667 0 0 0 0
1.18333 0 0 0 0
1.19 0 0 0 0
1.19667 0 0 0 0
1.20333 0 0 0 0
1.21 0 0 0 0
1.21667 0 0 0 0
1.22333 0 0 0 0
1.23 0 0 0 0
1.23667 0 0 0 0
1.24333 0 0 0 0
1.25 0 0 0 0
1.25667 0 0 0 0
1.26333 0 0 0 0
1.27 0 0 0 0
1.27667 0 0 0 0
1.28333 0 0 0 0
1.29 0 0 0 0
1.29667 0 0 0 0
1.30333 0 0 0 0
1.31 0 0 0 0
1.31667 0 0 0 0
1.32333 0 0 0 0
1.33 0 0 0 0
1.33667 0 0 0 0
1.34333 0 0 0 0
1.35 0 0 0 0
1.35667 0 0 0 0
1.36333 0 0 0 0
1.37 0 0 0 0
1.37667 0 0 0 0
1.38333 0 0 0 0
1.39 0 0 0 0
1.39667 0 0 0 0
1.40333 0 0 0 0
1.41 0 0 0 0
1.41667 0 0 0 0
1.42333 0 0 0 0
1.43 0 0 0 0
1.43667 0 0 0 0
1.44333 0 0 0 0
1.45 0 0 0 0
1.45667 0 0 0 0
1.46333 0 0 0 0
1.47 0 0 0 0
1.47667 0 0 0 0
1.48333 0 0 0 0
1.49 0 0 0 0
1.49667 0 0 0 0
1.50333 0 0 0 0
1.51 0 0 0 0
1.51667 0 0 0 0
1.52333 0 0 0 0
1.53 0 0 0 0
1.53667 0 0 0 0
1.54333 0 0 0 0
1.55 0 0 0 0
1.55667 0 0 0 0
1.56333 0 0 0 0
1.57 0 0 0 0
1.57667 0 0 0 0
1.58333 0 0 0 0
1.59 0 0 0 0
1.59667 0 0 0 0
1.60333 0 0 0 0
1.61 0 0 0 0
1.61667 0 0 0 0
1.62333 0 0 0 0
1.63 0 0 0 0
1.63667 0 0 0 0
1.64333 0 0 0 0
1.65 0 0 0 0
1.65667 0 0 0 0
1.66333 0 0 0 0
1.67 0 0 0 0
1.67667 0 0 0 0
1.68333 0 0 0 0
1.69 0 0 0 0
1.69667 0 0 0 0
1.70333 0 0 0 0
1.71 0 0 0 0
1.71667 0 0 0 0
1.72333 0 0 0 0
1.73 0 0 0 0
1.73667 0 0 0 0
1.74333 0 0 0 0
1.75 0 0 0 0
1.75667 0 0 0 0
1.76333 0 0 0 0
1.77 0 0 0 0
1.77667 0 0 0 0
1.78333 0 0 0 0
1.79 0 0 0 0
1.79667 0 0 0 0
1.80333 0 0 0 0
1.81 0 0 0 0
1.81667 0 0 0 0
1.82333 0 0 0 0
1.83 0 0 0 0
1.83667 0 0 0 0
1.84333 0 0 0 0
1.85 0 0 0 0
1.85667 0 0 0 0
1.86333 0 0 0 0
1.87 0 0 0 0
1.87667 0 0 0 0
1.88333 0 0 0 0
1.89 0 0 0 0
1.89667 0 0 0 0
1.90333 0 0 0 0
1.91 0 0 0 0
1.91667 0 0 0 0
1.92333 0 0 0 0
1.93 0 0 0 0
1.93667 0 0 0 0
1.94333 0 0 0 0
1.95 0 0 0 0
1.95667 0 0 0 0
1.96333 0 0 0 0
1.97 0 0 0 0
1.97667 0 0 0 0
1.98333 0 0 0 0
1.99 0 0 0 0
1.99667 0 0 0 0
