0.00333333 7 29 17 1
0.01 12 54 18 4
0.0166667 12 64 21 1
0.0233333 7 55 20 3
0.03 12 56 26 2
0.0366667 20 63 29 0
0.0433333 38 87 36 2
0.05 25 105 25 3
0.0566667 26 121 30 2
0.0633333 47 129 37 6
0.07 50 156 39 4
0.0766667 34 132 45 4
0.0833333 51 128 58 8
0.09 47 134 46 4
0.0966667 38 137 51 2
0.103333 40 151 44 8
0.11 38 130 49 2
0.116667 41 149 48 5
0.123333 37 165 44 3
0.13 35 137 44 4
0.136667 28 130 35 1
0.143333 26 118 45 4
0.15 35 116 46 1
0.156667 29 123 34 3
0.163333 18 129 36 5
0.17 23 106 48 4
0.176667 23 104 38 2
0.183333 21 92 39 3
0.19 20 123 63 4
0.196667 34 116 60 4
0.203333 19 104 50 2
0.21 17 110 37 6
0.216667 21 99 52 1
0.223333 20 104 44 4
0.23 18 108 37 3
0.236667 27 102 33 1
0.243333 24 73 37 2
0.25 23 91 35 3
0.256667 15 97 22 1
0.263333 26 80 43 1
0.27 23 66 28 4
0.276667 21 75 35 1
0.283333 22 62 33 1
0.29 21 74 31 0
0.296667 10 59 27 1
0.303333 20 72 25 1
0.31 13 73 37 1
0.316667 19 65 23 1
0.323333 17 56 28 0
0.33 14 60 27 1
0.336667 18 61 21 2
0.343333 15 61 29 0
0.35 14 61 23 3
0.356667 11 55 25 3
0.363333 16 50 21 0
0.37 17 61 28 2
0.376667 14 61 22 1
0.383333 13 53 34 1
0.39 15 51 26 1
0.396667 14 56 19 1
0.403333 10 39 25 1
0.41 10 43 27 1
0.416667 16 62 29 3
0.423333 10 45 28 0
0.43 15 46 31 3
0.436667 15 53 22 1
0.443333 9 39 22 2
0.45 12 47 23 2
0.456667 17 47 16 3
0.463333 13 50 32 1
0.47 6 37 26 0
0.476667 11 37 18 0
0.483333 14 27 10 1
0.49 14 34 8 1
0.496667 9 41 12 0
0.503333 12 29 19 1
0.51 6 31 12 0
0.516667 7 29 8 1
0.523333 13 15 7 1
0.53 6 18 9 1
0.536667 11 27 11 0
0.543333 5 22 12 1
0.55 7 26 8 1
0.556667 8 29 13 1
0.563333 5 22 7 1
0.57 7 21 12 3
0.576667 4 28 6 2
0.583333 9 24 7 1
0.59 7 30 8 0
0.596667 6 29 9 0
0.603333 5 30 11 0
0.61 3 34 6 2
0.616667 6 16 12 0
0.623333 5 27 3 1
0.63 2 29 7 1
0.636667 8 28 8 0
0.643333 8 17 6 0
0.65 3 21 3 1
0.656667 13 21 5 0
0.663333 154 1259 954 14
0.67 0 0 0 0
0.676667 0 0 0 0
0.683333 0 0 0 0
0.69 0 0 0 0
0.696667 0 0 0 0
0.703333 0 0 0 0
0.71 0 0 0 0
0.716667 0 0 0 0
0.723333 0 0 0 0
0.73 0 0 0 0
0.736667 0 0 0 0
0.743333 0 0 0 0
0.75 0 0 0 0
0.756667 0 0 0 0
0.763333 0 0 0 0
0.77 0 0 0 0
0.776667 0 0 0 0
0.783333 0 0 0 0
0.79 0 0 0 0
0.796667 0 0 0 0
0.803333 0 0 0 0
0.81 0 0 0 0
0.816667 0 0 0 0
0.823333 0 0 0 0
0.83 0 0 0 0
0.836667 0 0 0 0
0.843333 0 0 0 0
0.85 0 0 0 0
0.856667 0 0 0 0
0.863333 0 0 0 0
0.87 0 0 0 0
0.876667 0 0 0 0
0.883333 0 0 0 0
0.89 0 0 0 0
0.896667 0 0 0 0
0.903333 0 0 0 0
0.91 0 0 0 0
0.916667 0 0 0 0
0.923333 0 0 0 0
0.93 0 0 0 0
0.936667 0 0 0 0
0.943333 0 0 0 0
0.95 0 0 0 0
0.956667 0 0 0 0
0.963333 0 0 0 0
0.97 0 0 0 0
0.976667 0 0 0 0
0.983333 0 0 0 0
0.99 0 0 0 0
0.996667 0 0 0 0
1.00333 0 0 0 0
1.01 0 0 0 0
1.01667 0 0 0 0
1.02333 0 0 0 0
1.03 0 0 0 0
1.03667 0 0 0 0
1.04333 0 0 0 0
1.05 0 0 0 0
1.05667 0 0 0 0
1.06333 0 0 0 0
1.07 0 0 0 0
1.07667 0 0 0 0
1.08333 0 0 0 0
1.09 0 0 0 0
1.09667 0 0 0 0
1.10333 0 0 0 0
1.11 0 0 0 0
1.11667 0 0 0 0
1.12333 0 0 0 0
1.13 0 0 0 0
1.13667 0 0 0 0
1.14333 0 0 0 0
1.15 0 0 0 0
1.15667 0 0 0 0
1.16333 0 0 0 0
1.17 0 0 0 0
1.17667 0 0 0 0
1.18333 0 0 0 0
1.19 0 0 0 0
1.19667 0 0 0 0
1.20333 0 0 0 0
1.21 0 0 0 0
1.21667 0 0 0 0
1.22333 0 0 0 0
1.23 0 0 0 0
1.23667 0 0 0 0
1.24333 0 0 0 0
1.25 0 0 0 0
1.25667 0 0 0 0
1.26333 0 0 0 0
1.27 0 0 0 0
1.27667 0 0 0 0
1.28333 0 0 0 0
1.29 0 0 0 0
1.29667 0 0 0 0
1.30333 0 0 0 0
1.31 0 0 0 0
1.31667 0 0 0 0
1.32333 0 0 0 0
1.33 0 0 0 0
1.33667 0 0 0 0
1.34333 0 0 0 0
1.35 0 0 0 0
1.35667 0 0 0 0
1.36333 0 0 0 0
1.37 0 0 0 0
1.37667 0 0 0 0
1.38333 0 0 0 0
1.39 0 0 0 0
1.39667 0 0 0 0
1.40333 0 0 0 0
1.41 0 0 0 0
1.41667 0 0 0 0
1.42333 0 0 0 0
1.43 0 0 0 0
1.43667 0 0 0 0
1.44333 0 0 0 0
1.45 0 0 0 0
1.45667 0 0 0 0
1.46333 0 0 0 0
1.47 0 0 0 0
1.47667 0 0 0 0
1.48333 0 0 0 0
1.49 0 0 0 0
1.49667 0 0 0 0
1.50333 0 0 0 0
1.51 0 0 0 0
1.51667 0 0 0 0
1.52333 0 0 0 0
1.53 0 0 0 0
1.53667 0 0 0 0
1.54333 0 0 0 0
1.55 0 0 0 0
1.55667 0 0 0 0
1.56333 0 0 0 0
1.57 0 0 0 0
1.57667 0 0 0 0
1.58333 0 0 0 0
1.59 0 0 0 0
1.59667 0 0 0 0
1.60333 0 0 0 0
1.61 0 0 0 0
1.61667 0 0 0 0
1.62333 0 0 0 0
1.63 0 0 0 0
1.63667 0 0 0 0
1.64333 0 0 0 0
1.65 0 0 0 0
1.65667 0 0 0 0
1.66333 0 0 0 0
1.67 0 0 0 0
1.67667 0 0 0 0
1.68333 0 0 0 0
1.69 0 0 0 0
1.69667 0 0 0 0
1.70333 0 0 0 0
1.71 0 0 0 0
1.71667 0 0 0 0
1.72333 0 0 0 0
1.73 0 0 0 0
1.73667 0 0 0 0
1.74333 0 0 0 0
1.75 0 0 0 0
1.75667 0 0 0 0
1.76333 0 0 0 0
1.77 0 0 0 0
1.77667 0 0 0 0
1.78333 0 0 0 0
1.79 0 0 0 0
1.79667 0 0 0 0
1.80333 0 0 0 0
1.81 0 0 0 0
1.81667 0 0 0 0
1.82333 0 0 0 0
1.83 0 0 0 0
1.83667 0 0 0 0
1.84333 0 0 0 0
1.85 0 0 0 0
1.85667 0 0 0 0
1.86333 0 0 0 0
1.87 0 0 0 0
1.87667 0 0 0 0
1.88333 0 0 0 0
1.89 0 0 0 0
1.89667 0 0 0 0
1.90333 0 0 0 0
1.91 0 0 0 0
1.91667 0 0 0 0
1.92333 0 0 0 0
1.93 0 0 0 0
1.93667 0 0 0 0
1.94333 0 0 0 0
1.95 0 0 0 0
1.95667 0 0 0 0
1.96333 0 0 0 0
1.97 0 0 0 0
1.97667 0 0 0 0
1.98333 0 0 0 0
1.99 0 0 0 0
1.99667 0 0 0 0
