0.00333333 6 22 3 0
0.01 15 24 1 0
0.0166667 13 21 5 0
0.0233333 10 31 5 0
0.03 18 32 3 0
0.0366667 11 27 2 0
0.0433333 13 29 2 0
0.05 24 33 5 0
0.0566667 27 32 8 0
0.0633333 15 48 7 0
0.07 35 39 6 1
0.0766667 36 37 5 2
0.0833333 26 45 4 0
0.09 36 50 4 0
0.0966667 34 42 8 0
0.103333 44 53 6 0
0.11 34 55 7 1
0.116667 25 42 4 0
0.123333 21 47 5 0
0.13 39 55 6 0
0.136667 24 54 5 1
0.143333 29 40 5 0
0.15 33 48 2 0
0.156667 27 43 5 0
0.163333 25 49 0 0
0.17 31 44 1 0
0.176667 30 42 4 0
0.183333 30 48 4 0
0.19 40 54 5 1
0.196667 30 64 6 1
0.203333 23 60 6 0
0.21 15 49 6 0
0.216667 23 59 7 0
0.223333 21 45 7 0
0.23 20 48 4 0
0.236667 17 44 7 0
0.243333 17 30 4 0
0.25 20 54 3 1
0.256667 24 56 7 0
0.263333 17 46 2 0
0.27 16 46 6 0
0.276667 18 38 4 0
0.283333 15 41 5 0
0.29 17 37 2 0
0.296667 22 45 8 0
0.303333 24 41 5 1
0.31 18 34 3 0
0.316667 9 37 5 0
0.323333 16 44 3 1
0.33 16 26 1 0
0.336667 17 41 5 0
0.343333 17 47 8 0
0.35 12 28 4 0
0.356667 17 37 2 0
0.363333 21 44 4 1
0.37 16 45 8 0
0.376667 14 31 0 1
0.383333 17 36 5 0
0.39 14 31 2 0
0.396667 18 31 3 0
0.403333 13 32 7 0
0.41 23 31 2 0
0.416667 8 41 2 0
0.423333 22 33 6 0
0.43 15 31 7 0
0.436667 15 32 2 0
0.443333 26 29 2 0
0.45 20 24 4 0
0.456667 21 23 5 1
0.463333 19 31 4 0
0.47 20 33 4 0
0.476667 11 23 7 0
0.483333 8 18 6 0
0.49 14 19 4 0
0.496667 9 17 2 0
0.503333 9 9 3 0
0.51 7 20 2 0
0.516667 8 6 0 0
0.523333 14 9 1 0
0.53 13 17 3 0
0.536667 18 13 4 0
0.543333 4 11 3 0
0.55 9 9 2 1
0.556667 6 15 4 0
0.563333 14 12 3 0
0.57 11 17 2 0
0.576667 7 11 3 0
0.583333 13 12 3 0
0.59 8 10 5 0
0.596667 8 10 1 0
0.603333 4 7 2 0
0.61 11 6 2 0
0.616667 14 8 4 0
0.623333 9 10 4 0
0.63 8 8 3 0
0.636667 12 7 2 0
0.643333 8 12 4 0
0.65 7 7 1 0
0.656667 8 11 5 0
0.663333 309 1426 191 3
0.67 0 0 0 0
0.676667 0 0 0 0
0.683333 0 0 0 0
0.69 0 0 0 0
0.696667 0 0 0 0
0.703333 0 0 0 0
0.71 0 0 0 0
0.716667 0 0 0 0
0.723333 0 0 0 0
0.73 0 0 0 0
0.736667 0 0 0 0
0.743333 0 0 0 0
0.75 0 0 0 0
0.756667 0 0 0 0
0.763333 0 0 0 0
0.77 0 0 0 0
0.776667 0 0 0 0
0.783333 0 0 0 0
0.79 0 0 0 0
0.796667 0 0 0 0
0.803333 0 0 0 0
0.81 0 0 0 0
0.816667 0 0 0 0
0.823333 0 0 0 0
0.83 0 0 0 0
0.836667 0 0 0 0
0.843333 0 0 0 0
0.85 0 0 0 0
0.856667 0 0 0 0
0.863333 0 0 0 0
0.87 0 0 0 0
0.876667 0 0 0 0
0.883333 0 0 0 0
0.89 0 0 0 0
0.896667 0 0 0 0
0.903333 0 0 0 0
0.91 0 0 0 0
0.916667 0 0 0 0
0.923333 0 0 0 0
0.93 0 0 0 0
0.936667 0 0 0 0
0.943333 0 0 0 0
0.95 0 0 0 0
0.956667 0 0 0 0
0.963333 0 0 0 0
0.97 0 0 0 0
0.976667 0 0 0 0
0.983333 0 0 0 0
0.99 0 0 0 0
0.996667 0 0 0 0
1.00333 0 0 0 0
1.01 0 0 0 0
1.01667 0 0 0 0
1.02333 0 0 0 0
1.03 0 0 0 0
1.03667 0 0 0 0
1.04333 0 0 0 0
1.05 0 0 0 0
1.05667 0 0 0 0
1.06333 0 0 0 0
1.07 0 0 0 0
1.07667 0 0 0 0
1.08333 0 0 0 0
1.09 0 0 0 0
1.09667 0 0 0 0
1.10333 0 0 0 0
1.11 0 0 0 0
1.11667 0 0 0 0
1.12333 0 0 0 0
1.13 0 0 0 0
1.13667 0 0 0 0
1.14333 0 0 0 0
1.15 0 0 0 0
1.15667 0 0 0 0
1.16333 0 0 0 0
1.17 0 0 0 0
1.17667 0 0 0 0
1.18333 0 0 0 0
1.19 0 0 0 0
1.19667 0 0 0 0
1.20333 0 0 0 0
1.21 0 0 0 0
1.21667 0 0 0 0
1.22333 0 0 0 0
1.23 0 0 0 0
1.23667 0 0 0 0
1.24333 0 0 0 0
1.25 0 0 0 0
1.25667 0 0 0 0
1.26333 0 0 0 0
1.27 0 0 0 0
1.27667 0 0 0 0
1.28333 0 0 0 0
1.29 0 0 0 0
1.29667 0 0 0 0
1.30333 0 0 0 0
1.31 0 0 0 0
1.31667 0 0 0 0
1.32333 0 0 0 0
1.33 0 0 0 0
1.33667 0 0 0 0
1.34333 0 0 0 0
1.35 0 0 0 0
1.35667 0 0 0 0
1.36333 0 0 0 0
1.37 0 0 0 0
1.37667 0 0 0 0
1.38333 0 0 0 0
1.39 0 0 0 0
1.39667 0 0 0 0
1.40333 0 0 0 0
1.41 0 0 0 0
1.41667 0 0 0 0
1.42333 0 0 0 0
1.43 0 0 0 0
1.43667 0 0 0 0
1.44333 0 0 0 0
1.45 0 0 0 0
1.45667 0 0 0 0
1.46333 0 0 0 0
1.47 0 0 0 0
1.47667 0 0 0 0
1.48333 0 0 0 0
1.49 0 0 0 0
1.49667 0 0 0 0
1.50333 0 0 0 0
1.51 0 0 0 0
1.51667 0 0 0 0
1.52333 0 0 0 0
1.53 0 0 0 0
1.53667 0 0 0 0
1.54333 0 0 0 0
1.55 0 0 0 0
1.55667 0 0 0 0
1.56333 0 0 0 0
1.57 0 0 0 0
1.57667 0 0 0 0
1.58333 0 0 0 0
1.59 0 0 0 0
1.59667 0 0 0 0
1.60333 0 0 0 0
1.61 0 0 0 0
1.61667 0 0 0 0
1.62333 0 0 0 0
1.63 0 0 0 0
1.63667 0 0 0 0
1.64333 0 0 0 0
1.65 0 0 0 0
1.65667 0 0 0 0
1.66333 0 0 0 0
1.67 0 0 0 0
1.67667 0 0 0 0
1.68333 0 0 0 0
1.69 0 0 0 0
1.69667 0 0 0 0
1.70333 0 0 0 0
1.71 0 0 0 0
1.71667 0 0 0 0
1.72333 0 0 0 0
1.73 0 0 0 0
1.73667 0 0 0 0
1.74333 0 0 0 0
1.75 0 0 0 0
1.75667 0 0 0 0
1.76333 0 0 0 0
1.77 0 0 0 0
1.77667 0 0 0 0
1.78333 0 0 0 0
1.79 0 0 0 0
1.79667 0 0 0 0
1.80333 0 0 0 0
1.81 0 0 0 0
1.81667 0 0 0 0
1.82333 0 0 0 0
1.83 0 0 0 0
1.83667 0 0 0 0
1.84333 0 0 0 0
1.85 0 0 0 0
1.85667 0 0 0 0
1.86333 0 0 0 0
1.87 0 0 0 0
1.87667 0 0 0 0
1.88333 0 0 0 0
1.89 0 0 0 0
1.89667 0 0 0 0
1.90333 0 0 0 0
1.91 0 0 0 0
1.91667 0 0 0 0
1.92333 0 0 0 0
1.93 0 0 0 0
1.93667 0 0 0 0
1.94333 0 0 0 0
1.95 0 0 0 0
1.95667 0 0 0 0
1.96333 0 0 0 0
1.97 0 0 0 0
1.97667 0 0 0 0
1.98333 0 0 0 0
1.99 0 0 0 0
1.99667 0 0 0 0
