0.00333333 2 16 92 9
0.01 2 24 93 16
0.0166667 2 20 98 12
0.0233333 8 27 96 15
0.03 4 19 130 25
0.0366667 4 27 110 20
0.0433333 7 28 141 30
0.05 7 47 192 28
0.0566667 5 55 230 30
0.0633333 8 46 240 36
0.07 11 64 248 57
0.0766667 9 67 305 45
0.0833333 7 62 301 38
0.09 8 61 310 36
0.0966667 1 51 289 39
0.103333 14 63 261 44
0.11 13 52 335 36
0.116667 9 61 294 43
0.123333 12 57 295 39
0.13 12 51 288 32
0.136667 6 49 275 26
0.143333 5 61 282 36
0.15 4 42 251 30
0.156667 2 57 268 21
0.163333 5 52 245 25
0.17 9 41 269 22
0.176667 6 36 252 32
0.183333 7 49 246 29
0.19 5 48 293 18
0.196667 9 60 273 22
0.203333 4 39 273 20
0.21 5 45 237 34
0.216667 3 33 262 20
0.223333 5 26 238 20
0.23 8 31 224 23
0.236667 4 33 209 22
0.243333 5 48 185 23
0.25 4 24 217 19
0.256667 7 29 190 18
0.263333 6 38 162 14
0.27 6 24 134 24
0.276667 3 31 155 18
0.283333 5 22 143 20
0.29 4 37 132 12
0.296667 3 18 143 14
0.303333 1 19 130 19
0.31 2 27 138 18
0.316667 2 16 121 11
0.323333 5 22 130 11
0.33 4 26 126 14
0.336667 5 27 112 15
0.343333 2 22 100 18
0.35 3 23 119 11
0.356667 3 19 112 16
0.363333 2 19 98 11
0.37 5 23 96 11
0.376667 3 22 109 14
0.383333 4 20 102 11
0.39 3 18 97 15
0.396667 5 16 105 10
0.403333 4 17 91 5
0.41 2 18 92 8
0.416667 2 22 114 4
0.423333 0 21 86 16
0.43 1 24 97 12
0.436667 5 21 104 10
0.443333 3 16 91 16
0.45 1 23 98 9
0.456667 4 26 100 12
0.463333 2 17 90 6
0.47 4 13 99 9
0.476667 2 19 83 9
0.483333 0 6 59 5
0.49 0 8 64 6
0.496667 2 10 52 5
0.503333 5 12 48 10
0.51 0 13 61 5
0.516667 1 17 45 6
0.523333 2 11 40 5
0.53 4 7 39 9
0.536667 0 11 39 8
0.543333 1 4 29 2
0.55 1 11 35 6
0.556667 3 10 46 8
0.563333 1 16 40 4
0.57 2 6 39 6
0.576667 2 14 44 6
0.583333 3 13 37 8
0.59 1 5 39 8
0.596667 2 7 32 11
0.603333 3 7 32 3
0.61 1 13 28 7
0.616667 2 12 33 3
0.623333 1 12 36 3
0.63 5 10 33 5
0.636667 1 9 39 5
0.643333 1 13 36 3
0.65 3 9 29 6
0.656667 1 10 26 4
0.663333 28 383 3355 149
0.67 0 0 0 0
0.676667 0 0 0 0
0.683333 0 0 0 0
0.69 0 0 0 0
0.696667 0 0 0 0
0.703333 0 0 0 0
0.71 0 0 0 0
0.716667 0 0 0 0
0.723333 0 0 0 0
0.73 0 0 0 0
0.736667 0 0 0 0
0.743333 0 0 0 0
0.75 0 0 0 0
0.756667 0 0 0 0
0.763333 0 0 0 0
0.77 0 0 0 0
0.776667 0 0 0 0
0.783333 0 0 0 0
0.79 0 0 0 0
0.796667 0 0 0 0
0.803333 0 0 0 0
0.81 0 0 0 0
0.816667 0 0 0 0
0.823333 0 0 0 0
0.83 0 0 0 0
0.836667 0 0 0 0
0.843333 0 0 0 0
0.85 0 0 0 0
0.856667 0 0 0 0
0.863333 0 0 0 0
0.87 0 0 0 0
0.876667 0 0 0 0
0.883333 0 0 0 0
0.89 0 0 0 0
0.896667 0 0 0 0
0.903333 0 0 0 0
0.91 0 0 0 0
0.916667 0 0 0 0
0.923333 0 0 0 0
0.93 0 0 0 0
0.936667 0 0 0 0
0.943333 0 0 0 0
0.95 0 0 0 0
0.956667 0 0 0 0
0.963333 0 0 0 0
0.97 0 0 0 0
0.976667 0 0 0 0
0.983333 0 0 0 0
0.99 0 0 0 0
0.996667 0 0 0 0
1.00333 0 0 0 0
1.01 0 0 0 0
1.01667 0 0 0 0
1.02333 0 0 0 0
1.03 0 0 0 0
1.03667 0 0 0 0
1.04333 0 0 0 0
1.05 0 0 0 0
1.05667 0 0 0 0
1.06333 0 0 0 0
1.07 0 0 0 0
1.07667 0 0 0 0
1.08333 0 0 0 0
1.09 0 0 0 0
1.09667 0 0 0 0
1.10333 0 0 0 0
1.11 0 0 0 0
1.11667 0 0 0 0
1.12333 0 0 0 0
1.13 0 0 0 0
1.13667 0 0 0 0
1.14333 0 0 0 0
1.15 0 0 0 0
1.15667 0 0 0 0
1.16333 0 0 0 0
1.17 0 0 0 0
1.17667 0 0 0 0
1.18333 0 0 0 0
1.19 0 0 0 0
1.19667 0 0 0 0
1.20333 0 0 0 0
1.21 0 0 0 0
1.21667 0 0 0 0
1.22333 0 0 0 0
1.23 0 0 0 0
1.23667 0 0 0 0
1.24333 0 0 0 0
1.25 0 0 0 0
1.25667 0 0 0 0
1.26333 0 0 0 0
1.27 0 0 0 0
1.27667 0 0 0 0
1.28333 0 0 0 0
1.29 0 0 0 0
1.29667 0 0 0 0
1.30333 0 0 0 0
1.31 0 0 0 0
1.31667 0 0 0 0
1.32333 0 0 0 0
1.33 0 0 0 0
1.33667 0 0 0 0
1.34333 0 0 0 0
1.35 0 0 0 0
1.35667 0 0 0 0
1.36333 0 0 0 0
1.37 0 0 0 0
1.37667 0 0 0 0
1.38333 0 0 0 0
1.39 0 0 0 0
1.39667 0 0 0 0
1.40333 0 0 0 0
1.41 0 0 0 0
1.41667 0 0 0 0
1.42333 0 0 0 0
1.43 0 0 0 0
1.43667 0 0 0 0
1.44333 0 0 0 0
1.45 0 0 0 0
1.45667 0 0 0 0
1.46333 0 0 0 0
1.47 0 0 0 0
1.47667 0 0 0 0
1.48333 0 0 0 0
1.49 0 0 0 0
1.49667 0 0 0 0
1.50333 0 0 0 0
1.51 0 0 0 0
1.51667 0 0 0 0
1.52333 0 0 0 0
1.53 0 0 0 0
1.53667 0 0 0 0
1.54333 0 0 0 0
1.55 0 0 0 0
1.55667 0 0 0 0
1.56333 0 0 0 0
1.57 0 0 0 0
1.57667 0 0 0 0
1.58333 0 0 0 0
1.59 0 0 0 0
1.59667 0 0 0 0
1.60333 0 0 0 0
1.61 0 0 0 0
1.61667 0 0 0 0
1.62333 0 0 0 0
1.63 0 0 0 0
1.63667 0 0 0 0
1.64333 0 0 0 0
1.65 0 0 0 0
1.65667 0 0 0 0
1.66333 0 0 0 0
1.67 0 0 0 0
1.67667 0 0 0 0
1.68333 0 0 0 0
1.69 0 0 0 0
1.69667 0 0 0 0
1.70333 0 0 0 0
1.71 0 0 0 0
1.71667 0 0 0 0
1.72333 0 0 0 0
1.73 0 0 0 0
1.73667 0 0 0 0
1.74333 0 0 0 0
1.75 0 0 0 0
1.75667 0 0 0 0
1.76333 0 0 0 0
1.77 0 0 0 0
1.77667 0 0 0 0
1.78333 0 0 0 0
1.79 0 0 0 0
1.79667 0 0 0 0
1.80333 0 0 0 0
1.81 0 0 0 0
1.81667 0 0 0 0
1.82333 0 0 0 0
1.83 0 0 0 0
1.83667 0 0 0 0
1.84333 0 0 0 0
1.85 0 0 0 0
1.85667 0 0 0 0
1.86333 0 0 0 0
1.87 0 0 0 0
1.87667 0 0 0 0
1.88333 0 0 0 0
1.89 0 0 0 0
1.89667 0 0 0 0
1.90333 0 0 0 0
1.91 0 0 0 0
1.91667 0 0 0 0
1.92333 0 0 0 0
1.93 0 0 0 0
1.93667 0 0 0 0
1.94333 0 0 0 0
1.95 0 0 0 0
1.95667 0 0 0 0
1.96333 0 0 0 0
1.97 0 0 0 0
1.97667 0 0 0 0
1.98333 0 0 0 0
1.99 0 0 0 0
1.99667 0 0 0 0
