0.00333333 5 23 33 14
0.01 4 17 36 25
0.0166667 4 17 34 22
0.0233333 4 36 29 24
0.03 5 17 44 24
0.0366667 7 29 50 35
0.0433333 5 49 56 35
0.05 6 47 85 55
0.0566667 11 68 106 50
0.0633333 9 53 123 55
0.07 16 48 118 57
0.0766667 21 45 122 63
0.0833333 6 54 128 74
0.09 16 56 101 73
0.0966667 13 65 122 52
0.103333 16 63 113 62
0.11 13 77 128 53
0.116667 15 73 118 80
0.123333 16 63 100 55
0.13 13 49 105 62
0.136667 10 50 108 62
0.143333 16 45 79 74
0.15 8 57 89 46
0.156667 10 54 100 60
0.163333 8 57 72 69
0.17 3 40 73 68
0.176667 7 39 79 57
0.183333 11 46 68 60
0.19 14 67 83 63
0.196667 8 68 75 54
0.203333 8 51 63 58
0.21 12 43 75 55
0.216667 14 44 46 41
0.223333 10 40 68 46
0.23 10 47 69 54
0.236667 14 39 64 43
0.243333 5 42 54 42
0.25 6 46 66 47
0.256667 8 29 50 28
0.263333 8 37 52 48
0.27 6 37 42 43
0.276667 6 36 43 35
0.283333 7 29 45 34
0.29 10 33 45 37
0.296667 4 32 50 32
0.303333 2 30 52 37
0.31 6 39 32 32
0.316667 6 29 51 33
0.323333 3 31 53 39
0.33 8 25 32 28
0.336667 9 30 35 23
0.343333 4 23 53 27
0.35 7 23 49 37
0.356667 7 24 38 27
0.363333 8 35 36 34
0.37 7 22 41 23
0.376667 5 21 35 27
0.383333 4 30 27 26
0.39 9 26 41 26
0.396667 6 27 36 32
0.403333 5 27 32 16
0.41 5 30 30 18
0.416667 6 31 38 33
0.423333 4 22 33 19
0.43 7 22 36 18
0.436667 7 24 28 14
0.443333 8 27 25 29
0.45 8 23 29 23
0.456667 4 17 26 24
0.463333 9 28 34 27
0.47 3 14 33 18
0.476667 3 22 19 22
0.483333 6 18 23 16
0.49 2 21 27 14
0.496667 4 11 15 15
0.503333 6 18 26 13
0.51 2 17 21 13
0.516667 3 12 26 15
0.523333 4 16 17 13
0.53 7 10 19 10
0.536667 3 9 17 13
0.543333 4 12 21 11
0.55 2 9 15 10
0.556667 2 14 21 14
0.563333 1 17 23 17
0.57 4 12 15 17
0.576667 3 13 16 16
0.583333 5 6 13 12
0.59 4 13 21 12
0.596667 3 17 9 10
0.603333 4 4 10 11
0.61 2 11 23 17
0.616667 2 9 13 12
0.623333 5 15 10 12
0.63 3 8 11 11
0.636667 2 13 14 14
0.643333 3 11 18 7
0.65 2 7 13 13
0.656667 4 10 13 7
0.663333 114 700 608 667
0.67 0 0 0 0
0.676667 0 0 0 0
0.683333 0 0 0 0
0.69 0 0 0 0
0.696667 0 0 0 0
0.703333 0 0 0 0
0.71 0 0 0 0
0.716667 0 0 0 0
0.723333 0 0 0 0
0.73 0 0 0 0
0.736667 0 0 0 0
0.743333 0 0 0 0
0.75 0 0 0 0
0.756667 0 0 0 0
0.763333 0 0 0 0
0.77 0 0 0 0
0.776667 0 0 0 0
0.783333 0 0 0 0
0.79 0 0 0 0
0.796667 0 0 0 0
0.803333 0 0 0 0
0.81 0 0 0 0
0.816667 0 0 0 0
0.823333 0 0 0 0
0.83 0 0 0 0
0.836667 0 0 0 0
0.843333 0 0 0 0
0.85 0 0 0 0
0.856667 0 0 0 0
0.863333 0 0 0 0
0.87 0 0 0 0
0.876667 0 0 0 0
0.883333 0 0 0 0
0.89 0 0 0 0
0.896667 0 0 0 0
0.903333 0 0 0 0
0.91 0 0 0 0
0.916667 0 0 0 0
0.923333 0 0 0 0
0.93 0 0 0 0
0.936667 0 0 0 0
0.943333 0 0 0 0
0.95 0 0 0 0
0.956667 0 0 0 0
0.963333 0 0 0 0
0.97 0 0 0 0
0.976667 0 0 0 0
0.983333 0 0 0 0
0.99 0 0 0 0
0.996667 0 0 0 0
1.00333 0 0 0 0
1.01 0 0 0 0
1.01667 0 0 0 0
1.02333 0 0 0 0
1.03 0 0 0 0
1.03667 0 0 0 0
1.04333 0 0 0 0
1.05 0 0 0 0
1.05667 0 0 0 0
1.06333 0 0 0 0
1.07 0 0 0 0
1.07667 0 0 0 0
1.08333 0 0 0 0
1.09 0 0 0 0
1.09667 0 0 0 0
1.10333 0 0 0 0
1.11 0 0 0 0
1.11667 0 0 0 0
1.12333 0 0 0 0
1.13 0 0 0 0
1.13667 0 0 0 0
1.14333 0 0 0 0
1.15 0 0 0 0
1.15667 0 0 0 0
1.16333 0 0 0 0
1.17 0 0 0 0
1.17667 0 0 0 0
1.18333 0 0 0 0
1.19 0 0 0 0
1.19667 0 0 0 0
1.20333 0 0 0 0
1.21 0 0 0 0
1.21667 0 0 0 0
1.22333 0 0 0 0
1.23 0 0 0 0
1.23667 0 0 0 0
1.24333 0 0 0 0
1.25 0 0 0 0
1.25667 0 0 0 0
1.26333 0 0 0 0
1.27 0 0 0 0
1.27667 0 0 0 0
1.28333 0 0 0 0
1.29 0 0 0 0
1.29667 0 0 0 0
1.30333 0 0 0 0
1.31 0 0 0 0
1.31667 0 0 0 0
1.32333 0 0 0 0
1.33 0 0 0 0
1.33667 0 0 0 0
1.34333 0 0 0 0
1.35 0 0 0 0
1.35667 0 0 0 0
1.36333 0 0 0 0
1.37 0 0 0 0
1.37667 0 0 0 0
1.38333 0 0 0 0
1.39 0 0 0 0
1.39667 0 0 0 0
1.40333 0 0 0 0
1.41 0 0 0 0
1.41667 0 0 0 0
1.42333 0 0 0 0
1.43 0 0 0 0
1.43667 0 0 0 0
1.44333 0 0 0 0
1.45 0 0 0 0
1.45667 0 0 0 0
1.46333 0 0 0 0
1.47 0 0 0 0
1.47667 0 0 0 0
1.48333 0 0 0 0
1.49 0 0 0 0
1.49667 0 0 0 0
1.50333 0 0 0 0
1.51 0 0 0 0
1.51667 0 0 0 0
1.52333 0 0 0 0
1.53 0 0 0 0
1.53667 0 0 0 0
1.54333 0 0 0 0
1.55 0 0 0 0
1.55667 0 0 0 0
1.56333 0 0 0 0
1.57 0 0 0 0
1.57667 0 0 0 0
1.58333 0 0 0 0
1.59 0 0 0 0
1.59667 0 0 0 0
1.60333 0 0 0 0
1.61 0 0 0 0
1.61667 0 0 0 0
1.62333 0 0 0 0
1.63 0 0 0 0
1.63667 0 0 0 0
1.64333 0 0 0 0
1.65 0 0 0 0
1.65667 0 0 0 0
1.66333 0 0 0 0
1.67 0 0 0 0
1.67667 0 0 0 0
1.68333 0 0 0 0
1.69 0 0 0 0
1.69667 0 0 0 0
1.70333 0 0 0 0
1.71 0 0 0 0
1.71667 0 0 0 0
1.72333 0 0 0 0
1.73 0 0 0 0
1.73667 0 0 0 0
1.74333 0 0 0 0
1.75 0 0 0 0
1.75667 0 0 0 0
1.76333 0 0 0 0
1.77 0 0 0 0
1.77667 0 0 0 0
1.78333 0 0 0 0
1.79 0 0 0 0
1.79667 0 0 0 0
1.80333 0 0 0 0
1.81 0 0 0 0
1.81667 0 0 0 0
1.82333 0 0 0 0
1.83 0 0 0 0
1.83667 0 0 0 0
1.84333 0 0 0 0
1.85 0 0 0 0
1.85667 0 0 0 0
1.86333 0 0 0 0
1.87 0 0 0 0
1.87667 0 0 0 0
1.88333 0 0 0 0
1.89 0 0 0 0
1.89667 0 0 0 0
1.90333 0 0 0 0
1.91 0 0 0 0
1.91667 0 0 0 0
1.92333 0 0 0 0
1.93 0 0 0 0
1.93667 0 0 0 0
1.94333 0 0 0 0
1.95 0 0 0 0
1.95667 0 0 0 0
1.96333 0 0 0 0
1.97 0 0 0 0
1.97667 0 0 0 0
1.98333 0 0 0 0
1.99 0 0 0 0
1.99667 0 0 0 0
