0.00333333 64 50 1 2
0.01 85 44 1 0
0.0166667 122 60 3 0
0.0233333 113 63 1 0
0.03 104 60 3 1
0.0366667 151 64 8 1
0.0433333 173 101 5 2
0.05 223 109 4 1
0.0566667 245 137 8 6
0.0633333 308 153 10 2
0.07 246 147 5 3
0.0766667 312 178 0 2
0.0833333 321 143 4 1
0.09 341 155 4 2
0.0966667 355 183 7 3
0.103333 321 157 5 2
0.11 338 156 7 3
0.116667 355 153 10 3
0.123333 352 142 5 1
0.13 303 156 1 3
0.136667 303 131 7 4
0.143333 319 153 5 3
0.15 281 113 5 3
0.156667 301 122 5 0
0.163333 293 126 5 3
0.17 257 127 7 4
0.176667 272 132 4 3
0.183333 284 152 4 3
0.19 312 124 2 3
0.196667 343 144 3 2
0.203333 292 116 5 2
0.21 295 114 7 3
0.216667 272 116 4 2
0.223333 259 109 5 5
0.23 258 97 3 3
0.236667 238 104 5 4
0.243333 221 82 1 5
0.25 196 84 4 3
0.256667 192 88 1 3
0.263333 155 77 2 3
0.27 183 71 1 0
0.276667 170 81 1 3
0.283333 166 81 0 0
0.29 156 74 4 2
0.296667 157 68 1 3
0.303333 166 79 5 1
0.31 159 81 4 0
0.316667 153 53 3 1
0.323333 147 60 5 4
0.33 155 61 3 3
0.336667 135 67 2 4
0.343333 126 64 4 2
0.35 128 52 5 2
0.356667 125 59 2 2
0.363333 128 57 2 0
0.37 111 60 4 0
0.376667 120 55 6 2
0.383333 113 48 4 2
0.39 119 44 6 0
0.396667 123 46 4 0
0.403333 113 59 6 1
0.41 99 49 5 2
0.416667 110 64 1 5
0.423333 95 44 2 0
0.43 117 45 4 1
0.436667 108 45 0 2
0.443333 115 60 1 1
0.45 91 33 1 0
0.456667 110 57 1 3
0.463333 109 39 2 1
0.47 103 53 0 0
0.476667 94 46 4 1
0.483333 54 32 1 1
0.49 65 31 2 2
0.496667 50 33 2 0
0.503333 62 27 3 0
0.51 59 23 2 0
0.516667 52 37 2 0
0.523333 47 31 2 1
0.53 49 18 3 0
0.536667 54 23 1 1
0.543333 65 27 4 0
0.55 58 29 1 1
0.556667 51 19 3 1
0.563333 42 15 0 2
0.57 43 25 1 3
0.576667 53 14 4 3
0.583333 58 41 1 0
0.59 46 28 1 0
0.596667 38 18 0 1
0.603333 42 33 4 3
0.61 42 20 1 0
0.616667 52 20 2 3
0.623333 49 19 0 2
0.63 44 28 0 1
0.636667 65 22 2 0
0.643333 48 22 2 0
0.65 26 24 4 3
0.656667 35 16 3 3
0.663333 3958 1333 31 26
0.67 0 0 0 0
0.676667 0 0 0 0
0.683333 0 0 0 0
0.69 0 0 0 0
0.696667 0 0 0 0
0.703333 0 0 0 0
0.71 0 0 0 0
0.716667 0 0 0 0
0.723333 0 0 0 0
0.73 0 0 0 0
0.736667 0 0 0 0
0.743333 0 0 0 0
0.75 0 0 0 0
0.756667 0 0 0 0
0.763333 0 0 0 0
0.77 0 0 0 0
0.776667 0 0 0 0
0.783333 0 0 0 0
0.79 0 0 0 0
0.796667 0 0 0 0
0.803333 0 0 0 0
0.81 0 0 0 0
0.816667 0 0 0 0
0.823333 0 0 0 0
0.83 0 0 0 0
0.836667 0 0 0 0
0.843333 0 0 0 0
0.85 0 0 0 0
0.856667 0 0 0 0
0.863333 0 0 0 0
0.87 0 0 0 0
0.876667 0 0 0 0
0.883333 0 0 0 0
0.89 0 0 0 0
0.896667 0 0 0 0
0.903333 0 0 0 0
0.91 0 0 0 0
0.916667 0 0 0 0
0.923333 0 0 0 0
0.93 0 0 0 0
0.936667 0 0 0 0
0.943333 0 0 0 0
0.95 0 0 0 0
0.956667 0 0 0 0
0.963333 0 0 0 0
0.97 0 0 0 0
0.976667 0 0 0 0
0.983333 0 0 0 0
0.99 0 0 0 0
0.996667 0 0 0 0
1.00333 0 0 0 0
1.01 0 0 0 0
1.01667 0 0 0 0
1.02333 0 0 0 0
1.03 0 0 0 0
1.03667 0 0 0 0
1.04333 0 0 0 0
1.05 0 0 0 0
1.05667 0 0 0 0
1.06333 0 0 0 0
1.07 0 0 0 0
1.07667 0 0 0 0
1.08333 0 0 0 0
1.09 0 0 0 0
1.09667 0 0 0 0
1.10333 0 0 0 0
1.11 0 0 0 0
1.11667 0 0 0 0
1.12333 0 0 0 0
1.13 0 0 0 0
1.13667 0 0 0 0
1.14333 0 0 0 0
1.15 0 0 0 0
1.15667 0 0 0 0
1.16333 0 0 0 0
1.17 0 0 0 0
1.17667 0 0 0 0
1.18333 0 0 0 0
1.19 0 0 0 0
1.19667 0 0 0 0
1.20333 0 0 0 0
1.21 0 0 0 0
1.21667 0 0 0 0
1.22333 0 0 0 0
1.23 0 0 0 0
1.23667 0 0 0 0
1.24333 0 0 0 0
1.25 0 0 0 0
1.25667 0 0 0 0
1.26333 0 0 0 0
1.27 0 0 0 0
1.27667 0 0 0 0
1.28333 0 0 0 0
1.29 0 0 0 0
1.29667 0 0 0 0
1.30333 0 0 0 0
1.31 0 0 0 0
1.31667 0 0 0 0
1.32333 0 0 0 0
1.33 0 0 0 0
1.33667 0 0 0 0
1.34333 0 0 0 0
1.35 0 0 0 0
1.35667 0 0 0 0
1.36333 0 0 0 0
1.37 0 0 0 0
1.37667 0 0 0 0
1.38333 0 0 0 0
1.39 0 0 0 0
1.39667 0 0 0 0
1.40333 0 0 0 0
1.41 0 0 0 0
1.41667 0 0 0 0
1.42333 0 0 0 0
1.43 0 0 0 0
1.43667 0 0 0 0
1.44333 0 0 0 0
1.45 0 0 0 0
1.45667 0 0 0 0
1.46333 0 0 0 0
1.47 0 0 0 0
1.47667 0 0 0 0
1.48333 0 0 0 0
1.49 0 0 0 0
1.49667 0 0 0 0
1.50333 0 0 0 0
1.51 0 0 0 0
1.51667 0 0 0 0
1.52333 0 0 0 0
1.53 0 0 0 0
1.53667 0 0 0 0
1.54333 0 0 0 0
1.55 0 0 0 0
1.55667 0 0 0 0
1.56333 0 0 0 0
1.57 0 0 0 0
1.57667 0 0 0 0
1.58333 0 0 0 0
1.59 0 0 0 0
1.59667 0 0 0 0
1.60333 0 0 0 0
1.61 0 0 0 0
1.61667 0 0 0 0
1.62333 0 0 0 0
1.63 0 0 0 0
1.63667 0 0 0 0
1.64333 0 0 0 0
1.65 0 0 0 0
1.65667 0 0 0 0
1.66333 0 0 0 0
1.67 0 0 0 0
1.67667 0 0 0 0
1.68333 0 0 0 0
1.69 0 0 0 0
1.69667 0 0 0 0
1.70333 0 0 0 0
1.71 0 0 0 0
1.71667 0 0 0 0
1.72333 0 0 0 0
1.73 0 0 0 0
1.73667 0 0 0 0
1.74333 0 0 0 0
1.75 0 0 0 0
1.75667 0 0 0 0
1.76333 0 0 0 0
1.77 0 0 0 0
1.77667 0 0 0 0
1.78333 0 0 0 0
1.79 0 0 0 0
1.79667 0 0 0 0
1.80333 0 0 0 0
1.81 0 0 0 0
1.81667 0 0 0 0
1.82333 0 0 0 0
1.83 0 0 0 0
1.83667 0 0 0 0
1.84333 0 0 0 0
1.85 0 0 0 0
1.85667 0 0 0 0
1.86333 0 0 0 0
1.87 0 0 0 0
1.87667 0 0 0 0
1.88333 0 0 0 0
1.89 0 0 0 0
1.89667 0 0 0 0
1.90333 0 0 0 0
1.91 0 0 0 0
1.91667 0 0 0 0
1.92333 0 0 0 0
1.93 0 0 0 0
1.93667 0 0 0 0
1.94333 0 0 0 0
1.95 0 0 0 0
1.95667 0 0 0 0
1.96333 0 0 0 0
1.97 0 0 0 0
1.97667 0 0 0 0
1.98333 0 0 0 0
1.99 0 0 0 0
1.99667 0 0 0 0
