0.00333333 2 8 25 19
0.01 3 5 40 20
0.0166667 7 15 47 22
0.0233333 12 15 38 24
0.03 8 19 58 29
0.0366667 5 23 62 31
0.0433333 11 38 92 41
0.05 9 28 115 31
0.0566667 16 42 136 61
0.0633333 12 43 151 80
0.07 13 47 145 90
0.0766667 11 51 133 61
0.0833333 12 42 139 98
0.09 19 37 162 80
0.0966667 14 57 164 81
0.103333 20 48 155 83
0.11 16 35 160 58
0.116667 20 39 155 87
0.123333 19 39 120 65
0.13 19 43 127 70
0.136667 13 37 118 69
0.143333 14 22 114 52
0.15 9 31 115 59
0.156667 8 32 123 54
0.163333 16 26 115 80
0.17 10 31 96 53
0.176667 11 27 94 53
0.183333 13 31 95 53
0.19 22 42 105 61
0.196667 14 34 99 58
0.203333 18 33 89 54
0.21 8 44 84 50
0.216667 6 24 88 56
0.223333 19 23 79 43
0.23 9 21 95 46
0.236667 9 19 77 54
0.243333 8 23 65 46
0.25 8 28 72 47
0.256667 1 19 60 37
0.263333 9 21 49 39
0.27 6 13 67 29
0.276667 5 25 64 28
0.283333 9 17 61 29
0.29 9 12 79 27
0.296667 5 25 61 39
0.303333 8 19 54 50
0.31 7 15 61 31
0.316667 6 14 50 22
0.323333 9 13 55 37
0.33 4 12 43 32
0.336667 7 20 48 39
0.343333 4 15 45 34
0.35 6 9 46 28
0.356667 5 21 53 26
0.363333 2 13 40 20
0.37 4 14 40 21
0.376667 4 12 41 17
0.383333 1 25 41 22
0.39 6 14 42 24
0.396667 7 11 40 19
0.403333 6 15 37 21
0.41 3 12 42 21
0.416667 5 13 36 21
0.423333 3 19 38 15
0.43 6 13 37 24
0.436667 5 11 44 24
0.443333 5 13 34 21
0.45 5 16 38 23
0.456667 7 4 31 22
0.463333 3 16 27 21
0.47 4 16 42 20
0.476667 6 13 43 26
0.483333 7 8 28 15
0.49 2 11 22 14
0.496667 5 15 24 15
0.503333 3 4 22 11
0.51 2 7 19 16
0.516667 1 8 21 17
0.523333 6 14 23 14
0.53 4 8 24 8
0.536667 3 8 22 16
0.543333 4 7 23 13
0.55 3 15 20 10
0.556667 3 6 19 13
0.563333 3 11 19 11
0.57 4 12 22 13
0.576667 10 8 15 11
0.583333 6 9 21 14
0.59 5 10 17 13
0.596667 4 9 16 10
0.603333 2 9 21 7
0.61 5 7 16 10
0.616667 4 5 17 9
0.623333 3 6 19 11
0.63 0 8 15 8
0.636667 5 8 18 12
0.643333 4 8 15 9
0.65 1 3 15 14
0.656667 1 5 18 6
0.663333 114 255 763 582
0.67 0 0 0 0
0.676667 0 0 0 0
0.683333 0 0 0 0
0.69 0 0 0 0
0.696667 0 0 0 0
0.703333 0 0 0 0
0.71 0 0 0 0
0.716667 0 0 0 0
0.723333 0 0 0 0
0.73 0 0 0 0
0.736667 0 0 0 0
0.743333 0 0 0 0
0.75 0 0 0 0
0.756667 0 0 0 0
0.763333 0 0 0 0
0.77 0 0 0 0
0.776667 0 0 0 0
0.783333 0 0 0 0
0.79 0 0 0 0
0.796667 0 0 0 0
0.803333 0 0 0 0
0.81 0 0 0 0
0.816667 0 0 0 0
0.823333 0 0 0 0
0.83 0 0 0 0
0.836667 0 0 0 0
0.843333 0 0 0 0
0.85 0 0 0 0
0.856667 0 0 0 0
0.863333 0 0 0 0
0.87 0 0 0 0
0.876667 0 0 0 0
0.883333 0 0 0 0
0.89 0 0 0 0
0.896667 0 0 0 0
0.903333 0 0 0 0
0.91 0 0 0 0
0.916667 0 0 0 0
0.923333 0 0 0 0
0.93 0 0 0 0
0.936667 0 0 0 0
0.943333 0 0 0 0
0.95 0 0 0 0
0.956667 0 0 0 0
0.963333 0 0 0 0
0.97 0 0 0 0
0.976667 0 0 0 0
0.983333 0 0 0 0
0.99 0 0 0 0
0.996667 0 0 0 0
1.00333 0 0 0 0
1.01 0 0 0 0
1.01667 0 0 0 0
1.02333 0 0 0 0
1.03 0 0 0 0
1.03667 0 0 0 0
1.04333 0 0 0 0
1.05 0 0 0 0
1.05667 0 0 0 0
1.06333 0 0 0 0
1.07 0 0 0 0
1.07667 0 0 0 0
1.08333 0 0 0 0
1.09 0 0 0 0
1.09667 0 0 0 0
1.10333 0 0 0 0
1.11 0 0 0 0
1.11667 0 0 0 0
1.12333 0 0 0 0
1.13 0 0 0 0
1.13667 0 0 0 0
1.14333 0 0 0 0
1.15 0 0 0 0
1.15667 0 0 0 0
1.16333 0 0 0 0
1.17 0 0 0 0
1.17667 0 0 0 0
1.18333 0 0 0 0
1.19 0 0 0 0
1.19667 0 0 0 0
1.20333 0 0 0 0
1.21 0 0 0 0
1.21667 0 0 0 0
1.22333 0 0 0 0
1.23 0 0 0 0
1.23667 0 0 0 0
1.24333 0 0 0 0
1.25 0 0 0 0
1.25667 0 0 0 0
1.26333 0 0 0 0
1.27 0 0 0 0
1.27667 0 0 0 0
1.28333 0 0 0 0
1.29 0 0 0 0
1.29667 0 0 0 0
1.30333 0 0 0 0
1.31 0 0 0 0
1.31667 0 0 0 0
1.32333 0 0 0 0
1.33 0 0 0 0
1.33667 0 0 0 0
1.34333 0 0 0 0
1.35 0 0 0 0
1.35667 0 0 0 0
1.36333 0 0 0 0
1.37 0 0 0 0
1.37667 0 0 0 0
1.38333 0 0 0 0
1.39 0 0 0 0
1.39667 0 0 0 0
1.40333 0 0 0 0
1.41 0 0 0 0
1.41667 0 0 0 0
1.42333 0 0 0 0
1.43 0 0 0 0
1.43667 0 0 0 0
1.44333 0 0 0 0
1.45 0 0 0 0
1.45667 0 0 0 0
1.46333 0 0 0 0
1.47 0 0 0 0
1.47667 0 0 0 0
1.48333 0 0 0 0
1.49 0 0 0 0
1.49667 0 0 0 0
1.50333 0 0 0 0
1.51 0 0 0 0
1.51667 0 0 0 0
1.52333 0 0 0 0
1.53 0 0 0 0
1.53667 0 0 0 0
1.54333 0 0 0 0
1.55 0 0 0 0
1.55667 0 0 0 0
1.56333 0 0 0 0
1.57 0 0 0 0
1.57667 0 0 0 0
1.58333 0 0 0 0
1.59 0 0 0 0
1.59667 0 0 0 0
1.60333 0 0 0 0
1.61 0 0 0 0
1.61667 0 0 0 0
1.62333 0 0 0 0
1.63 0 0 0 0
1.63667 0 0 0 0
1.64333 0 0 0 0
1.65 0 0 0 0
1.65667 0 0 0 0
1.66333 0 0 0 0
1.67 0 0 0 0
1.67667 0 0 0 0
1.68333 0 0 0 0
1.69 0 0 0 0
1.69667 0 0 0 0
1.70333 0 0 0 0
1.71 0 0 0 0
1.71667 0 0 0 0
1.72333 0 0 0 0
1.73 0 0 0 0
1.73667 0 0 0 0
1.74333 0 0 0 0
1.75 0 0 0 0
1.75667 0 0 0 0
1.76333 0 0 0 0
1.77 0 0 0 0
1.77667 0 0 0 0
1.78333 0 0 0 0
1.79 0 0 0 0
1.79667 0 0 0 0
1.80333 0 0 0 0
1.81 0 0 0 0
1.81667 0 0 0 0
1.82333 0 0 0 0
1.83 0 0 0 0
1.83667 0 0 0 0
1.84333 0 0 0 0
1.85 0 0 0 0
1.85667 0 0 0 0
1.86333 0 0 0 0
1.87 0 0 0 0
1.87667 0 0 0 0
1.88333 0 0 0 0
1.89 0 0 0 0
1.89667 0 0 0 0
1.90333 0 0 0 0
1.91 0 0 0 0
1.91667 0 0 0 0
1.92333 0 0 0 0
1.93 0 0 0 0
1.93667 0 0 0 0
1.94333 0 0 0 0
1.95 0 0 0 0
1.95667 0 0 0 0
1.96333 0 0 0 0
1.97 0 0 0 0
1.97667 0 0 0 0
1.98333 0 0 0 0
1.99 0 0 0 0
1.99667 0 0 0 0
