0.00333333 83 34 1 0
0.01 94 46 1 5
0.0166667 112 60 4 0
0.0233333 111 52 1 2
0.03 122 71 3 4
0.0366667 118 86 4 2
0.0433333 143 93 8 3
0.05 172 137 2 4
0.0566667 196 178 8 6
0.0633333 232 155 2 7
0.07 233 168 6 4
0.0766667 281 197 10 1
0.0833333 277 178 6 9
0.09 267 184 13 1
0.0966667 273 185 5 5
0.103333 268 155 12 4
0.11 298 154 7 5
0.116667 322 185 14 6
0.123333 346 148 8 4
0.13 283 182 9 5
0.136667 305 151 8 3
0.143333 305 162 7 6
0.15 279 151 7 3
0.156667 279 141 11 5
0.163333 255 141 5 4
0.17 284 129 7 4
0.176667 261 165 3 4
0.183333 296 164 6 2
0.19 345 151 10 6
0.196667 285 154 4 4
0.203333 267 127 3 10
0.21 299 118 5 5
0.216667 261 121 3 10
0.223333 253 115 9 7
0.23 234 120 4 5
0.236667 198 108 4 3
0.243333 209 93 8 8
0.25 208 113 5 4
0.256667 179 95 2 7
0.263333 162 82 4 6
0.27 168 96 4 4
0.276667 177 83 7 3
0.283333 160 86 4 1
0.29 145 75 2 4
0.296667 153 83 2 2
0.303333 152 76 6 3
0.31 134 68 3 5
0.316667 131 85 1 1
0.323333 154 67 8 1
0.33 125 67 9 6
0.336667 136 56 8 5
0.343333 124 66 1 2
0.35 104 55 7 4
0.356667 114 70 3 2
0.363333 103 63 3 1
0.37 96 66 2 4
0.376667 113 52 3 4
0.383333 97 57 3 2
0.39 110 59 5 1
0.396667 101 47 1 1
0.403333 110 65 3 2
0.41 119 54 3 3
0.416667 92 63 4 5
0.423333 102 50 2 1
0.43 113 55 2 2
0.436667 92 55 2 2
0.443333 99 46 2 3
0.45 94 44 5 3
0.456667 98 60 1 2
0.463333 110 39 4 3
0.47 94 63 0 0
0.476667 83 44 3 2
0.483333 63 32 5 4
0.49 55 37 6 4
0.496667 58 40 5 1
0.503333 61 33 3 2
0.51 50 30 4 0
0.516667 62 39 5 2
0.523333 57 35 3 4
0.53 37 34 1 1
0.536667 48 35 1 1
0.543333 49 26 2 0
0.55 34 25 0 4
0.556667 40 23 5 1
0.563333 32 25 3 2
0.57 33 24 3 2
0.576667 36 25 2 2
0.583333 37 40 2 1
0.59 34 22 0 2
0.596667 53 25 0 5
0.603333 26 24 3 1
0.61 35 23 5 5
0.616667 55 24 2 3
0.623333 33 28 0 2
0.63 46 28 0 3
0.636667 53 23 0 1
0.643333 38 31 1 0
0.65 28 15 1 4
0.656667 33 23 7 3
0.663333 3970 1442 40 76
0.67 0 0 0 0
0.676667 0 0 0 0
0.683333 0 0 0 0
0.69 0 0 0 0
0.696667 0 0 0 0
0.703333 0 0 0 0
0.71 0 0 0 0
0.716667 0 0 0 0
0.723333 0 0 0 0
0.73 0 0 0 0
0.736667 0 0 0 0
0.743333 0 0 0 0
0.75 0 0 0 0
0.756667 0 0 0 0
0.763333 0 0 0 0
0.77 0 0 0 0
0.776667 0 0 0 0
0.783333 0 0 0 0
0.79 0 0 0 0
0.796667 0 0 0 0
0.803333 0 0 0 0
0.81 0 0 0 0
0.816667 0 0 0 0
0.823333 0 0 0 0
0.83 0 0 0 0
0.836667 0 0 0 0
0.843333 0 0 0 0
0.85 0 0 0 0
0.856667 0 0 0 0
0.863333 0 0 0 0
0.87 0 0 0 0
0.876667 0 0 0 0
0.883333 0 0 0 0
0.89 0 0 0 0
0.896667 0 0 0 0
0.903333 0 0 0 0
0.91 0 0 0 0
0.916667 0 0 0 0
0.923333 0 0 0 0
0.93 0 0 0 0
0.936667 0 0 0 0
0.943333 0 0 0 0
0.95 0 0 0 0
0.956667 0 0 0 0
0.963333 0 0 0 0
0.97 0 0 0 0
0.976667 0 0 0 0
0.983333 0 0 0 0
0.99 0 0 0 0
0.996667 0 0 0 0
1.00333 0 0 0 0
1.01 0 0 0 0
1.01667 0 0 0 0
1.02333 0 0 0 0
1.03 0 0 0 0
1.03667 0 0 0 0
1.04333 0 0 0 0
1.05 0 0 0 0
1.05667 0 0 0 0
1.06333 0 0 0 0
1.07 0 0 0 0
1.07667 0 0 0 0
1.08333 0 0 0 0
1.09 0 0 0 0
1.09667 0 0 0 0
1.10333 0 0 0 0
1.11 0 0 0 0
1.11667 0 0 0 0
1.12333 0 0 0 0
1.13 0 0 0 0
1.13667 0 0 0 0
1.14333 0 0 0 0
1.15 0 0 0 0
1.15667 0 0 0 0
1.16333 0 0 0 0
1.17 0 0 0 0
1.17667 0 0 0 0
1.18333 0 0 0 0
1.19 0 0 0 0
1.19667 0 0 0 0
1.20333 0 0 0 0
1.21 0 0 0 0
1.21667 0 0 0 0
1.22333 0 0 0 0
1.23 0 0 0 0
1.23667 0 0 0 0
1.24333 0 0 0 0
1.25 0 0 0 0
1.25667 0 0 0 0
1.26333 0 0 0 0
1.27 0 0 0 0
1.27667 0 0 0 0
1.28333 0 0 0 0
1.29 0 0 0 0
1.29667 0 0 0 0
1.30333 0 0 0 0
1.31 0 0 0 0
1.31667 0 0 0 0
1.32333 0 0 0 0
1.33 0 0 0 0
1.33667 0 0 0 0
1.34333 0 0 0 0
1.35 0 0 0 0
1.35667 0 0 0 0
1.36333 0 0 0 0
1.37 0 0 0 0
1.37667 0 0 0 0
1.38333 0 0 0 0
1.39 0 0 0 0
1.39667 0 0 0 0
1.40333 0 0 0 0
1.41 0 0 0 0
1.41667 0 0 0 0
1.42333 0 0 0 0
1.43 0 0 0 0
1.43667 0 0 0 0
1.44333 0 0 0 0
1.45 0 0 0 0
1.45667 0 0 0 0
1.46333 0 0 0 0
1.47 0 0 0 0
1.47667 0 0 0 0
1.48333 0 0 0 0
1.49 0 0 0 0
1.49667 0 0 0 0
1.50333 0 0 0 0
1.51 0 0 0 0
1.51667 0 0 0 0
1.52333 0 0 0 0
1.53 0 0 0 0
1.53667 0 0 0 0
1.54333 0 0 0 0
1.55 0 0 0 0
1.55667 0 0 0 0
1.56333 0 0 0 0
1.57 0 0 0 0
1.57667 0 0 0 0
1.58333 0 0 0 0
1.59 0 0 0 0
1.59667 0 0 0 0
1.60333 0 0 0 0
1.61 0 0 0 0
1.61667 0 0 0 0
1.62333 0 0 0 0
1.63 0 0 0 0
1.63667 0 0 0 0
1.64333 0 0 0 0
1.65 0 0 0 0
1.65667 0 0 0 0
1.66333 0 0 0 0
1.67 0 0 0 0
1.67667 0 0 0 0
1.68333 0 0 0 0
1.69 0 0 0 0
1.69667 0 0 0 0
1.70333 0 0 0 0
1.71 0 0 0 0
1.71667 0 0 0 0
1.72333 0 0 0 0
1.73 0 0 0 0
1.73667 0 0 0 0
1.74333 0 0 0 0
1.75 0 0 0 0
1.75667 0 0 0 0
1.76333 0 0 0 0
1.77 0 0 0 0
1.77667 0 0 0 0
1.78333 0 0 0 0
1.79 0 0 0 0
1.79667 0 0 0 0
1.80333 0 0 0 0
1.81 0 0 0 0
1.81667 0 0 0 0
1.82333 0 0 0 0
1.83 0 0 0 0
1.83667 0 0 0 0
1.84333 0 0 0 0
1.85 0 0 0 0
1.85667 0 0 0 0
1.86333 0 0 0 0
1.87 0 0 0 0
1.87667 0 0 0 0
1.88333 0 0 0 0
1.89 0 0 0 0
1.89667 0 0 0 0
1.90333 0 0 0 0
1.91 0 0 0 0
1.91667 0 0 0 0
1.92333 0 0 0 0
1.93 0 0 0 0
1.93667 0 0 0 0
1.94333 0 0 0 0
1.95 0 0 0 0
1.95667 0 0 0 0
1.96333 0 0 0 0
1.97 0 0 0 0
1.97667 0 0 0 0
1.98333 0 0 0 0
1.99 0 0 0 0
1.99667 0 0 0 0
