0.00333333 4 23 11 8
0.01 5 33 19 7
0.0166667 9 38 32 6
0.0233333 12 49 25 13
0.03 15 43 36 17
0.0366667 10 43 41 19
0.0433333 18 64 47 18
0.05 13 106 76 27
0.0566667 23 102 86 31
0.0633333 34 107 72 27
0.07 27 127 99 25
0.0766667 36 128 73 33
0.0833333 38 112 86 40
0.09 24 114 91 25
0.0966667 27 123 91 26
0.103333 27 137 79 31
0.11 30 114 86 36
0.116667 32 125 84 39
0.123333 32 110 80 24
0.13 36 109 64 32
0.136667 24 109 64 32
0.143333 26 101 61 25
0.15 29 100 73 28
0.156667 22 94 66 26
0.163333 18 88 64 33
0.17 23 97 55 26
0.176667 22 101 53 27
0.183333 17 111 49 23
0.19 30 104 61 24
0.196667 27 115 50 29
0.203333 15 117 49 25
0.21 19 96 44 22
0.216667 16 89 53 27
0.223333 14 69 49 25
0.23 27 88 43 20
0.236667 18 65 37 29
0.243333 23 65 27 23
0.25 20 62 38 10
0.256667 17 66 33 14
0.263333 15 80 44 16
0.27 14 70 39 11
0.276667 16 65 29 11
0.283333 11 45 27 20
0.29 16 63 40 12
0.296667 12 58 30 13
0.303333 15 62 27 15
0.31 11 48 28 17
0.316667 17 52 36 17
0.323333 16 49 31 15
0.33 6 53 31 12
0.336667 13 47 29 12
0.343333 13 43 24 5
0.35 12 46 28 16
0.356667 11 55 25 12
0.363333 13 44 34 6
0.37 17 41 25 13
0.376667 15 52 33 13
0.383333 11 38 25 9
0.39 10 42 19 12
0.396667 15 37 22 10
0.403333 9 42 24 9
0.41 1 45 30 14
0.416667 5 29 25 14
0.423333 10 44 18 14
0.43 8 35 16 11
0.436667 9 32 29 11
0.443333 11 46 25 14
0.45 12 41 15 11
0.456667 10 31 18 18
0.463333 11 31 23 8
0.47 7 36 25 8
0.476667 5 29 18 10
0.483333 11 28 18 4
0.49 2 29 10 10
0.496667 11 24 16 9
0.503333 13 24 11 7
0.51 7 25 8 7
0.516667 3 25 10 8
0.523333 6 23 15 3
0.53 7 18 7 6
0.536667 10 21 20 7
0.543333 5 26 12 7
0.55 8 19 11 8
0.556667 5 21 14 5
0.563333 8 25 10 7
0.57 6 25 13 13
0.576667 15 13 15 9
0.583333 3 22 12 6
0.59 8 20 7 7
0.596667 5 15 14 5
0.603333 7 14 8 6
0.61 2 17 6 6
0.616667 7 20 17 4
0.623333 6 21 8 6
0.63 4 23 12 5
0.636667 4 19 13 6
0.643333 5 11 16 7
0.65 7 21 5 4
0.656667 4 15 8 8
0.663333 245 1025 370 240
0.67 0 0 0 0
0.676667 0 0 0 0
0.683333 0 0 0 0
0.69 0 0 0 0
0.696667 0 0 0 0
0.703333 0 0 0 0
0.71 0 0 0 0
0.716667 0 0 0 0
0.723333 0 0 0 0
0.73 0 0 0 0
0.736667 0 0 0 0
0.743333 0 0 0 0
0.75 0 0 0 0
0.756667 0 0 0 0
0.763333 0 0 0 0
0.77 0 0 0 0
0.776667 0 0 0 0
0.783333 0 0 0 0
0.79 0 0 0 0
0.796667 0 0 0 0
0.803333 0 0 0 0
0.81 0 0 0 0
0.816667 0 0 0 0
0.823333 0 0 0 0
0.83 0 0 0 0
0.836667 0 0 0 0
0.843333 0 0 0 0
0.85 0 0 0 0
0.856667 0 0 0 0
0.863333 0 0 0 0
0.87 0 0 0 0
0.876667 0 0 0 0
0.883333 0 0 0 0
0.89 0 0 0 0
0.896667 0 0 0 0
0.903333 0 0 0 0
0.91 0 0 0 0
0.916667 0 0 0 0
0.923333 0 0 0 0
0.93 0 0 0 0
0.936667 0 0 0 0
0.943333 0 0 0 0
0.95 0 0 0 0
0.956667 0 0 0 0
0.963333 0 0 0 0
0.97 0 0 0 0
0.976667 0 0 0 0
0.983333 0 0 0 0
0.99 0 0 0 0
0.996667 0 0 0 0
1.00333 0 0 0 0
1.01 0 0 0 0
1.01667 0 0 0 0
1.02333 0 0 0 0
1.03 0 0 0 0
1.03667 0 0 0 0
1.04333 0 0 0 0
1.05 0 0 0 0
1.05667 0 0 0 0
1.06333 0 0 0 0
1.07 0 0 0 0
1.07667 0 0 0 0
1.08333 0 0 0 0
1.09 0 0 0 0
1.09667 0 0 0 0
1.10333 0 0 0 0
1.11 0 0 0 0
1.11667 0 0 0 0
1.12333 0 0 0 0
1.13 0 0 0 0
1.13667 0 0 0 0
1.14333 0 0 0 0
1.15 0 0 0 0
1.15667 0 0 0 0
1.16333 0 0 0 0
1.17 0 0 0 0
1.17667 0 0 0 0
1.18333 0 0 0 0
1.19 0 0 0 0
1.19667 0 0 0 0
1.20333 0 0 0 0
1.21 0 0 0 0
1.21667 0 0 0 0
1.22333 0 0 0 0
1.23 0 0 0 0
1.23667 0 0 0 0
1.24333 0 0 0 0
1.25 0 0 0 0
1.25667 0 0 0 0
1.26333 0 0 0 0
1.27 0 0 0 0
1.27667 0 0 0 0
1.28333 0 0 0 0
1.29 0 0 0 0
1.29667 0 0 0 0
1.30333 0 0 0 0
1.31 0 0 0 0
1.31667 0 0 0 0
1.32333 0 0 0 0
1.33 0 0 0 0
1.33667 0 0 0 0
1.34333 0 0 0 0
1.35 0 0 0 0
1.35667 0 0 0 0
1.36333 0 0 0 0
1.37 0 0 0 0
1.37667 0 0 0 0
1.38333 0 0 0 0
1.39 0 0 0 0
1.39667 0 0 0 0
1.40333 0 0 0 0
1.41 0 0 0 0
1.41667 0 0 0 0
1.42333 0 0 0 0
1.43 0 0 0 0
1.43667 0 0 0 0
1.44333 0 0 0 0
1.45 0 0 0 0
1.45667 0 0 0 0
1.46333 0 0 0 0
1.47 0 0 0 0
1.47667 0 0 0 0
1.48333 0 0 0 0
1.49 0 0 0 0
1.49667 0 0 0 0
1.50333 0 0 0 0
1.51 0 0 0 0
1.51667 0 0 0 0
1.52333 0 0 0 0
1.53 0 0 0 0
1.53667 0 0 0 0
1.54333 0 0 0 0
1.55 0 0 0 0
1.55667 0 0 0 0
1.56333 0 0 0 0
1.57 0 0 0 0
1.57667 0 0 0 0
1.58333 0 0 0 0
1.59 0 0 0 0
1.59667 0 0 0 0
1.60333 0 0 0 0
1.61 0 0 0 0
1.61667 0 0 0 0
1.62333 0 0 0 0
1.63 0 0 0 0
1.63667 0 0 0 0
1.64333 0 0 0 0
1.65 0 0 0 0
1.65667 0 0 0 0
1.66333 0 0 0 0
1.67 0 0 0 0
1.67667 0 0 0 0
1.68333 0 0 0 0
1.69 0 0 0 0
1.69667 0 0 0 0
1.70333 0 0 0 0
1.71 0 0 0 0
1.71667 0 0 0 0
1.72333 0 0 0 0
1.73 0 0 0 0
1.73667 0 0 0 0
1.74333 0 0 0 0
1.75 0 0 0 0
1.75667 0 0 0 0
1.76333 0 0 0 0
1.77 0 0 0 0
1.77667 0 0 0 0
1.78333 0 0 0 0
1.79 0 0 0 0
1.79667 0 0 0 0
1.80333 0 0 0 0
1.81 0 0 0 0
1.81667 0 0 0 0
1.82333 0 0 0 0
1.83 0 0 0 0
1.83667 0 0 0 0
1.84333 0 0 0 0
1.85 0 0 0 0
1.85667 0 0 0 0
1.86333 0 0 0 0
1.87 0 0 0 0
1.87667 0 0 0 0
1.88333 0 0 0 0
1.89 0 0 0 0
1.89667 0 0 0 0
1.90333 0 0 0 0
1.91 0 0 0 0
1.91667 0 0 0 0
1.92333 0 0 0 0
1.93 0 0 0 0
1.93667 0 0 0 0
1.94333 0 0 0 0
1.95 0 0 0 0
1.95667 0 0 0 0
1.96333 0 0 0 0
1.97 0 0 0 0
1.97667 0 0 0 0
1.98333 0 0 0 0
1.99 0 0 0 0
1.99667 0 0 0 0
