0.00333333 5 30 25 10
0.01 3 41 23 8
0.0166667 8 32 36 5
0.0233333 13 41 40 9
0.03 14 44 33 11
0.0366667 18 57 42 14
0.0433333 17 93 68 18
0.05 21 94 74 20
0.0566667 28 113 88 26
0.0633333 27 136 99 18
0.07 33 153 114 29
0.0766667 20 143 128 13
0.0833333 32 152 109 27
0.09 24 158 128 30
0.0966667 23 144 114 29
0.103333 35 131 125 19
0.11 30 134 124 26
0.116667 29 147 107 24
0.123333 24 162 115 20
0.13 23 119 115 15
0.136667 20 113 94 28
0.143333 26 122 88 17
0.15 27 122 110 20
0.156667 19 101 84 19
0.163333 27 113 89 14
0.17 21 109 72 21
0.176667 16 116 87 21
0.183333 26 115 72 23
0.19 19 108 79 20
0.196667 23 114 82 23
0.203333 14 123 72 10
0.21 13 111 75 12
0.216667 18 94 74 13
0.223333 18 102 64 19
0.23 21 79 61 9
0.236667 13 87 56 12
0.243333 14 75 66 10
0.25 17 84 48 12
0.256667 14 78 63 16
0.263333 7 63 53 18
0.27 13 75 60 10
0.276667 15 71 39 12
0.283333 13 48 48 7
0.29 17 55 40 8
0.296667 9 64 35 15
0.303333 11 58 44 16
0.31 10 60 42 11
0.316667 11 41 33 7
0.323333 9 67 41 7
0.33 14 56 40 10
0.336667 11 61 39 13
0.343333 8 45 42 8
0.35 4 27 47 11
0.356667 10 51 32 13
0.363333 13 44 30 6
0.37 7 38 26 11
0.376667 9 45 31 6
0.383333 10 43 37 10
0.39 7 32 33 4
0.396667 8 46 27 5
0.403333 5 41 36 8
0.41 7 33 34 5
0.416667 12 39 44 7
0.423333 11 36 25 2
0.43 9 51 34 5
0.436667 10 42 34 6
0.443333 7 31 30 11
0.45 8 39 33 9
0.456667 6 36 31 12
0.463333 12 41 37 7
0.47 4 45 36 7
0.476667 13 26 34 5
0.483333 5 28 27 6
0.49 6 29 10 4
0.496667 7 17 21 5
0.503333 8 21 20 3
0.51 5 20 18 7
0.516667 4 26 12 8
0.523333 9 17 22 3
0.53 2 26 15 3
0.536667 4 22 9 8
0.543333 4 18 15 7
0.55 5 21 19 1
0.556667 6 26 15 2
0.563333 5 17 13 5
0.57 1 19 17 4
0.576667 4 21 13 5
0.583333 9 20 20 3
0.59 3 19 8 2
0.596667 5 15 19 4
0.603333 8 19 19 1
0.61 4 17 13 2
0.616667 2 13 8 5
0.623333 0 20 9 4
0.63 3 14 12 2
0.636667 7 21 14 2
0.643333 2 10 14 4
0.65 3 18 15 3
0.656667 3 15 8 2
0.663333 135 939 662 101
0.67 0 0 0 0
0.676667 0 0 0 0
0.683333 0 0 0 0
0.69 0 0 0 0
0.696667 0 0 0 0
0.703333 0 0 0 0
0.71 0 0 0 0
0.716667 0 0 0 0
0.723333 0 0 0 0
0.73 0 0 0 0
0.736667 0 0 0 0
0.743333 0 0 0 0
0.75 0 0 0 0
0.756667 0 0 0 0
0.763333 0 0 0 0
0.77 0 0 0 0
0.776667 0 0 0 0
0.783333 0 0 0 0
0.79 0 0 0 0
0.796667 0 0 0 0
0.803333 0 0 0 0
0.81 0 0 0 0
0.816667 0 0 0 0
0.823333 0 0 0 0
0.83 0 0 0 0
0.836667 0 0 0 0
0.843333 0 0 0 0
0.85 0 0 0 0
0.856667 0 0 0 0
0.863333 0 0 0 0
0.87 0 0 0 0
0.876667 0 0 0 0
0.883333 0 0 0 0
0.89 0 0 0 0
0.896667 0 0 0 0
0.903333 0 0 0 0
0.91 0 0 0 0
0.916667 0 0 0 0
0.923333 0 0 0 0
0.93 0 0 0 0
0.936667 0 0 0 0
0.943333 0 0 0 0
0.95 0 0 0 0
0.956667 0 0 0 0
0.963333 0 0 0 0
0.97 0 0 0 0
0.976667 0 0 0 0
0.983333 0 0 0 0
0.99 0 0 0 0
0.996667 0 0 0 0
1.00333 0 0 0 0
1.01 0 0 0 0
1.01667 0 0 0 0
1.02333 0 0 0 0
1.03 0 0 0 0
1.03667 0 0 0 0
1.04333 0 0 0 0
1.05 0 0 0 0
1.05667 0 0 0 0
1.06333 0 0 0 0
1.07 0 0 0 0
1.07667 0 0 0 0
1.08333 0 0 0 0
1.09 0 0 0 0
1.09667 0 0 0 0
1.10333 0 0 0 0
1.11 0 0 0 0
1.11667 0 0 0 0
1.12333 0 0 0 0
1.13 0 0 0 0
1.13667 0 0 0 0
1.14333 0 0 0 0
1.15 0 0 0 0
1.15667 0 0 0 0
1.16333 0 0 0 0
1.17 0 0 0 0
1.17667 0 0 0 0
1.18333 0 0 0 0
1.19 0 0 0 0
1.19667 0 0 0 0
1.20333 0 0 0 0
1.21 0 0 0 0
1.21667 0 0 0 0
1.22333 0 0 0 0
1.23 0 0 0 0
1.23667 0 0 0 0
1.24333 0 0 0 0
1.25 0 0 0 0
1.25667 0 0 0 0
1.26333 0 0 0 0
1.27 0 0 0 0
1.27667 0 0 0 0
1.28333 0 0 0 0
1.29 0 0 0 0
1.29667 0 0 0 0
1.30333 0 0 0 0
1.31 0 0 0 0
1.31667 0 0 0 0
1.32333 0 0 0 0
1.33 0 0 0 0
1.33667 0 0 0 0
1.34333 0 0 0 0
1.35 0 0 0 0
1.35667 0 0 0 0
1.36333 0 0 0 0
1.37 0 0 0 0
1.37667 0 0 0 0
1.38333 0 0 0 0
1.39 0 0 0 0
1.39667 0 0 0 0
1.40333 0 0 0 0
1.41 0 0 0 0
1.41667 0 0 0 0
1.42333 0 0 0 0
1.43 0 0 0 0
1.43667 0 0 0 0
1.44333 0 0 0 0
1.45 0 0 0 0
1.45667 0 0 0 0
1.46333 0 0 0 0
1.47 0 0 0 0
1.47667 0 0 0 0
1.48333 0 0 0 0
1.49 0 0 0 0
1.49667 0 0 0 0
1.50333 0 0 0 0
1.51 0 0 0 0
1.51667 0 0 0 0
1.52333 0 0 0 0
1.53 0 0 0 0
1.53667 0 0 0 0
1.54333 0 0 0 0
1.55 0 0 0 0
1.55667 0 0 0 0
1.56333 0 0 0 0
1.57 0 0 0 0
1.57667 0 0 0 0
1.58333 0 0 0 0
1.59 0 0 0 0
1.59667 0 0 0 0
1.60333 0 0 0 0
1.61 0 0 0 0
1.61667 0 0 0 0
1.62333 0 0 0 0
1.63 0 0 0 0
1.63667 0 0 0 0
1.64333 0 0 0 0
1.65 0 0 0 0
1.65667 0 0 0 0
1.66333 0 0 0 0
1.67 0 0 0 0
1.67667 0 0 0 0
1.68333 0 0 0 0
1.69 0 0 0 0
1.69667 0 0 0 0
1.70333 0 0 0 0
1.71 0 0 0 0
1.71667 0 0 0 0
1.72333 0 0 0 0
1.73 0 0 0 0
1.73667 0 0 0 0
1.74333 0 0 0 0
1.75 0 0 0 0
1.75667 0 0 0 0
1.76333 0 0 0 0
1.77 0 0 0 0
1.77667 0 0 0 0
1.78333 0 0 0 0
1.79 0 0 0 0
1.79667 0 0 0 0
1.80333 0 0 0 0
1.81 0 0 0 0
1.81667 0 0 0 0
1.82333 0 0 0 0
1.83 0 0 0 0
1.83667 0 0 0 0
1.84333 0 0 0 0
1.85 0 0 0 0
1.85667 0 0 0 0
1.86333 0 0 0 0
1.87 0 0 0 0
1.87667 0 0 0 0
1.88333 0 0 0 0
1.89 0 0 0 0
1.89667 0 0 0 0
1.90333 0 0 0 0
1.91 0 0 0 0
1.91667 0 0 0 0
1.92333 0 0 0 0
1.93 0 0 0 0
1.93667 0 0 0 0
1.94333 0 0 0 0
1.95 0 0 0 0
1.95667 0 0 0 0
1.96333 0 0 0 0
1.97 0 0 0 0
1.97667 0 0 0 0
1.98333 0 0 0 0
1.99 0 0 0 0
1.99667 0 0 0 0
