0.00333333 8 63 14 1
0.01 14 67 15 3
0.0166667 17 78 16 3
0.0233333 21 69 25 3
0.03 14 86 16 2
0.0366667 26 99 22 6
0.0433333 40 159 36 5
0.05 27 160 46 9
0.0566667 42 208 52 6
0.0633333 67 208 46 9
0.07 58 254 58 8
0.0766667 49 219 84 10
0.0833333 51 227 63 7
0.09 64 264 67 14
0.0966667 55 223 62 8
0.103333 58 287 59 18
0.11 47 246 83 7
0.116667 57 256 66 13
0.123333 55 225 59 10
0.13 36 253 51 4
0.136667 44 227 31 10
0.143333 32 221 55 3
0.15 30 199 50 5
0.156667 42 180 56 7
0.163333 35 172 36 7
0.17 29 189 46 6
0.176667 53 182 48 6
0.183333 41 181 48 4
0.19 31 176 47 7
0.196667 38 181 51 14
0.203333 31 188 46 7
0.21 41 180 40 7
0.216667 21 163 34 6
0.223333 37 162 39 3
0.23 28 151 36 6
0.236667 19 159 38 6
0.243333 29 138 28 5
0.25 26 146 30 4
0.256667 27 128 27 5
0.263333 25 129 24 3
0.27 26 116 31 7
0.276667 26 131 27 4
0.283333 21 110 23 6
0.29 21 112 29 2
0.296667 13 113 25 4
0.303333 17 100 28 3
0.31 19 100 32 3
0.316667 28 82 24 3
0.323333 22 98 20 2
0.33 20 99 26 3
0.336667 14 87 24 3
0.343333 10 82 23 5
0.35 14 104 26 0
0.356667 15 105 23 4
0.363333 13 75 18 2
0.37 12 86 13 3
0.376667 16 53 23 6
0.383333 11 71 22 9
0.39 12 63 24 2
0.396667 10 84 17 3
0.403333 17 70 20 3
0.41 19 70 20 2
0.416667 14 62 15 5
0.423333 13 66 25 1
0.43 13 74 18 0
0.436667 8 68 17 2
0.443333 19 65 17 4
0.45 15 67 25 3
0.456667 15 57 20 6
0.463333 16 75 26 1
0.47 17 62 15 3
0.476667 8 45 18 4
0.483333 16 36 10 5
0.49 9 43 18 4
0.496667 8 33 8 0
0.503333 5 36 11 3
0.51 8 33 8 0
0.516667 10 40 12 3
0.523333 6 37 7 0
0.53 10 41 10 2
0.536667 13 29 9 4
0.543333 12 38 19 2
0.55 8 37 10 2
0.556667 4 29 4 1
0.563333 9 43 10 2
0.57 6 40 11 3
0.576667 7 30 14 2
0.583333 5 26 13 3
0.59 2 33 10 0
0.596667 3 33 7 1
0.603333 3 26 6 1
0.61 5 36 4 0
0.616667 4 36 11 3
0.623333 5 28 8 2
0.63 12 34 8 0
0.636667 7 37 11 2
0.643333 0 36 12 5
0.65 2 29 10 2
0.656667 7 31 10 1
0.663333 244 1897 433 31
0.67 0 0 0 0
0.676667 0 0 0 0
0.683333 0 0 0 0
0.69 0 0 0 0
0.696667 0 0 0 0
0.703333 0 0 0 0
0.71 0 0 0 0
0.716667 0 0 0 0
0.723333 0 0 0 0
0.73 0 0 0 0
0.736667 0 0 0 0
0.743333 0 0 0 0
0.75 0 0 0 0
0.756667 0 0 0 0
0.763333 0 0 0 0
0.77 0 0 0 0
0.776667 0 0 0 0
0.783333 0 0 0 0
0.79 0 0 0 0
0.796667 0 0 0 0
0.803333 0 0 0 0
0.81 0 0 0 0
0.816667 0 0 0 0
0.823333 0 0 0 0
0.83 0 0 0 0
0.836667 0 0 0 0
0.843333 0 0 0 0
0.85 0 0 0 0
0.856667 0 0 0 0
0.863333 0 0 0 0
0.87 0 0 0 0
0.876667 0 0 0 0
0.883333 0 0 0 0
0.89 0 0 0 0
0.896667 0 0 0 0
0.903333 0 0 0 0
0.91 0 0 0 0
0.916667 0 0 0 0
0.923333 0 0 0 0
0.93 0 0 0 0
0.936667 0 0 0 0
0.943333 0 0 0 0
0.95 0 0 0 0
0.956667 0 0 0 0
0.963333 0 0 0 0
0.97 0 0 0 0
0.976667 0 0 0 0
0.983333 0 0 0 0
0.99 0 0 0 0
0.996667 0 0 0 0
1.00333 0 0 0 0
1.01 0 0 0 0
1.01667 0 0 0 0
1.02333 0 0 0 0
1.03 0 0 0 0
1.03667 0 0 0 0
1.04333 0 0 0 0
1.05 0 0 0 0
1.05667 0 0 0 0
1.06333 0 0 0 0
1.07 0 0 0 0
1.07667 0 0 0 0
1.08333 0 0 0 0
1.09 0 0 0 0
1.09667 0 0 0 0
1.10333 0 0 0 0
1.11 0 0 0 0
1.11667 0 0 0 0
1.12333 0 0 0 0
1.13 0 0 0 0
1.13667 0 0 0 0
1.14333 0 0 0 0
1.15 0 0 0 0
1.15667 0 0 0 0
1.16333 0 0 0 0
1.17 0 0 0 0
1.17667 0 0 0 0
1.18333 0 0 0 0
1.19 0 0 0 0
1.19667 0 0 0 0
1.20333 0 0 0 0
1.21 0 0 0 0
1.21667 0 0 0 0
1.22333 0 0 0 0
1.23 0 0 0 0
1.23667 0 0 0 0
1.24333 0 0 0 0
1.25 0 0 0 0
1.25667 0 0 0 0
1.26333 0 0 0 0
1.27 0 0 0 0
1.27667 0 0 0 0
1.28333 0 0 0 0
1.29 0 0 0 0
1.29667 0 0 0 0
1.30333 0 0 0 0
1.31 0 0 0 0
1.31667 0 0 0 0
1.32333 0 0 0 0
1.33 0 0 0 0
1.33667 0 0 0 0
1.34333 0 0 0 0
1.35 0 0 0 0
1.35667 0 0 0 0
1.36333 0 0 0 0
1.37 0 0 0 0
1.37667 0 0 0 0
1.38333 0 0 0 0
1.39 0 0 0 0
1.39667 0 0 0 0
1.40333 0 0 0 0
1.41 0 0 0 0
1.41667 0 0 0 0
1.42333 0 0 0 0
1.43 0 0 0 0
1.43667 0 0 0 0
1.44333 0 0 0 0
1.45 0 0 0 0
1.45667 0 0 0 0
1.46333 0 0 0 0
1.47 0 0 0 0
1.47667 0 0 0 0
1.48333 0 0 0 0
1.49 0 0 0 0
1.49667 0 0 0 0
1.50333 0 0 0 0
1.51 0 0 0 0
1.51667 0 0 0 0
1.52333 0 0 0 0
1.53 0 0 0 0
1.53667 0 0 0 0
1.54333 0 0 0 0
1.55 0 0 0 0
1.55667 0 0 0 0
1.56333 0 0 0 0
1.57 0 0 0 0
1.57667 0 0 0 0
1.58333 0 0 0 0
1.59 0 0 0 0
1.59667 0 0 0 0
1.60333 0 0 0 0
1.61 0 0 0 0
1.61667 0 0 0 0
1.62333 0 0 0 0
1.63 0 0 0 0
1.63667 0 0 0 0
1.64333 0 0 0 0
1.65 0 0 0 0
1.65667 0 0 0 0
1.66333 0 0 0 0
1.67 0 0 0 0
1.67667 0 0 0 0
1.68333 0 0 0 0
1.69 0 0 0 0
1.69667 0 0 0 0
1.70333 0 0 0 0
1.71 0 0 0 0
1.71667 0 0 0 0
1.72333 0 0 0 0
1.73 0 0 0 0
1.73667 0 0 0 0
1.74333 0 0 0 0
1.75 0 0 0 0
1.75667 0 0 0 0
1.76333 0 0 0 0
1.77 0 0 0 0
1.77667 0 0 0 0
1.78333 0 0 0 0
1.79 0 0 0 0
1.79667 0 0 0 0
1.80333 0 0 0 0
1.81 0 0 0 0
1.81667 0 0 0 0
1.82333 0 0 0 0
1.83 0 0 0 0
1.83667 0 0 0 0
1.84333 0 0 0 0
1.85 0 0 0 0
1.85667 0 0 0 0
1.86333 0 0 0 0
1.87 0 0 0 0
1.87667 0 0 0 0
1.88333 0 0 0 0
1.89 0 0 0 0
1.89667 0 0 0 0
1.90333 0 0 0 0
1.91 0 0 0 0
1.91667 0 0 0 0
1.92333 0 0 0 0
1.93 0 0 0 0
1.93667 0 0 0 0
1.94333 0 0 0 0
1.95 0 0 0 0
1.95667 0 0 0 0
1.96333 0 0 0 0
1.97 0 0 0 0
1.97667 0 0 0 0
1.98333 0 0 0 0
1.99 0 0 0 0
1.99667 0 0 0 0
