0.00333333 1 5 28 29
0.01 3 5 51 38
0.0166667 2 8 46 45
0.0233333 6 7 46 41
0.03 9 12 57 45
0.0366667 4 19 59 53
0.0433333 5 24 117 59
0.05 6 22 128 76
0.0566667 9 26 158 115
0.0633333 8 25 137 107
0.07 9 37 145 119
0.0766667 11 24 181 111
0.0833333 7 21 177 138
0.09 7 27 171 104
0.0966667 16 45 159 124
0.103333 17 29 162 124
0.11 8 26 152 113
0.116667 8 18 160 128
0.123333 16 26 132 122
0.13 6 24 138 124
0.136667 13 29 149 95
0.143333 9 14 110 117
0.15 12 22 123 98
0.156667 8 13 126 106
0.163333 3 11 101 107
0.17 8 24 98 91
0.176667 7 17 97 92
0.183333 12 19 96 99
0.19 10 24 85 95
0.196667 9 23 112 104
0.203333 9 31 99 98
0.21 7 17 99 81
0.216667 8 15 103 93
0.223333 9 17 83 94
0.23 7 20 84 71
0.236667 10 11 88 94
0.243333 8 22 81 81
0.25 5 17 76 68
0.256667 3 10 62 69
0.263333 14 14 68 53
0.27 10 13 50 50
0.276667 7 16 67 66
0.283333 4 13 64 61
0.29 8 8 67 49
0.296667 7 18 63 54
0.303333 4 18 53 64
0.31 1 6 49 43
0.316667 2 11 50 42
0.323333 6 11 52 54
0.33 6 13 43 42
0.336667 8 11 46 46
0.343333 6 11 56 40
0.35 5 11 53 45
0.356667 2 10 44 43
0.363333 5 8 45 35
0.37 8 11 35 43
0.376667 5 11 48 40
0.383333 5 15 56 34
0.39 3 11 46 37
0.396667 2 11 39 30
0.403333 2 8 52 30
0.41 0 12 42 26
0.416667 3 10 41 35
0.423333 3 11 42 23
0.43 4 10 38 28
0.436667 6 7 26 35
0.443333 9 8 41 33
0.45 6 11 32 34
0.456667 2 5 34 41
0.463333 5 10 36 29
0.47 4 6 31 33
0.476667 4 14 37 29
0.483333 3 5 25 20
0.49 2 5 27 23
0.496667 1 7 26 19
0.503333 2 5 22 17
0.51 1 4 24 14
0.516667 0 7 26 19
0.523333 4 11 23 26
0.53 2 2 21 17
0.536667 4 8 18 25
0.543333 4 7 15 18
0.55 2 13 24 12
0.556667 4 4 26 12
0.563333 2 5 23 17
0.57 4 8 30 15
0.576667 5 4 17 19
0.583333 4 6 16 19
0.59 3 11 13 17
0.596667 4 6 18 16
0.603333 1 9 21 8
0.61 2 6 21 18
0.616667 3 11 9 10
0.623333 5 5 21 12
0.63 0 9 23 15
0.636667 4 7 12 12
0.643333 3 8 20 11
0.65 4 4 15 16
0.656667 1 6 23 10
0.663333 105 165 810 1079
0.67 0 0 0 0
0.676667 0 0 0 0
0.683333 0 0 0 0
0.69 0 0 0 0
0.696667 0 0 0 0
0.703333 0 0 0 0
0.71 0 0 0 0
0.716667 0 0 0 0
0.723333 0 0 0 0
0.73 0 0 0 0
0.736667 0 0 0 0
0.743333 0 0 0 0
0.75 0 0 0 0
0.756667 0 0 0 0
0.763333 0 0 0 0
0.77 0 0 0 0
0.776667 0 0 0 0
0.783333 0 0 0 0
0.79 0 0 0 0
0.796667 0 0 0 0
0.803333 0 0 0 0
0.81 0 0 0 0
0.816667 0 0 0 0
0.823333 0 0 0 0
0.83 0 0 0 0
0.836667 0 0 0 0
0.843333 0 0 0 0
0.85 0 0 0 0
0.856667 0 0 0 0
0.863333 0 0 0 0
0.87 0 0 0 0
0.876667 0 0 0 0
0.883333 0 0 0 0
0.89 0 0 0 0
0.896667 0 0 0 0
0.903333 0 0 0 0
0.91 0 0 0 0
0.916667 0 0 0 0
0.923333 0 0 0 0
0.93 0 0 0 0
0.936667 0 0 0 0
0.943333 0 0 0 0
0.95 0 0 0 0
0.956667 0 0 0 0
0.963333 0 0 0 0
0.97 0 0 0 0
0.976667 0 0 0 0
0.983333 0 0 0 0
0.99 0 0 0 0
0.996667 0 0 0 0
1.00333 0 0 0 0
1.01 0 0 0 0
1.01667 0 0 0 0
1.02333 0 0 0 0
1.03 0 0 0 0
1.03667 0 0 0 0
1.04333 0 0 0 0
1.05 0 0 0 0
1.05667 0 0 0 0
1.06333 0 0 0 0
1.07 0 0 0 0
1.07667 0 0 0 0
1.08333 0 0 0 0
1.09 0 0 0 0
1.09667 0 0 0 0
1.10333 0 0 0 0
1.11 0 0 0 0
1.11667 0 0 0 0
1.12333 0 0 0 0
1.13 0 0 0 0
1.13667 0 0 0 0
1.14333 0 0 0 0
1.15 0 0 0 0
1.15667 0 0 0 0
1.16333 0 0 0 0
1.17 0 0 0 0
1.17667 0 0 0 0
1.18333 0 0 0 0
1.19 0 0 0 0
1.19667 0 0 0 0
1.20333 0 0 0 0
1.21 0 0 0 0
1.21667 0 0 0 0
1.22333 0 0 0 0
1.23 0 0 0 0
1.23667 0 0 0 0
1.24333 0 0 0 0
1.25 0 0 0 0
1.25667 0 0 0 0
1.26333 0 0 0 0
1.27 0 0 0 0
1.27667 0 0 0 0
1.28333 0 0 0 0
1.29 0 0 0 0
1.29667 0 0 0 0
1.30333 0 0 0 0
1.31 0 0 0 0
1.31667 0 0 0 0
1.32333 0 0 0 0
1.33 0 0 0 0
1.33667 0 0 0 0
1.34333 0 0 0 0
1.35 0 0 0 0
1.35667 0 0 0 0
1.36333 0 0 0 0
1.37 0 0 0 0
1.37667 0 0 0 0
1.38333 0 0 0 0
1.39 0 0 0 0
1.39667 0 0 0 0
1.40333 0 0 0 0
1.41 0 0 0 0
1.41667 0 0 0 0
1.42333 0 0 0 0
1.43 0 0 0 0
1.43667 0 0 0 0
1.44333 0 0 0 0
1.45 0 0 0 0
1.45667 0 0 0 0
1.46333 0 0 0 0
1.47 0 0 0 0
1.47667 0 0 0 0
1.48333 0 0 0 0
1.49 0 0 0 0
1.49667 0 0 0 0
1.50333 0 0 0 0
1.51 0 0 0 0
1.51667 0 0 0 0
1.52333 0 0 0 0
1.53 0 0 0 0
1.53667 0 0 0 0
1.54333 0 0 0 0
1.55 0 0 0 0
1.55667 0 0 0 0
1.56333 0 0 0 0
1.57 0 0 0 0
1.57667 0 0 0 0
1.58333 0 0 0 0
1.59 0 0 0 0
1.59667 0 0 0 0
1.60333 0 0 0 0
1.61 0 0 0 0
1.61667 0 0 0 0
1.62333 0 0 0 0
1.63 0 0 0 0
1.63667 0 0 0 0
1.64333 0 0 0 0
1.65 0 0 0 0
1.65667 0 0 0 0
1.66333 0 0 0 0
1.67 0 0 0 0
1.67667 0 0 0 0
1.68333 0 0 0 0
1.69 0 0 0 0
1.69667 0 0 0 0
1.70333 0 0 0 0
1.71 0 0 0 0
1.71667 0 0 0 0
1.72333 0 0 0 0
1.73 0 0 0 0
1.73667 0 0 0 0
1.74333 0 0 0 0
1.75 0 0 0 0
1.75667 0 0 0 0
1.76333 0 0 0 0
1.77 0 0 0 0
1.77667 0 0 0 0
1.78333 0 0 0 0
1.79 0 0 0 0
1.79667 0 0 0 0
1.80333 0 0 0 0
1.81 0 0 0 0
1.81667 0 0 0 0
1.82333 0 0 0 0
1.83 0 0 0 0
1.83667 0 0 0 0
1.84333 0 0 0 0
1.85 0 0 0 0
1.85667 0 0 0 0
1.86333 0 0 0 0
1.87 0 0 0 0
1.87667 0 0 0 0
1.88333 0 0 0 0
1.89 0 0 0 0
1.89667 0 0 0 0
1.90333 0 0 0 0
1.91 0 0 0 0
1.91667 0 0 0 0
1.92333 0 0 0 0
1.93 0 0 0 0
1.93667 0 0 0 0
1.94333 0 0 0 0
1.95 0 0 0 0
1.95667 0 0 0 0
1.96333 0 0 0 0
1.97 0 0 0 0
1.97667 0 0 0 0
1.98333 0 0 0 0
1.99 0 0 0 0
1.99667 0 0 0 0
