0.00333333 39 25 5 6
0.01 47 33 2 9
0.0166667 62 40 8 5
0.0233333 57 52 7 5
0.03 54 47 5 8
0.0366667 65 70 5 7
0.0433333 71 91 5 3
0.05 101 99 13 6
0.0566667 112 106 14 8
0.0633333 114 127 19 11
0.07 110 119 14 8
0.0766667 128 152 18 5
0.0833333 119 147 9 8
0.09 146 125 18 12
0.0966667 119 120 20 18
0.103333 137 143 15 15
0.11 125 133 20 10
0.116667 133 162 7 13
0.123333 142 138 5 9
0.13 141 128 15 13
0.136667 144 133 18 16
0.143333 116 123 8 12
0.15 143 101 9 13
0.156667 139 108 7 9
0.163333 117 120 10 10
0.17 138 95 12 10
0.176667 138 106 13 6
0.183333 154 93 12 14
0.19 172 102 14 16
0.196667 155 101 9 15
0.203333 133 72 9 13
0.21 126 98 8 12
0.216667 107 80 9 16
0.223333 131 80 8 10
0.23 97 88 9 16
0.236667 119 92 9 14
0.243333 99 79 9 7
0.25 107 77 9 9
0.256667 85 79 6 11
0.263333 89 60 7 10
0.27 99 70 5 8
0.276667 80 78 4 6
0.283333 82 50 6 11
0.29 86 54 8 6
0.296667 80 51 6 8
0.303333 77 60 7 11
0.31 89 58 8 6
0.316667 74 48 4 6
0.323333 84 51 12 6
0.33 67 71 4 5
0.336667 71 54 12 2
0.343333 56 40 5 13
0.35 66 50 3 6
0.356667 50 40 5 2
0.363333 57 44 4 10
0.37 51 44 3 11
0.376667 50 39 9 2
0.383333 56 32 2 14
0.39 71 40 3 7
0.396667 64 39 3 7
0.403333 61 48 9 12
0.41 51 49 5 1
0.416667 66 44 5 3
0.423333 44 37 11 5
0.43 57 51 5 10
0.436667 57 40 5 8
0.443333 56 38 2 14
0.45 46 50 4 5
0.456667 58 43 4 4
0.463333 63 53 8 3
0.47 59 44 5 5
0.476667 46 42 4 8
0.483333 24 53 0 2
0.49 20 28 2 1
0.496667 20 35 3 4
0.503333 21 21 4 5
0.51 24 26 3 4
0.516667 25 34 0 7
0.523333 25 29 3 1
0.53 20 21 3 3
0.536667 21 21 0 8
0.543333 24 21 1 5
0.55 23 28 1 2
0.556667 15 25 1 7
0.563333 14 29 3 1
0.57 21 26 6 1
0.576667 23 16 5 5
0.583333 18 28 2 2
0.59 11 17 3 4
0.596667 15 17 6 5
0.603333 21 16 3 3
0.61 14 19 5 8
0.616667 21 19 3 1
0.623333 14 26 1 0
0.63 15 15 2 3
0.636667 21 22 4 4
0.643333 11 18 2 3
0.65 11 14 2 0
0.656667 14 15 1 5
0.663333 2454 983 62 258
0.67 0 0 0 0
0.676667 0 0 0 0
0.683333 0 0 0 0
0.69 0 0 0 0
0.696667 0 0 0 0
0.703333 0 0 0 0
0.71 0 0 0 0
0.716667 0 0 0 0
0.723333 0 0 0 0
0.73 0 0 0 0
0.736667 0 0 0 0
0.743333 0 0 0 0
0.75 0 0 0 0
0.756667 0 0 0 0
0.763333 0 0 0 0
0.77 0 0 0 0
0.776667 0 0 0 0
0.783333 0 0 0 0
0.79 0 0 0 0
0.796667 0 0 0 0
0.803333 0 0 0 0
0.81 0 0 0 0
0.816667 0 0 0 0
0.823333 0 0 0 0
0.83 0 0 0 0
0.836667 0 0 0 0
0.843333 0 0 0 0
0.85 0 0 0 0
0.856667 0 0 0 0
0.863333 0 0 0 0
0.87 0 0 0 0
0.876667 0 0 0 0
0.883333 0 0 0 0
0.89 0 0 0 0
0.896667 0 0 0 0
0.903333 0 0 0 0
0.91 0 0 0 0
0.916667 0 0 0 0
0.923333 0 0 0 0
0.93 0 0 0 0
0.936667 0 0 0 0
0.943333 0 0 0 0
0.95 0 0 0 0
0.956667 0 0 0 0
0.963333 0 0 0 0
0.97 0 0 0 0
0.976667 0 0 0 0
0.983333 0 0 0 0
0.99 0 0 0 0
0.996667 0 0 0 0
1.00333 0 0 0 0
1.01 0 0 0 0
1.01667 0 0 0 0
1.02333 0 0 0 0
1.03 0 0 0 0
1.03667 0 0 0 0
1.04333 0 0 0 0
1.05 0 0 0 0
1.05667 0 0 0 0
1.06333 0 0 0 0
1.07 0 0 0 0
1.07667 0 0 0 0
1.08333 0 0 0 0
1.09 0 0 0 0
1.09667 0 0 0 0
1.10333 0 0 0 0
1.11 0 0 0 0
1.11667 0 0 0 0
1.12333 0 0 0 0
1.13 0 0 0 0
1.13667 0 0 0 0
1.14333 0 0 0 0
1.15 0 0 0 0
1.15667 0 0 0 0
1.16333 0 0 0 0
1.17 0 0 0 0
1.17667 0 0 0 0
1.18333 0 0 0 0
1.19 0 0 0 0
1.19667 0 0 0 0
1.20333 0 0 0 0
1.21 0 0 0 0
1.21667 0 0 0 0
1.22333 0 0 0 0
1.23 0 0 0 0
1.23667 0 0 0 0
1.24333 0 0 0 0
1.25 0 0 0 0
1.25667 0 0 0 0
1.26333 0 0 0 0
1.27 0 0 0 0
1.27667 0 0 0 0
1.28333 0 0 0 0
1.29 0 0 0 0
1.29667 0 0 0 0
1.30333 0 0 0 0
1.31 0 0 0 0
1.31667 0 0 0 0
1.32333 0 0 0 0
1.33 0 0 0 0
1.33667 0 0 0 0
1.34333 0 0 0 0
1.35 0 0 0 0
1.35667 0 0 0 0
1.36333 0 0 0 0
1.37 0 0 0 0
1.37667 0 0 0 0
1.38333 0 0 0 0
1.39 0 0 0 0
1.39667 0 0 0 0
1.40333 0 0 0 0
1.41 0 0 0 0
1.41667 0 0 0 0
1.42333 0 0 0 0
1.43 0 0 0 0
1.43667 0 0 0 0
1.44333 0 0 0 0
1.45 0 0 0 0
1.45667 0 0 0 0
1.46333 0 0 0 0
1.47 0 0 0 0
1.47667 0 0 0 0
1.48333 0 0 0 0
1.49 0 0 0 0
1.49667 0 0 0 0
1.50333 0 0 0 0
1.51 0 0 0 0
1.51667 0 0 0 0
1.52333 0 0 0 0
1.53 0 0 0 0
1.53667 0 0 0 0
1.54333 0 0 0 0
1.55 0 0 0 0
1.55667 0 0 0 0
1.56333 0 0 0 0
1.57 0 0 0 0
1.57667 0 0 0 0
1.58333 0 0 0 0
1.59 0 0 0 0
1.59667 0 0 0 0
1.60333 0 0 0 0
1.61 0 0 0 0
1.61667 0 0 0 0
1.62333 0 0 0 0
1.63 0 0 0 0
1.63667 0 0 0 0
1.64333 0 0 0 0
1.65 0 0 0 0
1.65667 0 0 0 0
1.66333 0 0 0 0
1.67 0 0 0 0
1.67667 0 0 0 0
1.68333 0 0 0 0
1.69 0 0 0 0
1.69667 0 0 0 0
1.70333 0 0 0 0
1.71 0 0 0 0
1.71667 0 0 0 0
1.72333 0 0 0 0
1.73 0 0 0 0
1.73667 0 0 0 0
1.74333 0 0 0 0
1.75 0 0 0 0
1.75667 0 0 0 0
1.76333 0 0 0 0
1.77 0 0 0 0
1.77667 0 0 0 0
1.78333 0 0 0 0
1.79 0 0 0 0
1.79667 0 0 0 0
1.80333 0 0 0 0
1.81 0 0 0 0
1.81667 0 0 0 0
1.82333 0 0 0 0
1.83 0 0 0 0
1.83667 0 0 0 0
1.84333 0 0 0 0
1.85 0 0 0 0
1.85667 0 0 0 0
1.86333 0 0 0 0
1.87 0 0 0 0
1.87667 0 0 0 0
1.88333 0 0 0 0
1.89 0 0 0 0
1.89667 0 0 0 0
1.90333 0 0 0 0
1.91 0 0 0 0
1.91667 0 0 0 0
1.92333 0 0 0 0
1.93 0 0 0 0
1.93667 0 0 0 0
1.94333 0 0 0 0
1.95 0 0 0 0
1.95667 0 0 0 0
1.96333 0 0 0 0
1.97 0 0 0 0
1.97667 0 0 0 0
1.98333 0 0 0 0
1.99 0 0 0 0
1.99667 0 0 0 0
