0.00333333 0 2 3 122
0.01 5 4 10 128
0.0166667 2 3 9 134
0.0233333 0 3 8 140
0.03 1 5 12 117
0.0366667 1 3 14 168
0.0433333 6 4 26 164
0.05 3 3 20 184
0.0566667 5 4 30 156
0.0633333 1 4 32 220
0.07 4 5 40 206
0.0766667 1 8 34 259
0.0833333 3 3 41 271
0.09 3 4 44 251
0.0966667 4 8 36 274
0.103333 1 2 40 285
0.11 3 3 25 282
0.116667 3 4 38 341
0.123333 3 4 23 326
0.13 3 9 27 300
0.136667 0 3 18 300
0.143333 2 5 32 292
0.15 6 7 28 301
0.156667 3 4 31 288
0.163333 5 5 18 311
0.17 1 6 25 288
0.176667 1 5 23 277
0.183333 2 3 22 329
0.19 3 11 20 394
0.196667 4 9 22 406
0.203333 3 9 22 383
0.21 2 7 29 332
0.216667 3 3 21 345
0.223333 6 4 13 328
0.23 3 9 14 306
0.236667 3 5 23 318
0.243333 2 6 26 289
0.25 5 4 15 291
0.256667 1 5 29 276
0.263333 1 6 23 238
0.27 2 4 15 246
0.276667 1 7 16 241
0.283333 2 7 15 234
0.29 1 8 11 204
0.296667 0 5 12 211
0.303333 4 2 12 203
0.31 4 4 9 205
0.316667 4 6 15 165
0.323333 1 3 13 188
0.33 3 5 21 181
0.336667 2 4 17 161
0.343333 2 5 9 164
0.35 2 6 14 151
0.356667 4 3 19 179
0.363333 1 2 12 150
0.37 1 5 11 167
0.376667 3 1 11 134
0.383333 0 3 17 160
0.39 0 6 6 164
0.396667 0 2 7 168
0.403333 2 3 14 153
0.41 0 3 9 133
0.416667 4 5 8 140
0.423333 4 1 8 149
0.43 2 6 14 128
0.436667 3 5 13 171
0.443333 3 3 14 138
0.45 0 8 13 150
0.456667 0 5 11 144
0.463333 3 4 6 155
0.47 3 1 8 141
0.476667 1 4 10 122
0.483333 1 2 5 79
0.49 0 1 10 80
0.496667 1 6 6 74
0.503333 1 8 8 58
0.51 0 6 6 61
0.516667 2 3 7 50
0.523333 0 1 6 53
0.53 1 1 7 49
0.536667 0 6 9 53
0.543333 1 2 8 62
0.55 2 4 13 60
0.556667 1 1 7 40
0.563333 0 2 8 44
0.57 0 3 7 51
0.576667 0 2 5 40
0.583333 2 1 8 45
0.59 3 2 7 57
0.596667 3 3 7 41
0.603333 1 2 5 40
0.61 2 4 7 41
0.616667 0 4 5 48
0.623333 4 6 2 47
0.63 0 2 4 50
0.636667 2 2 5 51
0.643333 1 5 3 38
0.65 3 6 8 38
0.656667 2 1 8 43
0.663333 72 136 174 7288
0.67 0 0 0 0
0.676667 0 0 0 0
0.683333 0 0 0 0
0.69 0 0 0 0
0.696667 0 0 0 0
0.703333 0 0 0 0
0.71 0 0 0 0
0.716667 0 0 0 0
0.723333 0 0 0 0
0.73 0 0 0 0
0.736667 0 0 0 0
0.743333 0 0 0 0
0.75 0 0 0 0
0.756667 0 0 0 0
0.763333 0 0 0 0
0.77 0 0 0 0
0.776667 0 0 0 0
0.783333 0 0 0 0
0.79 0 0 0 0
0.796667 0 0 0 0
0.803333 0 0 0 0
0.81 0 0 0 0
0.816667 0 0 0 0
0.823333 0 0 0 0
0.83 0 0 0 0
0.836667 0 0 0 0
0.843333 0 0 0 0
0.85 0 0 0 0
0.856667 0 0 0 0
0.863333 0 0 0 0
0.87 0 0 0 0
0.876667 0 0 0 0
0.883333 0 0 0 0
0.89 0 0 0 0
0.896667 0 0 0 0
0.903333 0 0 0 0
0.91 0 0 0 0
0.916667 0 0 0 0
0.923333 0 0 0 0
0.93 0 0 0 0
0.936667 0 0 0 0
0.943333 0 0 0 0
0.95 0 0 0 0
0.956667 0 0 0 0
0.963333 0 0 0 0
0.97 0 0 0 0
0.976667 0 0 0 0
0.983333 0 0 0 0
0.99 0 0 0 0
0.996667 0 0 0 0
1.00333 0 0 0 0
1.01 0 0 0 0
1.01667 0 0 0 0
1.02333 0 0 0 0
1.03 0 0 0 0
1.03667 0 0 0 0
1.04333 0 0 0 0
1.05 0 0 0 0
1.05667 0 0 0 0
1.06333 0 0 0 0
1.07 0 0 0 0
1.07667 0 0 0 0
1.08333 0 0 0 0
1.09 0 0 0 0
1.09667 0 0 0 0
1.10333 0 0 0 0
1.11 0 0 0 0
1.11667 0 0 0 0
1.12333 0 0 0 0
1.13 0 0 0 0
1.13667 0 0 0 0
1.14333 0 0 0 0
1.15 0 0 0 0
1.15667 0 0 0 0
1.16333 0 0 0 0
1.17 0 0 0 0
1.17667 0 0 0 0
1.18333 0 0 0 0
1.19 0 0 0 0
1.19667 0 0 0 0
1.20333 0 0 0 0
1.21 0 0 0 0
1.21667 0 0 0 0
1.22333 0 0 0 0
1.23 0 0 0 0
1.23667 0 0 0 0
1.24333 0 0 0 0
1.25 0 0 0 0
1.25667 0 0 0 0
1.26333 0 0 0 0
1.27 0 0 0 0
1.27667 0 0 0 0
1.28333 0 0 0 0
1.29 0 0 0 0
1.29667 0 0 0 0
1.30333 0 0 0 0
1.31 0 0 0 0
1.31667 0 0 0 0
1.32333 0 0 0 0
1.33 0 0 0 0
1.33667 0 0 0 0
1.34333 0 0 0 0
1.35 0 0 0 0
1.35667 0 0 0 0
1.36333 0 0 0 0
1.37 0 0 0 0
1.37667 0 0 0 0
1.38333 0 0 0 0
1.39 0 0 0 0
1.39667 0 0 0 0
1.40333 0 0 0 0
1.41 0 0 0 0
1.41667 0 0 0 0
1.42333 0 0 0 0
1.43 0 0 0 0
1.43667 0 0 0 0
1.44333 0 0 0 0
1.45 0 0 0 0
1.45667 0 0 0 0
1.46333 0 0 0 0
1.47 0 0 0 0
1.47667 0 0 0 0
1.48333 0 0 0 0
1.49 0 0 0 0
1.49667 0 0 0 0
1.50333 0 0 0 0
1.51 0 0 0 0
1.51667 0 0 0 0
1.52333 0 0 0 0
1.53 0 0 0 0
1.53667 0 0 0 0
1.54333 0 0 0 0
1.55 0 0 0 0
1.55667 0 0 0 0
1.56333 0 0 0 0
1.57 0 0 0 0
1.57667 0 0 0 0
1.58333 0 0 0 0
1.59 0 0 0 0
1.59667 0 0 0 0
1.60333 0 0 0 0
1.61 0 0 0 0
1.61667 0 0 0 0
1.62333 0 0 0 0
1.63 0 0 0 0
1.63667 0 0 0 0
1.64333 0 0 0 0
1.65 0 0 0 0
1.65667 0 0 0 0
1.66333 0 0 0 0
1.67 0 0 0 0
1.67667 0 0 0 0
1.68333 0 0 0 0
1.69 0 0 0 0
1.69667 0 0 0 0
1.70333 0 0 0 0
1.71 0 0 0 0
1.71667 0 0 0 0
1.72333 0 0 0 0
1.73 0 0 0 0
1.73667 0 0 0 0
1.74333 0 0 0 0
1.75 0 0 0 0
1.75667 0 0 0 0
1.76333 0 0 0 0
1.77 0 0 0 0
1.77667 0 0 0 0
1.78333 0 0 0 0
1.79 0 0 0 0
1.79667 0 0 0 0
1.80333 0 0 0 0
1.81 0 0 0 0
1.81667 0 0 0 0
1.82333 0 0 0 0
1.83 0 0 0 0
1.83667 0 0 0 0
1.84333 0 0 0 0
1.85 0 0 0 0
1.85667 0 0 0 0
1.86333 0 0 0 0
1.87 0 0 0 0
1.87667 0 0 0 0
1.88333 0 0 0 0
1.89 0 0 0 0
1.89667 0 0 0 0
1.90333 0 0 0 0
1.91 0 0 0 0
1.91667 0 0 0 0
1.92333 0 0 0 0
1.93 0 0 0 0
1.93667 0 0 0 0
1.94333 0 0 0 0
1.95 0 0 0 0
1.95667 0 0 0 0
1.96333 0 0 0 0
1.97 0 0 0 0
1.97667 0 0 0 0
1.98333 0 0 0 0
1.99 0 0 0 0
1.99667 0 0 0 0
