0.00333333 8 71 14 2
0.01 21 97 13 1
0.0166667 20 76 14 1
0.0233333 31 79 11 1
0.03 24 98 17 4
0.0366667 25 112 15 5
0.0433333 42 150 21 3
0.05 33 204 41 5
0.0566667 49 228 36 4
0.0633333 79 254 36 6
0.07 76 270 42 7
0.0766667 63 305 61 6
0.0833333 71 251 48 8
0.09 66 277 39 9
0.0966667 52 299 46 7
0.103333 69 321 41 11
0.11 67 281 52 4
0.116667 62 308 55 12
0.123333 62 283 40 5
0.13 44 270 25 7
0.136667 45 278 29 11
0.143333 56 251 32 4
0.15 42 271 46 4
0.156667 35 238 35 5
0.163333 44 233 27 7
0.17 32 226 36 4
0.176667 61 241 40 4
0.183333 44 242 28 4
0.19 39 242 42 3
0.196667 40 248 34 9
0.203333 40 262 30 5
0.21 48 258 27 2
0.216667 33 215 28 5
0.223333 54 188 23 4
0.23 34 191 27 2
0.236667 34 185 28 4
0.243333 37 182 25 3
0.25 32 171 20 8
0.256667 29 165 25 5
0.263333 24 184 19 6
0.27 26 163 18 4
0.276667 23 170 25 1
0.283333 34 137 20 3
0.29 23 147 23 2
0.296667 22 144 14 5
0.303333 17 122 18 2
0.31 32 122 25 1
0.316667 37 126 16 3
0.323333 33 113 13 2
0.33 19 113 20 3
0.336667 20 104 22 1
0.343333 22 99 15 2
0.35 18 113 22 1
0.356667 21 83 20 4
0.363333 15 102 18 1
0.37 21 113 16 2
0.376667 12 87 18 5
0.383333 21 106 21 8
0.39 16 86 20 2
0.396667 19 98 15 1
0.403333 19 103 9 2
0.41 21 87 14 4
0.416667 10 81 12 5
0.423333 13 87 16 2
0.43 19 86 22 0
0.436667 10 72 20 2
0.443333 16 87 12 1
0.45 18 70 24 4
0.456667 21 76 14 6
0.463333 18 98 22 2
0.47 20 69 12 1
0.476667 16 71 15 4
0.483333 18 59 8 0
0.49 9 63 14 4
0.496667 11 36 5 1
0.503333 9 48 10 2
0.51 13 56 9 0
0.516667 12 42 11 2
0.523333 5 49 8 1
0.53 7 37 7 1
0.536667 19 45 4 3
0.543333 17 44 14 1
0.55 11 46 8 2
0.556667 6 40 4 1
0.563333 12 46 12 1
0.57 11 36 8 1
0.576667 6 43 12 0
0.583333 9 35 9 4
0.59 7 44 4 0
0.596667 7 41 5 2
0.603333 7 43 7 1
0.61 6 42 5 0
0.616667 6 36 8 2
0.623333 10 34 8 0
0.63 6 29 8 0
0.636667 11 41 7 2
0.643333 2 26 9 4
0.65 7 42 6 1
0.656667 7 46 7 1
0.663333 293 2659 346 22
0.67 0 0 0 0
0.676667 0 0 0 0
0.683333 0 0 0 0
0.69 0 0 0 0
0.696667 0 0 0 0
0.703333 0 0 0 0
0.71 0 0 0 0
0.716667 0 0 0 0
0.723333 0 0 0 0
0.73 0 0 0 0
0.736667 0 0 0 0
0.743333 0 0 0 0
0.75 0 0 0 0
0.756667 0 0 0 0
0.763333 0 0 0 0
0.77 0 0 0 0
0.776667 0 0 0 0
0.783333 0 0 0 0
0.79 0 0 0 0
0.796667 0 0 0 0
0.803333 0 0 0 0
0.81 0 0 0 0
0.816667 0 0 0 0
0.823333 0 0 0 0
0.83 0 0 0 0
0.836667 0 0 0 0
0.843333 0 0 0 0
0.85 0 0 0 0
0.856667 0 0 0 0
0.863333 0 0 0 0
0.87 0 0 0 0
0.876667 0 0 0 0
0.883333 0 0 0 0
0.89 0 0 0 0
0.896667 0 0 0 0
0.903333 0 0 0 0
0.91 0 0 0 0
0.916667 0 0 0 0
0.923333 0 0 0 0
0.93 0 0 0 0
0.936667 0 0 0 0
0.943333 0 0 0 0
0.95 0 0 0 0
0.956667 0 0 0 0
0.963333 0 0 0 0
0.97 0 0 0 0
0.976667 0 0 0 0
0.983333 0 0 0 0
0.99 0 0 0 0
0.996667 0 0 0 0
1.00333 0 0 0 0
1.01 0 0 0 0
1.01667 0 0 0 0
1.02333 0 0 0 0
1.03 0 0 0 0
1.03667 0 0 0 0
1.04333 0 0 0 0
1.05 0 0 0 0
1.05667 0 0 0 0
1.06333 0 0 0 0
1.07 0 0 0 0
1.07667 0 0 0 0
1.08333 0 0 0 0
1.09 0 0 0 0
1.09667 0 0 0 0
1.10333 0 0 0 0
1.11 0 0 0 0
1.11667 0 0 0 0
1.12333 0 0 0 0
1.13 0 0 0 0
1.13667 0 0 0 0
1.14333 0 0 0 0
1.15 0 0 0 0
1.15667 0 0 0 0
1.16333 0 0 0 0
1.17 0 0 0 0
1.17667 0 0 0 0
1.18333 0 0 0 0
1.19 0 0 0 0
1.19667 0 0 0 0
1.20333 0 0 0 0
1.21 0 0 0 0
1.21667 0 0 0 0
1.22333 0 0 0 0
1.23 0 0 0 0
1.23667 0 0 0 0
1.24333 0 0 0 0
1.25 0 0 0 0
1.25667 0 0 0 0
1.26333 0 0 0 0
1.27 0 0 0 0
1.27667 0 0 0 0
1.28333 0 0 0 0
1.29 0 0 0 0
1.29667 0 0 0 0
1.30333 0 0 0 0
1.31 0 0 0 0
1.31667 0 0 0 0
1.32333 0 0 0 0
1.33 0 0 0 0
1.33667 0 0 0 0
1.34333 0 0 0 0
1.35 0 0 0 0
1.35667 0 0 0 0
1.36333 0 0 0 0
1.37 0 0 0 0
1.37667 0 0 0 0
1.38333 0 0 0 0
1.39 0 0 0 0
1.39667 0 0 0 0
1.40333 0 0 0 0
1.41 0 0 0 0
1.41667 0 0 0 0
1.42333 0 0 0 0
1.43 0 0 0 0
1.43667 0 0 0 0
1.44333 0 0 0 0
1.45 0 0 0 0
1.45667 0 0 0 0
1.46333 0 0 0 0
1.47 0 0 0 0
1.47667 0 0 0 0
1.48333 0 0 0 0
1.49 0 0 0 0
1.49667 0 0 0 0
1.50333 0 0 0 0
1.51 0 0 0 0
1.51667 0 0 0 0
1.52333 0 0 0 0
1.53 0 0 0 0
1.53667 0 0 0 0
1.54333 0 0 0 0
1.55 0 0 0 0
1.55667 0 0 0 0
1.56333 0 0 0 0
1.57 0 0 0 0
1.57667 0 0 0 0
1.58333 0 0 0 0
1.59 0 0 0 0
1.59667 0 0 0 0
1.60333 0 0 0 0
1.61 0 0 0 0
1.61667 0 0 0 0
1.62333 0 0 0 0
1.63 0 0 0 0
1.63667 0 0 0 0
1.64333 0 0 0 0
1.65 0 0 0 0
1.65667 0 0 0 0
1.66333 0 0 0 0
1.67 0 0 0 0
1.67667 0 0 0 0
1.68333 0 0 0 0
1.69 0 0 0 0
1.69667 0 0 0 0
1.70333 0 0 0 0
1.71 0 0 0 0
1.71667 0 0 0 0
1.72333 0 0 0 0
1.73 0 0 0 0
1.73667 0 0 0 0
1.74333 0 0 0 0
1.75 0 0 0 0
1.75667 0 0 0 0
1.76333 0 0 0 0
1.77 0 0 0 0
1.77667 0 0 0 0
1.78333 0 0 0 0
1.79 0 0 0 0
1.79667 0 0 0 0
1.80333 0 0 0 0
1.81 0 0 0 0
1.81667 0 0 0 0
1.82333 0 0 0 0
1.83 0 0 0 0
1.83667 0 0 0 0
1.84333 0 0 0 0
1.85 0 0 0 0
1.85667 0 0 0 0
1.86333 0 0 0 0
1.87 0 0 0 0
1.87667 0 0 0 0
1.88333 0 0 0 0
1.89 0 0 0 0
1.89667 0 0 0 0
1.90333 0 0 0 0
1.91 0 0 0 0
1.91667 0 0 0 0
1.92333 0 0 0 0
1.93 0 0 0 0
1.93667 0 0 0 0
1.94333 0 0 0 0
1.95 0 0 0 0
1.95667 0 0 0 0
1.96333 0 0 0 0
1.97 0 0 0 0
1.97667 0 0 0 0
1.98333 0 0 0 0
1.99 0 0 0 0
1.99667 0 0 0 0
