0.00333333 5 22 36 5
0.01 1 39 61 11
0.0166667 2 31 52 15
0.0233333 10 22 61 7
0.03 5 36 70 12
0.0366667 9 40 76 18
0.0433333 7 59 106 21
0.05 15 68 145 23
0.0566667 18 94 167 30
0.0633333 13 99 182 26
0.07 15 95 198 43
0.0766667 18 95 196 46
0.0833333 20 103 190 43
0.09 14 104 186 39
0.0966667 12 74 189 45
0.103333 25 98 189 36
0.11 18 94 211 27
0.116667 14 97 198 24
0.123333 13 88 149 31
0.13 11 85 188 27
0.136667 13 78 158 28
0.143333 15 85 174 18
0.15 7 74 164 26
0.156667 10 77 170 19
0.163333 8 89 163 17
0.17 12 76 161 28
0.176667 7 75 147 25
0.183333 8 79 137 26
0.19 13 71 163 24
0.196667 13 87 145 21
0.203333 8 81 151 19
0.21 8 70 142 14
0.216667 10 64 142 17
0.223333 10 61 130 19
0.23 9 57 134 29
0.236667 5 55 116 14
0.243333 6 72 102 10
0.25 9 38 109 14
0.256667 8 43 102 18
0.263333 6 50 110 20
0.27 6 44 75 17
0.276667 9 49 98 12
0.283333 8 40 85 14
0.29 6 44 72 8
0.296667 7 33 83 15
0.303333 6 25 75 12
0.31 2 33 76 10
0.316667 5 37 64 8
0.323333 4 30 87 12
0.33 7 32 80 11
0.336667 10 46 77 17
0.343333 6 34 74 9
0.35 1 32 84 8
0.356667 6 39 74 19
0.363333 5 30 67 13
0.37 6 41 60 7
0.376667 6 41 63 15
0.383333 6 35 70 8
0.39 5 27 47 13
0.396667 5 22 62 10
0.403333 5 33 58 7
0.41 3 24 47 11
0.416667 5 29 71 11
0.423333 5 33 54 8
0.43 3 22 54 12
0.436667 6 29 62 5
0.443333 7 23 53 6
0.45 7 26 62 9
0.456667 7 26 45 6
0.463333 2 22 41 5
0.47 7 35 52 13
0.476667 6 24 41 15
0.483333 2 13 36 10
0.49 1 18 34 8
0.496667 4 17 27 6
0.503333 6 18 29 9
0.51 0 16 33 3
0.516667 4 17 31 8
0.523333 6 18 29 7
0.53 4 22 29 3
0.536667 4 12 24 10
0.543333 2 4 36 5
0.55 2 19 33 3
0.556667 2 16 16 5
0.563333 2 17 20 7
0.57 2 10 18 3
0.576667 2 18 28 3
0.583333 5 18 25 4
0.59 2 8 16 10
0.596667 5 15 20 10
0.603333 7 16 25 5
0.61 0 15 23 5
0.616667 3 17 15 6
0.623333 0 20 22 4
0.63 3 16 27 4
0.636667 2 19 21 7
0.643333 1 9 22 4
0.65 3 9 20 4
0.656667 2 9 19 3
0.663333 60 635 1468 161
0.67 0 0 0 0
0.676667 0 0 0 0
0.683333 0 0 0 0
0.69 0 0 0 0
0.696667 0 0 0 0
0.703333 0 0 0 0
0.71 0 0 0 0
0.716667 0 0 0 0
0.723333 0 0 0 0
0.73 0 0 0 0
0.736667 0 0 0 0
0.743333 0 0 0 0
0.75 0 0 0 0
0.756667 0 0 0 0
0.763333 0 0 0 0
0.77 0 0 0 0
0.776667 0 0 0 0
0.783333 0 0 0 0
0.79 0 0 0 0
0.796667 0 0 0 0
0.803333 0 0 0 0
0.81 0 0 0 0
0.816667 0 0 0 0
0.823333 0 0 0 0
0.83 0 0 0 0
0.836667 0 0 0 0
0.843333 0 0 0 0
0.85 0 0 0 0
0.856667 0 0 0 0
0.863333 0 0 0 0
0.87 0 0 0 0
0.876667 0 0 0 0
0.883333 0 0 0 0
0.89 0 0 0 0
0.896667 0 0 0 0
0.903333 0 0 0 0
0.91 0 0 0 0
0.916667 0 0 0 0
0.923333 0 0 0 0
0.93 0 0 0 0
0.936667 0 0 0 0
0.943333 0 0 0 0
0.95 0 0 0 0
0.956667 0 0 0 0
0.963333 0 0 0 0
0.97 0 0 0 0
0.976667 0 0 0 0
0.983333 0 0 0 0
0.99 0 0 0 0
0.996667 0 0 0 0
1.00333 0 0 0 0
1.01 0 0 0 0
1.01667 0 0 0 0
1.02333 0 0 0 0
1.03 0 0 0 0
1.03667 0 0 0 0
1.04333 0 0 0 0
1.05 0 0 0 0
1.05667 0 0 0 0
1.06333 0 0 0 0
1.07 0 0 0 0
1.07667 0 0 0 0
1.08333 0 0 0 0
1.09 0 0 0 0
1.09667 0 0 0 0
1.10333 0 0 0 0
1.11 0 0 0 0
1.11667 0 0 0 0
1.12333 0 0 0 0
1.13 0 0 0 0
1.13667 0 0 0 0
1.14333 0 0 0 0
1.15 0 0 0 0
1.15667 0 0 0 0
1.16333 0 0 0 0
1.17 0 0 0 0
1.17667 0 0 0 0
1.18333 0 0 0 0
1.19 0 0 0 0
1.19667 0 0 0 0
1.20333 0 0 0 0
1.21 0 0 0 0
1.21667 0 0 0 0
1.22333 0 0 0 0
1.23 0 0 0 0
1.23667 0 0 0 0
1.24333 0 0 0 0
1.25 0 0 0 0
1.25667 0 0 0 0
1.26333 0 0 0 0
1.27 0 0 0 0
1.27667 0 0 0 0
1.28333 0 0 0 0
1.29 0 0 0 0
1.29667 0 0 0 0
1.30333 0 0 0 0
1.31 0 0 0 0
1.31667 0 0 0 0
1.32333 0 0 0 0
1.33 0 0 0 0
1.33667 0 0 0 0
1.34333 0 0 0 0
1.35 0 0 0 0
1.35667 0 0 0 0
1.36333 0 0 0 0
1.37 0 0 0 0
1.37667 0 0 0 0
1.38333 0 0 0 0
1.39 0 0 0 0
1.39667 0 0 0 0
1.40333 0 0 0 0
1.41 0 0 0 0
1.41667 0 0 0 0
1.42333 0 0 0 0
1.43 0 0 0 0
1.43667 0 0 0 0
1.44333 0 0 0 0
1.45 0 0 0 0
1.45667 0 0 0 0
1.46333 0 0 0 0
1.47 0 0 0 0
1.47667 0 0 0 0
1.48333 0 0 0 0
1.49 0 0 0 0
1.49667 0 0 0 0
1.50333 0 0 0 0
1.51 0 0 0 0
1.51667 0 0 0 0
1.52333 0 0 0 0
1.53 0 0 0 0
1.53667 0 0 0 0
1.54333 0 0 0 0
1.55 0 0 0 0
1.55667 0 0 0 0
1.56333 0 0 0 0
1.57 0 0 0 0
1.57667 0 0 0 0
1.58333 0 0 0 0
1.59 0 0 0 0
1.59667 0 0 0 0
1.60333 0 0 0 0
1.61 0 0 0 0
1.61667 0 0 0 0
1.62333 0 0 0 0
1.63 0 0 0 0
1.63667 0 0 0 0
1.64333 0 0 0 0
1.65 0 0 0 0
1.65667 0 0 0 0
1.66333 0 0 0 0
1.67 0 0 0 0
1.67667 0 0 0 0
1.68333 0 0 0 0
1.69 0 0 0 0
1.69667 0 0 0 0
1.70333 0 0 0 0
1.71 0 0 0 0
1.71667 0 0 0 0
1.72333 0 0 0 0
1.73 0 0 0 0
1.73667 0 0 0 0
1.74333 0 0 0 0
1.75 0 0 0 0
1.75667 0 0 0 0
1.76333 0 0 0 0
1.77 0 0 0 0
1.77667 0 0 0 0
1.78333 0 0 0 0
1.79 0 0 0 0
1.79667 0 0 0 0
1.80333 0 0 0 0
1.81 0 0 0 0
1.81667 0 0 0 0
1.82333 0 0 0 0
1.83 0 0 0 0
1.83667 0 0 0 0
1.84333 0 0 0 0
1.85 0 0 0 0
1.85667 0 0 0 0
1.86333 0 0 0 0
1.87 0 0 0 0
1.87667 0 0 0 0
1.88333 0 0 0 0
1.89 0 0 0 0
1.89667 0 0 0 0
1.90333 0 0 0 0
1.91 0 0 0 0
1.91667 0 0 0 0
1.92333 0 0 0 0
1.93 0 0 0 0
1.93667 0 0 0 0
1.94333 0 0 0 0
1.95 0 0 0 0
1.95667 0 0 0 0
1.96333 0 0 0 0
1.97 0 0 0 0
1.97667 0 0 0 0
1.98333 0 0 0 0
1.99 0 0 0 0
1.99667 0 0 0 0
