0.00333333 31 59 1 5
0.01 32 78 7 9
0.0166667 38 89 14 3
0.0233333 35 94 7 6
0.03 44 113 16 5
0.0366667 53 128 11 1
0.0433333 57 157 16 2
0.05 85 167 29 5
0.0566667 97 237 26 9
0.0633333 98 252 19 5
0.07 130 248 29 8
0.0766667 115 253 24 9
0.0833333 105 283 32 16
0.09 99 294 39 12
0.0966667 116 300 19 11
0.103333 140 274 27 7
0.11 101 279 30 8
0.116667 109 278 33 14
0.123333 111 275 23 10
0.13 104 268 24 8
0.136667 100 265 20 12
0.143333 106 244 17 12
0.15 109 247 20 15
0.156667 106 242 18 5
0.163333 99 217 14 8
0.17 81 230 16 10
0.176667 106 222 23 7
0.183333 108 235 17 14
0.19 102 251 14 9
0.196667 87 243 16 9
0.203333 87 218 16 7
0.21 100 219 20 14
0.216667 66 210 17 13
0.223333 89 199 22 12
0.23 59 195 8 5
0.236667 74 168 18 9
0.243333 46 189 13 3
0.25 76 153 12 7
0.256667 64 144 14 8
0.263333 56 162 15 8
0.27 51 140 5 6
0.276667 75 156 10 6
0.283333 53 116 10 3
0.29 38 155 7 6
0.296667 54 112 7 2
0.303333 44 123 15 5
0.31 50 118 8 5
0.316667 38 120 9 9
0.323333 40 107 7 2
0.33 45 101 8 6
0.336667 42 98 14 2
0.343333 32 98 12 7
0.35 43 98 14 4
0.356667 46 77 5 2
0.363333 48 104 9 2
0.37 39 92 6 3
0.376667 37 76 11 6
0.383333 44 83 7 5
0.39 30 91 10 1
0.396667 40 76 3 4
0.403333 27 91 10 8
0.41 40 80 5 1
0.416667 38 75 6 7
0.423333 30 91 13 2
0.43 31 56 3 4
0.436667 42 84 5 1
0.443333 34 71 12 7
0.45 42 83 5 2
0.456667 31 89 13 5
0.463333 32 76 9 9
0.47 37 98 7 4
0.476667 39 60 4 5
0.483333 24 56 5 5
0.49 22 52 4 4
0.496667 30 43 7 0
0.503333 27 44 7 4
0.51 18 43 6 2
0.516667 22 43 1 5
0.523333 21 49 6 0
0.53 19 48 2 2
0.536667 16 30 3 0
0.543333 27 34 3 3
0.55 18 37 5 2
0.556667 16 42 5 0
0.563333 17 39 2 2
0.57 14 39 7 4
0.576667 15 36 4 1
0.583333 18 33 5 2
0.59 12 32 6 4
0.596667 14 41 7 3
0.603333 18 20 5 4
0.61 16 35 3 2
0.616667 23 41 3 4
0.623333 19 39 6 5
0.63 22 35 2 1
0.636667 21 37 1 0
0.643333 14 37 2 1
0.65 16 29 6 5
0.656667 15 31 4 6
0.663333 1003 2561 118 110
0.67 0 0 0 0
0.676667 0 0 0 0
0.683333 0 0 0 0
0.69 0 0 0 0
0.696667 0 0 0 0
0.703333 0 0 0 0
0.71 0 0 0 0
0.716667 0 0 0 0
0.723333 0 0 0 0
0.73 0 0 0 0
0.736667 0 0 0 0
0.743333 0 0 0 0
0.75 0 0 0 0
0.756667 0 0 0 0
0.763333 0 0 0 0
0.77 0 0 0 0
0.776667 0 0 0 0
0.783333 0 0 0 0
0.79 0 0 0 0
0.796667 0 0 0 0
0.803333 0 0 0 0
0.81 0 0 0 0
0.816667 0 0 0 0
0.823333 0 0 0 0
0.83 0 0 0 0
0.836667 0 0 0 0
0.843333 0 0 0 0
0.85 0 0 0 0
0.856667 0 0 0 0
0.863333 0 0 0 0
0.87 0 0 0 0
0.876667 0 0 0 0
0.883333 0 0 0 0
0.89 0 0 0 0
0.896667 0 0 0 0
0.903333 0 0 0 0
0.91 0 0 0 0
0.916667 0 0 0 0
0.923333 0 0 0 0
0.93 0 0 0 0
0.936667 0 0 0 0
0.943333 0 0 0 0
0.95 0 0 0 0
0.956667 0 0 0 0
0.963333 0 0 0 0
0.97 0 0 0 0
0.976667 0 0 0 0
0.983333 0 0 0 0
0.99 0 0 0 0
0.996667 0 0 0 0
1.00333 0 0 0 0
1.01 0 0 0 0
1.01667 0 0 0 0
1.02333 0 0 0 0
1.03 0 0 0 0
1.03667 0 0 0 0
1.04333 0 0 0 0
1.05 0 0 0 0
1.05667 0 0 0 0
1.06333 0 0 0 0
1.07 0 0 0 0
1.07667 0 0 0 0
1.08333 0 0 0 0
1.09 0 0 0 0
1.09667 0 0 0 0
1.10333 0 0 0 0
1.11 0 0 0 0
1.11667 0 0 0 0
1.12333 0 0 0 0
1.13 0 0 0 0
1.13667 0 0 0 0
1.14333 0 0 0 0
1.15 0 0 0 0
1.15667 0 0 0 0
1.16333 0 0 0 0
1.17 0 0 0 0
1.17667 0 0 0 0
1.18333 0 0 0 0
1.19 0 0 0 0
1.19667 0 0 0 0
1.20333 0 0 0 0
1.21 0 0 0 0
1.21667 0 0 0 0
1.22333 0 0 0 0
1.23 0 0 0 0
1.23667 0 0 0 0
1.24333 0 0 0 0
1.25 0 0 0 0
1.25667 0 0 0 0
1.26333 0 0 0 0
1.27 0 0 0 0
1.27667 0 0 0 0
1.28333 0 0 0 0
1.29 0 0 0 0
1.29667 0 0 0 0
1.30333 0 0 0 0
1.31 0 0 0 0
1.31667 0 0 0 0
1.32333 0 0 0 0
1.33 0 0 0 0
1.33667 0 0 0 0
1.34333 0 0 0 0
1.35 0 0 0 0
1.35667 0 0 0 0
1.36333 0 0 0 0
1.37 0 0 0 0
1.37667 0 0 0 0
1.38333 0 0 0 0
1.39 0 0 0 0
1.39667 0 0 0 0
1.40333 0 0 0 0
1.41 0 0 0 0
1.41667 0 0 0 0
1.42333 0 0 0 0
1.43 0 0 0 0
1.43667 0 0 0 0
1.44333 0 0 0 0
1.45 0 0 0 0
1.45667 0 0 0 0
1.46333 0 0 0 0
1.47 0 0 0 0
1.47667 0 0 0 0
1.48333 0 0 0 0
1.49 0 0 0 0
1.49667 0 0 0 0
1.50333 0 0 0 0
1.51 0 0 0 0
1.51667 0 0 0 0
1.52333 0 0 0 0
1.53 0 0 0 0
1.53667 0 0 0 0
1.54333 0 0 0 0
1.55 0 0 0 0
1.55667 0 0 0 0
1.56333 0 0 0 0
1.57 0 0 0 0
1.57667 0 0 0 0
1.58333 0 0 0 0
1.59 0 0 0 0
1.59667 0 0 0 0
1.60333 0 0 0 0
1.61 0 0 0 0
1.61667 0 0 0 0
1.62333 0 0 0 0
1.63 0 0 0 0
1.63667 0 0 0 0
1.64333 0 0 0 0
1.65 0 0 0 0
1.65667 0 0 0 0
1.66333 0 0 0 0
1.67 0 0 0 0
1.67667 0 0 0 0
1.68333 0 0 0 0
1.69 0 0 0 0
1.69667 0 0 0 0
1.70333 0 0 0 0
1.71 0 0 0 0
1.71667 0 0 0 0
1.72333 0 0 0 0
1.73 0 0 0 0
1.73667 0 0 0 0
1.74333 0 0 0 0
1.75 0 0 0 0
1.75667 0 0 0 0
1.76333 0 0 0 0
1.77 0 0 0 0
1.77667 0 0 0 0
1.78333 0 0 0 0
1.79 0 0 0 0
1.79667 0 0 0 0
1.80333 0 0 0 0
1.81 0 0 0 0
1.81667 0 0 0 0
1.82333 0 0 0 0
1.83 0 0 0 0
1.83667 0 0 0 0
1.84333 0 0 0 0
1.85 0 0 0 0
1.85667 0 0 0 0
1.86333 0 0 0 0
1.87 0 0 0 0
1.87667 0 0 0 0
1.88333 0 0 0 0
1.89 0 0 0 0
1.89667 0 0 0 0
1.90333 0 0 0 0
1.91 0 0 0 0
1.91667 0 0 0 0
1.92333 0 0 0 0
1.93 0 0 0 0
1.93667 0 0 0 0
1.94333 0 0 0 0
1.95 0 0 0 0
1.95667 0 0 0 0
1.96333 0 0 0 0
1.97 0 0 0 0
1.97667 0 0 0 0
1.98333 0 0 0 0
1.99 0 0 0 0
1.99667 0 0 0 0
