0.00333333 78 34 1 1
0.01 112 45 1 2
0.0166667 112 56 6 1
0.0233333 107 57 1 4
0.03 125 77 5 3
0.0366667 129 82 4 2
0.0433333 145 100 7 4
0.05 183 134 6 3
0.0566667 212 167 6 5
0.0633333 237 143 5 5
0.07 241 154 8 3
0.0766667 286 184 8 2
0.0833333 281 171 6 6
0.09 288 183 12 3
0.0966667 283 163 7 6
0.103333 279 145 11 6
0.11 305 141 10 6
0.116667 317 189 12 5
0.123333 328 143 7 7
0.13 282 180 10 5
0.136667 309 144 7 5
0.143333 317 151 5 6
0.15 289 147 8 6
0.156667 289 139 9 5
0.163333 261 128 6 3
0.17 284 115 8 4
0.176667 280 141 3 5
0.183333 305 149 3 2
0.19 357 146 9 6
0.196667 313 133 5 3
0.203333 286 111 6 8
0.21 303 106 3 4
0.216667 285 119 4 7
0.223333 262 100 9 9
0.23 251 107 4 5
0.236667 210 102 4 4
0.243333 215 80 6 7
0.25 219 105 5 4
0.256667 177 89 2 10
0.263333 182 82 4 6
0.27 174 96 3 5
0.276667 181 74 7 3
0.283333 154 92 6 2
0.29 150 70 2 4
0.296667 156 73 2 4
0.303333 159 75 7 2
0.31 144 56 2 5
0.316667 140 88 2 1
0.323333 164 58 5 1
0.33 121 68 7 5
0.336667 130 51 8 3
0.343333 117 65 1 1
0.35 115 54 8 3
0.356667 118 58 5 2
0.363333 105 53 2 1
0.37 103 65 2 3
0.376667 124 57 5 3
0.383333 105 51 3 2
0.39 114 47 4 1
0.396667 104 46 0 2
0.403333 121 59 3 4
0.41 117 48 3 4
0.416667 93 65 3 3
0.423333 110 51 2 2
0.43 124 57 3 1
0.436667 91 54 1 2
0.443333 107 43 2 2
0.45 108 41 4 3
0.456667 105 56 1 2
0.463333 106 40 2 2
0.47 99 60 0 0
0.476667 83 42 2 2
0.483333 69 27 5 4
0.49 59 39 6 5
0.496667 58 38 5 2
0.503333 56 31 2 1
0.51 50 32 4 0
0.516667 67 34 5 1
0.523333 60 37 3 3
0.53 43 25 1 1
0.536667 56 35 0 0
0.543333 43 25 2 0
0.55 38 25 0 3
0.556667 44 20 5 1
0.563333 27 27 3 1
0.57 33 25 3 2
0.576667 42 23 2 2
0.583333 39 42 1 1
0.59 37 20 0 1
0.596667 45 21 0 3
0.603333 28 23 3 1
0.61 42 19 5 5
0.616667 53 22 2 3
0.623333 41 23 0 2
0.63 46 24 0 2
0.636667 57 23 0 1
0.643333 40 33 1 0
0.65 28 18 1 2
0.656667 29 21 5 3
0.663333 4163 1335 33 77
0.67 0 0 0 0
0.676667 0 0 0 0
0.683333 0 0 0 0
0.69 0 0 0 0
0.696667 0 0 0 0
0.703333 0 0 0 0
0.71 0 0 0 0
0.716667 0 0 0 0
0.723333 0 0 0 0
0.73 0 0 0 0
0.736667 0 0 0 0
0.743333 0 0 0 0
0.75 0 0 0 0
0.756667 0 0 0 0
0.763333 0 0 0 0
0.77 0 0 0 0
0.776667 0 0 0 0
0.783333 0 0 0 0
0.79 0 0 0 0
0.796667 0 0 0 0
0.803333 0 0 0 0
0.81 0 0 0 0
0.816667 0 0 0 0
0.823333 0 0 0 0
0.83 0 0 0 0
0.836667 0 0 0 0
0.843333 0 0 0 0
0.85 0 0 0 0
0.856667 0 0 0 0
0.863333 0 0 0 0
0.87 0 0 0 0
0.876667 0 0 0 0
0.883333 0 0 0 0
0.89 0 0 0 0
0.896667 0 0 0 0
0.903333 0 0 0 0
0.91 0 0 0 0
0.916667 0 0 0 0
0.923333 0 0 0 0
0.93 0 0 0 0
0.936667 0 0 0 0
0.943333 0 0 0 0
0.95 0 0 0 0
0.956667 0 0 0 0
0.963333 0 0 0 0
0.97 0 0 0 0
0.976667 0 0 0 0
0.983333 0 0 0 0
0.99 0 0 0 0
0.996667 0 0 0 0
1.00333 0 0 0 0
1.01 0 0 0 0
1.01667 0 0 0 0
1.02333 0 0 0 0
1.03 0 0 0 0
1.03667 0 0 0 0
1.04333 0 0 0 0
1.05 0 0 0 0
1.05667 0 0 0 0
1.06333 0 0 0 0
1.07 0 0 0 0
1.07667 0 0 0 0
1.08333 0 0 0 0
1.09 0 0 0 0
1.09667 0 0 0 0
1.10333 0 0 0 0
1.11 0 0 0 0
1.11667 0 0 0 0
1.12333 0 0 0 0
1.13 0 0 0 0
1.13667 0 0 0 0
1.14333 0 0 0 0
1.15 0 0 0 0
1.15667 0 0 0 0
1.16333 0 0 0 0
1.17 0 0 0 0
1.17667 0 0 0 0
1.18333 0 0 0 0
1.19 0 0 0 0
1.19667 0 0 0 0
1.20333 0 0 0 0
1.21 0 0 0 0
1.21667 0 0 0 0
1.22333 0 0 0 0
1.23 0 0 0 0
1.23667 0 0 0 0
1.24333 0 0 0 0
1.25 0 0 0 0
1.25667 0 0 0 0
1.26333 0 0 0 0
1.27 0 0 0 0
1.27667 0 0 0 0
1.28333 0 0 0 0
1.29 0 0 0 0
1.29667 0 0 0 0
1.30333 0 0 0 0
1.31 0 0 0 0
1.31667 0 0 0 0
1.32333 0 0 0 0
1.33 0 0 0 0
1.33667 0 0 0 0
1.34333 0 0 0 0
1.35 0 0 0 0
1.35667 0 0 0 0
1.36333 0 0 0 0
1.37 0 0 0 0
1.37667 0 0 0 0
1.38333 0 0 0 0
1.39 0 0 0 0
1.39667 0 0 0 0
1.40333 0 0 0 0
1.41 0 0 0 0
1.41667 0 0 0 0
1.42333 0 0 0 0
1.43 0 0 0 0
1.43667 0 0 0 0
1.44333 0 0 0 0
1.45 0 0 0 0
1.45667 0 0 0 0
1.46333 0 0 0 0
1.47 0 0 0 0
1.47667 0 0 0 0
1.48333 0 0 0 0
1.49 0 0 0 0
1.49667 0 0 0 0
1.50333 0 0 0 0
1.51 0 0 0 0
1.51667 0 0 0 0
1.52333 0 0 0 0
1.53 0 0 0 0
1.53667 0 0 0 0
1.54333 0 0 0 0
1.55 0 0 0 0
1.55667 0 0 0 0
1.56333 0 0 0 0
1.57 0 0 0 0
1.57667 0 0 0 0
1.58333 0 0 0 0
1.59 0 0 0 0
1.59667 0 0 0 0
1.60333 0 0 0 0
1.61 0 0 0 0
1.61667 0 0 0 0
1.62333 0 0 0 0
1.63 0 0 0 0
1.63667 0 0 0 0
1.64333 0 0 0 0
1.65 0 0 0 0
1.65667 0 0 0 0
1.66333 0 0 0 0
1.67 0 0 0 0
1.67667 0 0 0 0
1.68333 0 0 0 0
1.69 0 0 0 0
1.69667 0 0 0 0
1.70333 0 0 0 0
1.71 0 0 0 0
1.71667 0 0 0 0
1.72333 0 0 0 0
1.73 0 0 0 0
1.73667 0 0 0 0
1.74333 0 0 0 0
1.75 0 0 0 0
1.75667 0 0 0 0
1.76333 0 0 0 0
1.77 0 0 0 0
1.77667 0 0 0 0
1.78333 0 0 0 0
1.79 0 0 0 0
1.79667 0 0 0 0
1.80333 0 0 0 0
1.81 0 0 0 0
1.81667 0 0 0 0
1.82333 0 0 0 0
1.83 0 0 0 0
1.83667 0 0 0 0
1.84333 0 0 0 0
1.85 0 0 0 0
1.85667 0 0 0 0
1.86333 0 0 0 0
1.87 0 0 0 0
1.87667 0 0 0 0
1.88333 0 0 0 0
1.89 0 0 0 0
1.89667 0 0 0 0
1.90333 0 0 0 0
1.91 0 0 0 0
1.91667 0 0 0 0
1.92333 0 0 0 0
1.93 0 0 0 0
1.93667 0 0 0 0
1.94333 0 0 0 0
1.95 0 0 0 0
1.95667 0 0 0 0
1.96333 0 0 0 0
1.97 0 0 0 0
1.97667 0 0 0 0
1.98333 0 0 0 0
1.99 0 0 0 0
1.99667 0 0 0 0
