0.00333333 7 29 31 5
0.01 4 30 31 8
0.0166667 6 31 30 10
0.0233333 12 31 47 7
0.03 10 33 35 12
0.0366667 10 48 45 11
0.0433333 9 73 64 20
0.05 26 76 89 24
0.0566667 20 97 101 23
0.0633333 28 113 106 20
0.07 29 136 123 33
0.0766667 27 138 157 31
0.0833333 25 128 122 32
0.09 23 126 133 36
0.0966667 29 137 126 32
0.103333 27 111 141 24
0.11 21 117 117 29
0.116667 32 110 135 27
0.123333 26 136 115 20
0.13 28 113 128 19
0.136667 24 102 101 32
0.143333 23 111 96 19
0.15 22 91 107 20
0.156667 18 89 97 22
0.163333 15 75 89 21
0.17 23 81 90 24
0.176667 20 103 94 16
0.183333 17 96 85 32
0.19 14 85 94 18
0.196667 23 100 88 23
0.203333 12 95 84 16
0.21 12 87 79 14
0.216667 14 67 79 18
0.223333 13 63 73 14
0.23 16 83 64 14
0.236667 13 72 68 15
0.243333 9 59 66 9
0.25 18 82 61 18
0.256667 15 48 71 15
0.263333 8 54 51 18
0.27 11 51 66 11
0.276667 10 51 43 9
0.283333 13 43 49 8
0.29 10 51 52 6
0.296667 7 41 47 22
0.303333 8 49 49 20
0.31 6 52 35 11
0.316667 14 44 45 8
0.323333 11 48 55 5
0.33 17 40 41 9
0.336667 10 49 40 11
0.343333 10 42 45 7
0.35 10 25 50 9
0.356667 9 40 36 12
0.363333 12 39 33 8
0.37 8 36 30 11
0.376667 7 42 35 10
0.383333 13 34 35 12
0.39 9 31 34 7
0.396667 8 29 28 9
0.403333 4 28 45 11
0.41 9 25 36 9
0.416667 10 31 43 10
0.423333 13 30 34 5
0.43 10 38 33 12
0.436667 10 37 40 8
0.443333 6 29 27 10
0.45 13 33 32 10
0.456667 7 25 30 14
0.463333 11 37 26 3
0.47 8 25 32 11
0.476667 12 22 29 6
0.483333 7 19 25 11
0.49 3 19 14 5
0.496667 5 23 24 4
0.503333 9 16 19 2
0.51 4 17 18 7
0.516667 6 24 14 11
0.523333 5 16 18 6
0.53 1 25 20 4
0.536667 5 15 14 7
0.543333 4 14 14 6
0.55 5 20 16 2
0.556667 4 24 19 4
0.563333 8 19 13 5
0.57 2 19 13 7
0.576667 4 17 12 4
0.583333 8 17 22 3
0.59 2 21 11 2
0.596667 3 15 20 6
0.603333 3 14 14 3
0.61 3 17 13 4
0.616667 3 8 17 6
0.623333 2 15 13 4
0.63 3 15 9 4
0.636667 3 20 19 3
0.643333 4 14 14 4
0.65 6 16 12 5
0.656667 2 12 11 5
0.663333 130 669 731 109
0.67 0 0 0 0
0.676667 0 0 0 0
0.683333 0 0 0 0
0.69 0 0 0 0
0.696667 0 0 0 0
0.703333 0 0 0 0
0.71 0 0 0 0
0.716667 0 0 0 0
0.723333 0 0 0 0
0.73 0 0 0 0
0.736667 0 0 0 0
0.743333 0 0 0 0
0.75 0 0 0 0
0.756667 0 0 0 0
0.763333 0 0 0 0
0.77 0 0 0 0
0.776667 0 0 0 0
0.783333 0 0 0 0
0.79 0 0 0 0
0.796667 0 0 0 0
0.803333 0 0 0 0
0.81 0 0 0 0
0.816667 0 0 0 0
0.823333 0 0 0 0
0.83 0 0 0 0
0.836667 0 0 0 0
0.843333 0 0 0 0
0.85 0 0 0 0
0.856667 0 0 0 0
0.863333 0 0 0 0
0.87 0 0 0 0
0.876667 0 0 0 0
0.883333 0 0 0 0
0.89 0 0 0 0
0.896667 0 0 0 0
0.903333 0 0 0 0
0.91 0 0 0 0
0.916667 0 0 0 0
0.923333 0 0 0 0
0.93 0 0 0 0
0.936667 0 0 0 0
0.943333 0 0 0 0
0.95 0 0 0 0
0.956667 0 0 0 0
0.963333 0 0 0 0
0.97 0 0 0 0
0.976667 0 0 0 0
0.983333 0 0 0 0
0.99 0 0 0 0
0.996667 0 0 0 0
1.00333 0 0 0 0
1.01 0 0 0 0
1.01667 0 0 0 0
1.02333 0 0 0 0
1.03 0 0 0 0
1.03667 0 0 0 0
1.04333 0 0 0 0
1.05 0 0 0 0
1.05667 0 0 0 0
1.06333 0 0 0 0
1.07 0 0 0 0
1.07667 0 0 0 0
1.08333 0 0 0 0
1.09 0 0 0 0
1.09667 0 0 0 0
1.10333 0 0 0 0
1.11 0 0 0 0
1.11667 0 0 0 0
1.12333 0 0 0 0
1.13 0 0 0 0
1.13667 0 0 0 0
1.14333 0 0 0 0
1.15 0 0 0 0
1.15667 0 0 0 0
1.16333 0 0 0 0
1.17 0 0 0 0
1.17667 0 0 0 0
1.18333 0 0 0 0
1.19 0 0 0 0
1.19667 0 0 0 0
1.20333 0 0 0 0
1.21 0 0 0 0
1.21667 0 0 0 0
1.22333 0 0 0 0
1.23 0 0 0 0
1.23667 0 0 0 0
1.24333 0 0 0 0
1.25 0 0 0 0
1.25667 0 0 0 0
1.26333 0 0 0 0
1.27 0 0 0 0
1.27667 0 0 0 0
1.28333 0 0 0 0
1.29 0 0 0 0
1.29667 0 0 0 0
1.30333 0 0 0 0
1.31 0 0 0 0
1.31667 0 0 0 0
1.32333 0 0 0 0
1.33 0 0 0 0
1.33667 0 0 0 0
1.34333 0 0 0 0
1.35 0 0 0 0
1.35667 0 0 0 0
1.36333 0 0 0 0
1.37 0 0 0 0
1.37667 0 0 0 0
1.38333 0 0 0 0
1.39 0 0 0 0
1.39667 0 0 0 0
1.40333 0 0 0 0
1.41 0 0 0 0
1.41667 0 0 0 0
1.42333 0 0 0 0
1.43 0 0 0 0
1.43667 0 0 0 0
1.44333 0 0 0 0
1.45 0 0 0 0
1.45667 0 0 0 0
1.46333 0 0 0 0
1.47 0 0 0 0
1.47667 0 0 0 0
1.48333 0 0 0 0
1.49 0 0 0 0
1.49667 0 0 0 0
1.50333 0 0 0 0
1.51 0 0 0 0
1.51667 0 0 0 0
1.52333 0 0 0 0
1.53 0 0 0 0
1.53667 0 0 0 0
1.54333 0 0 0 0
1.55 0 0 0 0
1.55667 0 0 0 0
1.56333 0 0 0 0
1.57 0 0 0 0
1.57667 0 0 0 0
1.58333 0 0 0 0
1.59 0 0 0 0
1.59667 0 0 0 0
1.60333 0 0 0 0
1.61 0 0 0 0
1.61667 0 0 0 0
1.62333 0 0 0 0
1.63 0 0 0 0
1.63667 0 0 0 0
1.64333 0 0 0 0
1.65 0 0 0 0
1.65667 0 0 0 0
1.66333 0 0 0 0
1.67 0 0 0 0
1.67667 0 0 0 0
1.68333 0 0 0 0
1.69 0 0 0 0
1.69667 0 0 0 0
1.70333 0 0 0 0
1.71 0 0 0 0
1.71667 0 0 0 0
1.72333 0 0 0 0
1.73 0 0 0 0
1.73667 0 0 0 0
1.74333 0 0 0 0
1.75 0 0 0 0
1.75667 0 0 0 0
1.76333 0 0 0 0
1.77 0 0 0 0
1.77667 0 0 0 0
1.78333 0 0 0 0
1.79 0 0 0 0
1.79667 0 0 0 0
1.80333 0 0 0 0
1.81 0 0 0 0
1.81667 0 0 0 0
1.82333 0 0 0 0
1.83 0 0 0 0
1.83667 0 0 0 0
1.84333 0 0 0 0
1.85 0 0 0 0
1.85667 0 0 0 0
1.86333 0 0 0 0
1.87 0 0 0 0
1.87667 0 0 0 0
1.88333 0 0 0 0
1.89 0 0 0 0
1.89667 0 0 0 0
1.90333 0 0 0 0
1.91 0 0 0 0
1.91667 0 0 0 0
1.92333 0 0 0 0
1.93 0 0 0 0
1.93667 0 0 0 0
1.94333 0 0 0 0
1.95 0 0 0 0
1.95667 0 0 0 0
1.96333 0 0 0 0
1.97 0 0 0 0
1.97667 0 0 0 0
1.98333 0 0 0 0
1.99 0 0 0 0
1.99667 0 0 0 0
