0.00333333 25 23 6 6
0.01 31 24 9 4
0.0166667 23 32 12 3
0.0233333 33 29 9 5
0.03 18 34 10 4
0.0366667 21 47 15 9
0.0433333 39 42 17 5
0.05 42 62 14 8
0.0566667 51 85 19 13
0.0633333 51 94 22 10
0.07 52 106 23 15
0.0766667 61 90 30 9
0.0833333 51 91 15 10
0.09 56 92 26 12
0.0966667 68 102 32 11
0.103333 72 93 20 13
0.11 71 103 24 11
0.116667 68 74 29 13
0.123333 59 75 22 9
0.13 47 76 19 11
0.136667 53 58 27 8
0.143333 45 89 14 11
0.15 51 58 15 14
0.156667 55 68 17 6
0.163333 64 58 25 4
0.17 44 59 14 14
0.176667 45 54 18 3
0.183333 62 55 22 14
0.19 57 75 21 16
0.196667 55 61 16 15
0.203333 64 42 14 17
0.21 60 35 11 11
0.216667 63 44 7 9
0.223333 50 43 16 16
0.23 48 46 21 13
0.236667 42 34 14 5
0.243333 44 44 15 12
0.25 38 43 13 10
0.256667 42 43 12 7
0.263333 41 39 13 5
0.27 35 36 17 10
0.276667 49 40 16 9
0.283333 40 32 10 5
0.29 36 47 15 4
0.296667 32 34 13 1
0.303333 30 31 9 4
0.31 33 25 8 11
0.316667 41 31 7 7
0.323333 26 31 14 5
0.33 31 24 9 7
0.336667 33 39 8 5
0.343333 33 30 7 6
0.35 19 33 13 2
0.356667 19 35 12 6
0.363333 24 29 12 3
0.37 29 26 11 6
0.376667 26 24 12 3
0.383333 19 22 5 7
0.39 27 26 10 7
0.396667 27 27 10 10
0.403333 33 27 9 5
0.41 23 25 4 8
0.416667 23 23 7 3
0.423333 26 18 14 6
0.43 20 23 7 3
0.436667 23 23 4 5
0.443333 27 24 15 4
0.45 20 19 9 8
0.456667 23 21 7 11
0.463333 27 27 5 4
0.47 22 15 6 5
0.476667 15 26 9 8
0.483333 13 18 3 2
0.49 19 14 9 5
0.496667 15 15 9 4
0.503333 15 14 9 1
0.51 15 23 4 6
0.516667 10 11 6 2
0.523333 12 11 4 2
0.53 14 16 6 3
0.536667 17 11 4 5
0.543333 5 10 8 3
0.55 15 6 11 2
0.556667 14 12 2 4
0.563333 13 19 1 3
0.57 12 5 4 3
0.576667 13 19 3 2
0.583333 13 13 0 2
0.59 12 15 5 2
0.596667 19 8 5 3
0.603333 16 9 5 6
0.61 14 13 5 6
0.616667 16 18 4 3
0.623333 12 18 4 6
0.63 7 6 1 3
0.636667 10 22 6 6
0.643333 10 14 6 3
0.65 15 15 6 5
0.656667 12 4 1 3
0.663333 694 422 130 129
0.67 0 0 0 0
0.676667 0 0 0 0
0.683333 0 0 0 0
0.69 0 0 0 0
0.696667 0 0 0 0
0.703333 0 0 0 0
0.71 0 0 0 0
0.716667 0 0 0 0
0.723333 0 0 0 0
0.73 0 0 0 0
0.736667 0 0 0 0
0.743333 0 0 0 0
0.75 0 0 0 0
0.756667 0 0 0 0
0.763333 0 0 0 0
0.77 0 0 0 0
0.776667 0 0 0 0
0.783333 0 0 0 0
0.79 0 0 0 0
0.796667 0 0 0 0
0.803333 0 0 0 0
0.81 0 0 0 0
0.816667 0 0 0 0
0.823333 0 0 0 0
0.83 0 0 0 0
0.836667 0 0 0 0
0.843333 0 0 0 0
0.85 0 0 0 0
0.856667 0 0 0 0
0.863333 0 0 0 0
0.87 0 0 0 0
0.876667 0 0 0 0
0.883333 0 0 0 0
0.89 0 0 0 0
0.896667 0 0 0 0
0.903333 0 0 0 0
0.91 0 0 0 0
0.916667 0 0 0 0
0.923333 0 0 0 0
0.93 0 0 0 0
0.936667 0 0 0 0
0.943333 0 0 0 0
0.95 0 0 0 0
0.956667 0 0 0 0
0.963333 0 0 0 0
0.97 0 0 0 0
0.976667 0 0 0 0
0.983333 0 0 0 0
0.99 0 0 0 0
0.996667 0 0 0 0
1.00333 0 0 0 0
1.01 0 0 0 0
1.01667 0 0 0 0
1.02333 0 0 0 0
1.03 0 0 0 0
1.03667 0 0 0 0
1.04333 0 0 0 0
1.05 0 0 0 0
1.05667 0 0 0 0
1.06333 0 0 0 0
1.07 0 0 0 0
1.07667 0 0 0 0
1.08333 0 0 0 0
1.09 0 0 0 0
1.09667 0 0 0 0
1.10333 0 0 0 0
1.11 0 0 0 0
1.11667 0 0 0 0
1.12333 0 0 0 0
1.13 0 0 0 0
1.13667 0 0 0 0
1.14333 0 0 0 0
1.15 0 0 0 0
1.15667 0 0 0 0
1.16333 0 0 0 0
1.17 0 0 0 0
1.17667 0 0 0 0
1.18333 0 0 0 0
1.19 0 0 0 0
1.19667 0 0 0 0
1.20333 0 0 0 0
1.21 0 0 0 0
1.21667 0 0 0 0
1.22333 0 0 0 0
1.23 0 0 0 0
1.23667 0 0 0 0
1.24333 0 0 0 0
1.25 0 0 0 0
1.25667 0 0 0 0
1.26333 0 0 0 0
1.27 0 0 0 0
1.27667 0 0 0 0
1.28333 0 0 0 0
1.29 0 0 0 0
1.29667 0 0 0 0
1.30333 0 0 0 0
1.31 0 0 0 0
1.31667 0 0 0 0
1.32333 0 0 0 0
1.33 0 0 0 0
1.33667 0 0 0 0
1.34333 0 0 0 0
1.35 0 0 0 0
1.35667 0 0 0 0
1.36333 0 0 0 0
1.37 0 0 0 0
1.37667 0 0 0 0
1.38333 0 0 0 0
1.39 0 0 0 0
1.39667 0 0 0 0
1.40333 0 0 0 0
1.41 0 0 0 0
1.41667 0 0 0 0
1.42333 0 0 0 0
1.43 0 0 0 0
1.43667 0 0 0 0
1.44333 0 0 0 0
1.45 0 0 0 0
1.45667 0 0 0 0
1.46333 0 0 0 0
1.47 0 0 0 0
1.47667 0 0 0 0
1.48333 0 0 0 0
1.49 0 0 0 0
1.49667 0 0 0 0
1.50333 0 0 0 0
1.51 0 0 0 0
1.51667 0 0 0 0
1.52333 0 0 0 0
1.53 0 0 0 0
1.53667 0 0 0 0
1.54333 0 0 0 0
1.55 0 0 0 0
1.55667 0 0 0 0
1.56333 0 0 0 0
1.57 0 0 0 0
1.57667 0 0 0 0
1.58333 0 0 0 0
1.59 0 0 0 0
1.59667 0 0 0 0
1.60333 0 0 0 0
1.61 0 0 0 0
1.61667 0 0 0 0
1.62333 0 0 0 0
1.63 0 0 0 0
1.63667 0 0 0 0
1.64333 0 0 0 0
1.65 0 0 0 0
1.65667 0 0 0 0
1.66333 0 0 0 0
1.67 0 0 0 0
1.67667 0 0 0 0
1.68333 0 0 0 0
1.69 0 0 0 0
1.69667 0 0 0 0
1.70333 0 0 0 0
1.71 0 0 0 0
1.71667 0 0 0 0
1.72333 0 0 0 0
1.73 0 0 0 0
1.73667 0 0 0 0
1.74333 0 0 0 0
1.75 0 0 0 0
1.75667 0 0 0 0
1.76333 0 0 0 0
1.77 0 0 0 0
1.77667 0 0 0 0
1.78333 0 0 0 0
1.79 0 0 0 0
1.79667 0 0 0 0
1.80333 0 0 0 0
1.81 0 0 0 0
1.81667 0 0 0 0
1.82333 0 0 0 0
1.83 0 0 0 0
1.83667 0 0 0 0
1.84333 0 0 0 0
1.85 0 0 0 0
1.85667 0 0 0 0
1.86333 0 0 0 0
1.87 0 0 0 0
1.87667 0 0 0 0
1.88333 0 0 0 0
1.89 0 0 0 0
1.89667 0 0 0 0
1.90333 0 0 0 0
1.91 0 0 0 0
1.91667 0 0 0 0
1.92333 0 0 0 0
1.93 0 0 0 0
1.93667 0 0 0 0
1.94333 0 0 0 0
1.95 0 0 0 0
1.95667 0 0 0 0
1.96333 0 0 0 0
1.97 0 0 0 0
1.97667 0 0 0 0
1.98333 0 0 0 0
1.99 0 0 0 0
1.99667 0 0 0 0
