0.00333333 71 60 1 1
0.01 86 72 1 0
0.0166667 79 80 3 2
0.0233333 106 65 4 2
0.03 99 69 2 1
0.0366667 138 89 6 2
0.0433333 152 124 4 1
0.05 201 146 3 1
0.0566667 200 146 6 5
0.0633333 235 172 6 2
0.07 259 181 5 1
0.0766667 251 214 2 2
0.0833333 282 215 7 4
0.09 311 191 8 3
0.0966667 302 233 5 2
0.103333 290 219 3 5
0.11 288 179 5 3
0.116667 325 206 7 4
0.123333 340 209 11 1
0.13 285 206 3 3
0.136667 261 178 8 4
0.143333 304 165 7 4
0.15 251 170 5 2
0.156667 257 170 2 2
0.163333 265 172 5 3
0.17 221 164 6 2
0.176667 223 158 3 2
0.183333 256 196 3 1
0.19 265 188 4 5
0.196667 309 218 4 1
0.203333 254 172 6 2
0.21 256 163 7 3
0.216667 237 168 2 1
0.223333 223 157 6 5
0.23 207 127 7 3
0.236667 203 161 4 3
0.243333 185 140 5 2
0.25 189 135 6 4
0.256667 174 126 1 2
0.263333 139 95 3 2
0.27 155 119 1 2
0.276667 153 112 2 1
0.283333 154 99 2 0
0.29 163 98 3 2
0.296667 130 99 1 2
0.303333 140 113 4 0
0.31 142 100 4 2
0.316667 140 87 3 3
0.323333 122 88 3 5
0.33 115 102 4 1
0.336667 125 86 3 1
0.343333 105 92 4 1
0.35 114 90 2 1
0.356667 118 87 7 0
0.363333 110 82 2 0
0.37 83 77 4 2
0.376667 99 82 7 1
0.383333 106 67 5 1
0.39 101 75 3 1
0.396667 109 73 1 2
0.403333 101 74 4 0
0.41 98 69 2 1
0.416667 93 68 1 3
0.423333 90 66 1 0
0.43 117 49 4 2
0.436667 91 72 3 2
0.443333 97 51 2 2
0.45 87 51 2 0
0.456667 91 72 0 0
0.463333 101 56 4 1
0.47 102 57 1 1
0.476667 86 68 3 2
0.483333 54 48 1 2
0.49 61 48 1 2
0.496667 46 32 2 1
0.503333 59 52 1 1
0.51 48 34 1 0
0.516667 29 26 2 0
0.523333 46 36 2 1
0.53 43 36 2 0
0.536667 49 32 0 2
0.543333 52 30 1 2
0.55 58 31 0 0
0.556667 44 16 2 1
0.563333 38 21 1 1
0.57 35 34 1 2
0.576667 51 24 1 3
0.583333 44 37 1 1
0.59 44 29 1 0
0.596667 37 35 0 0
0.603333 33 29 2 2
0.61 49 28 0 2
0.616667 44 31 3 3
0.623333 52 28 2 2
0.63 41 39 3 0
0.636667 54 37 1 2
0.643333 37 31 0 0
0.65 45 30 0 1
0.656667 38 21 3 2
0.663333 3284 2274 31 40
0.67 0 0 0 0
0.676667 0 0 0 0
0.683333 0 0 0 0
0.69 0 0 0 0
0.696667 0 0 0 0
0.703333 0 0 0 0
0.71 0 0 0 0
0.716667 0 0 0 0
0.723333 0 0 0 0
0.73 0 0 0 0
0.736667 0 0 0 0
0.743333 0 0 0 0
0.75 0 0 0 0
0.756667 0 0 0 0
0.763333 0 0 0 0
0.77 0 0 0 0
0.776667 0 0 0 0
0.783333 0 0 0 0
0.79 0 0 0 0
0.796667 0 0 0 0
0.803333 0 0 0 0
0.81 0 0 0 0
0.816667 0 0 0 0
0.823333 0 0 0 0
0.83 0 0 0 0
0.836667 0 0 0 0
0.843333 0 0 0 0
0.85 0 0 0 0
0.856667 0 0 0 0
0.863333 0 0 0 0
0.87 0 0 0 0
0.876667 0 0 0 0
0.883333 0 0 0 0
0.89 0 0 0 0
0.896667 0 0 0 0
0.903333 0 0 0 0
0.91 0 0 0 0
0.916667 0 0 0 0
0.923333 0 0 0 0
0.93 0 0 0 0
0.936667 0 0 0 0
0.943333 0 0 0 0
0.95 0 0 0 0
0.956667 0 0 0 0
0.963333 0 0 0 0
0.97 0 0 0 0
0.976667 0 0 0 0
0.983333 0 0 0 0
0.99 0 0 0 0
0.996667 0 0 0 0
1.00333 0 0 0 0
1.01 0 0 0 0
1.01667 0 0 0 0
1.02333 0 0 0 0
1.03 0 0 0 0
1.03667 0 0 0 0
1.04333 0 0 0 0
1.05 0 0 0 0
1.05667 0 0 0 0
1.06333 0 0 0 0
1.07 0 0 0 0
1.07667 0 0 0 0
1.08333 0 0 0 0
1.09 0 0 0 0
1.09667 0 0 0 0
1.10333 0 0 0 0
1.11 0 0 0 0
1.11667 0 0 0 0
1.12333 0 0 0 0
1.13 0 0 0 0
1.13667 0 0 0 0
1.14333 0 0 0 0
1.15 0 0 0 0
1.15667 0 0 0 0
1.16333 0 0 0 0
1.17 0 0 0 0
1.17667 0 0 0 0
1.18333 0 0 0 0
1.19 0 0 0 0
1.19667 0 0 0 0
1.20333 0 0 0 0
1.21 0 0 0 0
1.21667 0 0 0 0
1.22333 0 0 0 0
1.23 0 0 0 0
1.23667 0 0 0 0
1.24333 0 0 0 0
1.25 0 0 0 0
1.25667 0 0 0 0
1.26333 0 0 0 0
1.27 0 0 0 0
1.27667 0 0 0 0
1.28333 0 0 0 0
1.29 0 0 0 0
1.29667 0 0 0 0
1.30333 0 0 0 0
1.31 0 0 0 0
1.31667 0 0 0 0
1.32333 0 0 0 0
1.33 0 0 0 0
1.33667 0 0 0 0
1.34333 0 0 0 0
1.35 0 0 0 0
1.35667 0 0 0 0
1.36333 0 0 0 0
1.37 0 0 0 0
1.37667 0 0 0 0
1.38333 0 0 0 0
1.39 0 0 0 0
1.39667 0 0 0 0
1.40333 0 0 0 0
1.41 0 0 0 0
1.41667 0 0 0 0
1.42333 0 0 0 0
1.43 0 0 0 0
1.43667 0 0 0 0
1.44333 0 0 0 0
1.45 0 0 0 0
1.45667 0 0 0 0
1.46333 0 0 0 0
1.47 0 0 0 0
1.47667 0 0 0 0
1.48333 0 0 0 0
1.49 0 0 0 0
1.49667 0 0 0 0
1.50333 0 0 0 0
1.51 0 0 0 0
1.51667 0 0 0 0
1.52333 0 0 0 0
1.53 0 0 0 0
1.53667 0 0 0 0
1.54333 0 0 0 0
1.55 0 0 0 0
1.55667 0 0 0 0
1.56333 0 0 0 0
1.57 0 0 0 0
1.57667 0 0 0 0
1.58333 0 0 0 0
1.59 0 0 0 0
1.59667 0 0 0 0
1.60333 0 0 0 0
1.61 0 0 0 0
1.61667 0 0 0 0
1.62333 0 0 0 0
1.63 0 0 0 0
1.63667 0 0 0 0
1.64333 0 0 0 0
1.65 0 0 0 0
1.65667 0 0 0 0
1.66333 0 0 0 0
1.67 0 0 0 0
1.67667 0 0 0 0
1.68333 0 0 0 0
1.69 0 0 0 0
1.69667 0 0 0 0
1.70333 0 0 0 0
1.71 0 0 0 0
1.71667 0 0 0 0
1.72333 0 0 0 0
1.73 0 0 0 0
1.73667 0 0 0 0
1.74333 0 0 0 0
1.75 0 0 0 0
1.75667 0 0 0 0
1.76333 0 0 0 0
1.77 0 0 0 0
1.77667 0 0 0 0
1.78333 0 0 0 0
1.79 0 0 0 0
1.79667 0 0 0 0
1.80333 0 0 0 0
1.81 0 0 0 0
1.81667 0 0 0 0
1.82333 0 0 0 0
1.83 0 0 0 0
1.83667 0 0 0 0
1.84333 0 0 0 0
1.85 0 0 0 0
1.85667 0 0 0 0
1.86333 0 0 0 0
1.87 0 0 0 0
1.87667 0 0 0 0
1.88333 0 0 0 0
1.89 0 0 0 0
1.89667 0 0 0 0
1.90333 0 0 0 0
1.91 0 0 0 0
1.91667 0 0 0 0
1.92333 0 0 0 0
1.93 0 0 0 0
1.93667 0 0 0 0
1.94333 0 0 0 0
1.95 0 0 0 0
1.95667 0 0 0 0
1.96333 0 0 0 0
1.97 0 0 0 0
1.97667 0 0 0 0
1.98333 0 0 0 0
1.99 0 0 0 0
1.99667 0 0 0 0
