0.00333333 17 47 7 4
0.01 13 44 17 11
0.0166667 23 55 15 6
0.0233333 19 59 20 9
0.03 27 54 12 5
0.0366667 27 71 24 12
0.0433333 28 91 38 6
0.05 31 131 30 18
0.0566667 62 140 42 13
0.0633333 60 157 40 11
0.07 51 156 46 13
0.0766667 78 168 49 11
0.0833333 65 173 42 24
0.09 71 182 45 23
0.0966667 60 164 37 23
0.103333 69 167 53 15
0.11 53 156 56 21
0.116667 58 151 49 18
0.123333 56 153 46 14
0.13 63 172 44 17
0.136667 55 149 28 19
0.143333 52 142 22 12
0.15 62 143 48 22
0.156667 48 111 32 14
0.163333 64 116 35 14
0.17 50 109 24 14
0.176667 46 106 30 18
0.183333 51 106 26 14
0.19 59 116 22 13
0.196667 56 123 26 18
0.203333 51 111 24 21
0.21 44 124 16 13
0.216667 47 118 23 27
0.223333 51 100 23 16
0.23 33 94 18 8
0.236667 43 90 32 11
0.243333 38 87 21 12
0.25 32 73 22 12
0.256667 36 76 24 13
0.263333 32 78 20 11
0.27 27 87 15 11
0.276667 31 70 18 14
0.283333 35 74 17 8
0.29 34 82 25 7
0.296667 32 64 20 9
0.303333 30 58 15 9
0.31 36 66 13 7
0.316667 28 69 15 16
0.323333 28 65 15 9
0.33 26 54 13 9
0.336667 20 60 19 6
0.343333 24 51 12 9
0.35 23 48 16 6
0.356667 24 51 18 9
0.363333 33 63 13 9
0.37 28 51 14 7
0.376667 31 63 12 13
0.383333 26 42 13 9
0.39 28 49 12 3
0.396667 25 61 12 9
0.403333 15 52 12 10
0.41 23 56 12 6
0.416667 27 50 10 8
0.423333 20 50 18 8
0.43 22 52 13 13
0.436667 19 60 11 7
0.443333 15 50 5 6
0.45 20 45 13 11
0.456667 20 42 17 6
0.463333 17 37 15 7
0.47 20 46 16 7
0.476667 19 31 12 7
0.483333 16 27 6 4
0.49 8 33 9 5
0.496667 20 33 10 4
0.503333 19 27 7 3
0.51 12 33 7 5
0.516667 9 22 4 6
0.523333 9 24 10 2
0.53 9 18 3 4
0.536667 7 22 10 5
0.543333 20 20 6 3
0.55 8 20 6 7
0.556667 11 26 9 2
0.563333 11 31 2 5
0.57 4 26 11 3
0.576667 14 20 7 5
0.583333 9 23 15 5
0.59 5 35 8 5
0.596667 10 17 10 3
0.603333 6 24 3 3
0.61 10 23 8 4
0.616667 7 12 7 2
0.623333 13 19 4 3
0.63 13 27 3 3
0.636667 8 24 2 0
0.643333 6 22 4 3
0.65 7 23 5 5
0.656667 6 24 6 10
0.663333 560 1120 198 155
0.67 0 0 0 0
0.676667 0 0 0 0
0.683333 0 0 0 0
0.69 0 0 0 0
0.696667 0 0 0 0
0.703333 0 0 0 0
0.71 0 0 0 0
0.716667 0 0 0 0
0.723333 0 0 0 0
0.73 0 0 0 0
0.736667 0 0 0 0
0.743333 0 0 0 0
0.75 0 0 0 0
0.756667 0 0 0 0
0.763333 0 0 0 0
0.77 0 0 0 0
0.776667 0 0 0 0
0.783333 0 0 0 0
0.79 0 0 0 0
0.796667 0 0 0 0
0.803333 0 0 0 0
0.81 0 0 0 0
0.816667 0 0 0 0
0.823333 0 0 0 0
0.83 0 0 0 0
0.836667 0 0 0 0
0.843333 0 0 0 0
0.85 0 0 0 0
0.856667 0 0 0 0
0.863333 0 0 0 0
0.87 0 0 0 0
0.876667 0 0 0 0
0.883333 0 0 0 0
0.89 0 0 0 0
0.896667 0 0 0 0
0.903333 0 0 0 0
0.91 0 0 0 0
0.916667 0 0 0 0
0.923333 0 0 0 0
0.93 0 0 0 0
0.936667 0 0 0 0
0.943333 0 0 0 0
0.95 0 0 0 0
0.956667 0 0 0 0
0.963333 0 0 0 0
0.97 0 0 0 0
0.976667 0 0 0 0
0.983333 0 0 0 0
0.99 0 0 0 0
0.996667 0 0 0 0
1.00333 0 0 0 0
1.01 0 0 0 0
1.01667 0 0 0 0
1.02333 0 0 0 0
1.03 0 0 0 0
1.03667 0 0 0 0
1.04333 0 0 0 0
1.05 0 0 0 0
1.05667 0 0 0 0
1.06333 0 0 0 0
1.07 0 0 0 0
1.07667 0 0 0 0
1.08333 0 0 0 0
1.09 0 0 0 0
1.09667 0 0 0 0
1.10333 0 0 0 0
1.11 0 0 0 0
1.11667 0 0 0 0
1.12333 0 0 0 0
1.13 0 0 0 0
1.13667 0 0 0 0
1.14333 0 0 0 0
1.15 0 0 0 0
1.15667 0 0 0 0
1.16333 0 0 0 0
1.17 0 0 0 0
1.17667 0 0 0 0
1.18333 0 0 0 0
1.19 0 0 0 0
1.19667 0 0 0 0
1.20333 0 0 0 0
1.21 0 0 0 0
1.21667 0 0 0 0
1.22333 0 0 0 0
1.23 0 0 0 0
1.23667 0 0 0 0
1.24333 0 0 0 0
1.25 0 0 0 0
1.25667 0 0 0 0
1.26333 0 0 0 0
1.27 0 0 0 0
1.27667 0 0 0 0
1.28333 0 0 0 0
1.29 0 0 0 0
1.29667 0 0 0 0
1.30333 0 0 0 0
1.31 0 0 0 0
1.31667 0 0 0 0
1.32333 0 0 0 0
1.33 0 0 0 0
1.33667 0 0 0 0
1.34333 0 0 0 0
1.35 0 0 0 0
1.35667 0 0 0 0
1.36333 0 0 0 0
1.37 0 0 0 0
1.37667 0 0 0 0
1.38333 0 0 0 0
1.39 0 0 0 0
1.39667 0 0 0 0
1.40333 0 0 0 0
1.41 0 0 0 0
1.41667 0 0 0 0
1.42333 0 0 0 0
1.43 0 0 0 0
1.43667 0 0 0 0
1.44333 0 0 0 0
1.45 0 0 0 0
1.45667 0 0 0 0
1.46333 0 0 0 0
1.47 0 0 0 0
1.47667 0 0 0 0
1.48333 0 0 0 0
1.49 0 0 0 0
1.49667 0 0 0 0
1.50333 0 0 0 0
1.51 0 0 0 0
1.51667 0 0 0 0
1.52333 0 0 0 0
1.53 0 0 0 0
1.53667 0 0 0 0
1.54333 0 0 0 0
1.55 0 0 0 0
1.55667 0 0 0 0
1.56333 0 0 0 0
1.57 0 0 0 0
1.57667 0 0 0 0
1.58333 0 0 0 0
1.59 0 0 0 0
1.59667 0 0 0 0
1.60333 0 0 0 0
1.61 0 0 0 0
1.61667 0 0 0 0
1.62333 0 0 0 0
1.63 0 0 0 0
1.63667 0 0 0 0
1.64333 0 0 0 0
1.65 0 0 0 0
1.65667 0 0 0 0
1.66333 0 0 0 0
1.67 0 0 0 0
1.67667 0 0 0 0
1.68333 0 0 0 0
1.69 0 0 0 0
1.69667 0 0 0 0
1.70333 0 0 0 0
1.71 0 0 0 0
1.71667 0 0 0 0
1.72333 0 0 0 0
1.73 0 0 0 0
1.73667 0 0 0 0
1.74333 0 0 0 0
1.75 0 0 0 0
1.75667 0 0 0 0
1.76333 0 0 0 0
1.77 0 0 0 0
1.77667 0 0 0 0
1.78333 0 0 0 0
1.79 0 0 0 0
1.79667 0 0 0 0
1.80333 0 0 0 0
1.81 0 0 0 0
1.81667 0 0 0 0
1.82333 0 0 0 0
1.83 0 0 0 0
1.83667 0 0 0 0
1.84333 0 0 0 0
1.85 0 0 0 0
1.85667 0 0 0 0
1.86333 0 0 0 0
1.87 0 0 0 0
1.87667 0 0 0 0
1.88333 0 0 0 0
1.89 0 0 0 0
1.89667 0 0 0 0
1.90333 0 0 0 0
1.91 0 0 0 0
1.91667 0 0 0 0
1.92333 0 0 0 0
1.93 0 0 0 0
1.93667 0 0 0 0
1.94333 0 0 0 0
1.95 0 0 0 0
1.95667 0 0 0 0
1.96333 0 0 0 0
1.97 0 0 0 0
1.97667 0 0 0 0
1.98333 0 0 0 0
1.99 0 0 0 0
1.99667 0 0 0 0
