0.00333333 7 44 18 5
0.01 9 46 20 4
0.0166667 16 66 26 5
0.0233333 16 46 30 7
0.03 20 54 37 6
0.0366667 24 68 33 6
0.0433333 22 109 51 10
0.05 34 115 56 12
0.0566667 35 148 75 20
0.0633333 37 149 72 19
0.07 44 182 79 20
0.0766667 34 161 110 16
0.0833333 31 171 82 20
0.09 42 176 87 14
0.0966667 27 208 84 16
0.103333 37 183 88 13
0.11 35 155 83 23
0.116667 39 188 90 20
0.123333 42 162 79 15
0.13 36 164 78 14
0.136667 43 120 63 24
0.143333 33 156 56 12
0.15 31 140 89 15
0.156667 33 116 60 16
0.163333 29 125 60 14
0.17 34 127 57 12
0.176667 26 119 63 10
0.183333 29 141 52 17
0.19 23 125 64 18
0.196667 24 130 61 13
0.203333 27 128 60 10
0.21 30 115 61 8
0.216667 23 121 41 17
0.223333 19 114 54 10
0.23 21 102 42 7
0.236667 20 111 48 13
0.243333 16 88 51 8
0.25 33 115 33 10
0.256667 24 81 34 13
0.263333 15 79 37 17
0.27 27 76 42 10
0.276667 23 87 35 5
0.283333 18 59 37 7
0.29 12 67 20 8
0.296667 17 69 34 13
0.303333 13 72 31 10
0.31 14 68 27 3
0.316667 17 61 21 6
0.323333 18 61 36 4
0.33 25 74 33 6
0.336667 14 73 23 4
0.343333 10 52 24 5
0.35 14 61 31 6
0.356667 15 58 22 6
0.363333 12 64 28 6
0.37 7 55 23 7
0.376667 10 55 23 6
0.383333 13 49 25 8
0.39 11 48 24 7
0.396667 17 49 20 6
0.403333 8 50 28 7
0.41 15 46 15 6
0.416667 15 43 24 7
0.423333 13 33 20 6
0.43 13 45 25 10
0.436667 15 61 20 4
0.443333 9 47 16 10
0.45 15 49 21 8
0.456667 9 46 22 13
0.463333 17 47 26 7
0.47 9 49 25 6
0.476667 16 30 17 8
0.483333 7 28 14 7
0.49 9 35 11 7
0.496667 9 22 19 3
0.503333 12 28 11 2
0.51 3 26 18 6
0.516667 10 25 7 5
0.523333 8 22 9 4
0.53 6 33 10 5
0.536667 5 23 8 6
0.543333 3 24 15 4
0.55 5 27 15 2
0.556667 9 20 8 3
0.563333 9 29 12 2
0.57 6 30 11 7
0.576667 5 21 13 2
0.583333 9 19 16 3
0.59 4 27 11 2
0.596667 8 22 17 2
0.603333 8 19 13 4
0.61 7 22 9 2
0.616667 6 14 7 5
0.623333 2 15 8 3
0.63 5 21 9 4
0.636667 6 23 13 2
0.643333 4 13 5 3
0.65 4 31 14 3
0.656667 4 13 10 3
0.663333 209 1022 463 76
0.67 0 0 0 0
0.676667 0 0 0 0
0.683333 0 0 0 0
0.69 0 0 0 0
0.696667 0 0 0 0
0.703333 0 0 0 0
0.71 0 0 0 0
0.716667 0 0 0 0
0.723333 0 0 0 0
0.73 0 0 0 0
0.736667 0 0 0 0
0.743333 0 0 0 0
0.75 0 0 0 0
0.756667 0 0 0 0
0.763333 0 0 0 0
0.77 0 0 0 0
0.776667 0 0 0 0
0.783333 0 0 0 0
0.79 0 0 0 0
0.796667 0 0 0 0
0.803333 0 0 0 0
0.81 0 0 0 0
0.816667 0 0 0 0
0.823333 0 0 0 0
0.83 0 0 0 0
0.836667 0 0 0 0
0.843333 0 0 0 0
0.85 0 0 0 0
0.856667 0 0 0 0
0.863333 0 0 0 0
0.87 0 0 0 0
0.876667 0 0 0 0
0.883333 0 0 0 0
0.89 0 0 0 0
0.896667 0 0 0 0
0.903333 0 0 0 0
0.91 0 0 0 0
0.916667 0 0 0 0
0.923333 0 0 0 0
0.93 0 0 0 0
0.936667 0 0 0 0
0.943333 0 0 0 0
0.95 0 0 0 0
0.956667 0 0 0 0
0.963333 0 0 0 0
0.97 0 0 0 0
0.976667 0 0 0 0
0.983333 0 0 0 0
0.99 0 0 0 0
0.996667 0 0 0 0
1.00333 0 0 0 0
1.01 0 0 0 0
1.01667 0 0 0 0
1.02333 0 0 0 0
1.03 0 0 0 0
1.03667 0 0 0 0
1.04333 0 0 0 0
1.05 0 0 0 0
1.05667 0 0 0 0
1.06333 0 0 0 0
1.07 0 0 0 0
1.07667 0 0 0 0
1.08333 0 0 0 0
1.09 0 0 0 0
1.09667 0 0 0 0
1.10333 0 0 0 0
1.11 0 0 0 0
1.11667 0 0 0 0
1.12333 0 0 0 0
1.13 0 0 0 0
1.13667 0 0 0 0
1.14333 0 0 0 0
1.15 0 0 0 0
1.15667 0 0 0 0
1.16333 0 0 0 0
1.17 0 0 0 0
1.17667 0 0 0 0
1.18333 0 0 0 0
1.19 0 0 0 0
1.19667 0 0 0 0
1.20333 0 0 0 0
1.21 0 0 0 0
1.21667 0 0 0 0
1.22333 0 0 0 0
1.23 0 0 0 0
1.23667 0 0 0 0
1.24333 0 0 0 0
1.25 0 0 0 0
1.25667 0 0 0 0
1.26333 0 0 0 0
1.27 0 0 0 0
1.27667 0 0 0 0
1.28333 0 0 0 0
1.29 0 0 0 0
1.29667 0 0 0 0
1.30333 0 0 0 0
1.31 0 0 0 0
1.31667 0 0 0 0
1.32333 0 0 0 0
1.33 0 0 0 0
1.33667 0 0 0 0
1.34333 0 0 0 0
1.35 0 0 0 0
1.35667 0 0 0 0
1.36333 0 0 0 0
1.37 0 0 0 0
1.37667 0 0 0 0
1.38333 0 0 0 0
1.39 0 0 0 0
1.39667 0 0 0 0
1.40333 0 0 0 0
1.41 0 0 0 0
1.41667 0 0 0 0
1.42333 0 0 0 0
1.43 0 0 0 0
1.43667 0 0 0 0
1.44333 0 0 0 0
1.45 0 0 0 0
1.45667 0 0 0 0
1.46333 0 0 0 0
1.47 0 0 0 0
1.47667 0 0 0 0
1.48333 0 0 0 0
1.49 0 0 0 0
1.49667 0 0 0 0
1.50333 0 0 0 0
1.51 0 0 0 0
1.51667 0 0 0 0
1.52333 0 0 0 0
1.53 0 0 0 0
1.53667 0 0 0 0
1.54333 0 0 0 0
1.55 0 0 0 0
1.55667 0 0 0 0
1.56333 0 0 0 0
1.57 0 0 0 0
1.57667 0 0 0 0
1.58333 0 0 0 0
1.59 0 0 0 0
1.59667 0 0 0 0
1.60333 0 0 0 0
1.61 0 0 0 0
1.61667 0 0 0 0
1.62333 0 0 0 0
1.63 0 0 0 0
1.63667 0 0 0 0
1.64333 0 0 0 0
1.65 0 0 0 0
1.65667 0 0 0 0
1.66333 0 0 0 0
1.67 0 0 0 0
1.67667 0 0 0 0
1.68333 0 0 0 0
1.69 0 0 0 0
1.69667 0 0 0 0
1.70333 0 0 0 0
1.71 0 0 0 0
1.71667 0 0 0 0
1.72333 0 0 0 0
1.73 0 0 0 0
1.73667 0 0 0 0
1.74333 0 0 0 0
1.75 0 0 0 0
1.75667 0 0 0 0
1.76333 0 0 0 0
1.77 0 0 0 0
1.77667 0 0 0 0
1.78333 0 0 0 0
1.79 0 0 0 0
1.79667 0 0 0 0
1.80333 0 0 0 0
1.81 0 0 0 0
1.81667 0 0 0 0
1.82333 0 0 0 0
1.83 0 0 0 0
1.83667 0 0 0 0
1.84333 0 0 0 0
1.85 0 0 0 0
1.85667 0 0 0 0
1.86333 0 0 0 0
1.87 0 0 0 0
1.87667 0 0 0 0
1.88333 0 0 0 0
1.89 0 0 0 0
1.89667 0 0 0 0
1.90333 0 0 0 0
1.91 0 0 0 0
1.91667 0 0 0 0
1.92333 0 0 0 0
1.93 0 0 0 0
1.93667 0 0 0 0
1.94333 0 0 0 0
1.95 0 0 0 0
1.95667 0 0 0 0
1.96333 0 0 0 0
1.97 0 0 0 0
1.97667 0 0 0 0
1.98333 0 0 0 0
1.99 0 0 0 0
1.99667 0 0 0 0
