0.00333333 18 33 4 9
0.01 16 28 6 11
0.0166667 30 31 11 8
0.0233333 23 36 15 7
0.03 23 32 8 7
0.0366667 16 44 17 7
0.0433333 32 61 28 13
0.05 33 79 26 16
0.0566667 32 94 36 22
0.0633333 45 91 43 16
0.07 55 102 50 16
0.0766667 60 94 40 15
0.0833333 50 96 32 14
0.09 65 119 42 20
0.0966667 57 112 42 25
0.103333 56 96 33 16
0.11 52 120 45 21
0.116667 66 120 40 26
0.123333 56 96 35 15
0.13 68 101 42 29
0.136667 53 78 27 20
0.143333 60 75 22 25
0.15 61 85 17 19
0.156667 52 72 19 14
0.163333 49 73 22 18
0.17 59 76 29 19
0.176667 63 78 26 20
0.183333 57 76 29 19
0.19 72 70 29 35
0.196667 67 68 30 25
0.203333 62 62 19 21
0.21 45 71 18 20
0.216667 50 78 14 24
0.223333 47 67 13 19
0.23 38 68 20 23
0.236667 51 58 19 17
0.243333 40 47 15 19
0.25 39 46 23 12
0.256667 34 46 15 17
0.263333 47 43 21 18
0.27 25 47 11 11
0.276667 34 46 21 12
0.283333 25 47 16 13
0.29 28 46 15 14
0.296667 45 42 7 18
0.303333 39 46 11 14
0.31 21 44 14 17
0.316667 32 48 17 10
0.323333 28 43 19 10
0.33 30 34 10 11
0.336667 29 38 10 11
0.343333 26 35 9 8
0.35 19 26 8 10
0.356667 19 31 16 9
0.363333 29 40 11 15
0.37 28 40 10 12
0.376667 23 41 8 8
0.383333 22 35 11 18
0.39 30 30 5 18
0.396667 26 39 15 16
0.403333 22 41 10 11
0.41 20 30 10 12
0.416667 29 29 8 13
0.423333 28 27 8 6
0.43 24 40 18 16
0.436667 18 38 4 12
0.443333 19 35 9 14
0.45 17 24 13 12
0.456667 16 25 17 10
0.463333 23 31 11 11
0.47 19 34 15 16
0.476667 17 24 9 9
0.483333 17 23 14 5
0.49 13 19 12 10
0.496667 7 20 6 10
0.503333 13 26 8 2
0.51 18 23 4 5
0.516667 16 15 7 6
0.523333 11 18 5 1
0.53 11 19 9 8
0.536667 10 16 8 7
0.543333 15 20 7 4
0.55 12 12 9 8
0.556667 16 19 8 6
0.563333 9 15 3 7
0.57 13 22 7 3
0.576667 14 17 5 4
0.583333 11 23 5 9
0.59 5 20 6 8
0.596667 11 7 4 3
0.603333 14 17 6 7
0.61 7 14 10 6
0.616667 12 10 6 4
0.623333 10 17 3 5
0.63 11 20 10 3
0.636667 12 13 3 6
0.643333 9 13 8 8
0.65 7 21 5 7
0.656667 8 19 5 7
0.663333 833 670 145 350
0.67 0 0 0 0
0.676667 0 0 0 0
0.683333 0 0 0 0
0.69 0 0 0 0
0.696667 0 0 0 0
0.703333 0 0 0 0
0.71 0 0 0 0
0.716667 0 0 0 0
0.723333 0 0 0 0
0.73 0 0 0 0
0.736667 0 0 0 0
0.743333 0 0 0 0
0.75 0 0 0 0
0.756667 0 0 0 0
0.763333 0 0 0 0
0.77 0 0 0 0
0.776667 0 0 0 0
0.783333 0 0 0 0
0.79 0 0 0 0
0.796667 0 0 0 0
0.803333 0 0 0 0
0.81 0 0 0 0
0.816667 0 0 0 0
0.823333 0 0 0 0
0.83 0 0 0 0
0.836667 0 0 0 0
0.843333 0 0 0 0
0.85 0 0 0 0
0.856667 0 0 0 0
0.863333 0 0 0 0
0.87 0 0 0 0
0.876667 0 0 0 0
0.883333 0 0 0 0
0.89 0 0 0 0
0.896667 0 0 0 0
0.903333 0 0 0 0
0.91 0 0 0 0
0.916667 0 0 0 0
0.923333 0 0 0 0
0.93 0 0 0 0
0.936667 0 0 0 0
0.943333 0 0 0 0
0.95 0 0 0 0
0.956667 0 0 0 0
0.963333 0 0 0 0
0.97 0 0 0 0
0.976667 0 0 0 0
0.983333 0 0 0 0
0.99 0 0 0 0
0.996667 0 0 0 0
1.00333 0 0 0 0
1.01 0 0 0 0
1.01667 0 0 0 0
1.02333 0 0 0 0
1.03 0 0 0 0
1.03667 0 0 0 0
1.04333 0 0 0 0
1.05 0 0 0 0
1.05667 0 0 0 0
1.06333 0 0 0 0
1.07 0 0 0 0
1.07667 0 0 0 0
1.08333 0 0 0 0
1.09 0 0 0 0
1.09667 0 0 0 0
1.10333 0 0 0 0
1.11 0 0 0 0
1.11667 0 0 0 0
1.12333 0 0 0 0
1.13 0 0 0 0
1.13667 0 0 0 0
1.14333 0 0 0 0
1.15 0 0 0 0
1.15667 0 0 0 0
1.16333 0 0 0 0
1.17 0 0 0 0
1.17667 0 0 0 0
1.18333 0 0 0 0
1.19 0 0 0 0
1.19667 0 0 0 0
1.20333 0 0 0 0
1.21 0 0 0 0
1.21667 0 0 0 0
1.22333 0 0 0 0
1.23 0 0 0 0
1.23667 0 0 0 0
1.24333 0 0 0 0
1.25 0 0 0 0
1.25667 0 0 0 0
1.26333 0 0 0 0
1.27 0 0 0 0
1.27667 0 0 0 0
1.28333 0 0 0 0
1.29 0 0 0 0
1.29667 0 0 0 0
1.30333 0 0 0 0
1.31 0 0 0 0
1.31667 0 0 0 0
1.32333 0 0 0 0
1.33 0 0 0 0
1.33667 0 0 0 0
1.34333 0 0 0 0
1.35 0 0 0 0
1.35667 0 0 0 0
1.36333 0 0 0 0
1.37 0 0 0 0
1.37667 0 0 0 0
1.38333 0 0 0 0
1.39 0 0 0 0
1.39667 0 0 0 0
1.40333 0 0 0 0
1.41 0 0 0 0
1.41667 0 0 0 0
1.42333 0 0 0 0
1.43 0 0 0 0
1.43667 0 0 0 0
1.44333 0 0 0 0
1.45 0 0 0 0
1.45667 0 0 0 0
1.46333 0 0 0 0
1.47 0 0 0 0
1.47667 0 0 0 0
1.48333 0 0 0 0
1.49 0 0 0 0
1.49667 0 0 0 0
1.50333 0 0 0 0
1.51 0 0 0 0
1.51667 0 0 0 0
1.52333 0 0 0 0
1.53 0 0 0 0
1.53667 0 0 0 0
1.54333 0 0 0 0
1.55 0 0 0 0
1.55667 0 0 0 0
1.56333 0 0 0 0
1.57 0 0 0 0
1.57667 0 0 0 0
1.58333 0 0 0 0
1.59 0 0 0 0
1.59667 0 0 0 0
1.60333 0 0 0 0
1.61 0 0 0 0
1.61667 0 0 0 0
1.62333 0 0 0 0
1.63 0 0 0 0
1.63667 0 0 0 0
1.64333 0 0 0 0
1.65 0 0 0 0
1.65667 0 0 0 0
1.66333 0 0 0 0
1.67 0 0 0 0
1.67667 0 0 0 0
1.68333 0 0 0 0
1.69 0 0 0 0
1.69667 0 0 0 0
1.70333 0 0 0 0
1.71 0 0 0 0
1.71667 0 0 0 0
1.72333 0 0 0 0
1.73 0 0 0 0
1.73667 0 0 0 0
1.74333 0 0 0 0
1.75 0 0 0 0
1.75667 0 0 0 0
1.76333 0 0 0 0
1.77 0 0 0 0
1.77667 0 0 0 0
1.78333 0 0 0 0
1.79 0 0 0 0
1.79667 0 0 0 0
1.80333 0 0 0 0
1.81 0 0 0 0
1.81667 0 0 0 0
1.82333 0 0 0 0
1.83 0 0 0 0
1.83667 0 0 0 0
1.84333 0 0 0 0
1.85 0 0 0 0
1.85667 0 0 0 0
1.86333 0 0 0 0
1.87 0 0 0 0
1.87667 0 0 0 0
1.88333 0 0 0 0
1.89 0 0 0 0
1.89667 0 0 0 0
1.90333 0 0 0 0
1.91 0 0 0 0
1.91667 0 0 0 0
1.92333 0 0 0 0
1.93 0 0 0 0
1.93667 0 0 0 0
1.94333 0 0 0 0
1.95 0 0 0 0
1.95667 0 0 0 0
1.96333 0 0 0 0
1.97 0 0 0 0
1.97667 0 0 0 0
1.98333 0 0 0 0
1.99 0 0 0 0
1.99667 0 0 0 0
