0.00333333 15 77 2 3
0.01 29 88 13 2
0.0166667 27 102 18 3
0.0233333 22 117 10 2
0.03 31 106 12 4
0.0366667 32 142 22 3
0.0433333 62 197 28 3
0.05 53 229 27 6
0.0566667 62 254 40 8
0.0633333 72 297 35 9
0.07 101 319 23 4
0.0766667 81 321 58 10
0.0833333 82 299 38 12
0.09 82 334 42 16
0.0966667 92 368 29 15
0.103333 91 345 36 18
0.11 78 339 33 9
0.116667 83 353 46 7
0.123333 80 325 35 9
0.13 75 321 28 13
0.136667 70 353 33 17
0.143333 64 299 29 5
0.15 67 287 35 8
0.156667 60 292 27 10
0.163333 61 271 26 11
0.17 64 264 26 10
0.176667 66 260 27 7
0.183333 68 293 27 4
0.19 50 265 39 11
0.196667 53 273 31 3
0.203333 61 280 33 6
0.21 60 271 24 5
0.216667 43 257 28 9
0.223333 51 252 27 7
0.23 51 218 20 4
0.236667 42 238 20 6
0.243333 38 209 21 2
0.25 58 207 10 2
0.256667 48 182 13 4
0.263333 42 157 20 5
0.27 40 166 22 9
0.276667 50 190 22 5
0.283333 37 141 10 5
0.29 30 155 14 5
0.296667 31 144 8 7
0.303333 27 145 17 4
0.31 42 121 16 6
0.316667 38 136 5 1
0.323333 24 116 22 5
0.33 30 118 17 4
0.336667 32 125 9 3
0.343333 23 111 17 5
0.35 29 128 17 3
0.356667 22 111 12 3
0.363333 25 116 11 4
0.37 22 109 13 5
0.376667 25 106 15 2
0.383333 29 101 11 0
0.39 19 89 18 1
0.396667 28 91 10 1
0.403333 21 113 13 1
0.41 24 100 10 5
0.416667 24 95 10 6
0.423333 27 102 16 3
0.43 18 104 16 2
0.436667 24 92 8 0
0.443333 24 94 9 3
0.45 29 99 11 0
0.456667 25 103 9 6
0.463333 17 110 16 3
0.47 17 103 13 2
0.476667 21 88 13 8
0.483333 14 59 7 1
0.49 10 60 7 1
0.496667 12 61 10 1
0.503333 11 54 10 4
0.51 16 60 8 2
0.516667 15 57 7 3
0.523333 5 45 9 1
0.53 15 38 4 0
0.536667 16 47 5 5
0.543333 15 54 9 1
0.55 11 43 8 4
0.556667 12 57 7 1
0.563333 9 46 12 1
0.57 11 46 3 1
0.576667 8 47 5 2
0.583333 11 44 8 1
0.59 12 37 6 1
0.596667 10 42 6 0
0.603333 5 42 3 2
0.61 11 49 4 5
0.616667 6 44 4 3
0.623333 9 34 7 3
0.63 9 33 5 1
0.636667 13 48 4 4
0.643333 4 30 5 2
0.65 6 46 4 1
0.656667 8 35 8 4
0.663333 430 3360 211 46
0.67 0 0 0 0
0.676667 0 0 0 0
0.683333 0 0 0 0
0.69 0 0 0 0
0.696667 0 0 0 0
0.703333 0 0 0 0
0.71 0 0 0 0
0.716667 0 0 0 0
0.723333 0 0 0 0
0.73 0 0 0 0
0.736667 0 0 0 0
0.743333 0 0 0 0
0.75 0 0 0 0
0.756667 0 0 0 0
0.763333 0 0 0 0
0.77 0 0 0 0
0.776667 0 0 0 0
0.783333 0 0 0 0
0.79 0 0 0 0
0.796667 0 0 0 0
0.803333 0 0 0 0
0.81 0 0 0 0
0.816667 0 0 0 0
0.823333 0 0 0 0
0.83 0 0 0 0
0.836667 0 0 0 0
0.843333 0 0 0 0
0.85 0 0 0 0
0.856667 0 0 0 0
0.863333 0 0 0 0
0.87 0 0 0 0
0.876667 0 0 0 0
0.883333 0 0 0 0
0.89 0 0 0 0
0.896667 0 0 0 0
0.903333 0 0 0 0
0.91 0 0 0 0
0.916667 0 0 0 0
0.923333 0 0 0 0
0.93 0 0 0 0
0.936667 0 0 0 0
0.943333 0 0 0 0
0.95 0 0 0 0
0.956667 0 0 0 0
0.963333 0 0 0 0
0.97 0 0 0 0
0.976667 0 0 0 0
0.983333 0 0 0 0
0.99 0 0 0 0
0.996667 0 0 0 0
1.00333 0 0 0 0
1.01 0 0 0 0
1.01667 0 0 0 0
1.02333 0 0 0 0
1.03 0 0 0 0
1.03667 0 0 0 0
1.04333 0 0 0 0
1.05 0 0 0 0
1.05667 0 0 0 0
1.06333 0 0 0 0
1.07 0 0 0 0
1.07667 0 0 0 0
1.08333 0 0 0 0
1.09 0 0 0 0
1.09667 0 0 0 0
1.10333 0 0 0 0
1.11 0 0 0 0
1.11667 0 0 0 0
1.12333 0 0 0 0
1.13 0 0 0 0
1.13667 0 0 0 0
1.14333 0 0 0 0
1.15 0 0 0 0
1.15667 0 0 0 0
1.16333 0 0 0 0
1.17 0 0 0 0
1.17667 0 0 0 0
1.18333 0 0 0 0
1.19 0 0 0 0
1.19667 0 0 0 0
1.20333 0 0 0 0
1.21 0 0 0 0
1.21667 0 0 0 0
1.22333 0 0 0 0
1.23 0 0 0 0
1.23667 0 0 0 0
1.24333 0 0 0 0
1.25 0 0 0 0
1.25667 0 0 0 0
1.26333 0 0 0 0
1.27 0 0 0 0
1.27667 0 0 0 0
1.28333 0 0 0 0
1.29 0 0 0 0
1.29667 0 0 0 0
1.30333 0 0 0 0
1.31 0 0 0 0
1.31667 0 0 0 0
1.32333 0 0 0 0
1.33 0 0 0 0
1.33667 0 0 0 0
1.34333 0 0 0 0
1.35 0 0 0 0
1.35667 0 0 0 0
1.36333 0 0 0 0
1.37 0 0 0 0
1.37667 0 0 0 0
1.38333 0 0 0 0
1.39 0 0 0 0
1.39667 0 0 0 0
1.40333 0 0 0 0
1.41 0 0 0 0
1.41667 0 0 0 0
1.42333 0 0 0 0
1.43 0 0 0 0
1.43667 0 0 0 0
1.44333 0 0 0 0
1.45 0 0 0 0
1.45667 0 0 0 0
1.46333 0 0 0 0
1.47 0 0 0 0
1.47667 0 0 0 0
1.48333 0 0 0 0
1.49 0 0 0 0
1.49667 0 0 0 0
1.50333 0 0 0 0
1.51 0 0 0 0
1.51667 0 0 0 0
1.52333 0 0 0 0
1.53 0 0 0 0
1.53667 0 0 0 0
1.54333 0 0 0 0
1.55 0 0 0 0
1.55667 0 0 0 0
1.56333 0 0 0 0
1.57 0 0 0 0
1.57667 0 0 0 0
1.58333 0 0 0 0
1.59 0 0 0 0
1.59667 0 0 0 0
1.60333 0 0 0 0
1.61 0 0 0 0
1.61667 0 0 0 0
1.62333 0 0 0 0
1.63 0 0 0 0
1.63667 0 0 0 0
1.64333 0 0 0 0
1.65 0 0 0 0
1.65667 0 0 0 0
1.66333 0 0 0 0
1.67 0 0 0 0
1.67667 0 0 0 0
1.68333 0 0 0 0
1.69 0 0 0 0
1.69667 0 0 0 0
1.70333 0 0 0 0
1.71 0 0 0 0
1.71667 0 0 0 0
1.72333 0 0 0 0
1.73 0 0 0 0
1.73667 0 0 0 0
1.74333 0 0 0 0
1.75 0 0 0 0
1.75667 0 0 0 0
1.76333 0 0 0 0
1.77 0 0 0 0
1.77667 0 0 0 0
1.78333 0 0 0 0
1.79 0 0 0 0
1.79667 0 0 0 0
1.80333 0 0 0 0
1.81 0 0 0 0
1.81667 0 0 0 0
1.82333 0 0 0 0
1.83 0 0 0 0
1.83667 0 0 0 0
1.84333 0 0 0 0
1.85 0 0 0 0
1.85667 0 0 0 0
1.86333 0 0 0 0
1.87 0 0 0 0
1.87667 0 0 0 0
1.88333 0 0 0 0
1.89 0 0 0 0
1.89667 0 0 0 0
1.90333 0 0 0 0
1.91 0 0 0 0
1.91667 0 0 0 0
1.92333 0 0 0 0
1.93 0 0 0 0
1.93667 0 0 0 0
1.94333 0 0 0 0
1.95 0 0 0 0
1.95667 0 0 0 0
1.96333 0 0 0 0
1.97 0 0 0 0
1.97667 0 0 0 0
1.98333 0 0 0 0
1.99 0 0 0 0
1.99667 0 0 0 0
