0.00333333 0 4 34 38
0.01 3 4 48 43
0.0166667 1 7 30 38
0.0233333 8 7 46 47
0.03 5 8 61 54
0.0366667 4 15 63 65
0.0433333 2 13 99 76
0.05 9 18 120 72
0.0566667 6 11 156 128
0.0633333 7 10 147 114
0.07 8 31 147 126
0.0766667 9 27 171 139
0.0833333 10 21 190 152
0.09 5 24 151 138
0.0966667 12 38 162 137
0.103333 14 25 153 148
0.11 6 19 171 128
0.116667 7 21 147 124
0.123333 13 28 142 123
0.13 8 24 151 150
0.136667 11 22 165 129
0.143333 6 20 132 122
0.15 11 19 114 112
0.156667 6 14 131 109
0.163333 3 11 87 122
0.17 5 18 102 110
0.176667 9 10 92 119
0.183333 8 11 101 116
0.19 10 15 93 127
0.196667 7 14 99 116
0.203333 12 28 108 109
0.21 7 23 84 120
0.216667 8 16 98 106
0.223333 8 15 93 115
0.23 8 16 94 83
0.236667 7 17 92 108
0.243333 7 14 87 101
0.25 4 14 80 88
0.256667 3 13 69 75
0.263333 10 7 73 67
0.27 7 12 43 59
0.276667 7 13 64 70
0.283333 3 12 67 64
0.29 6 5 88 57
0.296667 6 11 64 56
0.303333 4 10 56 61
0.31 2 5 65 51
0.316667 3 8 57 51
0.323333 4 7 53 69
0.33 6 12 37 44
0.336667 8 8 54 56
0.343333 4 7 57 52
0.35 5 10 55 53
0.356667 2 8 44 55
0.363333 3 8 35 47
0.37 3 10 56 48
0.376667 4 10 40 45
0.383333 5 11 56 47
0.39 4 10 44 50
0.396667 3 4 44 40
0.403333 1 8 56 42
0.41 0 9 35 35
0.416667 3 14 42 39
0.423333 1 10 51 41
0.43 3 7 37 36
0.436667 6 5 29 41
0.443333 8 6 43 42
0.45 6 8 36 40
0.456667 1 3 32 53
0.463333 4 12 37 37
0.47 5 3 45 42
0.476667 3 10 31 34
0.483333 2 4 26 20
0.49 2 7 40 25
0.496667 2 7 25 26
0.503333 2 2 21 22
0.51 3 1 24 19
0.516667 2 8 26 23
0.523333 4 7 19 29
0.53 2 2 26 23
0.536667 3 7 20 29
0.543333 3 3 20 18
0.55 3 8 32 22
0.556667 3 5 22 14
0.563333 1 2 26 22
0.57 4 6 24 18
0.576667 4 3 12 17
0.583333 6 5 17 18
0.59 3 5 13 14
0.596667 3 6 24 22
0.603333 1 11 22 15
0.61 1 3 27 17
0.616667 3 9 16 13
0.623333 5 3 21 13
0.63 0 10 23 13
0.636667 3 4 12 19
0.643333 3 6 19 13
0.65 4 5 17 20
0.656667 1 5 18 16
0.663333 87 134 862 1328
0.67 0 0 0 0
0.676667 0 0 0 0
0.683333 0 0 0 0
0.69 0 0 0 0
0.696667 0 0 0 0
0.703333 0 0 0 0
0.71 0 0 0 0
0.716667 0 0 0 0
0.723333 0 0 0 0
0.73 0 0 0 0
0.736667 0 0 0 0
0.743333 0 0 0 0
0.75 0 0 0 0
0.756667 0 0 0 0
0.763333 0 0 0 0
0.77 0 0 0 0
0.776667 0 0 0 0
0.783333 0 0 0 0
0.79 0 0 0 0
0.796667 0 0 0 0
0.803333 0 0 0 0
0.81 0 0 0 0
0.816667 0 0 0 0
0.823333 0 0 0 0
0.83 0 0 0 0
0.836667 0 0 0 0
0.843333 0 0 0 0
0.85 0 0 0 0
0.856667 0 0 0 0
0.863333 0 0 0 0
0.87 0 0 0 0
0.876667 0 0 0 0
0.883333 0 0 0 0
0.89 0 0 0 0
0.896667 0 0 0 0
0.903333 0 0 0 0
0.91 0 0 0 0
0.916667 0 0 0 0
0.923333 0 0 0 0
0.93 0 0 0 0
0.936667 0 0 0 0
0.943333 0 0 0 0
0.95 0 0 0 0
0.956667 0 0 0 0
0.963333 0 0 0 0
0.97 0 0 0 0
0.976667 0 0 0 0
0.983333 0 0 0 0
0.99 0 0 0 0
0.996667 0 0 0 0
1.00333 0 0 0 0
1.01 0 0 0 0
1.01667 0 0 0 0
1.02333 0 0 0 0
1.03 0 0 0 0
1.03667 0 0 0 0
1.04333 0 0 0 0
1.05 0 0 0 0
1.05667 0 0 0 0
1.06333 0 0 0 0
1.07 0 0 0 0
1.07667 0 0 0 0
1.08333 0 0 0 0
1.09 0 0 0 0
1.09667 0 0 0 0
1.10333 0 0 0 0
1.11 0 0 0 0
1.11667 0 0 0 0
1.12333 0 0 0 0
1.13 0 0 0 0
1.13667 0 0 0 0
1.14333 0 0 0 0
1.15 0 0 0 0
1.15667 0 0 0 0
1.16333 0 0 0 0
1.17 0 0 0 0
1.17667 0 0 0 0
1.18333 0 0 0 0
1.19 0 0 0 0
1.19667 0 0 0 0
1.20333 0 0 0 0
1.21 0 0 0 0
1.21667 0 0 0 0
1.22333 0 0 0 0
1.23 0 0 0 0
1.23667 0 0 0 0
1.24333 0 0 0 0
1.25 0 0 0 0
1.25667 0 0 0 0
1.26333 0 0 0 0
1.27 0 0 0 0
1.27667 0 0 0 0
1.28333 0 0 0 0
1.29 0 0 0 0
1.29667 0 0 0 0
1.30333 0 0 0 0
1.31 0 0 0 0
1.31667 0 0 0 0
1.32333 0 0 0 0
1.33 0 0 0 0
1.33667 0 0 0 0
1.34333 0 0 0 0
1.35 0 0 0 0
1.35667 0 0 0 0
1.36333 0 0 0 0
1.37 0 0 0 0
1.37667 0 0 0 0
1.38333 0 0 0 0
1.39 0 0 0 0
1.39667 0 0 0 0
1.40333 0 0 0 0
1.41 0 0 0 0
1.41667 0 0 0 0
1.42333 0 0 0 0
1.43 0 0 0 0
1.43667 0 0 0 0
1.44333 0 0 0 0
1.45 0 0 0 0
1.45667 0 0 0 0
1.46333 0 0 0 0
1.47 0 0 0 0
1.47667 0 0 0 0
1.48333 0 0 0 0
1.49 0 0 0 0
1.49667 0 0 0 0
1.50333 0 0 0 0
1.51 0 0 0 0
1.51667 0 0 0 0
1.52333 0 0 0 0
1.53 0 0 0 0
1.53667 0 0 0 0
1.54333 0 0 0 0
1.55 0 0 0 0
1.55667 0 0 0 0
1.56333 0 0 0 0
1.57 0 0 0 0
1.57667 0 0 0 0
1.58333 0 0 0 0
1.59 0 0 0 0
1.59667 0 0 0 0
1.60333 0 0 0 0
1.61 0 0 0 0
1.61667 0 0 0 0
1.62333 0 0 0 0
1.63 0 0 0 0
1.63667 0 0 0 0
1.64333 0 0 0 0
1.65 0 0 0 0
1.65667 0 0 0 0
1.66333 0 0 0 0
1.67 0 0 0 0
1.67667 0 0 0 0
1.68333 0 0 0 0
1.69 0 0 0 0
1.69667 0 0 0 0
1.70333 0 0 0 0
1.71 0 0 0 0
1.71667 0 0 0 0
1.72333 0 0 0 0
1.73 0 0 0 0
1.73667 0 0 0 0
1.74333 0 0 0 0
1.75 0 0 0 0
1.75667 0 0 0 0
1.76333 0 0 0 0
1.77 0 0 0 0
1.77667 0 0 0 0
1.78333 0 0 0 0
1.79 0 0 0 0
1.79667 0 0 0 0
1.80333 0 0 0 0
1.81 0 0 0 0
1.81667 0 0 0 0
1.82333 0 0 0 0
1.83 0 0 0 0
1.83667 0 0 0 0
1.84333 0 0 0 0
1.85 0 0 0 0
1.85667 0 0 0 0
1.86333 0 0 0 0
1.87 0 0 0 0
1.87667 0 0 0 0
1.88333 0 0 0 0
1.89 0 0 0 0
1.89667 0 0 0 0
1.90333 0 0 0 0
1.91 0 0 0 0
1.91667 0 0 0 0
1.92333 0 0 0 0
1.93 0 0 0 0
1.93667 0 0 0 0
1.94333 0 0 0 0
1.95 0 0 0 0
1.95667 0 0 0 0
1.96333 0 0 0 0
1.97 0 0 0 0
1.97667 0 0 0 0
1.98333 0 0 0 0
1.99 0 0 0 0
1.99667 0 0 0 0
