0.00333333 17 15 9 3
0.01 24 32 11 3
0.0166667 27 36 6 2
0.0233333 23 58 12 0
0.03 25 54 8 2
0.0366667 33 59 14 4
0.0433333 47 79 14 2
0.05 54 108 24 5
0.0566667 63 123 32 2
0.0633333 75 124 18 8
0.07 82 138 27 6
0.0766667 68 148 33 4
0.0833333 86 143 25 6
0.09 82 150 32 5
0.0966667 83 152 24 4
0.103333 70 138 28 7
0.11 78 135 39 5
0.116667 81 127 26 9
0.123333 64 113 26 4
0.13 62 134 27 5
0.136667 71 124 20 5
0.143333 71 101 24 7
0.15 57 82 26 3
0.156667 74 113 19 2
0.163333 46 81 19 3
0.17 68 100 20 4
0.176667 49 92 18 7
0.183333 50 95 21 8
0.19 48 82 18 0
0.196667 53 89 26 4
0.203333 52 64 24 4
0.21 57 82 16 3
0.216667 55 82 22 9
0.223333 49 75 19 6
0.23 57 75 25 2
0.236667 41 78 12 4
0.243333 45 63 14 4
0.25 42 77 16 3
0.256667 34 72 25 3
0.263333 41 65 16 4
0.27 30 53 13 3
0.276667 35 65 14 0
0.283333 35 41 12 5
0.29 24 65 12 1
0.296667 27 52 13 0
0.303333 39 56 13 1
0.31 37 56 12 1
0.316667 28 42 12 1
0.323333 27 47 9 2
0.33 35 44 12 5
0.336667 30 45 10 1
0.343333 18 25 9 1
0.35 31 51 12 2
0.356667 28 36 11 3
0.363333 39 42 13 2
0.37 30 47 18 2
0.376667 29 37 15 1
0.383333 28 32 8 1
0.39 22 34 9 0
0.396667 25 39 10 2
0.403333 23 40 9 2
0.41 19 36 10 1
0.416667 23 27 12 4
0.423333 18 39 8 4
0.43 29 37 7 0
0.436667 19 30 5 4
0.443333 22 26 11 2
0.45 16 29 7 2
0.456667 32 34 9 3
0.463333 19 38 8 1
0.47 18 27 10 6
0.476667 16 21 5 1
0.483333 20 22 10 0
0.49 30 19 8 4
0.496667 11 23 4 0
0.503333 15 25 6 1
0.51 20 14 12 1
0.516667 20 21 8 0
0.523333 19 18 2 1
0.53 10 22 7 1
0.536667 8 13 11 2
0.543333 15 30 3 5
0.55 11 14 6 1
0.556667 10 11 6 0
0.563333 6 22 8 2
0.57 13 11 12 1
0.576667 10 12 7 1
0.583333 11 23 3 2
0.59 12 22 2 0
0.596667 11 16 6 2
0.603333 14 15 11 2
0.61 10 18 4 3
0.616667 11 14 5 0
0.623333 14 21 3 3
0.63 14 14 7 1
0.636667 7 16 6 3
0.643333 12 18 6 1
0.65 8 20 4 1
0.656667 12 25 3 2
0.663333 430 689 194 26
0.67 0 0 0 0
0.676667 0 0 0 0
0.683333 0 0 0 0
0.69 0 0 0 0
0.696667 0 0 0 0
0.703333 0 0 0 0
0.71 0 0 0 0
0.716667 0 0 0 0
0.723333 0 0 0 0
0.73 0 0 0 0
0.736667 0 0 0 0
0.743333 0 0 0 0
0.75 0 0 0 0
0.756667 0 0 0 0
0.763333 0 0 0 0
0.77 0 0 0 0
0.776667 0 0 0 0
0.783333 0 0 0 0
0.79 0 0 0 0
0.796667 0 0 0 0
0.803333 0 0 0 0
0.81 0 0 0 0
0.816667 0 0 0 0
0.823333 0 0 0 0
0.83 0 0 0 0
0.836667 0 0 0 0
0.843333 0 0 0 0
0.85 0 0 0 0
0.856667 0 0 0 0
0.863333 0 0 0 0
0.87 0 0 0 0
0.876667 0 0 0 0
0.883333 0 0 0 0
0.89 0 0 0 0
0.896667 0 0 0 0
0.903333 0 0 0 0
0.91 0 0 0 0
0.916667 0 0 0 0
0.923333 0 0 0 0
0.93 0 0 0 0
0.936667 0 0 0 0
0.943333 0 0 0 0
0.95 0 0 0 0
0.956667 0 0 0 0
0.963333 0 0 0 0
0.97 0 0 0 0
0.976667 0 0 0 0
0.983333 0 0 0 0
0.99 0 0 0 0
0.996667 0 0 0 0
1.00333 0 0 0 0
1.01 0 0 0 0
1.01667 0 0 0 0
1.02333 0 0 0 0
1.03 0 0 0 0
1.03667 0 0 0 0
1.04333 0 0 0 0
1.05 0 0 0 0
1.05667 0 0 0 0
1.06333 0 0 0 0
1.07 0 0 0 0
1.07667 0 0 0 0
1.08333 0 0 0 0
1.09 0 0 0 0
1.09667 0 0 0 0
1.10333 0 0 0 0
1.11 0 0 0 0
1.11667 0 0 0 0
1.12333 0 0 0 0
1.13 0 0 0 0
1.13667 0 0 0 0
1.14333 0 0 0 0
1.15 0 0 0 0
1.15667 0 0 0 0
1.16333 0 0 0 0
1.17 0 0 0 0
1.17667 0 0 0 0
1.18333 0 0 0 0
1.19 0 0 0 0
1.19667 0 0 0 0
1.20333 0 0 0 0
1.21 0 0 0 0
1.21667 0 0 0 0
1.22333 0 0 0 0
1.23 0 0 0 0
1.23667 0 0 0 0
1.24333 0 0 0 0
1.25 0 0 0 0
1.25667 0 0 0 0
1.26333 0 0 0 0
1.27 0 0 0 0
1.27667 0 0 0 0
1.28333 0 0 0 0
1.29 0 0 0 0
1.29667 0 0 0 0
1.30333 0 0 0 0
1.31 0 0 0 0
1.31667 0 0 0 0
1.32333 0 0 0 0
1.33 0 0 0 0
1.33667 0 0 0 0
1.34333 0 0 0 0
1.35 0 0 0 0
1.35667 0 0 0 0
1.36333 0 0 0 0
1.37 0 0 0 0
1.37667 0 0 0 0
1.38333 0 0 0 0
1.39 0 0 0 0
1.39667 0 0 0 0
1.40333 0 0 0 0
1.41 0 0 0 0
1.41667 0 0 0 0
1.42333 0 0 0 0
1.43 0 0 0 0
1.43667 0 0 0 0
1.44333 0 0 0 0
1.45 0 0 0 0
1.45667 0 0 0 0
1.46333 0 0 0 0
1.47 0 0 0 0
1.47667 0 0 0 0
1.48333 0 0 0 0
1.49 0 0 0 0
1.49667 0 0 0 0
1.50333 0 0 0 0
1.51 0 0 0 0
1.51667 0 0 0 0
1.52333 0 0 0 0
1.53 0 0 0 0
1.53667 0 0 0 0
1.54333 0 0 0 0
1.55 0 0 0 0
1.55667 0 0 0 0
1.56333 0 0 0 0
1.57 0 0 0 0
1.57667 0 0 0 0
1.58333 0 0 0 0
1.59 0 0 0 0
1.59667 0 0 0 0
1.60333 0 0 0 0
1.61 0 0 0 0
1.61667 0 0 0 0
1.62333 0 0 0 0
1.63 0 0 0 0
1.63667 0 0 0 0
1.64333 0 0 0 0
1.65 0 0 0 0
1.65667 0 0 0 0
1.66333 0 0 0 0
1.67 0 0 0 0
1.67667 0 0 0 0
1.68333 0 0 0 0
1.69 0 0 0 0
1.69667 0 0 0 0
1.70333 0 0 0 0
1.71 0 0 0 0
1.71667 0 0 0 0
1.72333 0 0 0 0
1.73 0 0 0 0
1.73667 0 0 0 0
1.74333 0 0 0 0
1.75 0 0 0 0
1.75667 0 0 0 0
1.76333 0 0 0 0
1.77 0 0 0 0
1.77667 0 0 0 0
1.78333 0 0 0 0
1.79 0 0 0 0
1.79667 0 0 0 0
1.80333 0 0 0 0
1.81 0 0 0 0
1.81667 0 0 0 0
1.82333 0 0 0 0
1.83 0 0 0 0
1.83667 0 0 0 0
1.84333 0 0 0 0
1.85 0 0 0 0
1.85667 0 0 0 0
1.86333 0 0 0 0
1.87 0 0 0 0
1.87667 0 0 0 0
1.88333 0 0 0 0
1.89 0 0 0 0
1.89667 0 0 0 0
1.90333 0 0 0 0
1.91 0 0 0 0
1.91667 0 0 0 0
1.92333 0 0 0 0
1.93 0 0 0 0
1.93667 0 0 0 0
1.94333 0 0 0 0
1.95 0 0 0 0
1.95667 0 0 0 0
1.96333 0 0 0 0
1.97 0 0 0 0
1.97667 0 0 0 0
1.98333 0 0 0 0
1.99 0 0 0 0
1.99667 0 0 0 0
