0.00333333 76 25 4 1
0.01 95 32 1 1
0.0166667 103 35 3 2
0.0233333 76 27 1 4
0.03 99 43 2 0
0.0366667 96 48 0 2
0.0433333 110 46 3 4
0.05 151 76 7 6
0.0566667 177 98 1 2
0.0633333 168 79 5 4
0.07 196 86 11 4
0.0766667 181 95 10 4
0.0833333 197 87 10 5
0.09 179 103 5 3
0.0966667 198 102 7 4
0.103333 233 87 4 3
0.11 216 89 8 7
0.116667 235 90 8 8
0.123333 197 90 5 6
0.13 209 74 4 4
0.136667 215 74 3 4
0.143333 209 67 6 3
0.15 184 67 5 4
0.156667 212 65 3 2
0.163333 204 58 3 2
0.17 181 68 5 9
0.176667 186 66 4 4
0.183333 224 44 5 3
0.19 227 60 8 6
0.196667 214 70 6 3
0.203333 228 69 4 8
0.21 182 46 2 4
0.216667 192 53 7 6
0.223333 212 50 8 5
0.23 183 43 3 8
0.236667 172 46 3 6
0.243333 172 39 6 5
0.25 134 48 3 6
0.256667 163 57 3 6
0.263333 135 43 1 3
0.27 122 41 0 2
0.276667 126 29 8 4
0.283333 127 32 3 1
0.29 122 45 2 3
0.296667 120 31 2 2
0.303333 133 32 2 3
0.31 125 41 1 3
0.316667 105 36 2 2
0.323333 109 38 3 4
0.33 133 30 4 4
0.336667 113 40 4 2
0.343333 90 36 1 2
0.35 109 32 2 5
0.356667 111 35 6 6
0.363333 107 31 2 1
0.37 86 23 5 2
0.376667 108 29 1 3
0.383333 101 24 7 1
0.39 90 25 0 2
0.396667 89 26 3 4
0.403333 82 27 3 5
0.41 71 37 2 2
0.416667 76 25 2 4
0.423333 82 24 2 1
0.43 82 20 3 1
0.436667 73 26 3 1
0.443333 83 18 1 3
0.45 67 26 4 4
0.456667 85 26 1 2
0.463333 88 19 2 3
0.47 84 23 2 3
0.476667 72 24 2 3
0.483333 49 18 4 1
0.49 47 11 1 2
0.496667 50 15 2 2
0.503333 42 16 2 1
0.51 37 20 0 4
0.516667 44 6 1 5
0.523333 42 19 2 1
0.53 48 14 1 2
0.536667 33 17 2 4
0.543333 34 11 3 0
0.55 48 15 2 4
0.556667 33 18 0 6
0.563333 40 9 0 0
0.57 38 7 1 0
0.576667 35 15 1 1
0.583333 30 13 1 0
0.59 25 11 1 5
0.596667 33 13 2 0
0.603333 33 13 2 2
0.61 29 12 4 0
0.616667 35 11 2 2
0.623333 21 13 2 2
0.63 34 10 3 1
0.636667 40 9 2 2
0.643333 27 8 1 2
0.65 31 15 0 1
0.656667 26 13 1 1
0.663333 3191 428 26 75
0.67 0 0 0 0
0.676667 0 0 0 0
0.683333 0 0 0 0
0.69 0 0 0 0
0.696667 0 0 0 0
0.703333 0 0 0 0
0.71 0 0 0 0
0.716667 0 0 0 0
0.723333 0 0 0 0
0.73 0 0 0 0
0.736667 0 0 0 0
0.743333 0 0 0 0
0.75 0 0 0 0
0.756667 0 0 0 0
0.763333 0 0 0 0
0.77 0 0 0 0
0.776667 0 0 0 0
0.783333 0 0 0 0
0.79 0 0 0 0
0.796667 0 0 0 0
0.803333 0 0 0 0
0.81 0 0 0 0
0.816667 0 0 0 0
0.823333 0 0 0 0
0.83 0 0 0 0
0.836667 0 0 0 0
0.843333 0 0 0 0
0.85 0 0 0 0
0.856667 0 0 0 0
0.863333 0 0 0 0
0.87 0 0 0 0
0.876667 0 0 0 0
0.883333 0 0 0 0
0.89 0 0 0 0
0.896667 0 0 0 0
0.903333 0 0 0 0
0.91 0 0 0 0
0.916667 0 0 0 0
0.923333 0 0 0 0
0.93 0 0 0 0
0.936667 0 0 0 0
0.943333 0 0 0 0
0.95 0 0 0 0
0.956667 0 0 0 0
0.963333 0 0 0 0
0.97 0 0 0 0
0.976667 0 0 0 0
0.983333 0 0 0 0
0.99 0 0 0 0
0.996667 0 0 0 0
1.00333 0 0 0 0
1.01 0 0 0 0
1.01667 0 0 0 0
1.02333 0 0 0 0
1.03 0 0 0 0
1.03667 0 0 0 0
1.04333 0 0 0 0
1.05 0 0 0 0
1.05667 0 0 0 0
1.06333 0 0 0 0
1.07 0 0 0 0
1.07667 0 0 0 0
1.08333 0 0 0 0
1.09 0 0 0 0
1.09667 0 0 0 0
1.10333 0 0 0 0
1.11 0 0 0 0
1.11667 0 0 0 0
1.12333 0 0 0 0
1.13 0 0 0 0
1.13667 0 0 0 0
1.14333 0 0 0 0
1.15 0 0 0 0
1.15667 0 0 0 0
1.16333 0 0 0 0
1.17 0 0 0 0
1.17667 0 0 0 0
1.18333 0 0 0 0
1.19 0 0 0 0
1.19667 0 0 0 0
1.20333 0 0 0 0
1.21 0 0 0 0
1.21667 0 0 0 0
1.22333 0 0 0 0
1.23 0 0 0 0
1.23667 0 0 0 0
1.24333 0 0 0 0
1.25 0 0 0 0
1.25667 0 0 0 0
1.26333 0 0 0 0
1.27 0 0 0 0
1.27667 0 0 0 0
1.28333 0 0 0 0
1.29 0 0 0 0
1.29667 0 0 0 0
1.30333 0 0 0 0
1.31 0 0 0 0
1.31667 0 0 0 0
1.32333 0 0 0 0
1.33 0 0 0 0
1.33667 0 0 0 0
1.34333 0 0 0 0
1.35 0 0 0 0
1.35667 0 0 0 0
1.36333 0 0 0 0
1.37 0 0 0 0
1.37667 0 0 0 0
1.38333 0 0 0 0
1.39 0 0 0 0
1.39667 0 0 0 0
1.40333 0 0 0 0
1.41 0 0 0 0
1.41667 0 0 0 0
1.42333 0 0 0 0
1.43 0 0 0 0
1.43667 0 0 0 0
1.44333 0 0 0 0
1.45 0 0 0 0
1.45667 0 0 0 0
1.46333 0 0 0 0
1.47 0 0 0 0
1.47667 0 0 0 0
1.48333 0 0 0 0
1.49 0 0 0 0
1.49667 0 0 0 0
1.50333 0 0 0 0
1.51 0 0 0 0
1.51667 0 0 0 0
1.52333 0 0 0 0
1.53 0 0 0 0
1.53667 0 0 0 0
1.54333 0 0 0 0
1.55 0 0 0 0
1.55667 0 0 0 0
1.56333 0 0 0 0
1.57 0 0 0 0
1.57667 0 0 0 0
1.58333 0 0 0 0
1.59 0 0 0 0
1.59667 0 0 0 0
1.60333 0 0 0 0
1.61 0 0 0 0
1.61667 0 0 0 0
1.62333 0 0 0 0
1.63 0 0 0 0
1.63667 0 0 0 0
1.64333 0 0 0 0
1.65 0 0 0 0
1.65667 0 0 0 0
1.66333 0 0 0 0
1.67 0 0 0 0
1.67667 0 0 0 0
1.68333 0 0 0 0
1.69 0 0 0 0
1.69667 0 0 0 0
1.70333 0 0 0 0
1.71 0 0 0 0
1.71667 0 0 0 0
1.72333 0 0 0 0
1.73 0 0 0 0
1.73667 0 0 0 0
1.74333 0 0 0 0
1.75 0 0 0 0
1.75667 0 0 0 0
1.76333 0 0 0 0
1.77 0 0 0 0
1.77667 0 0 0 0
1.78333 0 0 0 0
1.79 0 0 0 0
1.79667 0 0 0 0
1.80333 0 0 0 0
1.81 0 0 0 0
1.81667 0 0 0 0
1.82333 0 0 0 0
1.83 0 0 0 0
1.83667 0 0 0 0
1.84333 0 0 0 0
1.85 0 0 0 0
1.85667 0 0 0 0
1.86333 0 0 0 0
1.87 0 0 0 0
1.87667 0 0 0 0
1.88333 0 0 0 0
1.89 0 0 0 0
1.89667 0 0 0 0
1.90333 0 0 0 0
1.91 0 0 0 0
1.91667 0 0 0 0
1.92333 0 0 0 0
1.93 0 0 0 0
1.93667 0 0 0 0
1.94333 0 0 0 0
1.95 0 0 0 0
1.95667 0 0 0 0
1.96333 0 0 0 0
1.97 0 0 0 0
1.97667 0 0 0 0
1.98333 0 0 0 0
1.99 0 0 0 0
1.99667 0 0 0 0
