0.00333333 3 17 26 29
0.01 7 14 21 31
0.0166667 1 19 32 37
0.0233333 2 13 34 31
0.03 1 20 43 35
0.0366667 3 25 47 48
0.0433333 4 25 63 51
0.05 8 24 82 67
0.0566667 10 35 100 78
0.0633333 8 29 115 80
0.07 10 32 99 65
0.0766667 11 29 126 102
0.0833333 6 41 115 81
0.09 8 42 109 97
0.0966667 10 46 104 84
0.103333 10 37 126 90
0.11 11 44 127 71
0.116667 4 37 103 102
0.123333 6 29 114 97
0.13 5 39 107 87
0.136667 7 30 92 88
0.143333 14 31 90 114
0.15 7 35 99 79
0.156667 6 20 88 90
0.163333 11 39 64 99
0.17 4 31 69 74
0.176667 10 34 65 69
0.183333 5 23 68 79
0.19 11 40 73 86
0.196667 8 45 72 89
0.203333 11 35 68 83
0.21 8 29 70 70
0.216667 7 36 57 79
0.223333 7 38 53 74
0.23 5 35 69 67
0.236667 7 24 57 59
0.243333 4 38 59 65
0.25 4 37 67 67
0.256667 2 23 61 53
0.263333 6 28 56 66
0.27 6 26 42 67
0.276667 3 17 58 53
0.283333 3 24 44 47
0.29 5 20 36 41
0.296667 3 16 51 49
0.303333 4 15 39 42
0.31 6 23 44 57
0.316667 4 17 37 48
0.323333 5 26 56 43
0.33 2 23 41 39
0.336667 5 22 29 38
0.343333 3 24 31 41
0.35 3 13 41 46
0.356667 1 23 43 45
0.363333 3 23 44 39
0.37 4 12 29 44
0.376667 1 14 34 35
0.383333 3 22 31 37
0.39 5 19 39 45
0.396667 7 15 29 40
0.403333 4 10 36 42
0.41 8 14 28 35
0.416667 4 21 36 46
0.423333 2 28 36 32
0.43 3 17 25 29
0.436667 4 15 29 32
0.443333 4 21 35 39
0.45 1 18 26 43
0.456667 3 24 34 28
0.463333 6 18 36 41
0.47 5 17 31 29
0.476667 3 17 29 30
0.483333 3 11 29 22
0.49 1 14 19 27
0.496667 3 8 27 29
0.503333 1 8 25 21
0.51 5 11 23 15
0.516667 1 17 19 28
0.523333 3 10 18 22
0.53 1 7 13 19
0.536667 3 6 21 18
0.543333 1 7 18 21
0.55 3 5 24 25
0.556667 1 10 17 19
0.563333 0 10 21 19
0.57 3 13 15 20
0.576667 2 9 13 23
0.583333 6 6 17 23
0.59 3 3 14 16
0.596667 4 12 12 11
0.603333 2 12 18 23
0.61 0 4 8 22
0.616667 0 8 18 16
0.623333 4 6 19 10
0.63 1 6 16 15
0.636667 3 8 16 19
0.643333 4 10 20 13
0.65 2 7 7 23
0.656667 3 6 22 18
0.663333 71 577 644 1172
0.67 0 0 0 0
0.676667 0 0 0 0
0.683333 0 0 0 0
0.69 0 0 0 0
0.696667 0 0 0 0
0.703333 0 0 0 0
0.71 0 0 0 0
0.716667 0 0 0 0
0.723333 0 0 0 0
0.73 0 0 0 0
0.736667 0 0 0 0
0.743333 0 0 0 0
0.75 0 0 0 0
0.756667 0 0 0 0
0.763333 0 0 0 0
0.77 0 0 0 0
0.776667 0 0 0 0
0.783333 0 0 0 0
0.79 0 0 0 0
0.796667 0 0 0 0
0.803333 0 0 0 0
0.81 0 0 0 0
0.816667 0 0 0 0
0.823333 0 0 0 0
0.83 0 0 0 0
0.836667 0 0 0 0
0.843333 0 0 0 0
0.85 0 0 0 0
0.856667 0 0 0 0
0.863333 0 0 0 0
0.87 0 0 0 0
0.876667 0 0 0 0
0.883333 0 0 0 0
0.89 0 0 0 0
0.896667 0 0 0 0
0.903333 0 0 0 0
0.91 0 0 0 0
0.916667 0 0 0 0
0.923333 0 0 0 0
0.93 0 0 0 0
0.936667 0 0 0 0
0.943333 0 0 0 0
0.95 0 0 0 0
0.956667 0 0 0 0
0.963333 0 0 0 0
0.97 0 0 0 0
0.976667 0 0 0 0
0.983333 0 0 0 0
0.99 0 0 0 0
0.996667 0 0 0 0
1.00333 0 0 0 0
1.01 0 0 0 0
1.01667 0 0 0 0
1.02333 0 0 0 0
1.03 0 0 0 0
1.03667 0 0 0 0
1.04333 0 0 0 0
1.05 0 0 0 0
1.05667 0 0 0 0
1.06333 0 0 0 0
1.07 0 0 0 0
1.07667 0 0 0 0
1.08333 0 0 0 0
1.09 0 0 0 0
1.09667 0 0 0 0
1.10333 0 0 0 0
1.11 0 0 0 0
1.11667 0 0 0 0
1.12333 0 0 0 0
1.13 0 0 0 0
1.13667 0 0 0 0
1.14333 0 0 0 0
1.15 0 0 0 0
1.15667 0 0 0 0
1.16333 0 0 0 0
1.17 0 0 0 0
1.17667 0 0 0 0
1.18333 0 0 0 0
1.19 0 0 0 0
1.19667 0 0 0 0
1.20333 0 0 0 0
1.21 0 0 0 0
1.21667 0 0 0 0
1.22333 0 0 0 0
1.23 0 0 0 0
1.23667 0 0 0 0
1.24333 0 0 0 0
1.25 0 0 0 0
1.25667 0 0 0 0
1.26333 0 0 0 0
1.27 0 0 0 0
1.27667 0 0 0 0
1.28333 0 0 0 0
1.29 0 0 0 0
1.29667 0 0 0 0
1.30333 0 0 0 0
1.31 0 0 0 0
1.31667 0 0 0 0
1.32333 0 0 0 0
1.33 0 0 0 0
1.33667 0 0 0 0
1.34333 0 0 0 0
1.35 0 0 0 0
1.35667 0 0 0 0
1.36333 0 0 0 0
1.37 0 0 0 0
1.37667 0 0 0 0
1.38333 0 0 0 0
1.39 0 0 0 0
1.39667 0 0 0 0
1.40333 0 0 0 0
1.41 0 0 0 0
1.41667 0 0 0 0
1.42333 0 0 0 0
1.43 0 0 0 0
1.43667 0 0 0 0
1.44333 0 0 0 0
1.45 0 0 0 0
1.45667 0 0 0 0
1.46333 0 0 0 0
1.47 0 0 0 0
1.47667 0 0 0 0
1.48333 0 0 0 0
1.49 0 0 0 0
1.49667 0 0 0 0
1.50333 0 0 0 0
1.51 0 0 0 0
1.51667 0 0 0 0
1.52333 0 0 0 0
1.53 0 0 0 0
1.53667 0 0 0 0
1.54333 0 0 0 0
1.55 0 0 0 0
1.55667 0 0 0 0
1.56333 0 0 0 0
1.57 0 0 0 0
1.57667 0 0 0 0
1.58333 0 0 0 0
1.59 0 0 0 0
1.59667 0 0 0 0
1.60333 0 0 0 0
1.61 0 0 0 0
1.61667 0 0 0 0
1.62333 0 0 0 0
1.63 0 0 0 0
1.63667 0 0 0 0
1.64333 0 0 0 0
1.65 0 0 0 0
1.65667 0 0 0 0
1.66333 0 0 0 0
1.67 0 0 0 0
1.67667 0 0 0 0
1.68333 0 0 0 0
1.69 0 0 0 0
1.69667 0 0 0 0
1.70333 0 0 0 0
1.71 0 0 0 0
1.71667 0 0 0 0
1.72333 0 0 0 0
1.73 0 0 0 0
1.73667 0 0 0 0
1.74333 0 0 0 0
1.75 0 0 0 0
1.75667 0 0 0 0
1.76333 0 0 0 0
1.77 0 0 0 0
1.77667 0 0 0 0
1.78333 0 0 0 0
1.79 0 0 0 0
1.79667 0 0 0 0
1.80333 0 0 0 0
1.81 0 0 0 0
1.81667 0 0 0 0
1.82333 0 0 0 0
1.83 0 0 0 0
1.83667 0 0 0 0
1.84333 0 0 0 0
1.85 0 0 0 0
1.85667 0 0 0 0
1.86333 0 0 0 0
1.87 0 0 0 0
1.87667 0 0 0 0
1.88333 0 0 0 0
1.89 0 0 0 0
1.89667 0 0 0 0
1.90333 0 0 0 0
1.91 0 0 0 0
1.91667 0 0 0 0
1.92333 0 0 0 0
1.93 0 0 0 0
1.93667 0 0 0 0
1.94333 0 0 0 0
1.95 0 0 0 0
1.95667 0 0 0 0
1.96333 0 0 0 0
1.97 0 0 0 0
1.97667 0 0 0 0
1.98333 0 0 0 0
1.99 0 0 0 0
1.99667 0 0 0 0
