0.00333333 11 15 12 8
0.01 11 15 18 8
0.0166667 15 13 18 9
0.0233333 14 17 15 7
0.03 7 21 20 7
0.0366667 17 27 23 10
0.0433333 13 40 22 11
0.05 23 39 39 13
0.0566667 21 45 58 17
0.0633333 16 54 46 15
0.07 27 58 38 21
0.0766667 35 59 49 25
0.0833333 29 57 54 16
0.09 29 51 44 17
0.0966667 38 72 50 25
0.103333 39 60 44 25
0.11 27 75 48 20
0.116667 21 62 69 24
0.123333 28 58 38 18
0.13 30 50 48 12
0.136667 30 45 41 18
0.143333 27 41 41 24
0.15 28 48 42 23
0.156667 26 33 33 22
0.163333 30 32 35 27
0.17 18 37 26 16
0.176667 18 44 47 16
0.183333 32 43 32 29
0.19 26 30 40 22
0.196667 28 43 34 20
0.203333 23 31 31 19
0.21 24 35 33 20
0.216667 26 31 23 22
0.223333 27 33 31 16
0.23 20 24 32 12
0.236667 25 29 42 9
0.243333 19 33 22 12
0.25 18 31 23 10
0.256667 22 23 24 15
0.263333 25 28 32 14
0.27 15 31 22 14
0.276667 19 23 30 10
0.283333 21 25 25 7
0.29 17 29 26 11
0.296667 16 25 18 15
0.303333 3 20 19 14
0.31 18 22 16 17
0.316667 12 23 23 9
0.323333 17 20 16 12
0.33 10 22 18 13
0.336667 18 28 16 12
0.343333 14 21 19 16
0.35 14 29 23 6
0.356667 16 17 17 10
0.363333 9 28 18 5
0.37 13 22 19 11
0.376667 11 20 20 6
0.383333 8 10 14 9
0.39 16 16 24 12
0.396667 11 14 12 10
0.403333 12 22 15 10
0.41 15 18 21 13
0.416667 8 18 15 10
0.423333 14 18 14 5
0.43 11 16 11 9
0.436667 12 15 15 11
0.443333 14 15 12 4
0.45 12 19 16 15
0.456667 10 16 19 10
0.463333 8 18 12 8
0.47 9 16 19 9
0.476667 8 15 13 8
0.483333 7 9 11 4
0.49 8 6 9 6
0.496667 12 17 11 7
0.503333 9 9 11 7
0.51 5 11 7 12
0.516667 10 10 11 5
0.523333 2 8 12 4
0.53 3 6 13 10
0.536667 8 8 10 5
0.543333 6 10 12 3
0.55 6 11 12 2
0.556667 8 8 7 4
0.563333 2 17 6 9
0.57 9 12 8 6
0.576667 6 14 6 4
0.583333 9 5 10 7
0.59 5 17 9 5
0.596667 5 5 8 8
0.603333 15 15 9 8
0.61 11 10 7 14
0.616667 13 8 5 5
0.623333 7 8 13 6
0.63 7 12 8 3
0.636667 6 13 16 7
0.643333 7 5 7 3
0.65 9 7 9 7
0.656667 7 6 12 7
0.663333 331 260 255 258
0.67 0 0 0 0
0.676667 0 0 0 0
0.683333 0 0 0 0
0.69 0 0 0 0
0.696667 0 0 0 0
0.703333 0 0 0 0
0.71 0 0 0 0
0.716667 0 0 0 0
0.723333 0 0 0 0
0.73 0 0 0 0
0.736667 0 0 0 0
0.743333 0 0 0 0
0.75 0 0 0 0
0.756667 0 0 0 0
0.763333 0 0 0 0
0.77 0 0 0 0
0.776667 0 0 0 0
0.783333 0 0 0 0
0.79 0 0 0 0
0.796667 0 0 0 0
0.803333 0 0 0 0
0.81 0 0 0 0
0.816667 0 0 0 0
0.823333 0 0 0 0
0.83 0 0 0 0
0.836667 0 0 0 0
0.843333 0 0 0 0
0.85 0 0 0 0
0.856667 0 0 0 0
0.863333 0 0 0 0
0.87 0 0 0 0
0.876667 0 0 0 0
0.883333 0 0 0 0
0.89 0 0 0 0
0.896667 0 0 0 0
0.903333 0 0 0 0
0.91 0 0 0 0
0.916667 0 0 0 0
0.923333 0 0 0 0
0.93 0 0 0 0
0.936667 0 0 0 0
0.943333 0 0 0 0
0.95 0 0 0 0
0.956667 0 0 0 0
0.963333 0 0 0 0
0.97 0 0 0 0
0.976667 0 0 0 0
0.983333 0 0 0 0
0.99 0 0 0 0
0.996667 0 0 0 0
1.00333 0 0 0 0
1.01 0 0 0 0
1.01667 0 0 0 0
1.02333 0 0 0 0
1.03 0 0 0 0
1.03667 0 0 0 0
1.04333 0 0 0 0
1.05 0 0 0 0
1.05667 0 0 0 0
1.06333 0 0 0 0
1.07 0 0 0 0
1.07667 0 0 0 0
1.08333 0 0 0 0
1.09 0 0 0 0
1.09667 0 0 0 0
1.10333 0 0 0 0
1.11 0 0 0 0
1.11667 0 0 0 0
1.12333 0 0 0 0
1.13 0 0 0 0
1.13667 0 0 0 0
1.14333 0 0 0 0
1.15 0 0 0 0
1.15667 0 0 0 0
1.16333 0 0 0 0
1.17 0 0 0 0
1.17667 0 0 0 0
1.18333 0 0 0 0
1.19 0 0 0 0
1.19667 0 0 0 0
1.20333 0 0 0 0
1.21 0 0 0 0
1.21667 0 0 0 0
1.22333 0 0 0 0
1.23 0 0 0 0
1.23667 0 0 0 0
1.24333 0 0 0 0
1.25 0 0 0 0
1.25667 0 0 0 0
1.26333 0 0 0 0
1.27 0 0 0 0
1.27667 0 0 0 0
1.28333 0 0 0 0
1.29 0 0 0 0
1.29667 0 0 0 0
1.30333 0 0 0 0
1.31 0 0 0 0
1.31667 0 0 0 0
1.32333 0 0 0 0
1.33 0 0 0 0
1.33667 0 0 0 0
1.34333 0 0 0 0
1.35 0 0 0 0
1.35667 0 0 0 0
1.36333 0 0 0 0
1.37 0 0 0 0
1.37667 0 0 0 0
1.38333 0 0 0 0
1.39 0 0 0 0
1.39667 0 0 0 0
1.40333 0 0 0 0
1.41 0 0 0 0
1.41667 0 0 0 0
1.42333 0 0 0 0
1.43 0 0 0 0
1.43667 0 0 0 0
1.44333 0 0 0 0
1.45 0 0 0 0
1.45667 0 0 0 0
1.46333 0 0 0 0
1.47 0 0 0 0
1.47667 0 0 0 0
1.48333 0 0 0 0
1.49 0 0 0 0
1.49667 0 0 0 0
1.50333 0 0 0 0
1.51 0 0 0 0
1.51667 0 0 0 0
1.52333 0 0 0 0
1.53 0 0 0 0
1.53667 0 0 0 0
1.54333 0 0 0 0
1.55 0 0 0 0
1.55667 0 0 0 0
1.56333 0 0 0 0
1.57 0 0 0 0
1.57667 0 0 0 0
1.58333 0 0 0 0
1.59 0 0 0 0
1.59667 0 0 0 0
1.60333 0 0 0 0
1.61 0 0 0 0
1.61667 0 0 0 0
1.62333 0 0 0 0
1.63 0 0 0 0
1.63667 0 0 0 0
1.64333 0 0 0 0
1.65 0 0 0 0
1.65667 0 0 0 0
1.66333 0 0 0 0
1.67 0 0 0 0
1.67667 0 0 0 0
1.68333 0 0 0 0
1.69 0 0 0 0
1.69667 0 0 0 0
1.70333 0 0 0 0
1.71 0 0 0 0
1.71667 0 0 0 0
1.72333 0 0 0 0
1.73 0 0 0 0
1.73667 0 0 0 0
1.74333 0 0 0 0
1.75 0 0 0 0
1.75667 0 0 0 0
1.76333 0 0 0 0
1.77 0 0 0 0
1.77667 0 0 0 0
1.78333 0 0 0 0
1.79 0 0 0 0
1.79667 0 0 0 0
1.80333 0 0 0 0
1.81 0 0 0 0
1.81667 0 0 0 0
1.82333 0 0 0 0
1.83 0 0 0 0
1.83667 0 0 0 0
1.84333 0 0 0 0
1.85 0 0 0 0
1.85667 0 0 0 0
1.86333 0 0 0 0
1.87 0 0 0 0
1.87667 0 0 0 0
1.88333 0 0 0 0
1.89 0 0 0 0
1.89667 0 0 0 0
1.90333 0 0 0 0
1.91 0 0 0 0
1.91667 0 0 0 0
1.92333 0 0 0 0
1.93 0 0 0 0
1.93667 0 0 0 0
1.94333 0 0 0 0
1.95 0 0 0 0
1.95667 0 0 0 0
1.96333 0 0 0 0
1.97 0 0 0 0
1.97667 0 0 0 0
1.98333 0 0 0 0
1.99 0 0 0 0
1.99667 0 0 0 0
