0.00333333 23 29 2 0
0.01 31 34 7 0
0.0166667 27 34 8 0
0.0233333 36 53 6 0
0.03 47 55 5 2
0.0366667 41 52 12 2
0.0433333 55 89 12 0
0.05 89 111 8 4
0.0566667 95 124 8 2
0.0633333 108 134 17 1
0.07 122 145 21 0
0.0766667 124 140 19 2
0.0833333 119 149 17 3
0.09 97 172 19 4
0.0966667 105 155 15 3
0.103333 105 137 19 1
0.11 129 128 7 1
0.116667 118 185 18 3
0.123333 85 151 22 1
0.13 92 112 14 3
0.136667 92 106 19 1
0.143333 79 103 17 2
0.15 78 119 15 3
0.156667 78 111 20 1
0.163333 84 104 15 3
0.17 61 119 12 0
0.176667 79 88 15 2
0.183333 77 112 15 1
0.19 79 96 12 1
0.196667 100 105 13 1
0.203333 80 94 12 1
0.21 72 82 7 1
0.216667 67 90 9 3
0.223333 60 81 15 3
0.23 65 88 13 1
0.236667 56 93 13 3
0.243333 56 65 14 4
0.25 57 64 19 1
0.256667 47 75 7 1
0.263333 66 74 8 0
0.27 43 74 13 1
0.276667 61 59 16 2
0.283333 56 58 14 0
0.29 50 55 2 0
0.296667 38 53 5 0
0.303333 48 56 9 1
0.31 51 42 5 0
0.316667 39 55 7 0
0.323333 31 39 11 0
0.33 42 49 8 1
0.336667 43 54 9 0
0.343333 51 41 9 0
0.35 30 50 6 0
0.356667 37 49 5 1
0.363333 31 47 8 1
0.37 39 55 5 0
0.376667 40 55 6 2
0.383333 31 40 8 1
0.39 36 51 5 1
0.396667 25 39 6 3
0.403333 33 44 6 2
0.41 45 43 4 1
0.416667 31 32 12 0
0.423333 21 45 4 0
0.43 27 39 13 0
0.436667 33 36 10 1
0.443333 24 32 15 1
0.45 34 36 10 0
0.456667 29 39 7 1
0.463333 34 43 5 1
0.47 30 35 5 2
0.476667 25 24 7 0
0.483333 24 26 8 1
0.49 18 29 4 0
0.496667 18 18 4 1
0.503333 16 26 4 0
0.51 18 28 3 0
0.516667 19 19 2 1
0.523333 19 17 8 0
0.53 18 19 6 0
0.536667 11 30 6 0
0.543333 17 18 4 0
0.55 14 16 5 0
0.556667 16 29 3 0
0.563333 16 20 4 0
0.57 12 25 2 0
0.576667 15 17 4 0
0.583333 17 21 1 0
0.59 14 23 8 2
0.596667 21 26 3 1
0.603333 13 27 2 0
0.61 11 15 2 0
0.616667 15 17 4 1
0.623333 15 17 3 0
0.63 18 21 8 2
0.636667 10 24 3 0
0.643333 23 20 2 1
0.65 13 16 3 1
0.656667 13 16 3 0
0.663333 596 860 187 5
0.67 0 0 0 0
0.676667 0 0 0 0
0.683333 0 0 0 0
0.69 0 0 0 0
0.696667 0 0 0 0
0.703333 0 0 0 0
0.71 0 0 0 0
0.716667 0 0 0 0
0.723333 0 0 0 0
0.73 0 0 0 0
0.736667 0 0 0 0
0.743333 0 0 0 0
0.75 0 0 0 0
0.756667 0 0 0 0
0.763333 0 0 0 0
0.77 0 0 0 0
0.776667 0 0 0 0
0.783333 0 0 0 0
0.79 0 0 0 0
0.796667 0 0 0 0
0.803333 0 0 0 0
0.81 0 0 0 0
0.816667 0 0 0 0
0.823333 0 0 0 0
0.83 0 0 0 0
0.836667 0 0 0 0
0.843333 0 0 0 0
0.85 0 0 0 0
0.856667 0 0 0 0
0.863333 0 0 0 0
0.87 0 0 0 0
0.876667 0 0 0 0
0.883333 0 0 0 0
0.89 0 0 0 0
0.896667 0 0 0 0
0.903333 0 0 0 0
0.91 0 0 0 0
0.916667 0 0 0 0
0.923333 0 0 0 0
0.93 0 0 0 0
0.936667 0 0 0 0
0.943333 0 0 0 0
0.95 0 0 0 0
0.956667 0 0 0 0
0.963333 0 0 0 0
0.97 0 0 0 0
0.976667 0 0 0 0
0.983333 0 0 0 0
0.99 0 0 0 0
0.996667 0 0 0 0
1.00333 0 0 0 0
1.01 0 0 0 0
1.01667 0 0 0 0
1.02333 0 0 0 0
1.03 0 0 0 0
1.03667 0 0 0 0
1.04333 0 0 0 0
1.05 0 0 0 0
1.05667 0 0 0 0
1.06333 0 0 0 0
1.07 0 0 0 0
1.07667 0 0 0 0
1.08333 0 0 0 0
1.09 0 0 0 0
1.09667 0 0 0 0
1.10333 0 0 0 0
1.11 0 0 0 0
1.11667 0 0 0 0
1.12333 0 0 0 0
1.13 0 0 0 0
1.13667 0 0 0 0
1.14333 0 0 0 0
1.15 0 0 0 0
1.15667 0 0 0 0
1.16333 0 0 0 0
1.17 0 0 0 0
1.17667 0 0 0 0
1.18333 0 0 0 0
1.19 0 0 0 0
1.19667 0 0 0 0
1.20333 0 0 0 0
1.21 0 0 0 0
1.21667 0 0 0 0
1.22333 0 0 0 0
1.23 0 0 0 0
1.23667 0 0 0 0
1.24333 0 0 0 0
1.25 0 0 0 0
1.25667 0 0 0 0
1.26333 0 0 0 0
1.27 0 0 0 0
1.27667 0 0 0 0
1.28333 0 0 0 0
1.29 0 0 0 0
1.29667 0 0 0 0
1.30333 0 0 0 0
1.31 0 0 0 0
1.31667 0 0 0 0
1.32333 0 0 0 0
1.33 0 0 0 0
1.33667 0 0 0 0
1.34333 0 0 0 0
1.35 0 0 0 0
1.35667 0 0 0 0
1.36333 0 0 0 0
1.37 0 0 0 0
1.37667 0 0 0 0
1.38333 0 0 0 0
1.39 0 0 0 0
1.39667 0 0 0 0
1.40333 0 0 0 0
1.41 0 0 0 0
1.41667 0 0 0 0
1.42333 0 0 0 0
1.43 0 0 0 0
1.43667 0 0 0 0
1.44333 0 0 0 0
1.45 0 0 0 0
1.45667 0 0 0 0
1.46333 0 0 0 0
1.47 0 0 0 0
1.47667 0 0 0 0
1.48333 0 0 0 0
1.49 0 0 0 0
1.49667 0 0 0 0
1.50333 0 0 0 0
1.51 0 0 0 0
1.51667 0 0 0 0
1.52333 0 0 0 0
1.53 0 0 0 0
1.53667 0 0 0 0
1.54333 0 0 0 0
1.55 0 0 0 0
1.55667 0 0 0 0
1.56333 0 0 0 0
1.57 0 0 0 0
1.57667 0 0 0 0
1.58333 0 0 0 0
1.59 0 0 0 0
1.59667 0 0 0 0
1.60333 0 0 0 0
1.61 0 0 0 0
1.61667 0 0 0 0
1.62333 0 0 0 0
1.63 0 0 0 0
1.63667 0 0 0 0
1.64333 0 0 0 0
1.65 0 0 0 0
1.65667 0 0 0 0
1.66333 0 0 0 0
1.67 0 0 0 0
1.67667 0 0 0 0
1.68333 0 0 0 0
1.69 0 0 0 0
1.69667 0 0 0 0
1.70333 0 0 0 0
1.71 0 0 0 0
1.71667 0 0 0 0
1.72333 0 0 0 0
1.73 0 0 0 0
1.73667 0 0 0 0
1.74333 0 0 0 0
1.75 0 0 0 0
1.75667 0 0 0 0
1.76333 0 0 0 0
1.77 0 0 0 0
1.77667 0 0 0 0
1.78333 0 0 0 0
1.79 0 0 0 0
1.79667 0 0 0 0
1.80333 0 0 0 0
1.81 0 0 0 0
1.81667 0 0 0 0
1.82333 0 0 0 0
1.83 0 0 0 0
1.83667 0 0 0 0
1.84333 0 0 0 0
1.85 0 0 0 0
1.85667 0 0 0 0
1.86333 0 0 0 0
1.87 0 0 0 0
1.87667 0 0 0 0
1.88333 0 0 0 0
1.89 0 0 0 0
1.89667 0 0 0 0
1.90333 0 0 0 0
1.91 0 0 0 0
1.91667 0 0 0 0
1.92333 0 0 0 0
1.93 0 0 0 0
1.93667 0 0 0 0
1.94333 0 0 0 0
1.95 0 0 0 0
1.95667 0 0 0 0
1.96333 0 0 0 0
1.97 0 0 0 0
1.97667 0 0 0 0
1.98333 0 0 0 0
1.99 0 0 0 0
1.99667 0 0 0 0
