0.00333333 34 56 7 2
0.01 50 71 5 5
0.0166667 49 73 3 3
0.0233333 48 90 3 3
0.03 57 118 11 7
0.0366667 62 124 12 3
0.0433333 71 142 15 2
0.05 110 171 22 3
0.0566667 121 232 21 11
0.0633333 148 244 17 5
0.07 172 256 15 4
0.0766667 160 283 17 4
0.0833333 131 298 20 9
0.09 133 274 29 7
0.0966667 174 315 11 6
0.103333 182 292 12 4
0.11 135 305 20 6
0.116667 147 306 26 11
0.123333 135 314 17 4
0.13 146 295 14 8
0.136667 139 270 19 7
0.143333 143 255 18 8
0.15 142 254 14 10
0.156667 168 235 15 2
0.163333 129 229 17 8
0.17 124 212 13 10
0.176667 143 243 12 10
0.183333 132 232 11 6
0.19 135 262 10 7
0.196667 115 247 9 7
0.203333 108 198 12 5
0.21 129 230 18 11
0.216667 108 201 4 10
0.223333 124 167 17 14
0.23 87 181 6 8
0.236667 97 188 17 7
0.243333 80 185 4 4
0.25 78 160 8 6
0.256667 77 156 10 8
0.263333 74 148 11 4
0.27 77 159 6 5
0.276667 93 163 7 4
0.283333 79 131 14 4
0.29 64 142 4 3
0.296667 84 97 6 3
0.303333 60 126 8 4
0.31 84 122 8 5
0.316667 53 94 3 5
0.323333 65 93 8 4
0.33 56 119 9 4
0.336667 62 105 11 5
0.343333 50 107 8 5
0.35 68 112 8 5
0.356667 56 88 6 3
0.363333 51 102 5 4
0.37 45 93 6 3
0.376667 53 86 9 4
0.383333 59 107 2 6
0.39 36 80 6 1
0.396667 47 66 4 3
0.403333 52 99 8 4
0.41 54 91 6 1
0.416667 36 71 5 5
0.423333 46 84 8 2
0.43 33 90 3 4
0.436667 51 84 3 2
0.443333 51 75 12 3
0.45 38 86 6 3
0.456667 53 83 9 5
0.463333 50 95 8 8
0.47 46 92 4 2
0.476667 48 79 6 4
0.483333 22 57 5 3
0.49 26 47 5 3
0.496667 40 56 6 0
0.503333 33 54 3 2
0.51 18 49 3 2
0.516667 35 51 0 3
0.523333 29 56 4 1
0.53 32 38 2 2
0.536667 23 35 2 0
0.543333 24 35 3 2
0.55 20 33 0 2
0.556667 21 26 5 0
0.563333 19 37 3 1
0.57 17 42 5 4
0.576667 14 36 3 1
0.583333 23 37 3 1
0.59 16 33 0 2
0.596667 25 32 3 3
0.603333 18 32 4 5
0.61 18 35 2 1
0.616667 17 35 4 4
0.623333 21 30 5 4
0.63 21 43 1 1
0.636667 30 46 2 0
0.643333 13 31 3 0
0.65 21 27 3 3
0.656667 11 31 3 5
0.663333 1423 2627 90 98
0.67 0 0 0 0
0.676667 0 0 0 0
0.683333 0 0 0 0
0.69 0 0 0 0
0.696667 0 0 0 0
0.703333 0 0 0 0
0.71 0 0 0 0
0.716667 0 0 0 0
0.723333 0 0 0 0
0.73 0 0 0 0
0.736667 0 0 0 0
0.743333 0 0 0 0
0.75 0 0 0 0
0.756667 0 0 0 0
0.763333 0 0 0 0
0.77 0 0 0 0
0.776667 0 0 0 0
0.783333 0 0 0 0
0.79 0 0 0 0
0.796667 0 0 0 0
0.803333 0 0 0 0
0.81 0 0 0 0
0.816667 0 0 0 0
0.823333 0 0 0 0
0.83 0 0 0 0
0.836667 0 0 0 0
0.843333 0 0 0 0
0.85 0 0 0 0
0.856667 0 0 0 0
0.863333 0 0 0 0
0.87 0 0 0 0
0.876667 0 0 0 0
0.883333 0 0 0 0
0.89 0 0 0 0
0.896667 0 0 0 0
0.903333 0 0 0 0
0.91 0 0 0 0
0.916667 0 0 0 0
0.923333 0 0 0 0
0.93 0 0 0 0
0.936667 0 0 0 0
0.943333 0 0 0 0
0.95 0 0 0 0
0.956667 0 0 0 0
0.963333 0 0 0 0
0.97 0 0 0 0
0.976667 0 0 0 0
0.983333 0 0 0 0
0.99 0 0 0 0
0.996667 0 0 0 0
1.00333 0 0 0 0
1.01 0 0 0 0
1.01667 0 0 0 0
1.02333 0 0 0 0
1.03 0 0 0 0
1.03667 0 0 0 0
1.04333 0 0 0 0
1.05 0 0 0 0
1.05667 0 0 0 0
1.06333 0 0 0 0
1.07 0 0 0 0
1.07667 0 0 0 0
1.08333 0 0 0 0
1.09 0 0 0 0
1.09667 0 0 0 0
1.10333 0 0 0 0
1.11 0 0 0 0
1.11667 0 0 0 0
1.12333 0 0 0 0
1.13 0 0 0 0
1.13667 0 0 0 0
1.14333 0 0 0 0
1.15 0 0 0 0
1.15667 0 0 0 0
1.16333 0 0 0 0
1.17 0 0 0 0
1.17667 0 0 0 0
1.18333 0 0 0 0
1.19 0 0 0 0
1.19667 0 0 0 0
1.20333 0 0 0 0
1.21 0 0 0 0
1.21667 0 0 0 0
1.22333 0 0 0 0
1.23 0 0 0 0
1.23667 0 0 0 0
1.24333 0 0 0 0
1.25 0 0 0 0
1.25667 0 0 0 0
1.26333 0 0 0 0
1.27 0 0 0 0
1.27667 0 0 0 0
1.28333 0 0 0 0
1.29 0 0 0 0
1.29667 0 0 0 0
1.30333 0 0 0 0
1.31 0 0 0 0
1.31667 0 0 0 0
1.32333 0 0 0 0
1.33 0 0 0 0
1.33667 0 0 0 0
1.34333 0 0 0 0
1.35 0 0 0 0
1.35667 0 0 0 0
1.36333 0 0 0 0
1.37 0 0 0 0
1.37667 0 0 0 0
1.38333 0 0 0 0
1.39 0 0 0 0
1.39667 0 0 0 0
1.40333 0 0 0 0
1.41 0 0 0 0
1.41667 0 0 0 0
1.42333 0 0 0 0
1.43 0 0 0 0
1.43667 0 0 0 0
1.44333 0 0 0 0
1.45 0 0 0 0
1.45667 0 0 0 0
1.46333 0 0 0 0
1.47 0 0 0 0
1.47667 0 0 0 0
1.48333 0 0 0 0
1.49 0 0 0 0
1.49667 0 0 0 0
1.50333 0 0 0 0
1.51 0 0 0 0
1.51667 0 0 0 0
1.52333 0 0 0 0
1.53 0 0 0 0
1.53667 0 0 0 0
1.54333 0 0 0 0
1.55 0 0 0 0
1.55667 0 0 0 0
1.56333 0 0 0 0
1.57 0 0 0 0
1.57667 0 0 0 0
1.58333 0 0 0 0
1.59 0 0 0 0
1.59667 0 0 0 0
1.60333 0 0 0 0
1.61 0 0 0 0
1.61667 0 0 0 0
1.62333 0 0 0 0
1.63 0 0 0 0
1.63667 0 0 0 0
1.64333 0 0 0 0
1.65 0 0 0 0
1.65667 0 0 0 0
1.66333 0 0 0 0
1.67 0 0 0 0
1.67667 0 0 0 0
1.68333 0 0 0 0
1.69 0 0 0 0
1.69667 0 0 0 0
1.70333 0 0 0 0
1.71 0 0 0 0
1.71667 0 0 0 0
1.72333 0 0 0 0
1.73 0 0 0 0
1.73667 0 0 0 0
1.74333 0 0 0 0
1.75 0 0 0 0
1.75667 0 0 0 0
1.76333 0 0 0 0
1.77 0 0 0 0
1.77667 0 0 0 0
1.78333 0 0 0 0
1.79 0 0 0 0
1.79667 0 0 0 0
1.80333 0 0 0 0
1.81 0 0 0 0
1.81667 0 0 0 0
1.82333 0 0 0 0
1.83 0 0 0 0
1.83667 0 0 0 0
1.84333 0 0 0 0
1.85 0 0 0 0
1.85667 0 0 0 0
1.86333 0 0 0 0
1.87 0 0 0 0
1.87667 0 0 0 0
1.88333 0 0 0 0
1.89 0 0 0 0
1.89667 0 0 0 0
1.90333 0 0 0 0
1.91 0 0 0 0
1.91667 0 0 0 0
1.92333 0 0 0 0
1.93 0 0 0 0
1.93667 0 0 0 0
1.94333 0 0 0 0
1.95 0 0 0 0
1.95667 0 0 0 0
1.96333 0 0 0 0
1.97 0 0 0 0
1.97667 0 0 0 0
1.98333 0 0 0 0
1.99 0 0 0 0
1.99667 0 0 0 0
