0.00333333 0 0 21 104
0.01 2 0 33 95
0.0166667 2 1 32 114
0.0233333 1 3 29 113
0.03 3 1 34 111
0.0366667 1 1 42 156
0.0433333 0 2 53 192
0.05 3 8 80 246
0.0566667 4 3 92 263
0.0633333 4 8 83 259
0.07 2 4 98 281
0.0766667 0 4 97 309
0.0833333 3 6 101 345
0.09 5 9 93 338
0.0966667 3 6 98 331
0.103333 6 4 98 308
0.11 2 7 83 345
0.116667 2 6 90 348
0.123333 2 9 72 373
0.13 4 8 77 357
0.136667 7 7 68 376
0.143333 1 5 68 311
0.15 2 6 79 316
0.156667 4 4 66 308
0.163333 4 3 70 303
0.17 4 3 54 315
0.176667 4 1 57 291
0.183333 3 11 66 318
0.19 4 9 55 341
0.196667 1 3 41 331
0.203333 7 2 69 312
0.21 3 4 62 310
0.216667 2 3 63 265
0.223333 0 3 54 293
0.23 0 3 61 270
0.236667 5 2 44 243
0.243333 0 3 43 236
0.25 2 2 46 232
0.256667 2 2 27 208
0.263333 1 3 45 223
0.27 2 5 43 206
0.276667 0 2 42 179
0.283333 0 4 32 187
0.29 1 3 37 181
0.296667 2 3 37 182
0.303333 0 2 30 159
0.31 1 2 27 170
0.316667 0 4 23 130
0.323333 1 4 22 148
0.33 1 0 34 137
0.336667 2 1 28 144
0.343333 0 3 26 125
0.35 2 3 31 138
0.356667 1 1 25 133
0.363333 1 1 29 128
0.37 1 3 31 132
0.376667 3 0 35 113
0.383333 0 3 33 140
0.39 1 2 25 122
0.396667 1 4 24 135
0.403333 0 3 23 103
0.41 1 1 25 117
0.416667 0 3 27 97
0.423333 0 3 28 105
0.43 0 3 23 122
0.436667 1 2 18 116
0.443333 0 2 19 105
0.45 0 1 23 134
0.456667 0 0 18 119
0.463333 1 3 23 96
0.47 2 3 22 112
0.476667 2 4 8 106
0.483333 1 0 13 76
0.49 0 2 21 74
0.496667 2 2 13 49
0.503333 1 0 10 62
0.51 1 2 13 50
0.516667 0 1 22 69
0.523333 1 3 18 65
0.53 1 2 9 43
0.536667 0 0 19 46
0.543333 1 1 15 51
0.55 1 2 15 58
0.556667 0 3 9 61
0.563333 0 3 9 44
0.57 3 1 14 61
0.576667 0 1 10 34
0.583333 1 1 17 46
0.59 1 1 10 45
0.596667 0 4 17 52
0.603333 1 0 14 36
0.61 0 1 10 42
0.616667 0 0 8 42
0.623333 1 1 12 43
0.63 0 2 10 51
0.636667 0 1 11 56
0.643333 0 2 10 34
0.65 0 3 11 34
0.656667 0 0 10 50
0.663333 17 27 405 4307
0.67 0 0 0 0
0.676667 0 0 0 0
0.683333 0 0 0 0
0.69 0 0 0 0
0.696667 0 0 0 0
0.703333 0 0 0 0
0.71 0 0 0 0
0.716667 0 0 0 0
0.723333 0 0 0 0
0.73 0 0 0 0
0.736667 0 0 0 0
0.743333 0 0 0 0
0.75 0 0 0 0
0.756667 0 0 0 0
0.763333 0 0 0 0
0.77 0 0 0 0
0.776667 0 0 0 0
0.783333 0 0 0 0
0.79 0 0 0 0
0.796667 0 0 0 0
0.803333 0 0 0 0
0.81 0 0 0 0
0.816667 0 0 0 0
0.823333 0 0 0 0
0.83 0 0 0 0
0.836667 0 0 0 0
0.843333 0 0 0 0
0.85 0 0 0 0
0.856667 0 0 0 0
0.863333 0 0 0 0
0.87 0 0 0 0
0.876667 0 0 0 0
0.883333 0 0 0 0
0.89 0 0 0 0
0.896667 0 0 0 0
0.903333 0 0 0 0
0.91 0 0 0 0
0.916667 0 0 0 0
0.923333 0 0 0 0
0.93 0 0 0 0
0.936667 0 0 0 0
0.943333 0 0 0 0
0.95 0 0 0 0
0.956667 0 0 0 0
0.963333 0 0 0 0
0.97 0 0 0 0
0.976667 0 0 0 0
0.983333 0 0 0 0
0.99 0 0 0 0
0.996667 0 0 0 0
1.00333 0 0 0 0
1.01 0 0 0 0
1.01667 0 0 0 0
1.02333 0 0 0 0
1.03 0 0 0 0
1.03667 0 0 0 0
1.04333 0 0 0 0
1.05 0 0 0 0
1.05667 0 0 0 0
1.06333 0 0 0 0
1.07 0 0 0 0
1.07667 0 0 0 0
1.08333 0 0 0 0
1.09 0 0 0 0
1.09667 0 0 0 0
1.10333 0 0 0 0
1.11 0 0 0 0
1.11667 0 0 0 0
1.12333 0 0 0 0
1.13 0 0 0 0
1.13667 0 0 0 0
1.14333 0 0 0 0
1.15 0 0 0 0
1.15667 0 0 0 0
1.16333 0 0 0 0
1.17 0 0 0 0
1.17667 0 0 0 0
1.18333 0 0 0 0
1.19 0 0 0 0
1.19667 0 0 0 0
1.20333 0 0 0 0
1.21 0 0 0 0
1.21667 0 0 0 0
1.22333 0 0 0 0
1.23 0 0 0 0
1.23667 0 0 0 0
1.24333 0 0 0 0
1.25 0 0 0 0
1.25667 0 0 0 0
1.26333 0 0 0 0
1.27 0 0 0 0
1.27667 0 0 0 0
1.28333 0 0 0 0
1.29 0 0 0 0
1.29667 0 0 0 0
1.30333 0 0 0 0
1.31 0 0 0 0
1.31667 0 0 0 0
1.32333 0 0 0 0
1.33 0 0 0 0
1.33667 0 0 0 0
1.34333 0 0 0 0
1.35 0 0 0 0
1.35667 0 0 0 0
1.36333 0 0 0 0
1.37 0 0 0 0
1.37667 0 0 0 0
1.38333 0 0 0 0
1.39 0 0 0 0
1.39667 0 0 0 0
1.40333 0 0 0 0
1.41 0 0 0 0
1.41667 0 0 0 0
1.42333 0 0 0 0
1.43 0 0 0 0
1.43667 0 0 0 0
1.44333 0 0 0 0
1.45 0 0 0 0
1.45667 0 0 0 0
1.46333 0 0 0 0
1.47 0 0 0 0
1.47667 0 0 0 0
1.48333 0 0 0 0
1.49 0 0 0 0
1.49667 0 0 0 0
1.50333 0 0 0 0
1.51 0 0 0 0
1.51667 0 0 0 0
1.52333 0 0 0 0
1.53 0 0 0 0
1.53667 0 0 0 0
1.54333 0 0 0 0
1.55 0 0 0 0
1.55667 0 0 0 0
1.56333 0 0 0 0
1.57 0 0 0 0
1.57667 0 0 0 0
1.58333 0 0 0 0
1.59 0 0 0 0
1.59667 0 0 0 0
1.60333 0 0 0 0
1.61 0 0 0 0
1.61667 0 0 0 0
1.62333 0 0 0 0
1.63 0 0 0 0
1.63667 0 0 0 0
1.64333 0 0 0 0
1.65 0 0 0 0
1.65667 0 0 0 0
1.66333 0 0 0 0
1.67 0 0 0 0
1.67667 0 0 0 0
1.68333 0 0 0 0
1.69 0 0 0 0
1.69667 0 0 0 0
1.70333 0 0 0 0
1.71 0 0 0 0
1.71667 0 0 0 0
1.72333 0 0 0 0
1.73 0 0 0 0
1.73667 0 0 0 0
1.74333 0 0 0 0
1.75 0 0 0 0
1.75667 0 0 0 0
1.76333 0 0 0 0
1.77 0 0 0 0
1.77667 0 0 0 0
1.78333 0 0 0 0
1.79 0 0 0 0
1.79667 0 0 0 0
1.80333 0 0 0 0
1.81 0 0 0 0
1.81667 0 0 0 0
1.82333 0 0 0 0
1.83 0 0 0 0
1.83667 0 0 0 0
1.84333 0 0 0 0
1.85 0 0 0 0
1.85667 0 0 0 0
1.86333 0 0 0 0
1.87 0 0 0 0
1.87667 0 0 0 0
1.88333 0 0 0 0
1.89 0 0 0 0
1.89667 0 0 0 0
1.90333 0 0 0 0
1.91 0 0 0 0
1.91667 0 0 0 0
1.92333 0 0 0 0
1.93 0 0 0 0
1.93667 0 0 0 0
1.94333 0 0 0 0
1.95 0 0 0 0
1.95667 0 0 0 0
1.96333 0 0 0 0
1.97 0 0 0 0
1.97667 0 0 0 0
1.98333 0 0 0 0
1.99 0 0 0 0
1.99667 0 0 0 0
