0.00333333 5 12 61 5
0.01 4 22 57 6
0.0166667 6 25 78 8
0.0233333 8 23 73 9
0.03 4 32 71 6
0.0366667 11 30 83 9
0.0433333 7 36 111 15
0.05 19 56 131 14
0.0566667 14 45 148 23
0.0633333 19 64 173 30
0.07 13 88 177 24
0.0766667 18 67 181 22
0.0833333 23 83 176 33
0.09 12 77 180 27
0.0966667 19 75 179 27
0.103333 12 58 184 29
0.11 17 75 207 17
0.116667 10 72 178 28
0.123333 19 64 185 24
0.13 11 70 175 17
0.136667 20 48 173 19
0.143333 11 55 196 18
0.15 9 55 174 16
0.156667 9 54 168 19
0.163333 5 49 154 9
0.17 12 43 169 17
0.176667 9 36 176 17
0.183333 15 49 143 15
0.19 11 40 197 18
0.196667 9 54 171 15
0.203333 6 57 172 17
0.21 9 38 172 12
0.216667 4 42 158 10
0.223333 13 34 147 14
0.23 5 54 151 16
0.236667 7 34 151 16
0.243333 5 40 132 11
0.25 6 41 131 11
0.256667 5 32 114 8
0.263333 8 28 103 15
0.27 8 28 102 8
0.276667 3 30 126 16
0.283333 6 20 95 9
0.29 4 22 103 13
0.296667 7 32 77 11
0.303333 6 27 92 8
0.31 10 35 85 13
0.316667 7 27 74 7
0.323333 3 33 91 6
0.33 6 26 78 3
0.336667 11 33 82 14
0.343333 6 22 88 9
0.35 2 24 91 7
0.356667 5 24 68 7
0.363333 5 30 64 8
0.37 2 28 55 5
0.376667 6 18 74 8
0.383333 3 21 70 9
0.39 7 25 62 7
0.396667 3 14 74 6
0.403333 6 19 64 2
0.41 9 20 60 4
0.416667 5 18 70 7
0.423333 5 18 65 10
0.43 2 18 56 10
0.436667 2 15 75 11
0.443333 3 15 62 10
0.45 3 9 58 5
0.456667 5 17 61 6
0.463333 1 22 59 4
0.47 6 17 37 5
0.476667 4 10 53 7
0.483333 4 11 41 4
0.49 2 10 38 9
0.496667 4 15 40 9
0.503333 4 12 39 4
0.51 4 8 37 2
0.516667 0 13 22 1
0.523333 8 17 34 2
0.53 2 9 29 6
0.536667 1 11 24 5
0.543333 4 11 28 2
0.55 2 9 26 0
0.556667 2 8 29 3
0.563333 4 5 29 7
0.57 3 11 30 5
0.576667 4 7 24 4
0.583333 2 15 26 3
0.59 3 11 25 5
0.596667 1 18 35 8
0.603333 0 6 26 1
0.61 1 6 20 2
0.616667 3 12 27 5
0.623333 1 17 21 4
0.63 3 4 19 1
0.636667 0 10 30 6
0.643333 4 13 26 6
0.65 3 9 31 2
0.656667 0 12 24 6
0.663333 55 359 2111 97
0.67 0 0 0 0
0.676667 0 0 0 0
0.683333 0 0 0 0
0.69 0 0 0 0
0.696667 0 0 0 0
0.703333 0 0 0 0
0.71 0 0 0 0
0.716667 0 0 0 0
0.723333 0 0 0 0
0.73 0 0 0 0
0.736667 0 0 0 0
0.743333 0 0 0 0
0.75 0 0 0 0
0.756667 0 0 0 0
0.763333 0 0 0 0
0.77 0 0 0 0
0.776667 0 0 0 0
0.783333 0 0 0 0
0.79 0 0 0 0
0.796667 0 0 0 0
0.803333 0 0 0 0
0.81 0 0 0 0
0.816667 0 0 0 0
0.823333 0 0 0 0
0.83 0 0 0 0
0.836667 0 0 0 0
0.843333 0 0 0 0
0.85 0 0 0 0
0.856667 0 0 0 0
0.863333 0 0 0 0
0.87 0 0 0 0
0.876667 0 0 0 0
0.883333 0 0 0 0
0.89 0 0 0 0
0.896667 0 0 0 0
0.903333 0 0 0 0
0.91 0 0 0 0
0.916667 0 0 0 0
0.923333 0 0 0 0
0.93 0 0 0 0
0.936667 0 0 0 0
0.943333 0 0 0 0
0.95 0 0 0 0
0.956667 0 0 0 0
0.963333 0 0 0 0
0.97 0 0 0 0
0.976667 0 0 0 0
0.983333 0 0 0 0
0.99 0 0 0 0
0.996667 0 0 0 0
1.00333 0 0 0 0
1.01 0 0 0 0
1.01667 0 0 0 0
1.02333 0 0 0 0
1.03 0 0 0 0
1.03667 0 0 0 0
1.04333 0 0 0 0
1.05 0 0 0 0
1.05667 0 0 0 0
1.06333 0 0 0 0
1.07 0 0 0 0
1.07667 0 0 0 0
1.08333 0 0 0 0
1.09 0 0 0 0
1.09667 0 0 0 0
1.10333 0 0 0 0
1.11 0 0 0 0
1.11667 0 0 0 0
1.12333 0 0 0 0
1.13 0 0 0 0
1.13667 0 0 0 0
1.14333 0 0 0 0
1.15 0 0 0 0
1.15667 0 0 0 0
1.16333 0 0 0 0
1.17 0 0 0 0
1.17667 0 0 0 0
1.18333 0 0 0 0
1.19 0 0 0 0
1.19667 0 0 0 0
1.20333 0 0 0 0
1.21 0 0 0 0
1.21667 0 0 0 0
1.22333 0 0 0 0
1.23 0 0 0 0
1.23667 0 0 0 0
1.24333 0 0 0 0
1.25 0 0 0 0
1.25667 0 0 0 0
1.26333 0 0 0 0
1.27 0 0 0 0
1.27667 0 0 0 0
1.28333 0 0 0 0
1.29 0 0 0 0
1.29667 0 0 0 0
1.30333 0 0 0 0
1.31 0 0 0 0
1.31667 0 0 0 0
1.32333 0 0 0 0
1.33 0 0 0 0
1.33667 0 0 0 0
1.34333 0 0 0 0
1.35 0 0 0 0
1.35667 0 0 0 0
1.36333 0 0 0 0
1.37 0 0 0 0
1.37667 0 0 0 0
1.38333 0 0 0 0
1.39 0 0 0 0
1.39667 0 0 0 0
1.40333 0 0 0 0
1.41 0 0 0 0
1.41667 0 0 0 0
1.42333 0 0 0 0
1.43 0 0 0 0
1.43667 0 0 0 0
1.44333 0 0 0 0
1.45 0 0 0 0
1.45667 0 0 0 0
1.46333 0 0 0 0
1.47 0 0 0 0
1.47667 0 0 0 0
1.48333 0 0 0 0
1.49 0 0 0 0
1.49667 0 0 0 0
1.50333 0 0 0 0
1.51 0 0 0 0
1.51667 0 0 0 0
1.52333 0 0 0 0
1.53 0 0 0 0
1.53667 0 0 0 0
1.54333 0 0 0 0
1.55 0 0 0 0
1.55667 0 0 0 0
1.56333 0 0 0 0
1.57 0 0 0 0
1.57667 0 0 0 0
1.58333 0 0 0 0
1.59 0 0 0 0
1.59667 0 0 0 0
1.60333 0 0 0 0
1.61 0 0 0 0
1.61667 0 0 0 0
1.62333 0 0 0 0
1.63 0 0 0 0
1.63667 0 0 0 0
1.64333 0 0 0 0
1.65 0 0 0 0
1.65667 0 0 0 0
1.66333 0 0 0 0
1.67 0 0 0 0
1.67667 0 0 0 0
1.68333 0 0 0 0
1.69 0 0 0 0
1.69667 0 0 0 0
1.70333 0 0 0 0
1.71 0 0 0 0
1.71667 0 0 0 0
1.72333 0 0 0 0
1.73 0 0 0 0
1.73667 0 0 0 0
1.74333 0 0 0 0
1.75 0 0 0 0
1.75667 0 0 0 0
1.76333 0 0 0 0
1.77 0 0 0 0
1.77667 0 0 0 0
1.78333 0 0 0 0
1.79 0 0 0 0
1.79667 0 0 0 0
1.80333 0 0 0 0
1.81 0 0 0 0
1.81667 0 0 0 0
1.82333 0 0 0 0
1.83 0 0 0 0
1.83667 0 0 0 0
1.84333 0 0 0 0
1.85 0 0 0 0
1.85667 0 0 0 0
1.86333 0 0 0 0
1.87 0 0 0 0
1.87667 0 0 0 0
1.88333 0 0 0 0
1.89 0 0 0 0
1.89667 0 0 0 0
1.90333 0 0 0 0
1.91 0 0 0 0
1.91667 0 0 0 0
1.92333 0 0 0 0
1.93 0 0 0 0
1.93667 0 0 0 0
1.94333 0 0 0 0
1.95 0 0 0 0
1.95667 0 0 0 0
1.96333 0 0 0 0
1.97 0 0 0 0
1.97667 0 0 0 0
1.98333 0 0 0 0
1.99 0 0 0 0
1.99667 0 0 0 0
