0.00333333 19 44 15 5
0.01 12 36 12 7
0.0166667 24 68 8 7
0.0233333 17 59 14 10
0.03 26 57 11 5
0.0366667 27 69 25 7
0.0433333 28 112 30 6
0.05 46 151 29 11
0.0566667 75 148 48 14
0.0633333 62 165 43 11
0.07 60 190 44 16
0.0766667 75 186 39 11
0.0833333 61 195 43 23
0.09 70 191 41 22
0.0966667 70 188 44 22
0.103333 74 173 57 18
0.11 62 152 46 15
0.116667 62 171 44 21
0.123333 61 180 45 9
0.13 69 175 42 18
0.136667 63 166 31 16
0.143333 65 173 19 13
0.15 70 141 43 17
0.156667 58 130 27 12
0.163333 70 136 31 16
0.17 51 121 33 10
0.176667 54 127 26 10
0.183333 58 136 26 16
0.19 65 138 26 12
0.196667 72 138 26 14
0.203333 53 124 23 15
0.21 46 129 23 10
0.216667 49 133 17 20
0.223333 49 97 22 17
0.23 40 115 21 6
0.236667 46 114 30 9
0.243333 34 96 18 8
0.25 39 76 17 9
0.256667 40 95 16 14
0.263333 42 91 18 12
0.27 44 84 15 8
0.276667 49 78 20 6
0.283333 30 75 12 6
0.29 26 89 24 8
0.296667 28 88 15 9
0.303333 30 75 17 8
0.31 35 68 15 8
0.316667 29 73 15 15
0.323333 27 63 17 4
0.33 25 59 14 7
0.336667 23 60 19 7
0.343333 25 40 10 5
0.35 20 66 15 5
0.356667 34 54 19 6
0.363333 35 60 10 9
0.37 27 60 14 6
0.376667 29 63 11 13
0.383333 28 45 10 8
0.39 24 46 11 4
0.396667 20 68 8 6
0.403333 16 60 11 10
0.41 24 58 14 5
0.416667 20 51 10 8
0.423333 11 57 15 7
0.43 24 63 10 11
0.436667 23 64 10 6
0.443333 18 50 11 7
0.45 13 45 12 6
0.456667 28 42 14 10
0.463333 21 38 11 8
0.47 23 51 11 4
0.476667 22 28 9 6
0.483333 17 34 5 4
0.49 14 28 5 5
0.496667 19 40 10 4
0.503333 24 21 6 5
0.51 12 41 7 4
0.516667 14 26 5 4
0.523333 12 25 9 3
0.53 10 20 3 5
0.536667 10 24 9 4
0.543333 21 23 5 4
0.55 8 26 8 6
0.556667 10 29 9 1
0.563333 11 30 4 5
0.57 6 29 7 3
0.576667 13 23 10 3
0.583333 10 28 16 4
0.59 7 29 11 7
0.596667 10 23 17 3
0.603333 9 24 8 5
0.61 8 25 6 4
0.616667 9 15 3 1
0.623333 14 25 1 4
0.63 13 28 3 2
0.636667 4 28 2 2
0.643333 8 24 6 3
0.65 6 27 7 5
0.656667 7 17 6 6
0.663333 626 1239 189 114
0.67 0 0 0 0
0.676667 0 0 0 0
0.683333 0 0 0 0
0.69 0 0 0 0
0.696667 0 0 0 0
0.703333 0 0 0 0
0.71 0 0 0 0
0.716667 0 0 0 0
0.723333 0 0 0 0
0.73 0 0 0 0
0.736667 0 0 0 0
0.743333 0 0 0 0
0.75 0 0 0 0
0.756667 0 0 0 0
0.763333 0 0 0 0
0.77 0 0 0 0
0.776667 0 0 0 0
0.783333 0 0 0 0
0.79 0 0 0 0
0.796667 0 0 0 0
0.803333 0 0 0 0
0.81 0 0 0 0
0.816667 0 0 0 0
0.823333 0 0 0 0
0.83 0 0 0 0
0.836667 0 0 0 0
0.843333 0 0 0 0
0.85 0 0 0 0
0.856667 0 0 0 0
0.863333 0 0 0 0
0.87 0 0 0 0
0.876667 0 0 0 0
0.883333 0 0 0 0
0.89 0 0 0 0
0.896667 0 0 0 0
0.903333 0 0 0 0
0.91 0 0 0 0
0.916667 0 0 0 0
0.923333 0 0 0 0
0.93 0 0 0 0
0.936667 0 0 0 0
0.943333 0 0 0 0
0.95 0 0 0 0
0.956667 0 0 0 0
0.963333 0 0 0 0
0.97 0 0 0 0
0.976667 0 0 0 0
0.983333 0 0 0 0
0.99 0 0 0 0
0.996667 0 0 0 0
1.00333 0 0 0 0
1.01 0 0 0 0
1.01667 0 0 0 0
1.02333 0 0 0 0
1.03 0 0 0 0
1.03667 0 0 0 0
1.04333 0 0 0 0
1.05 0 0 0 0
1.05667 0 0 0 0
1.06333 0 0 0 0
1.07 0 0 0 0
1.07667 0 0 0 0
1.08333 0 0 0 0
1.09 0 0 0 0
1.09667 0 0 0 0
1.10333 0 0 0 0
1.11 0 0 0 0
1.11667 0 0 0 0
1.12333 0 0 0 0
1.13 0 0 0 0
1.13667 0 0 0 0
1.14333 0 0 0 0
1.15 0 0 0 0
1.15667 0 0 0 0
1.16333 0 0 0 0
1.17 0 0 0 0
1.17667 0 0 0 0
1.18333 0 0 0 0
1.19 0 0 0 0
1.19667 0 0 0 0
1.20333 0 0 0 0
1.21 0 0 0 0
1.21667 0 0 0 0
1.22333 0 0 0 0
1.23 0 0 0 0
1.23667 0 0 0 0
1.24333 0 0 0 0
1.25 0 0 0 0
1.25667 0 0 0 0
1.26333 0 0 0 0
1.27 0 0 0 0
1.27667 0 0 0 0
1.28333 0 0 0 0
1.29 0 0 0 0
1.29667 0 0 0 0
1.30333 0 0 0 0
1.31 0 0 0 0
1.31667 0 0 0 0
1.32333 0 0 0 0
1.33 0 0 0 0
1.33667 0 0 0 0
1.34333 0 0 0 0
1.35 0 0 0 0
1.35667 0 0 0 0
1.36333 0 0 0 0
1.37 0 0 0 0
1.37667 0 0 0 0
1.38333 0 0 0 0
1.39 0 0 0 0
1.39667 0 0 0 0
1.40333 0 0 0 0
1.41 0 0 0 0
1.41667 0 0 0 0
1.42333 0 0 0 0
1.43 0 0 0 0
1.43667 0 0 0 0
1.44333 0 0 0 0
1.45 0 0 0 0
1.45667 0 0 0 0
1.46333 0 0 0 0
1.47 0 0 0 0
1.47667 0 0 0 0
1.48333 0 0 0 0
1.49 0 0 0 0
1.49667 0 0 0 0
1.50333 0 0 0 0
1.51 0 0 0 0
1.51667 0 0 0 0
1.52333 0 0 0 0
1.53 0 0 0 0
1.53667 0 0 0 0
1.54333 0 0 0 0
1.55 0 0 0 0
1.55667 0 0 0 0
1.56333 0 0 0 0
1.57 0 0 0 0
1.57667 0 0 0 0
1.58333 0 0 0 0
1.59 0 0 0 0
1.59667 0 0 0 0
1.60333 0 0 0 0
1.61 0 0 0 0
1.61667 0 0 0 0
1.62333 0 0 0 0
1.63 0 0 0 0
1.63667 0 0 0 0
1.64333 0 0 0 0
1.65 0 0 0 0
1.65667 0 0 0 0
1.66333 0 0 0 0
1.67 0 0 0 0
1.67667 0 0 0 0
1.68333 0 0 0 0
1.69 0 0 0 0
1.69667 0 0 0 0
1.70333 0 0 0 0
1.71 0 0 0 0
1.71667 0 0 0 0
1.72333 0 0 0 0
1.73 0 0 0 0
1.73667 0 0 0 0
1.74333 0 0 0 0
1.75 0 0 0 0
1.75667 0 0 0 0
1.76333 0 0 0 0
1.77 0 0 0 0
1.77667 0 0 0 0
1.78333 0 0 0 0
1.79 0 0 0 0
1.79667 0 0 0 0
1.80333 0 0 0 0
1.81 0 0 0 0
1.81667 0 0 0 0
1.82333 0 0 0 0
1.83 0 0 0 0
1.83667 0 0 0 0
1.84333 0 0 0 0
1.85 0 0 0 0
1.85667 0 0 0 0
1.86333 0 0 0 0
1.87 0 0 0 0
1.87667 0 0 0 0
1.88333 0 0 0 0
1.89 0 0 0 0
1.89667 0 0 0 0
1.90333 0 0 0 0
1.91 0 0 0 0
1.91667 0 0 0 0
1.92333 0 0 0 0
1.93 0 0 0 0
1.93667 0 0 0 0
1.94333 0 0 0 0
1.95 0 0 0 0
1.95667 0 0 0 0
1.96333 0 0 0 0
1.97 0 0 0 0
1.97667 0 0 0 0
1.98333 0 0 0 0
1.99 0 0 0 0
1.99667 0 0 0 0
