0.00333333 17 93 6 2
0.01 29 66 10 1
0.0166667 25 94 11 2
0.0233333 25 104 16 3
0.03 31 121 11 2
0.0366667 31 149 11 2
0.0433333 57 188 27 2
0.05 59 212 31 4
0.0566667 66 236 32 8
0.0633333 72 289 34 14
0.07 102 330 27 3
0.0766667 80 355 58 10
0.0833333 87 284 44 10
0.09 95 322 33 10
0.0966667 95 370 38 9
0.103333 89 352 34 13
0.11 87 317 42 6
0.116667 71 342 43 7
0.123333 78 320 29 10
0.13 56 335 45 11
0.136667 65 339 26 12
0.143333 62 305 29 5
0.15 64 307 30 6
0.156667 64 297 20 10
0.163333 67 258 23 6
0.17 53 268 20 8
0.176667 79 276 23 8
0.183333 60 304 20 6
0.19 76 291 38 12
0.196667 54 265 32 5
0.203333 59 277 24 6
0.21 55 270 19 3
0.216667 54 250 22 8
0.223333 58 230 24 6
0.23 45 218 18 5
0.236667 35 234 15 3
0.243333 36 219 15 4
0.25 50 200 12 3
0.256667 40 183 12 3
0.263333 28 188 17 5
0.27 39 167 16 5
0.276667 51 182 21 5
0.283333 37 144 15 5
0.29 24 165 14 5
0.296667 36 165 12 7
0.303333 28 146 13 5
0.31 41 138 20 3
0.316667 40 153 7 3
0.323333 32 125 17 4
0.33 31 110 17 3
0.336667 29 111 13 3
0.343333 25 122 13 4
0.35 25 123 13 0
0.356667 26 117 11 4
0.363333 28 113 15 2
0.37 30 104 14 4
0.376667 28 86 18 3
0.383333 31 114 5 0
0.39 29 89 19 1
0.396667 36 84 6 1
0.403333 28 112 10 2
0.41 24 89 6 3
0.416667 22 86 11 2
0.423333 26 103 13 3
0.43 21 98 12 2
0.436667 16 96 12 1
0.443333 24 93 9 1
0.45 19 113 14 1
0.456667 26 102 10 4
0.463333 25 124 19 5
0.47 16 96 7 4
0.476667 21 81 13 7
0.483333 21 64 12 4
0.49 14 62 7 2
0.496667 12 55 9 2
0.503333 17 61 8 4
0.51 19 51 10 2
0.516667 16 53 8 1
0.523333 7 50 5 0
0.53 16 45 7 1
0.536667 20 41 4 5
0.543333 15 53 9 3
0.55 14 49 6 4
0.556667 14 47 4 1
0.563333 8 46 9 1
0.57 15 50 3 2
0.576667 6 50 8 2
0.583333 11 44 5 1
0.59 12 38 4 0
0.596667 6 37 3 1
0.603333 6 48 3 4
0.61 14 45 2 3
0.616667 5 44 4 4
0.623333 7 35 8 3
0.63 12 43 6 1
0.636667 12 35 4 2
0.643333 6 30 4 2
0.65 7 46 5 1
0.656667 9 36 6 2
0.663333 449 3253 228 38
0.67 0 0 0 0
0.676667 0 0 0 0
0.683333 0 0 0 0
0.69 0 0 0 0
0.696667 0 0 0 0
0.703333 0 0 0 0
0.71 0 0 0 0
0.716667 0 0 0 0
0.723333 0 0 0 0
0.73 0 0 0 0
0.736667 0 0 0 0
0.743333 0 0 0 0
0.75 0 0 0 0
0.756667 0 0 0 0
0.763333 0 0 0 0
0.77 0 0 0 0
0.776667 0 0 0 0
0.783333 0 0 0 0
0.79 0 0 0 0
0.796667 0 0 0 0
0.803333 0 0 0 0
0.81 0 0 0 0
0.816667 0 0 0 0
0.823333 0 0 0 0
0.83 0 0 0 0
0.836667 0 0 0 0
0.843333 0 0 0 0
0.85 0 0 0 0
0.856667 0 0 0 0
0.863333 0 0 0 0
0.87 0 0 0 0
0.876667 0 0 0 0
0.883333 0 0 0 0
0.89 0 0 0 0
0.896667 0 0 0 0
0.903333 0 0 0 0
0.91 0 0 0 0
0.916667 0 0 0 0
0.923333 0 0 0 0
0.93 0 0 0 0
0.936667 0 0 0 0
0.943333 0 0 0 0
0.95 0 0 0 0
0.956667 0 0 0 0
0.963333 0 0 0 0
0.97 0 0 0 0
0.976667 0 0 0 0
0.983333 0 0 0 0
0.99 0 0 0 0
0.996667 0 0 0 0
1.00333 0 0 0 0
1.01 0 0 0 0
1.01667 0 0 0 0
1.02333 0 0 0 0
1.03 0 0 0 0
1.03667 0 0 0 0
1.04333 0 0 0 0
1.05 0 0 0 0
1.05667 0 0 0 0
1.06333 0 0 0 0
1.07 0 0 0 0
1.07667 0 0 0 0
1.08333 0 0 0 0
1.09 0 0 0 0
1.09667 0 0 0 0
1.10333 0 0 0 0
1.11 0 0 0 0
1.11667 0 0 0 0
1.12333 0 0 0 0
1.13 0 0 0 0
1.13667 0 0 0 0
1.14333 0 0 0 0
1.15 0 0 0 0
1.15667 0 0 0 0
1.16333 0 0 0 0
1.17 0 0 0 0
1.17667 0 0 0 0
1.18333 0 0 0 0
1.19 0 0 0 0
1.19667 0 0 0 0
1.20333 0 0 0 0
1.21 0 0 0 0
1.21667 0 0 0 0
1.22333 0 0 0 0
1.23 0 0 0 0
1.23667 0 0 0 0
1.24333 0 0 0 0
1.25 0 0 0 0
1.25667 0 0 0 0
1.26333 0 0 0 0
1.27 0 0 0 0
1.27667 0 0 0 0
1.28333 0 0 0 0
1.29 0 0 0 0
1.29667 0 0 0 0
1.30333 0 0 0 0
1.31 0 0 0 0
1.31667 0 0 0 0
1.32333 0 0 0 0
1.33 0 0 0 0
1.33667 0 0 0 0
1.34333 0 0 0 0
1.35 0 0 0 0
1.35667 0 0 0 0
1.36333 0 0 0 0
1.37 0 0 0 0
1.37667 0 0 0 0
1.38333 0 0 0 0
1.39 0 0 0 0
1.39667 0 0 0 0
1.40333 0 0 0 0
1.41 0 0 0 0
1.41667 0 0 0 0
1.42333 0 0 0 0
1.43 0 0 0 0
1.43667 0 0 0 0
1.44333 0 0 0 0
1.45 0 0 0 0
1.45667 0 0 0 0
1.46333 0 0 0 0
1.47 0 0 0 0
1.47667 0 0 0 0
1.48333 0 0 0 0
1.49 0 0 0 0
1.49667 0 0 0 0
1.50333 0 0 0 0
1.51 0 0 0 0
1.51667 0 0 0 0
1.52333 0 0 0 0
1.53 0 0 0 0
1.53667 0 0 0 0
1.54333 0 0 0 0
1.55 0 0 0 0
1.55667 0 0 0 0
1.56333 0 0 0 0
1.57 0 0 0 0
1.57667 0 0 0 0
1.58333 0 0 0 0
1.59 0 0 0 0
1.59667 0 0 0 0
1.60333 0 0 0 0
1.61 0 0 0 0
1.61667 0 0 0 0
1.62333 0 0 0 0
1.63 0 0 0 0
1.63667 0 0 0 0
1.64333 0 0 0 0
1.65 0 0 0 0
1.65667 0 0 0 0
1.66333 0 0 0 0
1.67 0 0 0 0
1.67667 0 0 0 0
1.68333 0 0 0 0
1.69 0 0 0 0
1.69667 0 0 0 0
1.70333 0 0 0 0
1.71 0 0 0 0
1.71667 0 0 0 0
1.72333 0 0 0 0
1.73 0 0 0 0
1.73667 0 0 0 0
1.74333 0 0 0 0
1.75 0 0 0 0
1.75667 0 0 0 0
1.76333 0 0 0 0
1.77 0 0 0 0
1.77667 0 0 0 0
1.78333 0 0 0 0
1.79 0 0 0 0
1.79667 0 0 0 0
1.80333 0 0 0 0
1.81 0 0 0 0
1.81667 0 0 0 0
1.82333 0 0 0 0
1.83 0 0 0 0
1.83667 0 0 0 0
1.84333 0 0 0 0
1.85 0 0 0 0
1.85667 0 0 0 0
1.86333 0 0 0 0
1.87 0 0 0 0
1.87667 0 0 0 0
1.88333 0 0 0 0
1.89 0 0 0 0
1.89667 0 0 0 0
1.90333 0 0 0 0
1.91 0 0 0 0
1.91667 0 0 0 0
1.92333 0 0 0 0
1.93 0 0 0 0
1.93667 0 0 0 0
1.94333 0 0 0 0
1.95 0 0 0 0
1.95667 0 0 0 0
1.96333 0 0 0 0
1.97 0 0 0 0
1.97667 0 0 0 0
1.98333 0 0 0 0
1.99 0 0 0 0
1.99667 0 0 0 0
