0.00333333 32 88 3 3
0.01 42 90 5 3
0.0166667 44 112 6 0
0.0233333 39 101 13 4
0.03 45 117 3 1
0.0366667 54 136 16 2
0.0433333 80 199 17 3
0.05 104 257 15 3
0.0566667 102 270 17 5
0.0633333 131 307 27 8
0.07 122 311 19 5
0.0766667 107 346 31 7
0.0833333 135 355 26 9
0.09 135 348 18 5
0.0966667 141 314 30 5
0.103333 121 306 20 4
0.11 133 330 23 5
0.116667 107 354 28 8
0.123333 111 350 21 2
0.13 99 349 20 5
0.136667 120 281 18 12
0.143333 119 300 22 5
0.15 90 293 16 7
0.156667 94 320 12 4
0.163333 89 281 20 7
0.17 90 300 12 5
0.176667 95 281 21 7
0.183333 77 281 15 2
0.19 103 332 22 5
0.196667 88 309 21 3
0.203333 88 303 18 5
0.21 92 289 8 4
0.216667 58 251 14 7
0.223333 86 231 18 7
0.23 64 230 17 4
0.236667 74 221 11 3
0.243333 73 205 8 3
0.25 83 211 10 1
0.256667 61 193 6 1
0.263333 51 190 16 4
0.27 61 189 10 2
0.276667 74 182 15 5
0.283333 48 162 7 1
0.29 44 153 9 3
0.296667 41 169 10 4
0.303333 52 142 3 3
0.31 56 175 15 3
0.316667 53 131 10 1
0.323333 51 122 8 3
0.33 38 163 15 1
0.336667 43 137 6 2
0.343333 41 96 8 3
0.35 41 124 5 1
0.356667 37 128 7 1
0.363333 42 119 8 3
0.37 43 108 8 4
0.376667 50 117 9 2
0.383333 24 87 3 1
0.39 43 106 14 0
0.396667 59 109 3 0
0.403333 40 102 9 1
0.41 41 116 6 2
0.416667 43 85 7 1
0.423333 36 114 15 0
0.43 23 95 6 1
0.436667 38 111 8 1
0.443333 24 96 6 1
0.45 36 110 13 0
0.456667 32 114 8 2
0.463333 38 90 9 4
0.47 28 106 3 3
0.476667 34 75 4 3
0.483333 17 68 9 1
0.49 22 72 6 2
0.496667 18 56 4 4
0.503333 21 64 6 4
0.51 22 54 6 2
0.516667 14 56 7 0
0.523333 14 59 9 1
0.53 21 46 5 1
0.536667 12 44 1 2
0.543333 15 46 8 0
0.55 24 44 3 2
0.556667 21 28 4 1
0.563333 20 49 4 1
0.57 21 39 5 2
0.576667 15 59 7 2
0.583333 13 35 4 0
0.59 17 34 3 1
0.596667 15 36 2 1
0.603333 12 49 6 1
0.61 12 37 2 1
0.616667 11 32 6 2
0.623333 16 40 10 1
0.63 15 49 5 1
0.636667 16 41 4 3
0.643333 18 38 6 1
0.65 15 36 3 0
0.656667 11 41 4 1
0.663333 747 3439 130 33
0.67 0 0 0 0
0.676667 0 0 0 0
0.683333 0 0 0 0
0.69 0 0 0 0
0.696667 0 0 0 0
0.703333 0 0 0 0
0.71 0 0 0 0
0.716667 0 0 0 0
0.723333 0 0 0 0
0.73 0 0 0 0
0.736667 0 0 0 0
0.743333 0 0 0 0
0.75 0 0 0 0
0.756667 0 0 0 0
0.763333 0 0 0 0
0.77 0 0 0 0
0.776667 0 0 0 0
0.783333 0 0 0 0
0.79 0 0 0 0
0.796667 0 0 0 0
0.803333 0 0 0 0
0.81 0 0 0 0
0.816667 0 0 0 0
0.823333 0 0 0 0
0.83 0 0 0 0
0.836667 0 0 0 0
0.843333 0 0 0 0
0.85 0 0 0 0
0.856667 0 0 0 0
0.863333 0 0 0 0
0.87 0 0 0 0
0.876667 0 0 0 0
0.883333 0 0 0 0
0.89 0 0 0 0
0.896667 0 0 0 0
0.903333 0 0 0 0
0.91 0 0 0 0
0.916667 0 0 0 0
0.923333 0 0 0 0
0.93 0 0 0 0
0.936667 0 0 0 0
0.943333 0 0 0 0
0.95 0 0 0 0
0.956667 0 0 0 0
0.963333 0 0 0 0
0.97 0 0 0 0
0.976667 0 0 0 0
0.983333 0 0 0 0
0.99 0 0 0 0
0.996667 0 0 0 0
1.00333 0 0 0 0
1.01 0 0 0 0
1.01667 0 0 0 0
1.02333 0 0 0 0
1.03 0 0 0 0
1.03667 0 0 0 0
1.04333 0 0 0 0
1.05 0 0 0 0
1.05667 0 0 0 0
1.06333 0 0 0 0
1.07 0 0 0 0
1.07667 0 0 0 0
1.08333 0 0 0 0
1.09 0 0 0 0
1.09667 0 0 0 0
1.10333 0 0 0 0
1.11 0 0 0 0
1.11667 0 0 0 0
1.12333 0 0 0 0
1.13 0 0 0 0
1.13667 0 0 0 0
1.14333 0 0 0 0
1.15 0 0 0 0
1.15667 0 0 0 0
1.16333 0 0 0 0
1.17 0 0 0 0
1.17667 0 0 0 0
1.18333 0 0 0 0
1.19 0 0 0 0
1.19667 0 0 0 0
1.20333 0 0 0 0
1.21 0 0 0 0
1.21667 0 0 0 0
1.22333 0 0 0 0
1.23 0 0 0 0
1.23667 0 0 0 0
1.24333 0 0 0 0
1.25 0 0 0 0
1.25667 0 0 0 0
1.26333 0 0 0 0
1.27 0 0 0 0
1.27667 0 0 0 0
1.28333 0 0 0 0
1.29 0 0 0 0
1.29667 0 0 0 0
1.30333 0 0 0 0
1.31 0 0 0 0
1.31667 0 0 0 0
1.32333 0 0 0 0
1.33 0 0 0 0
1.33667 0 0 0 0
1.34333 0 0 0 0
1.35 0 0 0 0
1.35667 0 0 0 0
1.36333 0 0 0 0
1.37 0 0 0 0
1.37667 0 0 0 0
1.38333 0 0 0 0
1.39 0 0 0 0
1.39667 0 0 0 0
1.40333 0 0 0 0
1.41 0 0 0 0
1.41667 0 0 0 0
1.42333 0 0 0 0
1.43 0 0 0 0
1.43667 0 0 0 0
1.44333 0 0 0 0
1.45 0 0 0 0
1.45667 0 0 0 0
1.46333 0 0 0 0
1.47 0 0 0 0
1.47667 0 0 0 0
1.48333 0 0 0 0
1.49 0 0 0 0
1.49667 0 0 0 0
1.50333 0 0 0 0
1.51 0 0 0 0
1.51667 0 0 0 0
1.52333 0 0 0 0
1.53 0 0 0 0
1.53667 0 0 0 0
1.54333 0 0 0 0
1.55 0 0 0 0
1.55667 0 0 0 0
1.56333 0 0 0 0
1.57 0 0 0 0
1.57667 0 0 0 0
1.58333 0 0 0 0
1.59 0 0 0 0
1.59667 0 0 0 0
1.60333 0 0 0 0
1.61 0 0 0 0
1.61667 0 0 0 0
1.62333 0 0 0 0
1.63 0 0 0 0
1.63667 0 0 0 0
1.64333 0 0 0 0
1.65 0 0 0 0
1.65667 0 0 0 0
1.66333 0 0 0 0
1.67 0 0 0 0
1.67667 0 0 0 0
1.68333 0 0 0 0
1.69 0 0 0 0
1.69667 0 0 0 0
1.70333 0 0 0 0
1.71 0 0 0 0
1.71667 0 0 0 0
1.72333 0 0 0 0
1.73 0 0 0 0
1.73667 0 0 0 0
1.74333 0 0 0 0
1.75 0 0 0 0
1.75667 0 0 0 0
1.76333 0 0 0 0
1.77 0 0 0 0
1.77667 0 0 0 0
1.78333 0 0 0 0
1.79 0 0 0 0
1.79667 0 0 0 0
1.80333 0 0 0 0
1.81 0 0 0 0
1.81667 0 0 0 0
1.82333 0 0 0 0
1.83 0 0 0 0
1.83667 0 0 0 0
1.84333 0 0 0 0
1.85 0 0 0 0
1.85667 0 0 0 0
1.86333 0 0 0 0
1.87 0 0 0 0
1.87667 0 0 0 0
1.88333 0 0 0 0
1.89 0 0 0 0
1.89667 0 0 0 0
1.90333 0 0 0 0
1.91 0 0 0 0
1.91667 0 0 0 0
1.92333 0 0 0 0
1.93 0 0 0 0
1.93667 0 0 0 0
1.94333 0 0 0 0
1.95 0 0 0 0
1.95667 0 0 0 0
1.96333 0 0 0 0
1.97 0 0 0 0
1.97667 0 0 0 0
1.98333 0 0 0 0
1.99 0 0 0 0
1.99667 0 0 0 0
