0.00333333 7 21 22 5
0.01 3 24 30 10
0.0166667 6 25 35 10
0.0233333 5 36 38 10
0.03 7 39 48 13
0.0366667 12 43 45 12
0.0433333 12 59 83 24
0.05 15 62 98 22
0.0566667 25 101 109 31
0.0633333 29 104 105 36
0.07 25 134 131 30
0.0766667 18 107 134 34
0.0833333 26 96 135 46
0.09 17 95 136 40
0.0966667 23 99 138 39
0.103333 32 105 144 31
0.11 28 105 132 36
0.116667 28 96 149 31
0.123333 25 108 113 33
0.13 28 89 124 25
0.136667 16 82 100 33
0.143333 22 90 110 21
0.15 22 86 101 26
0.156667 16 72 108 23
0.163333 15 68 93 29
0.17 25 67 89 30
0.176667 25 83 90 23
0.183333 16 84 83 26
0.19 21 76 98 28
0.196667 23 72 68 21
0.203333 16 71 102 28
0.21 13 84 82 18
0.216667 13 55 88 24
0.223333 15 64 71 20
0.23 13 65 71 19
0.236667 14 60 68 20
0.243333 10 47 73 16
0.25 25 55 58 16
0.256667 14 44 64 18
0.263333 15 47 66 23
0.27 5 47 60 16
0.276667 11 44 48 9
0.283333 10 29 57 11
0.29 9 42 52 11
0.296667 6 44 49 21
0.303333 7 52 50 21
0.31 11 40 42 15
0.316667 12 35 54 12
0.323333 12 40 49 9
0.33 10 31 38 15
0.336667 7 33 49 16
0.343333 7 27 44 12
0.35 11 14 48 14
0.356667 9 39 33 12
0.363333 9 32 37 10
0.37 8 27 34 18
0.376667 7 36 36 12
0.383333 14 28 45 10
0.39 11 24 28 9
0.396667 11 24 34 10
0.403333 7 31 37 14
0.41 9 22 29 10
0.416667 6 35 45 18
0.423333 7 25 28 6
0.43 9 33 36 13
0.436667 5 33 31 4
0.443333 9 28 38 8
0.45 6 31 32 12
0.456667 5 20 31 11
0.463333 11 26 31 6
0.47 8 25 33 13
0.476667 7 28 33 15
0.483333 10 24 25 12
0.49 3 19 18 6
0.496667 8 25 24 4
0.503333 9 17 23 3
0.51 5 21 13 8
0.516667 8 19 20 11
0.523333 5 23 20 6
0.53 4 21 21 3
0.536667 6 13 13 8
0.543333 6 15 20 9
0.55 4 18 20 4
0.556667 1 15 23 4
0.563333 6 15 20 6
0.57 2 21 12 5
0.576667 5 18 13 8
0.583333 7 10 18 7
0.59 3 22 16 4
0.596667 4 11 14 8
0.603333 2 13 8 5
0.61 3 13 11 5
0.616667 3 9 22 4
0.623333 2 9 17 5
0.63 2 15 16 5
0.636667 1 19 19 2
0.643333 4 12 19 6
0.65 2 13 10 6
0.656667 3 12 12 6
0.663333 126 567 705 164
0.67 0 0 0 0
0.676667 0 0 0 0
0.683333 0 0 0 0
0.69 0 0 0 0
0.696667 0 0 0 0
0.703333 0 0 0 0
0.71 0 0 0 0
0.716667 0 0 0 0
0.723333 0 0 0 0
0.73 0 0 0 0
0.736667 0 0 0 0
0.743333 0 0 0 0
0.75 0 0 0 0
0.756667 0 0 0 0
0.763333 0 0 0 0
0.77 0 0 0 0
0.776667 0 0 0 0
0.783333 0 0 0 0
0.79 0 0 0 0
0.796667 0 0 0 0
0.803333 0 0 0 0
0.81 0 0 0 0
0.816667 0 0 0 0
0.823333 0 0 0 0
0.83 0 0 0 0
0.836667 0 0 0 0
0.843333 0 0 0 0
0.85 0 0 0 0
0.856667 0 0 0 0
0.863333 0 0 0 0
0.87 0 0 0 0
0.876667 0 0 0 0
0.883333 0 0 0 0
0.89 0 0 0 0
0.896667 0 0 0 0
0.903333 0 0 0 0
0.91 0 0 0 0
0.916667 0 0 0 0
0.923333 0 0 0 0
0.93 0 0 0 0
0.936667 0 0 0 0
0.943333 0 0 0 0
0.95 0 0 0 0
0.956667 0 0 0 0
0.963333 0 0 0 0
0.97 0 0 0 0
0.976667 0 0 0 0
0.983333 0 0 0 0
0.99 0 0 0 0
0.996667 0 0 0 0
1.00333 0 0 0 0
1.01 0 0 0 0
1.01667 0 0 0 0
1.02333 0 0 0 0
1.03 0 0 0 0
1.03667 0 0 0 0
1.04333 0 0 0 0
1.05 0 0 0 0
1.05667 0 0 0 0
1.06333 0 0 0 0
1.07 0 0 0 0
1.07667 0 0 0 0
1.08333 0 0 0 0
1.09 0 0 0 0
1.09667 0 0 0 0
1.10333 0 0 0 0
1.11 0 0 0 0
1.11667 0 0 0 0
1.12333 0 0 0 0
1.13 0 0 0 0
1.13667 0 0 0 0
1.14333 0 0 0 0
1.15 0 0 0 0
1.15667 0 0 0 0
1.16333 0 0 0 0
1.17 0 0 0 0
1.17667 0 0 0 0
1.18333 0 0 0 0
1.19 0 0 0 0
1.19667 0 0 0 0
1.20333 0 0 0 0
1.21 0 0 0 0
1.21667 0 0 0 0
1.22333 0 0 0 0
1.23 0 0 0 0
1.23667 0 0 0 0
1.24333 0 0 0 0
1.25 0 0 0 0
1.25667 0 0 0 0
1.26333 0 0 0 0
1.27 0 0 0 0
1.27667 0 0 0 0
1.28333 0 0 0 0
1.29 0 0 0 0
1.29667 0 0 0 0
1.30333 0 0 0 0
1.31 0 0 0 0
1.31667 0 0 0 0
1.32333 0 0 0 0
1.33 0 0 0 0
1.33667 0 0 0 0
1.34333 0 0 0 0
1.35 0 0 0 0
1.35667 0 0 0 0
1.36333 0 0 0 0
1.37 0 0 0 0
1.37667 0 0 0 0
1.38333 0 0 0 0
1.39 0 0 0 0
1.39667 0 0 0 0
1.40333 0 0 0 0
1.41 0 0 0 0
1.41667 0 0 0 0
1.42333 0 0 0 0
1.43 0 0 0 0
1.43667 0 0 0 0
1.44333 0 0 0 0
1.45 0 0 0 0
1.45667 0 0 0 0
1.46333 0 0 0 0
1.47 0 0 0 0
1.47667 0 0 0 0
1.48333 0 0 0 0
1.49 0 0 0 0
1.49667 0 0 0 0
1.50333 0 0 0 0
1.51 0 0 0 0
1.51667 0 0 0 0
1.52333 0 0 0 0
1.53 0 0 0 0
1.53667 0 0 0 0
1.54333 0 0 0 0
1.55 0 0 0 0
1.55667 0 0 0 0
1.56333 0 0 0 0
1.57 0 0 0 0
1.57667 0 0 0 0
1.58333 0 0 0 0
1.59 0 0 0 0
1.59667 0 0 0 0
1.60333 0 0 0 0
1.61 0 0 0 0
1.61667 0 0 0 0
1.62333 0 0 0 0
1.63 0 0 0 0
1.63667 0 0 0 0
1.64333 0 0 0 0
1.65 0 0 0 0
1.65667 0 0 0 0
1.66333 0 0 0 0
1.67 0 0 0 0
1.67667 0 0 0 0
1.68333 0 0 0 0
1.69 0 0 0 0
1.69667 0 0 0 0
1.70333 0 0 0 0
1.71 0 0 0 0
1.71667 0 0 0 0
1.72333 0 0 0 0
1.73 0 0 0 0
1.73667 0 0 0 0
1.74333 0 0 0 0
1.75 0 0 0 0
1.75667 0 0 0 0
1.76333 0 0 0 0
1.77 0 0 0 0
1.77667 0 0 0 0
1.78333 0 0 0 0
1.79 0 0 0 0
1.79667 0 0 0 0
1.80333 0 0 0 0
1.81 0 0 0 0
1.81667 0 0 0 0
1.82333 0 0 0 0
1.83 0 0 0 0
1.83667 0 0 0 0
1.84333 0 0 0 0
1.85 0 0 0 0
1.85667 0 0 0 0
1.86333 0 0 0 0
1.87 0 0 0 0
1.87667 0 0 0 0
1.88333 0 0 0 0
1.89 0 0 0 0
1.89667 0 0 0 0
1.90333 0 0 0 0
1.91 0 0 0 0
1.91667 0 0 0 0
1.92333 0 0 0 0
1.93 0 0 0 0
1.93667 0 0 0 0
1.94333 0 0 0 0
1.95 0 0 0 0
1.95667 0 0 0 0
1.96333 0 0 0 0
1.97 0 0 0 0
1.97667 0 0 0 0
1.98333 0 0 0 0
1.99 0 0 0 0
1.99667 0 0 0 0
