0.00333333 32 66 5 0
0.01 36 91 1 1
0.0166667 27 75 1 0
0.0233333 55 89 2 1
0.03 52 86 4 0
0.0366667 57 98 5 0
0.0433333 78 129 3 0
0.05 91 136 5 3
0.0566667 110 147 3 1
0.0633333 127 169 6 1
0.07 135 166 8 0
0.0766667 144 184 5 1
0.0833333 130 180 11 1
0.09 152 210 8 1
0.0966667 144 230 6 2
0.103333 144 177 12 3
0.11 124 190 7 1
0.116667 147 183 10 1
0.123333 139 204 7 1
0.13 138 203 4 1
0.136667 141 200 5 3
0.143333 116 204 6 0
0.15 119 184 7 1
0.156667 96 204 9 0
0.163333 121 212 7 0
0.17 110 191 5 4
0.176667 88 185 7 3
0.183333 91 205 8 2
0.19 111 242 10 3
0.196667 105 233 10 2
0.203333 83 239 5 0
0.21 92 203 4 3
0.216667 89 205 1 1
0.223333 81 176 7 2
0.23 94 164 8 1
0.236667 77 171 6 1
0.243333 77 148 6 1
0.25 83 151 7 0
0.256667 67 195 8 0
0.263333 70 143 1 4
0.27 70 119 4 2
0.276667 61 127 2 2
0.283333 63 112 8 0
0.29 62 123 7 0
0.296667 54 114 8 1
0.303333 61 140 1 1
0.31 58 115 1 1
0.316667 55 97 7 0
0.323333 70 104 2 3
0.33 51 90 3 3
0.336667 59 89 4 2
0.343333 50 88 5 0
0.35 49 117 3 0
0.356667 50 68 6 1
0.363333 45 89 3 0
0.37 48 108 5 2
0.376667 40 94 4 0
0.383333 45 71 3 2
0.39 46 106 1 0
0.396667 35 87 5 0
0.403333 42 72 4 1
0.41 50 99 3 2
0.416667 39 80 5 1
0.423333 42 78 8 1
0.43 39 76 3 1
0.436667 47 80 5 1
0.443333 39 75 1 0
0.45 40 86 5 1
0.456667 33 87 1 0
0.463333 49 74 2 1
0.47 35 83 5 0
0.476667 32 77 2 0
0.483333 32 47 4 0
0.49 33 36 2 1
0.496667 27 32 3 2
0.503333 23 37 1 0
0.51 31 26 0 0
0.516667 32 36 8 0
0.523333 22 31 3 0
0.53 25 32 1 0
0.536667 26 46 2 0
0.543333 29 24 1 0
0.55 18 34 1 0
0.556667 24 32 1 0
0.563333 24 27 0 2
0.57 24 34 2 2
0.576667 30 24 1 0
0.583333 24 35 0 1
0.59 24 32 1 0
0.596667 20 22 2 1
0.603333 19 22 2 1
0.61 31 20 0 0
0.616667 20 33 2 0
0.623333 24 29 2 1
0.63 19 23 3 1
0.636667 25 30 3 0
0.643333 12 18 4 0
0.65 22 17 1 1
0.656667 25 23 1 0
0.663333 1030 3444 48 16
0.67 0 0 0 0
0.676667 0 0 0 0
0.683333 0 0 0 0
0.69 0 0 0 0
0.696667 0 0 0 0
0.703333 0 0 0 0
0.71 0 0 0 0
0.716667 0 0 0 0
0.723333 0 0 0 0
0.73 0 0 0 0
0.736667 0 0 0 0
0.743333 0 0 0 0
0.75 0 0 0 0
0.756667 0 0 0 0
0.763333 0 0 0 0
0.77 0 0 0 0
0.776667 0 0 0 0
0.783333 0 0 0 0
0.79 0 0 0 0
0.796667 0 0 0 0
0.803333 0 0 0 0
0.81 0 0 0 0
0.816667 0 0 0 0
0.823333 0 0 0 0
0.83 0 0 0 0
0.836667 0 0 0 0
0.843333 0 0 0 0
0.85 0 0 0 0
0.856667 0 0 0 0
0.863333 0 0 0 0
0.87 0 0 0 0
0.876667 0 0 0 0
0.883333 0 0 0 0
0.89 0 0 0 0
0.896667 0 0 0 0
0.903333 0 0 0 0
0.91 0 0 0 0
0.916667 0 0 0 0
0.923333 0 0 0 0
0.93 0 0 0 0
0.936667 0 0 0 0
0.943333 0 0 0 0
0.95 0 0 0 0
0.956667 0 0 0 0
0.963333 0 0 0 0
0.97 0 0 0 0
0.976667 0 0 0 0
0.983333 0 0 0 0
0.99 0 0 0 0
0.996667 0 0 0 0
1.00333 0 0 0 0
1.01 0 0 0 0
1.01667 0 0 0 0
1.02333 0 0 0 0
1.03 0 0 0 0
1.03667 0 0 0 0
1.04333 0 0 0 0
1.05 0 0 0 0
1.05667 0 0 0 0
1.06333 0 0 0 0
1.07 0 0 0 0
1.07667 0 0 0 0
1.08333 0 0 0 0
1.09 0 0 0 0
1.09667 0 0 0 0
1.10333 0 0 0 0
1.11 0 0 0 0
1.11667 0 0 0 0
1.12333 0 0 0 0
1.13 0 0 0 0
1.13667 0 0 0 0
1.14333 0 0 0 0
1.15 0 0 0 0
1.15667 0 0 0 0
1.16333 0 0 0 0
1.17 0 0 0 0
1.17667 0 0 0 0
1.18333 0 0 0 0
1.19 0 0 0 0
1.19667 0 0 0 0
1.20333 0 0 0 0
1.21 0 0 0 0
1.21667 0 0 0 0
1.22333 0 0 0 0
1.23 0 0 0 0
1.23667 0 0 0 0
1.24333 0 0 0 0
1.25 0 0 0 0
1.25667 0 0 0 0
1.26333 0 0 0 0
1.27 0 0 0 0
1.27667 0 0 0 0
1.28333 0 0 0 0
1.29 0 0 0 0
1.29667 0 0 0 0
1.30333 0 0 0 0
1.31 0 0 0 0
1.31667 0 0 0 0
1.32333 0 0 0 0
1.33 0 0 0 0
1.33667 0 0 0 0
1.34333 0 0 0 0
1.35 0 0 0 0
1.35667 0 0 0 0
1.36333 0 0 0 0
1.37 0 0 0 0
1.37667 0 0 0 0
1.38333 0 0 0 0
1.39 0 0 0 0
1.39667 0 0 0 0
1.40333 0 0 0 0
1.41 0 0 0 0
1.41667 0 0 0 0
1.42333 0 0 0 0
1.43 0 0 0 0
1.43667 0 0 0 0
1.44333 0 0 0 0
1.45 0 0 0 0
1.45667 0 0 0 0
1.46333 0 0 0 0
1.47 0 0 0 0
1.47667 0 0 0 0
1.48333 0 0 0 0
1.49 0 0 0 0
1.49667 0 0 0 0
1.50333 0 0 0 0
1.51 0 0 0 0
1.51667 0 0 0 0
1.52333 0 0 0 0
1.53 0 0 0 0
1.53667 0 0 0 0
1.54333 0 0 0 0
1.55 0 0 0 0
1.55667 0 0 0 0
1.56333 0 0 0 0
1.57 0 0 0 0
1.57667 0 0 0 0
1.58333 0 0 0 0
1.59 0 0 0 0
1.59667 0 0 0 0
1.60333 0 0 0 0
1.61 0 0 0 0
1.61667 0 0 0 0
1.62333 0 0 0 0
1.63 0 0 0 0
1.63667 0 0 0 0
1.64333 0 0 0 0
1.65 0 0 0 0
1.65667 0 0 0 0
1.66333 0 0 0 0
1.67 0 0 0 0
1.67667 0 0 0 0
1.68333 0 0 0 0
1.69 0 0 0 0
1.69667 0 0 0 0
1.70333 0 0 0 0
1.71 0 0 0 0
1.71667 0 0 0 0
1.72333 0 0 0 0
1.73 0 0 0 0
1.73667 0 0 0 0
1.74333 0 0 0 0
1.75 0 0 0 0
1.75667 0 0 0 0
1.76333 0 0 0 0
1.77 0 0 0 0
1.77667 0 0 0 0
1.78333 0 0 0 0
1.79 0 0 0 0
1.79667 0 0 0 0
1.80333 0 0 0 0
1.81 0 0 0 0
1.81667 0 0 0 0
1.82333 0 0 0 0
1.83 0 0 0 0
1.83667 0 0 0 0
1.84333 0 0 0 0
1.85 0 0 0 0
1.85667 0 0 0 0
1.86333 0 0 0 0
1.87 0 0 0 0
1.87667 0 0 0 0
1.88333 0 0 0 0
1.89 0 0 0 0
1.89667 0 0 0 0
1.90333 0 0 0 0
1.91 0 0 0 0
1.91667 0 0 0 0
1.92333 0 0 0 0
1.93 0 0 0 0
1.93667 0 0 0 0
1.94333 0 0 0 0
1.95 0 0 0 0
1.95667 0 0 0 0
1.96333 0 0 0 0
1.97 0 0 0 0
1.97667 0 0 0 0
1.98333 0 0 0 0
1.99 0 0 0 0
1.99667 0 0 0 0
