0.00333333 4 7 40 34
0.01 4 8 52 39
0.0166667 3 10 50 44
0.0233333 2 14 56 34
0.03 5 13 63 51
0.0366667 4 12 93 61
0.0433333 0 12 101 56
0.05 3 23 144 80
0.0566667 11 35 171 121
0.0633333 10 20 219 124
0.07 9 33 186 135
0.0766667 8 35 209 135
0.0833333 5 24 222 137
0.09 5 27 217 130
0.0966667 5 27 194 144
0.103333 5 30 228 135
0.11 4 36 200 131
0.116667 7 34 189 134
0.123333 10 20 182 149
0.13 10 24 199 127
0.136667 7 23 203 111
0.143333 6 26 171 116
0.15 5 25 136 119
0.156667 7 26 164 106
0.163333 5 23 134 136
0.17 8 26 134 98
0.176667 6 13 131 114
0.183333 2 27 121 96
0.19 7 31 142 103
0.196667 6 30 126 113
0.203333 2 13 139 83
0.21 4 23 128 104
0.216667 5 20 126 80
0.223333 3 20 113 88
0.23 2 24 118 82
0.236667 1 11 106 87
0.243333 4 19 121 64
0.25 5 15 90 86
0.256667 3 12 99 71
0.263333 3 19 96 70
0.27 4 17 80 69
0.276667 3 7 79 68
0.283333 4 23 101 71
0.29 3 17 84 54
0.296667 4 15 75 61
0.303333 2 7 74 62
0.31 3 8 85 55
0.316667 5 15 75 66
0.323333 5 19 72 54
0.33 4 8 60 48
0.336667 2 11 82 51
0.343333 6 8 57 51
0.35 3 9 67 41
0.356667 3 14 50 40
0.363333 3 16 66 31
0.37 3 14 58 44
0.376667 1 13 61 44
0.383333 2 13 60 53
0.39 0 12 55 34
0.396667 2 12 46 44
0.403333 3 17 54 43
0.41 1 16 39 37
0.416667 2 14 47 41
0.423333 3 11 62 37
0.43 3 11 58 48
0.436667 4 14 52 32
0.443333 2 8 44 36
0.45 1 7 40 38
0.456667 1 11 55 43
0.463333 4 8 49 42
0.47 3 10 43 40
0.476667 3 10 44 36
0.483333 0 9 39 27
0.49 2 9 44 35
0.496667 4 10 27 23
0.503333 4 5 31 26
0.51 3 10 24 23
0.516667 0 4 35 21
0.523333 4 9 41 19
0.53 1 4 24 21
0.536667 1 2 29 15
0.543333 1 6 23 25
0.55 4 7 30 15
0.556667 2 6 25 19
0.563333 1 8 16 25
0.57 3 3 19 27
0.576667 2 9 21 15
0.583333 3 7 26 25
0.59 3 7 22 21
0.596667 1 6 26 19
0.603333 4 5 31 16
0.61 2 6 23 16
0.616667 1 5 25 10
0.623333 4 5 24 11
0.63 1 2 33 15
0.636667 3 5 24 15
0.643333 1 4 17 18
0.65 3 4 27 10
0.656667 3 5 22 18
0.663333 36 232 1274 951
0.67 0 0 0 0
0.676667 0 0 0 0
0.683333 0 0 0 0
0.69 0 0 0 0
0.696667 0 0 0 0
0.703333 0 0 0 0
0.71 0 0 0 0
0.716667 0 0 0 0
0.723333 0 0 0 0
0.73 0 0 0 0
0.736667 0 0 0 0
0.743333 0 0 0 0
0.75 0 0 0 0
0.756667 0 0 0 0
0.763333 0 0 0 0
0.77 0 0 0 0
0.776667 0 0 0 0
0.783333 0 0 0 0
0.79 0 0 0 0
0.796667 0 0 0 0
0.803333 0 0 0 0
0.81 0 0 0 0
0.816667 0 0 0 0
0.823333 0 0 0 0
0.83 0 0 0 0
0.836667 0 0 0 0
0.843333 0 0 0 0
0.85 0 0 0 0
0.856667 0 0 0 0
0.863333 0 0 0 0
0.87 0 0 0 0
0.876667 0 0 0 0
0.883333 0 0 0 0
0.89 0 0 0 0
0.896667 0 0 0 0
0.903333 0 0 0 0
0.91 0 0 0 0
0.916667 0 0 0 0
0.923333 0 0 0 0
0.93 0 0 0 0
0.936667 0 0 0 0
0.943333 0 0 0 0
0.95 0 0 0 0
0.956667 0 0 0 0
0.963333 0 0 0 0
0.97 0 0 0 0
0.976667 0 0 0 0
0.983333 0 0 0 0
0.99 0 0 0 0
0.996667 0 0 0 0
1.00333 0 0 0 0
1.01 0 0 0 0
1.01667 0 0 0 0
1.02333 0 0 0 0
1.03 0 0 0 0
1.03667 0 0 0 0
1.04333 0 0 0 0
1.05 0 0 0 0
1.05667 0 0 0 0
1.06333 0 0 0 0
1.07 0 0 0 0
1.07667 0 0 0 0
1.08333 0 0 0 0
1.09 0 0 0 0
1.09667 0 0 0 0
1.10333 0 0 0 0
1.11 0 0 0 0
1.11667 0 0 0 0
1.12333 0 0 0 0
1.13 0 0 0 0
1.13667 0 0 0 0
1.14333 0 0 0 0
1.15 0 0 0 0
1.15667 0 0 0 0
1.16333 0 0 0 0
1.17 0 0 0 0
1.17667 0 0 0 0
1.18333 0 0 0 0
1.19 0 0 0 0
1.19667 0 0 0 0
1.20333 0 0 0 0
1.21 0 0 0 0
1.21667 0 0 0 0
1.22333 0 0 0 0
1.23 0 0 0 0
1.23667 0 0 0 0
1.24333 0 0 0 0
1.25 0 0 0 0
1.25667 0 0 0 0
1.26333 0 0 0 0
1.27 0 0 0 0
1.27667 0 0 0 0
1.28333 0 0 0 0
1.29 0 0 0 0
1.29667 0 0 0 0
1.30333 0 0 0 0
1.31 0 0 0 0
1.31667 0 0 0 0
1.32333 0 0 0 0
1.33 0 0 0 0
1.33667 0 0 0 0
1.34333 0 0 0 0
1.35 0 0 0 0
1.35667 0 0 0 0
1.36333 0 0 0 0
1.37 0 0 0 0
1.37667 0 0 0 0
1.38333 0 0 0 0
1.39 0 0 0 0
1.39667 0 0 0 0
1.40333 0 0 0 0
1.41 0 0 0 0
1.41667 0 0 0 0
1.42333 0 0 0 0
1.43 0 0 0 0
1.43667 0 0 0 0
1.44333 0 0 0 0
1.45 0 0 0 0
1.45667 0 0 0 0
1.46333 0 0 0 0
1.47 0 0 0 0
1.47667 0 0 0 0
1.48333 0 0 0 0
1.49 0 0 0 0
1.49667 0 0 0 0
1.50333 0 0 0 0
1.51 0 0 0 0
1.51667 0 0 0 0
1.52333 0 0 0 0
1.53 0 0 0 0
1.53667 0 0 0 0
1.54333 0 0 0 0
1.55 0 0 0 0
1.55667 0 0 0 0
1.56333 0 0 0 0
1.57 0 0 0 0
1.57667 0 0 0 0
1.58333 0 0 0 0
1.59 0 0 0 0
1.59667 0 0 0 0
1.60333 0 0 0 0
1.61 0 0 0 0
1.61667 0 0 0 0
1.62333 0 0 0 0
1.63 0 0 0 0
1.63667 0 0 0 0
1.64333 0 0 0 0
1.65 0 0 0 0
1.65667 0 0 0 0
1.66333 0 0 0 0
1.67 0 0 0 0
1.67667 0 0 0 0
1.68333 0 0 0 0
1.69 0 0 0 0
1.69667 0 0 0 0
1.70333 0 0 0 0
1.71 0 0 0 0
1.71667 0 0 0 0
1.72333 0 0 0 0
1.73 0 0 0 0
1.73667 0 0 0 0
1.74333 0 0 0 0
1.75 0 0 0 0
1.75667 0 0 0 0
1.76333 0 0 0 0
1.77 0 0 0 0
1.77667 0 0 0 0
1.78333 0 0 0 0
1.79 0 0 0 0
1.79667 0 0 0 0
1.80333 0 0 0 0
1.81 0 0 0 0
1.81667 0 0 0 0
1.82333 0 0 0 0
1.83 0 0 0 0
1.83667 0 0 0 0
1.84333 0 0 0 0
1.85 0 0 0 0
1.85667 0 0 0 0
1.86333 0 0 0 0
1.87 0 0 0 0
1.87667 0 0 0 0
1.88333 0 0 0 0
1.89 0 0 0 0
1.89667 0 0 0 0
1.90333 0 0 0 0
1.91 0 0 0 0
1.91667 0 0 0 0
1.92333 0 0 0 0
1.93 0 0 0 0
1.93667 0 0 0 0
1.94333 0 0 0 0
1.95 0 0 0 0
1.95667 0 0 0 0
1.96333 0 0 0 0
1.97 0 0 0 0
1.97667 0 0 0 0
1.98333 0 0 0 0
1.99 0 0 0 0
1.99667 0 0 0 0
