0.00333333 2 17 39 13
0.01 1 17 44 24
0.0166667 6 16 39 19
0.0233333 3 14 59 17
0.03 2 24 59 19
0.0366667 4 26 75 32
0.0433333 5 35 124 48
0.05 8 37 150 55
0.0566667 21 47 171 39
0.0633333 20 44 189 62
0.07 9 57 216 68
0.0766667 12 44 206 66
0.0833333 19 57 201 87
0.09 6 49 223 65
0.0966667 7 57 206 81
0.103333 18 61 204 69
0.11 20 56 188 62
0.116667 12 51 230 79
0.123333 13 49 167 51
0.13 17 33 177 82
0.136667 9 57 160 58
0.143333 15 34 142 65
0.15 10 41 161 51
0.156667 12 39 164 42
0.163333 8 37 141 59
0.17 13 40 138 56
0.176667 9 33 152 61
0.183333 12 40 127 52
0.19 13 46 146 45
0.196667 15 45 149 41
0.203333 9 38 153 44
0.21 6 31 138 40
0.216667 10 30 124 49
0.223333 10 29 100 43
0.23 5 33 127 42
0.236667 5 31 113 42
0.243333 12 32 111 33
0.25 7 28 101 38
0.256667 6 33 89 43
0.263333 6 16 88 29
0.27 3 24 80 30
0.276667 6 34 87 22
0.283333 6 23 89 27
0.29 8 22 82 21
0.296667 9 21 88 33
0.303333 11 13 80 34
0.31 5 20 73 22
0.316667 4 18 68 23
0.323333 9 15 66 21
0.33 2 14 57 29
0.336667 10 18 70 27
0.343333 4 12 51 22
0.35 3 17 54 20
0.356667 7 9 65 21
0.363333 4 14 53 18
0.37 5 24 52 19
0.376667 5 18 62 22
0.383333 10 21 52 22
0.39 4 23 59 16
0.396667 10 19 58 19
0.403333 4 12 54 16
0.41 3 13 49 21
0.416667 7 17 60 25
0.423333 2 12 46 16
0.43 1 15 54 22
0.436667 3 9 55 20
0.443333 3 17 48 27
0.45 4 19 57 17
0.456667 3 5 48 21
0.463333 6 17 39 17
0.47 6 11 56 16
0.476667 1 11 47 17
0.483333 5 7 33 14
0.49 2 8 23 12
0.496667 1 7 21 6
0.503333 3 12 28 14
0.51 0 11 36 9
0.516667 1 11 25 11
0.523333 3 8 36 12
0.53 2 10 26 15
0.536667 2 9 24 15
0.543333 6 7 21 12
0.55 2 14 26 12
0.556667 3 14 33 7
0.563333 0 13 26 9
0.57 3 7 24 6
0.576667 7 8 31 11
0.583333 3 7 25 14
0.59 6 14 27 15
0.596667 1 8 24 13
0.603333 3 13 19 8
0.61 2 7 24 12
0.616667 3 11 25 8
0.623333 3 12 21 10
0.63 1 13 20 6
0.636667 1 14 23 8
0.643333 0 9 20 11
0.65 4 5 20 9
0.656667 3 10 18 5
0.663333 66 284 1197 430
0.67 0 0 0 0
0.676667 0 0 0 0
0.683333 0 0 0 0
0.69 0 0 0 0
0.696667 0 0 0 0
0.703333 0 0 0 0
0.71 0 0 0 0
0.716667 0 0 0 0
0.723333 0 0 0 0
0.73 0 0 0 0
0.736667 0 0 0 0
0.743333 0 0 0 0
0.75 0 0 0 0
0.756667 0 0 0 0
0.763333 0 0 0 0
0.77 0 0 0 0
0.776667 0 0 0 0
0.783333 0 0 0 0
0.79 0 0 0 0
0.796667 0 0 0 0
0.803333 0 0 0 0
0.81 0 0 0 0
0.816667 0 0 0 0
0.823333 0 0 0 0
0.83 0 0 0 0
0.836667 0 0 0 0
0.843333 0 0 0 0
0.85 0 0 0 0
0.856667 0 0 0 0
0.863333 0 0 0 0
0.87 0 0 0 0
0.876667 0 0 0 0
0.883333 0 0 0 0
0.89 0 0 0 0
0.896667 0 0 0 0
0.903333 0 0 0 0
0.91 0 0 0 0
0.916667 0 0 0 0
0.923333 0 0 0 0
0.93 0 0 0 0
0.936667 0 0 0 0
0.943333 0 0 0 0
0.95 0 0 0 0
0.956667 0 0 0 0
0.963333 0 0 0 0
0.97 0 0 0 0
0.976667 0 0 0 0
0.983333 0 0 0 0
0.99 0 0 0 0
0.996667 0 0 0 0
1.00333 0 0 0 0
1.01 0 0 0 0
1.01667 0 0 0 0
1.02333 0 0 0 0
1.03 0 0 0 0
1.03667 0 0 0 0
1.04333 0 0 0 0
1.05 0 0 0 0
1.05667 0 0 0 0
1.06333 0 0 0 0
1.07 0 0 0 0
1.07667 0 0 0 0
1.08333 0 0 0 0
1.09 0 0 0 0
1.09667 0 0 0 0
1.10333 0 0 0 0
1.11 0 0 0 0
1.11667 0 0 0 0
1.12333 0 0 0 0
1.13 0 0 0 0
1.13667 0 0 0 0
1.14333 0 0 0 0
1.15 0 0 0 0
1.15667 0 0 0 0
1.16333 0 0 0 0
1.17 0 0 0 0
1.17667 0 0 0 0
1.18333 0 0 0 0
1.19 0 0 0 0
1.19667 0 0 0 0
1.20333 0 0 0 0
1.21 0 0 0 0
1.21667 0 0 0 0
1.22333 0 0 0 0
1.23 0 0 0 0
1.23667 0 0 0 0
1.24333 0 0 0 0
1.25 0 0 0 0
1.25667 0 0 0 0
1.26333 0 0 0 0
1.27 0 0 0 0
1.27667 0 0 0 0
1.28333 0 0 0 0
1.29 0 0 0 0
1.29667 0 0 0 0
1.30333 0 0 0 0
1.31 0 0 0 0
1.31667 0 0 0 0
1.32333 0 0 0 0
1.33 0 0 0 0
1.33667 0 0 0 0
1.34333 0 0 0 0
1.35 0 0 0 0
1.35667 0 0 0 0
1.36333 0 0 0 0
1.37 0 0 0 0
1.37667 0 0 0 0
1.38333 0 0 0 0
1.39 0 0 0 0
1.39667 0 0 0 0
1.40333 0 0 0 0
1.41 0 0 0 0
1.41667 0 0 0 0
1.42333 0 0 0 0
1.43 0 0 0 0
1.43667 0 0 0 0
1.44333 0 0 0 0
1.45 0 0 0 0
1.45667 0 0 0 0
1.46333 0 0 0 0
1.47 0 0 0 0
1.47667 0 0 0 0
1.48333 0 0 0 0
1.49 0 0 0 0
1.49667 0 0 0 0
1.50333 0 0 0 0
1.51 0 0 0 0
1.51667 0 0 0 0
1.52333 0 0 0 0
1.53 0 0 0 0
1.53667 0 0 0 0
1.54333 0 0 0 0
1.55 0 0 0 0
1.55667 0 0 0 0
1.56333 0 0 0 0
1.57 0 0 0 0
1.57667 0 0 0 0
1.58333 0 0 0 0
1.59 0 0 0 0
1.59667 0 0 0 0
1.60333 0 0 0 0
1.61 0 0 0 0
1.61667 0 0 0 0
1.62333 0 0 0 0
1.63 0 0 0 0
1.63667 0 0 0 0
1.64333 0 0 0 0
1.65 0 0 0 0
1.65667 0 0 0 0
1.66333 0 0 0 0
1.67 0 0 0 0
1.67667 0 0 0 0
1.68333 0 0 0 0
1.69 0 0 0 0
1.69667 0 0 0 0
1.70333 0 0 0 0
1.71 0 0 0 0
1.71667 0 0 0 0
1.72333 0 0 0 0
1.73 0 0 0 0
1.73667 0 0 0 0
1.74333 0 0 0 0
1.75 0 0 0 0
1.75667 0 0 0 0
1.76333 0 0 0 0
1.77 0 0 0 0
1.77667 0 0 0 0
1.78333 0 0 0 0
1.79 0 0 0 0
1.79667 0 0 0 0
1.80333 0 0 0 0
1.81 0 0 0 0
1.81667 0 0 0 0
1.82333 0 0 0 0
1.83 0 0 0 0
1.83667 0 0 0 0
1.84333 0 0 0 0
1.85 0 0 0 0
1.85667 0 0 0 0
1.86333 0 0 0 0
1.87 0 0 0 0
1.87667 0 0 0 0
1.88333 0 0 0 0
1.89 0 0 0 0
1.89667 0 0 0 0
1.90333 0 0 0 0
1.91 0 0 0 0
1.91667 0 0 0 0
1.92333 0 0 0 0
1.93 0 0 0 0
1.93667 0 0 0 0
1.94333 0 0 0 0
1.95 0 0 0 0
1.95667 0 0 0 0
1.96333 0 0 0 0
1.97 0 0 0 0
1.97667 0 0 0 0
1.98333 0 0 0 0
1.99 0 0 0 0
1.99667 0 0 0 0
