0.00333333 6 39 30 6
0.01 5 44 38 9
0.0166667 4 36 45 12
0.0233333 3 49 36 1
0.03 4 48 57 5
0.0366667 13 55 63 8
0.0433333 9 75 76 21
0.05 9 63 85 19
0.0566667 13 77 119 22
0.0633333 14 113 103 33
0.07 13 104 121 21
0.0766667 14 95 132 30
0.0833333 12 110 121 24
0.09 11 113 147 20
0.0966667 14 102 119 28
0.103333 20 115 146 23
0.11 15 123 146 21
0.116667 12 108 139 18
0.123333 14 111 128 22
0.13 7 134 120 23
0.136667 6 109 125 17
0.143333 9 129 127 27
0.15 17 86 131 10
0.156667 3 103 96 17
0.163333 6 95 110 19
0.17 6 101 108 30
0.176667 6 79 125 28
0.183333 10 100 93 26
0.19 13 115 105 18
0.196667 3 119 111 14
0.203333 12 123 101 18
0.21 8 112 89 16
0.216667 13 87 88 17
0.223333 7 91 91 16
0.23 6 98 88 12
0.236667 10 79 78 12
0.243333 4 72 83 9
0.25 7 75 75 13
0.256667 7 78 72 13
0.263333 6 55 60 10
0.27 1 57 70 12
0.276667 6 62 71 15
0.283333 4 66 61 13
0.29 6 60 58 3
0.296667 6 49 64 14
0.303333 11 48 52 8
0.31 4 67 55 10
0.316667 7 57 54 9
0.323333 6 63 62 7
0.33 10 41 49 11
0.336667 7 54 48 10
0.343333 4 42 37 13
0.35 5 40 53 9
0.356667 5 57 33 11
0.363333 3 45 64 4
0.37 3 48 50 7
0.376667 4 57 46 4
0.383333 9 40 43 6
0.39 3 51 47 13
0.396667 6 55 53 11
0.403333 2 44 44 6
0.41 7 48 40 10
0.416667 7 38 47 10
0.423333 8 42 33 7
0.43 7 39 34 4
0.436667 7 37 43 2
0.443333 3 37 35 10
0.45 6 45 38 8
0.456667 8 40 30 7
0.463333 2 34 43 7
0.47 3 35 48 8
0.476667 1 36 48 10
0.483333 0 33 29 7
0.49 3 38 29 13
0.496667 2 26 27 2
0.503333 3 23 32 6
0.51 4 22 37 5
0.516667 6 23 20 4
0.523333 4 21 22 4
0.53 0 25 28 4
0.536667 5 19 16 2
0.543333 1 16 22 9
0.55 2 19 28 4
0.556667 2 23 25 9
0.563333 2 20 20 4
0.57 2 17 25 4
0.576667 0 14 30 4
0.583333 4 29 24 3
0.59 3 15 22 7
0.596667 5 15 20 4
0.603333 3 13 20 5
0.61 1 20 21 4
0.616667 4 20 21 2
0.623333 3 18 27 3
0.63 1 16 20 6
0.636667 3 25 21 6
0.643333 1 12 16 2
0.65 2 19 22 4
0.656667 3 15 21 5
0.663333 69 1616 1140 133
0.67 0 0 0 0
0.676667 0 0 0 0
0.683333 0 0 0 0
0.69 0 0 0 0
0.696667 0 0 0 0
0.703333 0 0 0 0
0.71 0 0 0 0
0.716667 0 0 0 0
0.723333 0 0 0 0
0.73 0 0 0 0
0.736667 0 0 0 0
0.743333 0 0 0 0
0.75 0 0 0 0
0.756667 0 0 0 0
0.763333 0 0 0 0
0.77 0 0 0 0
0.776667 0 0 0 0
0.783333 0 0 0 0
0.79 0 0 0 0
0.796667 0 0 0 0
0.803333 0 0 0 0
0.81 0 0 0 0
0.816667 0 0 0 0
0.823333 0 0 0 0
0.83 0 0 0 0
0.836667 0 0 0 0
0.843333 0 0 0 0
0.85 0 0 0 0
0.856667 0 0 0 0
0.863333 0 0 0 0
0.87 0 0 0 0
0.876667 0 0 0 0
0.883333 0 0 0 0
0.89 0 0 0 0
0.896667 0 0 0 0
0.903333 0 0 0 0
0.91 0 0 0 0
0.916667 0 0 0 0
0.923333 0 0 0 0
0.93 0 0 0 0
0.936667 0 0 0 0
0.943333 0 0 0 0
0.95 0 0 0 0
0.956667 0 0 0 0
0.963333 0 0 0 0
0.97 0 0 0 0
0.976667 0 0 0 0
0.983333 0 0 0 0
0.99 0 0 0 0
0.996667 0 0 0 0
1.00333 0 0 0 0
1.01 0 0 0 0
1.01667 0 0 0 0
1.02333 0 0 0 0
1.03 0 0 0 0
1.03667 0 0 0 0
1.04333 0 0 0 0
1.05 0 0 0 0
1.05667 0 0 0 0
1.06333 0 0 0 0
1.07 0 0 0 0
1.07667 0 0 0 0
1.08333 0 0 0 0
1.09 0 0 0 0
1.09667 0 0 0 0
1.10333 0 0 0 0
1.11 0 0 0 0
1.11667 0 0 0 0
1.12333 0 0 0 0
1.13 0 0 0 0
1.13667 0 0 0 0
1.14333 0 0 0 0
1.15 0 0 0 0
1.15667 0 0 0 0
1.16333 0 0 0 0
1.17 0 0 0 0
1.17667 0 0 0 0
1.18333 0 0 0 0
1.19 0 0 0 0
1.19667 0 0 0 0
1.20333 0 0 0 0
1.21 0 0 0 0
1.21667 0 0 0 0
1.22333 0 0 0 0
1.23 0 0 0 0
1.23667 0 0 0 0
1.24333 0 0 0 0
1.25 0 0 0 0
1.25667 0 0 0 0
1.26333 0 0 0 0
1.27 0 0 0 0
1.27667 0 0 0 0
1.28333 0 0 0 0
1.29 0 0 0 0
1.29667 0 0 0 0
1.30333 0 0 0 0
1.31 0 0 0 0
1.31667 0 0 0 0
1.32333 0 0 0 0
1.33 0 0 0 0
1.33667 0 0 0 0
1.34333 0 0 0 0
1.35 0 0 0 0
1.35667 0 0 0 0
1.36333 0 0 0 0
1.37 0 0 0 0
1.37667 0 0 0 0
1.38333 0 0 0 0
1.39 0 0 0 0
1.39667 0 0 0 0
1.40333 0 0 0 0
1.41 0 0 0 0
1.41667 0 0 0 0
1.42333 0 0 0 0
1.43 0 0 0 0
1.43667 0 0 0 0
1.44333 0 0 0 0
1.45 0 0 0 0
1.45667 0 0 0 0
1.46333 0 0 0 0
1.47 0 0 0 0
1.47667 0 0 0 0
1.48333 0 0 0 0
1.49 0 0 0 0
1.49667 0 0 0 0
1.50333 0 0 0 0
1.51 0 0 0 0
1.51667 0 0 0 0
1.52333 0 0 0 0
1.53 0 0 0 0
1.53667 0 0 0 0
1.54333 0 0 0 0
1.55 0 0 0 0
1.55667 0 0 0 0
1.56333 0 0 0 0
1.57 0 0 0 0
1.57667 0 0 0 0
1.58333 0 0 0 0
1.59 0 0 0 0
1.59667 0 0 0 0
1.60333 0 0 0 0
1.61 0 0 0 0
1.61667 0 0 0 0
1.62333 0 0 0 0
1.63 0 0 0 0
1.63667 0 0 0 0
1.64333 0 0 0 0
1.65 0 0 0 0
1.65667 0 0 0 0
1.66333 0 0 0 0
1.67 0 0 0 0
1.67667 0 0 0 0
1.68333 0 0 0 0
1.69 0 0 0 0
1.69667 0 0 0 0
1.70333 0 0 0 0
1.71 0 0 0 0
1.71667 0 0 0 0
1.72333 0 0 0 0
1.73 0 0 0 0
1.73667 0 0 0 0
1.74333 0 0 0 0
1.75 0 0 0 0
1.75667 0 0 0 0
1.76333 0 0 0 0
1.77 0 0 0 0
1.77667 0 0 0 0
1.78333 0 0 0 0
1.79 0 0 0 0
1.79667 0 0 0 0
1.80333 0 0 0 0
1.81 0 0 0 0
1.81667 0 0 0 0
1.82333 0 0 0 0
1.83 0 0 0 0
1.83667 0 0 0 0
1.84333 0 0 0 0
1.85 0 0 0 0
1.85667 0 0 0 0
1.86333 0 0 0 0
1.87 0 0 0 0
1.87667 0 0 0 0
1.88333 0 0 0 0
1.89 0 0 0 0
1.89667 0 0 0 0
1.90333 0 0 0 0
1.91 0 0 0 0
1.91667 0 0 0 0
1.92333 0 0 0 0
1.93 0 0 0 0
1.93667 0 0 0 0
1.94333 0 0 0 0
1.95 0 0 0 0
1.95667 0 0 0 0
1.96333 0 0 0 0
1.97 0 0 0 0
1.97667 0 0 0 0
1.98333 0 0 0 0
1.99 0 0 0 0
1.99667 0 0 0 0
