0.00333333 10 25 8 0
0.01 14 24 8 3
0.0166667 13 35 16 5
0.0233333 25 39 21 2
0.03 20 58 21 0
0.0366667 24 53 16 6
0.0433333 39 83 23 2
0.05 50 120 28 5
0.0566667 52 107 33 7
0.0633333 51 151 33 8
0.07 57 128 34 8
0.0766667 58 149 45 10
0.0833333 65 126 48 9
0.09 43 134 38 9
0.0966667 57 132 46 8
0.103333 59 138 54 7
0.11 56 116 42 12
0.116667 50 128 54 8
0.123333 58 134 42 6
0.13 42 126 38 3
0.136667 48 123 35 4
0.143333 52 114 34 1
0.15 37 85 41 5
0.156667 40 109 28 8
0.163333 35 96 34 9
0.17 39 91 26 5
0.176667 33 99 32 5
0.183333 32 106 42 4
0.19 48 94 37 6
0.196667 41 98 34 2
0.203333 34 73 29 2
0.21 34 80 30 3
0.216667 42 90 25 1
0.223333 29 76 25 2
0.23 35 74 23 7
0.236667 34 69 24 7
0.243333 33 57 26 3
0.25 26 77 29 4
0.256667 19 62 29 4
0.263333 37 74 19 1
0.27 13 53 22 3
0.276667 22 69 24 3
0.283333 21 60 22 3
0.29 13 66 24 4
0.296667 17 64 17 5
0.303333 38 55 18 4
0.31 21 45 13 2
0.316667 21 40 16 2
0.323333 18 51 16 5
0.33 27 55 19 3
0.336667 23 51 17 1
0.343333 11 50 16 3
0.35 22 47 14 2
0.356667 25 37 25 1
0.363333 25 53 12 3
0.37 21 48 19 3
0.376667 18 28 16 1
0.383333 17 44 12 2
0.39 11 47 7 1
0.396667 20 31 10 2
0.403333 16 53 13 3
0.41 15 32 23 3
0.416667 21 28 11 1
0.423333 8 32 12 5
0.43 13 41 14 2
0.436667 18 43 15 2
0.443333 10 38 18 0
0.45 10 25 8 0
0.456667 19 37 20 3
0.463333 11 35 13 1
0.47 17 30 15 1
0.476667 19 30 8 0
0.483333 16 19 11 0
0.49 14 34 12 2
0.496667 9 25 7 2
0.503333 11 21 16 2
0.51 12 21 13 1
0.516667 10 20 12 0
0.523333 9 21 5 3
0.53 12 19 8 0
0.536667 6 18 17 1
0.543333 5 23 4 4
0.55 11 17 11 2
0.556667 5 12 6 1
0.563333 9 20 6 2
0.57 10 12 12 3
0.576667 6 13 16 3
0.583333 12 19 8 4
0.59 10 19 8 2
0.596667 9 20 7 1
0.603333 6 13 8 2
0.61 9 21 9 1
0.616667 8 17 7 0
0.623333 5 18 8 2
0.63 12 14 7 1
0.636667 10 11 8 3
0.643333 10 21 9 3
0.65 5 24 4 0
0.656667 9 25 3 0
0.663333 260 677 349 27
0.67 0 0 0 0
0.676667 0 0 0 0
0.683333 0 0 0 0
0.69 0 0 0 0
0.696667 0 0 0 0
0.703333 0 0 0 0
0.71 0 0 0 0
0.716667 0 0 0 0
0.723333 0 0 0 0
0.73 0 0 0 0
0.736667 0 0 0 0
0.743333 0 0 0 0
0.75 0 0 0 0
0.756667 0 0 0 0
0.763333 0 0 0 0
0.77 0 0 0 0
0.776667 0 0 0 0
0.783333 0 0 0 0
0.79 0 0 0 0
0.796667 0 0 0 0
0.803333 0 0 0 0
0.81 0 0 0 0
0.816667 0 0 0 0
0.823333 0 0 0 0
0.83 0 0 0 0
0.836667 0 0 0 0
0.843333 0 0 0 0
0.85 0 0 0 0
0.856667 0 0 0 0
0.863333 0 0 0 0
0.87 0 0 0 0
0.876667 0 0 0 0
0.883333 0 0 0 0
0.89 0 0 0 0
0.896667 0 0 0 0
0.903333 0 0 0 0
0.91 0 0 0 0
0.916667 0 0 0 0
0.923333 0 0 0 0
0.93 0 0 0 0
0.936667 0 0 0 0
0.943333 0 0 0 0
0.95 0 0 0 0
0.956667 0 0 0 0
0.963333 0 0 0 0
0.97 0 0 0 0
0.976667 0 0 0 0
0.983333 0 0 0 0
0.99 0 0 0 0
0.996667 0 0 0 0
1.00333 0 0 0 0
1.01 0 0 0 0
1.01667 0 0 0 0
1.02333 0 0 0 0
1.03 0 0 0 0
1.03667 0 0 0 0
1.04333 0 0 0 0
1.05 0 0 0 0
1.05667 0 0 0 0
1.06333 0 0 0 0
1.07 0 0 0 0
1.07667 0 0 0 0
1.08333 0 0 0 0
1.09 0 0 0 0
1.09667 0 0 0 0
1.10333 0 0 0 0
1.11 0 0 0 0
1.11667 0 0 0 0
1.12333 0 0 0 0
1.13 0 0 0 0
1.13667 0 0 0 0
1.14333 0 0 0 0
1.15 0 0 0 0
1.15667 0 0 0 0
1.16333 0 0 0 0
1.17 0 0 0 0
1.17667 0 0 0 0
1.18333 0 0 0 0
1.19 0 0 0 0
1.19667 0 0 0 0
1.20333 0 0 0 0
1.21 0 0 0 0
1.21667 0 0 0 0
1.22333 0 0 0 0
1.23 0 0 0 0
1.23667 0 0 0 0
1.24333 0 0 0 0
1.25 0 0 0 0
1.25667 0 0 0 0
1.26333 0 0 0 0
1.27 0 0 0 0
1.27667 0 0 0 0
1.28333 0 0 0 0
1.29 0 0 0 0
1.29667 0 0 0 0
1.30333 0 0 0 0
1.31 0 0 0 0
1.31667 0 0 0 0
1.32333 0 0 0 0
1.33 0 0 0 0
1.33667 0 0 0 0
1.34333 0 0 0 0
1.35 0 0 0 0
1.35667 0 0 0 0
1.36333 0 0 0 0
1.37 0 0 0 0
1.37667 0 0 0 0
1.38333 0 0 0 0
1.39 0 0 0 0
1.39667 0 0 0 0
1.40333 0 0 0 0
1.41 0 0 0 0
1.41667 0 0 0 0
1.42333 0 0 0 0
1.43 0 0 0 0
1.43667 0 0 0 0
1.44333 0 0 0 0
1.45 0 0 0 0
1.45667 0 0 0 0
1.46333 0 0 0 0
1.47 0 0 0 0
1.47667 0 0 0 0
1.48333 0 0 0 0
1.49 0 0 0 0
1.49667 0 0 0 0
1.50333 0 0 0 0
1.51 0 0 0 0
1.51667 0 0 0 0
1.52333 0 0 0 0
1.53 0 0 0 0
1.53667 0 0 0 0
1.54333 0 0 0 0
1.55 0 0 0 0
1.55667 0 0 0 0
1.56333 0 0 0 0
1.57 0 0 0 0
1.57667 0 0 0 0
1.58333 0 0 0 0
1.59 0 0 0 0
1.59667 0 0 0 0
1.60333 0 0 0 0
1.61 0 0 0 0
1.61667 0 0 0 0
1.62333 0 0 0 0
1.63 0 0 0 0
1.63667 0 0 0 0
1.64333 0 0 0 0
1.65 0 0 0 0
1.65667 0 0 0 0
1.66333 0 0 0 0
1.67 0 0 0 0
1.67667 0 0 0 0
1.68333 0 0 0 0
1.69 0 0 0 0
1.69667 0 0 0 0
1.70333 0 0 0 0
1.71 0 0 0 0
1.71667 0 0 0 0
1.72333 0 0 0 0
1.73 0 0 0 0
1.73667 0 0 0 0
1.74333 0 0 0 0
1.75 0 0 0 0
1.75667 0 0 0 0
1.76333 0 0 0 0
1.77 0 0 0 0
1.77667 0 0 0 0
1.78333 0 0 0 0
1.79 0 0 0 0
1.79667 0 0 0 0
1.80333 0 0 0 0
1.81 0 0 0 0
1.81667 0 0 0 0
1.82333 0 0 0 0
1.83 0 0 0 0
1.83667 0 0 0 0
1.84333 0 0 0 0
1.85 0 0 0 0
1.85667 0 0 0 0
1.86333 0 0 0 0
1.87 0 0 0 0
1.87667 0 0 0 0
1.88333 0 0 0 0
1.89 0 0 0 0
1.89667 0 0 0 0
1.90333 0 0 0 0
1.91 0 0 0 0
1.91667 0 0 0 0
1.92333 0 0 0 0
1.93 0 0 0 0
1.93667 0 0 0 0
1.94333 0 0 0 0
1.95 0 0 0 0
1.95667 0 0 0 0
1.96333 0 0 0 0
1.97 0 0 0 0
1.97667 0 0 0 0
1.98333 0 0 0 0
1.99 0 0 0 0
1.99667 0 0 0 0
