0.00333333 18 24 0 0
0.01 27 19 1 1
0.0166667 20 33 0 0
0.0233333 20 19 2 0
0.03 28 26 3 1
0.0366667 24 27 0 1
0.0433333 36 28 2 0
0.05 45 37 1 0
0.0566667 42 41 0 0
0.0633333 52 44 2 1
0.07 53 47 1 0
0.0766667 64 54 1 0
0.0833333 53 47 2 0
0.09 39 47 2 1
0.0966667 61 51 4 2
0.103333 53 43 0 0
0.11 64 40 2 0
0.116667 69 42 1 0
0.123333 56 54 1 0
0.13 63 44 3 0
0.136667 58 40 3 0
0.143333 54 35 2 0
0.15 53 33 2 1
0.156667 50 56 3 0
0.163333 51 46 0 0
0.17 47 45 2 0
0.176667 50 38 1 0
0.183333 51 33 5 1
0.19 52 33 3 1
0.196667 53 38 2 1
0.203333 39 31 6 1
0.21 38 45 2 1
0.216667 39 30 2 0
0.223333 43 35 2 0
0.23 47 40 1 0
0.236667 38 45 5 0
0.243333 39 35 4 0
0.25 39 38 4 0
0.256667 50 42 1 1
0.263333 44 45 2 1
0.27 45 41 1 0
0.276667 30 36 2 0
0.283333 36 29 3 0
0.29 35 33 3 0
0.296667 37 41 3 1
0.303333 40 34 3 0
0.31 42 45 2 0
0.316667 26 28 3 0
0.323333 30 36 2 1
0.33 32 32 1 1
0.336667 26 42 4 0
0.343333 23 31 2 0
0.35 38 24 1 0
0.356667 34 22 1 0
0.363333 34 37 3 0
0.37 26 34 2 1
0.376667 28 32 0 0
0.383333 31 34 0 1
0.39 32 31 3 0
0.396667 27 27 1 1
0.403333 33 37 0 0
0.41 30 36 1 0
0.416667 31 28 0 0
0.423333 30 43 3 0
0.43 23 36 1 1
0.436667 30 35 2 0
0.443333 30 35 5 2
0.45 33 24 2 0
0.456667 22 31 2 0
0.463333 26 37 3 1
0.47 37 43 2 0
0.476667 21 30 1 0
0.483333 19 16 1 0
0.49 26 16 1 0
0.496667 16 23 1 2
0.503333 20 12 1 0
0.51 27 15 0 0
0.516667 15 14 1 0
0.523333 19 17 1 0
0.53 20 11 0 0
0.536667 13 13 0 0
0.543333 20 12 1 0
0.55 23 19 2 0
0.556667 19 14 1 0
0.563333 21 12 1 2
0.57 14 12 1 0
0.576667 13 10 2 0
0.583333 24 10 0 0
0.59 13 10 2 0
0.596667 19 10 0 0
0.603333 14 12 1 0
0.61 18 10 2 0
0.616667 21 14 0 0
0.623333 9 10 1 0
0.63 18 13 0 1
0.636667 23 20 1 0
0.643333 24 17 4 0
0.65 21 10 1 0
0.656667 18 12 1 0
0.663333 798 1126 21 5
0.67 0 0 0 0
0.676667 0 0 0 0
0.683333 0 0 0 0
0.69 0 0 0 0
0.696667 0 0 0 0
0.703333 0 0 0 0
0.71 0 0 0 0
0.716667 0 0 0 0
0.723333 0 0 0 0
0.73 0 0 0 0
0.736667 0 0 0 0
0.743333 0 0 0 0
0.75 0 0 0 0
0.756667 0 0 0 0
0.763333 0 0 0 0
0.77 0 0 0 0
0.776667 0 0 0 0
0.783333 0 0 0 0
0.79 0 0 0 0
0.796667 0 0 0 0
0.803333 0 0 0 0
0.81 0 0 0 0
0.816667 0 0 0 0
0.823333 0 0 0 0
0.83 0 0 0 0
0.836667 0 0 0 0
0.843333 0 0 0 0
0.85 0 0 0 0
0.856667 0 0 0 0
0.863333 0 0 0 0
0.87 0 0 0 0
0.876667 0 0 0 0
0.883333 0 0 0 0
0.89 0 0 0 0
0.896667 0 0 0 0
0.903333 0 0 0 0
0.91 0 0 0 0
0.916667 0 0 0 0
0.923333 0 0 0 0
0.93 0 0 0 0
0.936667 0 0 0 0
0.943333 0 0 0 0
0.95 0 0 0 0
0.956667 0 0 0 0
0.963333 0 0 0 0
0.97 0 0 0 0
0.976667 0 0 0 0
0.983333 0 0 0 0
0.99 0 0 0 0
0.996667 0 0 0 0
1.00333 0 0 0 0
1.01 0 0 0 0
1.01667 0 0 0 0
1.02333 0 0 0 0
1.03 0 0 0 0
1.03667 0 0 0 0
1.04333 0 0 0 0
1.05 0 0 0 0
1.05667 0 0 0 0
1.06333 0 0 0 0
1.07 0 0 0 0
1.07667 0 0 0 0
1.08333 0 0 0 0
1.09 0 0 0 0
1.09667 0 0 0 0
1.10333 0 0 0 0
1.11 0 0 0 0
1.11667 0 0 0 0
1.12333 0 0 0 0
1.13 0 0 0 0
1.13667 0 0 0 0
1.14333 0 0 0 0
1.15 0 0 0 0
1.15667 0 0 0 0
1.16333 0 0 0 0
1.17 0 0 0 0
1.17667 0 0 0 0
1.18333 0 0 0 0
1.19 0 0 0 0
1.19667 0 0 0 0
1.20333 0 0 0 0
1.21 0 0 0 0
1.21667 0 0 0 0
1.22333 0 0 0 0
1.23 0 0 0 0
1.23667 0 0 0 0
1.24333 0 0 0 0
1.25 0 0 0 0
1.25667 0 0 0 0
1.26333 0 0 0 0
1.27 0 0 0 0
1.27667 0 0 0 0
1.28333 0 0 0 0
1.29 0 0 0 0
1.29667 0 0 0 0
1.30333 0 0 0 0
1.31 0 0 0 0
1.31667 0 0 0 0
1.32333 0 0 0 0
1.33 0 0 0 0
1.33667 0 0 0 0
1.34333 0 0 0 0
1.35 0 0 0 0
1.35667 0 0 0 0
1.36333 0 0 0 0
1.37 0 0 0 0
1.37667 0 0 0 0
1.38333 0 0 0 0
1.39 0 0 0 0
1.39667 0 0 0 0
1.40333 0 0 0 0
1.41 0 0 0 0
1.41667 0 0 0 0
1.42333 0 0 0 0
1.43 0 0 0 0
1.43667 0 0 0 0
1.44333 0 0 0 0
1.45 0 0 0 0
1.45667 0 0 0 0
1.46333 0 0 0 0
1.47 0 0 0 0
1.47667 0 0 0 0
1.48333 0 0 0 0
1.49 0 0 0 0
1.49667 0 0 0 0
1.50333 0 0 0 0
1.51 0 0 0 0
1.51667 0 0 0 0
1.52333 0 0 0 0
1.53 0 0 0 0
1.53667 0 0 0 0
1.54333 0 0 0 0
1.55 0 0 0 0
1.55667 0 0 0 0
1.56333 0 0 0 0
1.57 0 0 0 0
1.57667 0 0 0 0
1.58333 0 0 0 0
1.59 0 0 0 0
1.59667 0 0 0 0
1.60333 0 0 0 0
1.61 0 0 0 0
1.61667 0 0 0 0
1.62333 0 0 0 0
1.63 0 0 0 0
1.63667 0 0 0 0
1.64333 0 0 0 0
1.65 0 0 0 0
1.65667 0 0 0 0
1.66333 0 0 0 0
1.67 0 0 0 0
1.67667 0 0 0 0
1.68333 0 0 0 0
1.69 0 0 0 0
1.69667 0 0 0 0
1.70333 0 0 0 0
1.71 0 0 0 0
1.71667 0 0 0 0
1.72333 0 0 0 0
1.73 0 0 0 0
1.73667 0 0 0 0
1.74333 0 0 0 0
1.75 0 0 0 0
1.75667 0 0 0 0
1.76333 0 0 0 0
1.77 0 0 0 0
1.77667 0 0 0 0
1.78333 0 0 0 0
1.79 0 0 0 0
1.79667 0 0 0 0
1.80333 0 0 0 0
1.81 0 0 0 0
1.81667 0 0 0 0
1.82333 0 0 0 0
1.83 0 0 0 0
1.83667 0 0 0 0
1.84333 0 0 0 0
1.85 0 0 0 0
1.85667 0 0 0 0
1.86333 0 0 0 0
1.87 0 0 0 0
1.87667 0 0 0 0
1.88333 0 0 0 0
1.89 0 0 0 0
1.89667 0 0 0 0
1.90333 0 0 0 0
1.91 0 0 0 0
1.91667 0 0 0 0
1.92333 0 0 0 0
1.93 0 0 0 0
1.93667 0 0 0 0
1.94333 0 0 0 0
1.95 0 0 0 0
1.95667 0 0 0 0
1.96333 0 0 0 0
1.97 0 0 0 0
1.97667 0 0 0 0
1.98333 0 0 0 0
1.99 0 0 0 0
1.99667 0 0 0 0
