0.00333333 7 30 12 1
0.01 18 44 15 4
0.0166667 12 38 17 7
0.0233333 19 47 25 7
0.03 12 48 26 5
0.0366667 18 72 34 4
0.0433333 27 113 30 7
0.05 37 127 43 8
0.0566667 42 129 65 19
0.0633333 45 133 51 15
0.07 44 158 71 19
0.0766667 46 131 72 15
0.0833333 46 175 64 18
0.09 51 134 78 20
0.0966667 43 160 57 15
0.103333 54 145 87 19
0.11 43 150 87 22
0.116667 47 161 77 11
0.123333 29 145 75 21
0.13 41 152 74 12
0.136667 42 126 61 18
0.143333 32 121 57 6
0.15 42 126 44 12
0.156667 38 90 51 12
0.163333 32 95 52 21
0.17 38 97 46 10
0.176667 42 109 50 13
0.183333 38 107 52 15
0.19 37 109 48 17
0.196667 31 109 41 8
0.203333 28 100 44 15
0.21 28 104 47 14
0.216667 30 89 37 21
0.223333 30 90 52 13
0.23 30 77 27 4
0.236667 24 94 43 13
0.243333 23 74 44 8
0.25 26 80 33 10
0.256667 15 71 27 10
0.263333 17 61 30 16
0.27 25 70 29 14
0.276667 23 76 28 7
0.283333 20 55 25 8
0.29 22 53 34 7
0.296667 16 51 23 7
0.303333 20 48 31 7
0.31 30 54 33 6
0.316667 18 53 17 7
0.323333 25 60 26 8
0.33 16 49 23 6
0.336667 15 65 20 4
0.343333 13 50 21 3
0.35 22 58 29 8
0.356667 16 55 24 6
0.363333 21 55 19 8
0.37 13 44 18 14
0.376667 18 36 21 7
0.383333 26 45 19 8
0.39 19 36 20 6
0.396667 14 47 12 9
0.403333 10 34 26 12
0.41 15 39 18 2
0.416667 17 43 21 7
0.423333 20 37 22 9
0.43 14 42 23 4
0.436667 17 37 16 3
0.443333 12 36 24 7
0.45 10 38 17 11
0.456667 14 35 19 8
0.463333 16 35 18 4
0.47 18 38 15 7
0.476667 21 34 21 8
0.483333 10 29 9 8
0.49 9 26 14 5
0.496667 9 20 16 6
0.503333 12 23 10 3
0.51 12 27 13 8
0.516667 11 26 9 3
0.523333 6 18 9 4
0.53 7 21 12 2
0.536667 5 20 12 3
0.543333 6 19 11 5
0.55 7 22 12 6
0.556667 7 18 9 3
0.563333 7 25 7 4
0.57 2 30 9 5
0.576667 7 20 10 3
0.583333 8 21 15 7
0.59 3 31 6 5
0.596667 9 25 18 2
0.603333 10 17 4 5
0.61 5 17 9 2
0.616667 5 8 9 1
0.623333 7 20 6 4
0.63 4 28 5 7
0.636667 12 18 9 2
0.643333 5 12 5 2
0.65 4 23 8 2
0.656667 4 19 8 2
0.663333 249 782 383 98
0.67 0 0 0 0
0.676667 0 0 0 0
0.683333 0 0 0 0
0.69 0 0 0 0
0.696667 0 0 0 0
0.703333 0 0 0 0
0.71 0 0 0 0
0.716667 0 0 0 0
0.723333 0 0 0 0
0.73 0 0 0 0
0.736667 0 0 0 0
0.743333 0 0 0 0
0.75 0 0 0 0
0.756667 0 0 0 0
0.763333 0 0 0 0
0.77 0 0 0 0
0.776667 0 0 0 0
0.783333 0 0 0 0
0.79 0 0 0 0
0.796667 0 0 0 0
0.803333 0 0 0 0
0.81 0 0 0 0
0.816667 0 0 0 0
0.823333 0 0 0 0
0.83 0 0 0 0
0.836667 0 0 0 0
0.843333 0 0 0 0
0.85 0 0 0 0
0.856667 0 0 0 0
0.863333 0 0 0 0
0.87 0 0 0 0
0.876667 0 0 0 0
0.883333 0 0 0 0
0.89 0 0 0 0
0.896667 0 0 0 0
0.903333 0 0 0 0
0.91 0 0 0 0
0.916667 0 0 0 0
0.923333 0 0 0 0
0.93 0 0 0 0
0.936667 0 0 0 0
0.943333 0 0 0 0
0.95 0 0 0 0
0.956667 0 0 0 0
0.963333 0 0 0 0
0.97 0 0 0 0
0.976667 0 0 0 0
0.983333 0 0 0 0
0.99 0 0 0 0
0.996667 0 0 0 0
1.00333 0 0 0 0
1.01 0 0 0 0
1.01667 0 0 0 0
1.02333 0 0 0 0
1.03 0 0 0 0
1.03667 0 0 0 0
1.04333 0 0 0 0
1.05 0 0 0 0
1.05667 0 0 0 0
1.06333 0 0 0 0
1.07 0 0 0 0
1.07667 0 0 0 0
1.08333 0 0 0 0
1.09 0 0 0 0
1.09667 0 0 0 0
1.10333 0 0 0 0
1.11 0 0 0 0
1.11667 0 0 0 0
1.12333 0 0 0 0
1.13 0 0 0 0
1.13667 0 0 0 0
1.14333 0 0 0 0
1.15 0 0 0 0
1.15667 0 0 0 0
1.16333 0 0 0 0
1.17 0 0 0 0
1.17667 0 0 0 0
1.18333 0 0 0 0
1.19 0 0 0 0
1.19667 0 0 0 0
1.20333 0 0 0 0
1.21 0 0 0 0
1.21667 0 0 0 0
1.22333 0 0 0 0
1.23 0 0 0 0
1.23667 0 0 0 0
1.24333 0 0 0 0
1.25 0 0 0 0
1.25667 0 0 0 0
1.26333 0 0 0 0
1.27 0 0 0 0
1.27667 0 0 0 0
1.28333 0 0 0 0
1.29 0 0 0 0
1.29667 0 0 0 0
1.30333 0 0 0 0
1.31 0 0 0 0
1.31667 0 0 0 0
1.32333 0 0 0 0
1.33 0 0 0 0
1.33667 0 0 0 0
1.34333 0 0 0 0
1.35 0 0 0 0
1.35667 0 0 0 0
1.36333 0 0 0 0
1.37 0 0 0 0
1.37667 0 0 0 0
1.38333 0 0 0 0
1.39 0 0 0 0
1.39667 0 0 0 0
1.40333 0 0 0 0
1.41 0 0 0 0
1.41667 0 0 0 0
1.42333 0 0 0 0
1.43 0 0 0 0
1.43667 0 0 0 0
1.44333 0 0 0 0
1.45 0 0 0 0
1.45667 0 0 0 0
1.46333 0 0 0 0
1.47 0 0 0 0
1.47667 0 0 0 0
1.48333 0 0 0 0
1.49 0 0 0 0
1.49667 0 0 0 0
1.50333 0 0 0 0
1.51 0 0 0 0
1.51667 0 0 0 0
1.52333 0 0 0 0
1.53 0 0 0 0
1.53667 0 0 0 0
1.54333 0 0 0 0
1.55 0 0 0 0
1.55667 0 0 0 0
1.56333 0 0 0 0
1.57 0 0 0 0
1.57667 0 0 0 0
1.58333 0 0 0 0
1.59 0 0 0 0
1.59667 0 0 0 0
1.60333 0 0 0 0
1.61 0 0 0 0
1.61667 0 0 0 0
1.62333 0 0 0 0
1.63 0 0 0 0
1.63667 0 0 0 0
1.64333 0 0 0 0
1.65 0 0 0 0
1.65667 0 0 0 0
1.66333 0 0 0 0
1.67 0 0 0 0
1.67667 0 0 0 0
1.68333 0 0 0 0
1.69 0 0 0 0
1.69667 0 0 0 0
1.70333 0 0 0 0
1.71 0 0 0 0
1.71667 0 0 0 0
1.72333 0 0 0 0
1.73 0 0 0 0
1.73667 0 0 0 0
1.74333 0 0 0 0
1.75 0 0 0 0
1.75667 0 0 0 0
1.76333 0 0 0 0
1.77 0 0 0 0
1.77667 0 0 0 0
1.78333 0 0 0 0
1.79 0 0 0 0
1.79667 0 0 0 0
1.80333 0 0 0 0
1.81 0 0 0 0
1.81667 0 0 0 0
1.82333 0 0 0 0
1.83 0 0 0 0
1.83667 0 0 0 0
1.84333 0 0 0 0
1.85 0 0 0 0
1.85667 0 0 0 0
1.86333 0 0 0 0
1.87 0 0 0 0
1.87667 0 0 0 0
1.88333 0 0 0 0
1.89 0 0 0 0
1.89667 0 0 0 0
1.90333 0 0 0 0
1.91 0 0 0 0
1.91667 0 0 0 0
1.92333 0 0 0 0
1.93 0 0 0 0
1.93667 0 0 0 0
1.94333 0 0 0 0
1.95 0 0 0 0
1.95667 0 0 0 0
1.96333 0 0 0 0
1.97 0 0 0 0
1.97667 0 0 0 0
1.98333 0 0 0 0
1.99 0 0 0 0
1.99667 0 0 0 0
