0.00333333 83 52 0 1
0.01 91 51 2 2
0.0166667 102 55 5 0
0.0233333 89 58 2 7
0.03 103 75 4 3
0.0366667 96 74 8 2
0.0433333 125 104 5 3
0.05 194 151 6 3
0.0566667 195 172 5 3
0.0633333 226 144 4 7
0.07 202 182 9 0
0.0766667 258 189 7 5
0.0833333 239 209 13 11
0.09 251 191 16 3
0.0966667 264 186 8 4
0.103333 247 157 9 5
0.11 246 187 10 5
0.116667 302 196 11 8
0.123333 300 177 6 7
0.13 285 189 13 7
0.136667 258 168 6 8
0.143333 304 157 9 9
0.15 262 159 9 5
0.156667 279 170 9 5
0.163333 216 150 7 7
0.17 250 143 6 2
0.176667 245 147 4 4
0.183333 283 179 6 2
0.19 311 170 6 11
0.196667 278 163 3 6
0.203333 281 150 6 8
0.21 255 138 6 5
0.216667 245 120 4 4
0.223333 248 150 12 4
0.23 220 114 5 7
0.236667 191 106 5 6
0.243333 208 119 1 7
0.25 187 104 7 5
0.256667 167 101 3 9
0.263333 153 99 2 6
0.27 160 122 2 4
0.276667 165 98 6 2
0.283333 134 101 2 6
0.29 125 78 3 4
0.296667 149 106 1 2
0.303333 139 89 3 1
0.31 148 75 5 3
0.316667 127 90 5 2
0.323333 134 72 6 4
0.33 91 80 5 8
0.336667 133 59 5 1
0.343333 112 70 1 3
0.35 113 58 7 2
0.356667 108 73 3 6
0.363333 113 63 4 0
0.37 94 54 4 4
0.376667 116 69 5 5
0.383333 99 76 6 3
0.39 108 74 2 4
0.396667 103 59 1 0
0.403333 107 70 3 5
0.41 112 60 3 3
0.416667 87 69 3 8
0.423333 99 67 1 0
0.43 98 62 4 5
0.436667 95 68 1 3
0.443333 109 52 1 6
0.45 97 61 6 1
0.456667 110 70 2 2
0.463333 105 45 3 7
0.47 100 61 3 3
0.476667 82 47 5 1
0.483333 52 34 3 3
0.49 56 42 4 5
0.496667 53 35 2 1
0.503333 42 38 1 3
0.51 46 35 2 2
0.516667 44 34 6 3
0.523333 52 36 4 1
0.53 35 31 1 2
0.536667 47 35 1 1
0.543333 49 26 3 1
0.55 43 27 0 2
0.556667 46 25 4 1
0.563333 33 28 3 1
0.57 41 23 1 2
0.576667 32 34 2 1
0.583333 36 40 1 5
0.59 37 22 0 3
0.596667 51 32 2 5
0.603333 27 23 4 0
0.61 33 29 4 3
0.616667 51 23 2 4
0.623333 38 28 1 2
0.63 33 23 0 5
0.636667 37 19 0 3
0.643333 31 24 2 1
0.65 27 16 2 2
0.656667 26 25 5 3
0.663333 3991 1658 41 98
0.67 0 0 0 0
0.676667 0 0 0 0
0.683333 0 0 0 0
0.69 0 0 0 0
0.696667 0 0 0 0
0.703333 0 0 0 0
0.71 0 0 0 0
0.716667 0 0 0 0
0.723333 0 0 0 0
0.73 0 0 0 0
0.736667 0 0 0 0
0.743333 0 0 0 0
0.75 0 0 0 0
0.756667 0 0 0 0
0.763333 0 0 0 0
0.77 0 0 0 0
0.776667 0 0 0 0
0.783333 0 0 0 0
0.79 0 0 0 0
0.796667 0 0 0 0
0.803333 0 0 0 0
0.81 0 0 0 0
0.816667 0 0 0 0
0.823333 0 0 0 0
0.83 0 0 0 0
0.836667 0 0 0 0
0.843333 0 0 0 0
0.85 0 0 0 0
0.856667 0 0 0 0
0.863333 0 0 0 0
0.87 0 0 0 0
0.876667 0 0 0 0
0.883333 0 0 0 0
0.89 0 0 0 0
0.896667 0 0 0 0
0.903333 0 0 0 0
0.91 0 0 0 0
0.916667 0 0 0 0
0.923333 0 0 0 0
0.93 0 0 0 0
0.936667 0 0 0 0
0.943333 0 0 0 0
0.95 0 0 0 0
0.956667 0 0 0 0
0.963333 0 0 0 0
0.97 0 0 0 0
0.976667 0 0 0 0
0.983333 0 0 0 0
0.99 0 0 0 0
0.996667 0 0 0 0
1.00333 0 0 0 0
1.01 0 0 0 0
1.01667 0 0 0 0
1.02333 0 0 0 0
1.03 0 0 0 0
1.03667 0 0 0 0
1.04333 0 0 0 0
1.05 0 0 0 0
1.05667 0 0 0 0
1.06333 0 0 0 0
1.07 0 0 0 0
1.07667 0 0 0 0
1.08333 0 0 0 0
1.09 0 0 0 0
1.09667 0 0 0 0
1.10333 0 0 0 0
1.11 0 0 0 0
1.11667 0 0 0 0
1.12333 0 0 0 0
1.13 0 0 0 0
1.13667 0 0 0 0
1.14333 0 0 0 0
1.15 0 0 0 0
1.15667 0 0 0 0
1.16333 0 0 0 0
1.17 0 0 0 0
1.17667 0 0 0 0
1.18333 0 0 0 0
1.19 0 0 0 0
1.19667 0 0 0 0
1.20333 0 0 0 0
1.21 0 0 0 0
1.21667 0 0 0 0
1.22333 0 0 0 0
1.23 0 0 0 0
1.23667 0 0 0 0
1.24333 0 0 0 0
1.25 0 0 0 0
1.25667 0 0 0 0
1.26333 0 0 0 0
1.27 0 0 0 0
1.27667 0 0 0 0
1.28333 0 0 0 0
1.29 0 0 0 0
1.29667 0 0 0 0
1.30333 0 0 0 0
1.31 0 0 0 0
1.31667 0 0 0 0
1.32333 0 0 0 0
1.33 0 0 0 0
1.33667 0 0 0 0
1.34333 0 0 0 0
1.35 0 0 0 0
1.35667 0 0 0 0
1.36333 0 0 0 0
1.37 0 0 0 0
1.37667 0 0 0 0
1.38333 0 0 0 0
1.39 0 0 0 0
1.39667 0 0 0 0
1.40333 0 0 0 0
1.41 0 0 0 0
1.41667 0 0 0 0
1.42333 0 0 0 0
1.43 0 0 0 0
1.43667 0 0 0 0
1.44333 0 0 0 0
1.45 0 0 0 0
1.45667 0 0 0 0
1.46333 0 0 0 0
1.47 0 0 0 0
1.47667 0 0 0 0
1.48333 0 0 0 0
1.49 0 0 0 0
1.49667 0 0 0 0
1.50333 0 0 0 0
1.51 0 0 0 0
1.51667 0 0 0 0
1.52333 0 0 0 0
1.53 0 0 0 0
1.53667 0 0 0 0
1.54333 0 0 0 0
1.55 0 0 0 0
1.55667 0 0 0 0
1.56333 0 0 0 0
1.57 0 0 0 0
1.57667 0 0 0 0
1.58333 0 0 0 0
1.59 0 0 0 0
1.59667 0 0 0 0
1.60333 0 0 0 0
1.61 0 0 0 0
1.61667 0 0 0 0
1.62333 0 0 0 0
1.63 0 0 0 0
1.63667 0 0 0 0
1.64333 0 0 0 0
1.65 0 0 0 0
1.65667 0 0 0 0
1.66333 0 0 0 0
1.67 0 0 0 0
1.67667 0 0 0 0
1.68333 0 0 0 0
1.69 0 0 0 0
1.69667 0 0 0 0
1.70333 0 0 0 0
1.71 0 0 0 0
1.71667 0 0 0 0
1.72333 0 0 0 0
1.73 0 0 0 0
1.73667 0 0 0 0
1.74333 0 0 0 0
1.75 0 0 0 0
1.75667 0 0 0 0
1.76333 0 0 0 0
1.77 0 0 0 0
1.77667 0 0 0 0
1.78333 0 0 0 0
1.79 0 0 0 0
1.79667 0 0 0 0
1.80333 0 0 0 0
1.81 0 0 0 0
1.81667 0 0 0 0
1.82333 0 0 0 0
1.83 0 0 0 0
1.83667 0 0 0 0
1.84333 0 0 0 0
1.85 0 0 0 0
1.85667 0 0 0 0
1.86333 0 0 0 0
1.87 0 0 0 0
1.87667 0 0 0 0
1.88333 0 0 0 0
1.89 0 0 0 0
1.89667 0 0 0 0
1.90333 0 0 0 0
1.91 0 0 0 0
1.91667 0 0 0 0
1.92333 0 0 0 0
1.93 0 0 0 0
1.93667 0 0 0 0
1.94333 0 0 0 0
1.95 0 0 0 0
1.95667 0 0 0 0
1.96333 0 0 0 0
1.97 0 0 0 0
1.97667 0 0 0 0
1.98333 0 0 0 0
1.99 0 0 0 0
1.99667 0 0 0 0
