0.00333333 132 58 1 4
0.01 144 49 3 2
0.0166667 160 55 0 1
0.0233333 172 49 0 2
0.03 166 49 1 2
0.0366667 205 65 2 3
0.0433333 169 78 3 1
0.05 229 97 2 2
0.0566667 234 111 6 4
0.0633333 262 118 3 4
0.07 271 112 4 1
0.0766667 326 127 0 6
0.0833333 324 115 4 2
0.09 341 128 2 2
0.0966667 341 151 4 2
0.103333 373 115 2 7
0.11 347 124 1 5
0.116667 354 135 0 5
0.123333 375 135 8 3
0.13 402 128 3 3
0.136667 378 134 4 2
0.143333 370 122 0 3
0.15 381 110 1 3
0.156667 325 116 1 1
0.163333 378 110 2 3
0.17 388 108 6 6
0.176667 342 116 5 2
0.183333 434 122 3 6
0.19 512 142 1 7
0.196667 489 145 3 7
0.203333 487 126 4 6
0.21 433 124 0 7
0.216667 429 112 2 3
0.223333 379 108 3 5
0.23 316 91 4 2
0.236667 336 114 1 4
0.243333 307 91 2 6
0.25 321 97 3 3
0.256667 303 88 3 2
0.263333 267 81 3 3
0.27 272 86 1 2
0.276667 258 68 2 5
0.283333 262 85 1 3
0.29 230 77 0 5
0.296667 235 73 1 0
0.303333 228 68 0 1
0.31 224 75 1 3
0.316667 195 61 1 1
0.323333 206 70 1 4
0.33 184 86 0 2
0.336667 192 60 2 2
0.343333 177 68 0 6
0.35 175 66 2 4
0.356667 178 55 5 0
0.363333 183 66 1 2
0.37 178 52 1 4
0.376667 156 68 2 3
0.383333 149 57 3 1
0.39 164 62 1 4
0.396667 168 39 1 5
0.403333 184 41 4 1
0.41 148 63 2 0
0.416667 146 49 1 3
0.423333 169 60 1 1
0.43 149 58 0 1
0.436667 161 50 2 2
0.443333 168 59 1 4
0.45 167 36 2 6
0.456667 151 45 2 5
0.463333 163 59 0 4
0.47 159 45 1 2
0.476667 129 47 3 0
0.483333 92 31 4 2
0.49 89 27 4 0
0.496667 77 48 2 3
0.503333 51 33 2 2
0.51 61 27 1 1
0.516667 61 26 1 1
0.523333 65 29 1 0
0.53 57 33 0 2
0.536667 66 28 2 1
0.543333 70 17 1 0
0.55 54 18 1 4
0.556667 53 15 1 1
0.563333 47 10 0 0
0.57 44 16 1 0
0.576667 52 30 1 0
0.583333 51 26 1 2
0.59 59 32 0 1
0.596667 38 34 1 2
0.603333 51 22 1 1
0.61 48 19 0 2
0.616667 56 18 1 0
0.623333 49 22 0 1
0.63 40 26 0 0
0.636667 63 34 2 3
0.643333 35 22 1 2
0.65 43 21 0 2
0.656667 54 17 0 1
0.663333 8170 1804 9 108
0.67 0 0 0 0
0.676667 0 0 0 0
0.683333 0 0 0 0
0.69 0 0 0 0
0.696667 0 0 0 0
0.703333 0 0 0 0
0.71 0 0 0 0
0.716667 0 0 0 0
0.723333 0 0 0 0
0.73 0 0 0 0
0.736667 0 0 0 0
0.743333 0 0 0 0
0.75 0 0 0 0
0.756667 0 0 0 0
0.763333 0 0 0 0
0.77 0 0 0 0
0.776667 0 0 0 0
0.783333 0 0 0 0
0.79 0 0 0 0
0.796667 0 0 0 0
0.803333 0 0 0 0
0.81 0 0 0 0
0.816667 0 0 0 0
0.823333 0 0 0 0
0.83 0 0 0 0
0.836667 0 0 0 0
0.843333 0 0 0 0
0.85 0 0 0 0
0.856667 0 0 0 0
0.863333 0 0 0 0
0.87 0 0 0 0
0.876667 0 0 0 0
0.883333 0 0 0 0
0.89 0 0 0 0
0.896667 0 0 0 0
0.903333 0 0 0 0
0.91 0 0 0 0
0.916667 0 0 0 0
0.923333 0 0 0 0
0.93 0 0 0 0
0.936667 0 0 0 0
0.943333 0 0 0 0
0.95 0 0 0 0
0.956667 0 0 0 0
0.963333 0 0 0 0
0.97 0 0 0 0
0.976667 0 0 0 0
0.983333 0 0 0 0
0.99 0 0 0 0
0.996667 0 0 0 0
1.00333 0 0 0 0
1.01 0 0 0 0
1.01667 0 0 0 0
1.02333 0 0 0 0
1.03 0 0 0 0
1.03667 0 0 0 0
1.04333 0 0 0 0
1.05 0 0 0 0
1.05667 0 0 0 0
1.06333 0 0 0 0
1.07 0 0 0 0
1.07667 0 0 0 0
1.08333 0 0 0 0
1.09 0 0 0 0
1.09667 0 0 0 0
1.10333 0 0 0 0
1.11 0 0 0 0
1.11667 0 0 0 0
1.12333 0 0 0 0
1.13 0 0 0 0
1.13667 0 0 0 0
1.14333 0 0 0 0
1.15 0 0 0 0
1.15667 0 0 0 0
1.16333 0 0 0 0
1.17 0 0 0 0
1.17667 0 0 0 0
1.18333 0 0 0 0
1.19 0 0 0 0
1.19667 0 0 0 0
1.20333 0 0 0 0
1.21 0 0 0 0
1.21667 0 0 0 0
1.22333 0 0 0 0
1.23 0 0 0 0
1.23667 0 0 0 0
1.24333 0 0 0 0
1.25 0 0 0 0
1.25667 0 0 0 0
1.26333 0 0 0 0
1.27 0 0 0 0
1.27667 0 0 0 0
1.28333 0 0 0 0
1.29 0 0 0 0
1.29667 0 0 0 0
1.30333 0 0 0 0
1.31 0 0 0 0
1.31667 0 0 0 0
1.32333 0 0 0 0
1.33 0 0 0 0
1.33667 0 0 0 0
1.34333 0 0 0 0
1.35 0 0 0 0
1.35667 0 0 0 0
1.36333 0 0 0 0
1.37 0 0 0 0
1.37667 0 0 0 0
1.38333 0 0 0 0
1.39 0 0 0 0
1.39667 0 0 0 0
1.40333 0 0 0 0
1.41 0 0 0 0
1.41667 0 0 0 0
1.42333 0 0 0 0
1.43 0 0 0 0
1.43667 0 0 0 0
1.44333 0 0 0 0
1.45 0 0 0 0
1.45667 0 0 0 0
1.46333 0 0 0 0
1.47 0 0 0 0
1.47667 0 0 0 0
1.48333 0 0 0 0
1.49 0 0 0 0
1.49667 0 0 0 0
1.50333 0 0 0 0
1.51 0 0 0 0
1.51667 0 0 0 0
1.52333 0 0 0 0
1.53 0 0 0 0
1.53667 0 0 0 0
1.54333 0 0 0 0
1.55 0 0 0 0
1.55667 0 0 0 0
1.56333 0 0 0 0
1.57 0 0 0 0
1.57667 0 0 0 0
1.58333 0 0 0 0
1.59 0 0 0 0
1.59667 0 0 0 0
1.60333 0 0 0 0
1.61 0 0 0 0
1.61667 0 0 0 0
1.62333 0 0 0 0
1.63 0 0 0 0
1.63667 0 0 0 0
1.64333 0 0 0 0
1.65 0 0 0 0
1.65667 0 0 0 0
1.66333 0 0 0 0
1.67 0 0 0 0
1.67667 0 0 0 0
1.68333 0 0 0 0
1.69 0 0 0 0
1.69667 0 0 0 0
1.70333 0 0 0 0
1.71 0 0 0 0
1.71667 0 0 0 0
1.72333 0 0 0 0
1.73 0 0 0 0
1.73667 0 0 0 0
1.74333 0 0 0 0
1.75 0 0 0 0
1.75667 0 0 0 0
1.76333 0 0 0 0
1.77 0 0 0 0
1.77667 0 0 0 0
1.78333 0 0 0 0
1.79 0 0 0 0
1.79667 0 0 0 0
1.80333 0 0 0 0
1.81 0 0 0 0
1.81667 0 0 0 0
1.82333 0 0 0 0
1.83 0 0 0 0
1.83667 0 0 0 0
1.84333 0 0 0 0
1.85 0 0 0 0
1.85667 0 0 0 0
1.86333 0 0 0 0
1.87 0 0 0 0
1.87667 0 0 0 0
1.88333 0 0 0 0
1.89 0 0 0 0
1.89667 0 0 0 0
1.90333 0 0 0 0
1.91 0 0 0 0
1.91667 0 0 0 0
1.92333 0 0 0 0
1.93 0 0 0 0
1.93667 0 0 0 0
1.94333 0 0 0 0
1.95 0 0 0 0
1.95667 0 0 0 0
1.96333 0 0 0 0
1.97 0 0 0 0
1.97667 0 0 0 0
1.98333 0 0 0 0
1.99 0 0 0 0
1.99667 0 0 0 0
