0.00333333 18 63 14 0
0.01 35 65 9 0
0.0166667 26 77 3 1
0.0233333 27 96 6 0
0.03 23 94 9 0
0.0366667 49 110 5 2
0.0433333 65 148 14 2
0.05 94 168 13 2
0.0566667 96 219 18 3
0.0633333 126 236 17 5
0.07 114 223 21 6
0.0766667 130 250 30 3
0.0833333 130 271 23 3
0.09 126 287 24 3
0.0966667 114 251 23 3
0.103333 115 275 22 7
0.11 123 263 15 2
0.116667 100 259 24 5
0.123333 98 276 25 1
0.13 90 248 23 5
0.136667 92 213 19 4
0.143333 89 236 24 0
0.15 77 220 16 6
0.156667 75 220 25 5
0.163333 72 198 21 4
0.17 75 218 24 0
0.176667 63 202 24 3
0.183333 71 212 18 5
0.19 83 209 26 2
0.196667 71 218 20 4
0.203333 42 229 15 4
0.21 62 187 13 4
0.216667 61 189 20 1
0.223333 67 161 13 3
0.23 61 168 12 1
0.236667 71 192 14 1
0.243333 66 132 14 2
0.25 65 159 13 4
0.256667 37 134 11 4
0.263333 45 132 5 1
0.27 52 123 13 2
0.276667 55 144 14 3
0.283333 36 117 10 1
0.29 48 111 11 1
0.296667 37 130 7 4
0.303333 60 111 7 3
0.31 40 113 14 1
0.316667 47 87 14 1
0.323333 60 107 8 2
0.33 39 107 10 1
0.336667 29 104 6 1
0.343333 44 89 2 1
0.35 37 94 14 0
0.356667 23 97 6 0
0.363333 40 94 10 1
0.37 31 95 13 1
0.376667 29 97 5 2
0.383333 27 83 8 3
0.39 27 97 9 3
0.396667 31 98 11 3
0.403333 31 88 7 1
0.41 32 66 11 0
0.416667 36 88 10 3
0.423333 35 71 4 0
0.43 32 75 7 2
0.436667 30 64 10 0
0.443333 34 70 5 0
0.45 32 65 10 1
0.456667 19 77 7 2
0.463333 29 68 6 3
0.47 19 71 7 1
0.476667 23 65 8 3
0.483333 16 53 3 1
0.49 27 52 6 4
0.496667 19 44 5 0
0.503333 15 52 10 4
0.51 23 34 4 0
0.516667 23 40 4 0
0.523333 26 41 6 1
0.53 16 35 7 1
0.536667 19 40 4 2
0.543333 7 32 7 1
0.55 21 30 1 0
0.556667 10 46 7 2
0.563333 17 32 4 2
0.57 17 40 6 1
0.576667 11 46 8 0
0.583333 14 26 3 1
0.59 16 30 3 2
0.596667 18 49 3 1
0.603333 9 32 5 0
0.61 10 35 5 1
0.616667 11 33 3 1
0.623333 13 31 7 0
0.63 12 36 4 2
0.636667 9 36 8 1
0.643333 12 36 6 1
0.65 13 34 9 1
0.656667 14 23 4 0
0.663333 561 2265 193 10
0.67 0 0 0 0
0.676667 0 0 0 0
0.683333 0 0 0 0
0.69 0 0 0 0
0.696667 0 0 0 0
0.703333 0 0 0 0
0.71 0 0 0 0
0.716667 0 0 0 0
0.723333 0 0 0 0
0.73 0 0 0 0
0.736667 0 0 0 0
0.743333 0 0 0 0
0.75 0 0 0 0
0.756667 0 0 0 0
0.763333 0 0 0 0
0.77 0 0 0 0
0.776667 0 0 0 0
0.783333 0 0 0 0
0.79 0 0 0 0
0.796667 0 0 0 0
0.803333 0 0 0 0
0.81 0 0 0 0
0.816667 0 0 0 0
0.823333 0 0 0 0
0.83 0 0 0 0
0.836667 0 0 0 0
0.843333 0 0 0 0
0.85 0 0 0 0
0.856667 0 0 0 0
0.863333 0 0 0 0
0.87 0 0 0 0
0.876667 0 0 0 0
0.883333 0 0 0 0
0.89 0 0 0 0
0.896667 0 0 0 0
0.903333 0 0 0 0
0.91 0 0 0 0
0.916667 0 0 0 0
0.923333 0 0 0 0
0.93 0 0 0 0
0.936667 0 0 0 0
0.943333 0 0 0 0
0.95 0 0 0 0
0.956667 0 0 0 0
0.963333 0 0 0 0
0.97 0 0 0 0
0.976667 0 0 0 0
0.983333 0 0 0 0
0.99 0 0 0 0
0.996667 0 0 0 0
1.00333 0 0 0 0
1.01 0 0 0 0
1.01667 0 0 0 0
1.02333 0 0 0 0
1.03 0 0 0 0
1.03667 0 0 0 0
1.04333 0 0 0 0
1.05 0 0 0 0
1.05667 0 0 0 0
1.06333 0 0 0 0
1.07 0 0 0 0
1.07667 0 0 0 0
1.08333 0 0 0 0
1.09 0 0 0 0
1.09667 0 0 0 0
1.10333 0 0 0 0
1.11 0 0 0 0
1.11667 0 0 0 0
1.12333 0 0 0 0
1.13 0 0 0 0
1.13667 0 0 0 0
1.14333 0 0 0 0
1.15 0 0 0 0
1.15667 0 0 0 0
1.16333 0 0 0 0
1.17 0 0 0 0
1.17667 0 0 0 0
1.18333 0 0 0 0
1.19 0 0 0 0
1.19667 0 0 0 0
1.20333 0 0 0 0
1.21 0 0 0 0
1.21667 0 0 0 0
1.22333 0 0 0 0
1.23 0 0 0 0
1.23667 0 0 0 0
1.24333 0 0 0 0
1.25 0 0 0 0
1.25667 0 0 0 0
1.26333 0 0 0 0
1.27 0 0 0 0
1.27667 0 0 0 0
1.28333 0 0 0 0
1.29 0 0 0 0
1.29667 0 0 0 0
1.30333 0 0 0 0
1.31 0 0 0 0
1.31667 0 0 0 0
1.32333 0 0 0 0
1.33 0 0 0 0
1.33667 0 0 0 0
1.34333 0 0 0 0
1.35 0 0 0 0
1.35667 0 0 0 0
1.36333 0 0 0 0
1.37 0 0 0 0
1.37667 0 0 0 0
1.38333 0 0 0 0
1.39 0 0 0 0
1.39667 0 0 0 0
1.40333 0 0 0 0
1.41 0 0 0 0
1.41667 0 0 0 0
1.42333 0 0 0 0
1.43 0 0 0 0
1.43667 0 0 0 0
1.44333 0 0 0 0
1.45 0 0 0 0
1.45667 0 0 0 0
1.46333 0 0 0 0
1.47 0 0 0 0
1.47667 0 0 0 0
1.48333 0 0 0 0
1.49 0 0 0 0
1.49667 0 0 0 0
1.50333 0 0 0 0
1.51 0 0 0 0
1.51667 0 0 0 0
1.52333 0 0 0 0
1.53 0 0 0 0
1.53667 0 0 0 0
1.54333 0 0 0 0
1.55 0 0 0 0
1.55667 0 0 0 0
1.56333 0 0 0 0
1.57 0 0 0 0
1.57667 0 0 0 0
1.58333 0 0 0 0
1.59 0 0 0 0
1.59667 0 0 0 0
1.60333 0 0 0 0
1.61 0 0 0 0
1.61667 0 0 0 0
1.62333 0 0 0 0
1.63 0 0 0 0
1.63667 0 0 0 0
1.64333 0 0 0 0
1.65 0 0 0 0
1.65667 0 0 0 0
1.66333 0 0 0 0
1.67 0 0 0 0
1.67667 0 0 0 0
1.68333 0 0 0 0
1.69 0 0 0 0
1.69667 0 0 0 0
1.70333 0 0 0 0
1.71 0 0 0 0
1.71667 0 0 0 0
1.72333 0 0 0 0
1.73 0 0 0 0
1.73667 0 0 0 0
1.74333 0 0 0 0
1.75 0 0 0 0
1.75667 0 0 0 0
1.76333 0 0 0 0
1.77 0 0 0 0
1.77667 0 0 0 0
1.78333 0 0 0 0
1.79 0 0 0 0
1.79667 0 0 0 0
1.80333 0 0 0 0
1.81 0 0 0 0
1.81667 0 0 0 0
1.82333 0 0 0 0
1.83 0 0 0 0
1.83667 0 0 0 0
1.84333 0 0 0 0
1.85 0 0 0 0
1.85667 0 0 0 0
1.86333 0 0 0 0
1.87 0 0 0 0
1.87667 0 0 0 0
1.88333 0 0 0 0
1.89 0 0 0 0
1.89667 0 0 0 0
1.90333 0 0 0 0
1.91 0 0 0 0
1.91667 0 0 0 0
1.92333 0 0 0 0
1.93 0 0 0 0
1.93667 0 0 0 0
1.94333 0 0 0 0
1.95 0 0 0 0
1.95667 0 0 0 0
1.96333 0 0 0 0
1.97 0 0 0 0
1.97667 0 0 0 0
1.98333 0 0 0 0
1.99 0 0 0 0
1.99667 0 0 0 0
