0.00333333 4 14 22 15
0.01 5 18 37 23
0.0166667 4 12 34 29
0.0233333 8 27 29 24
0.03 8 14 30 23
0.0366667 9 26 48 34
0.0433333 6 38 65 36
0.05 10 42 89 57
0.0566667 13 63 104 61
0.0633333 14 60 112 59
0.07 18 53 107 62
0.0766667 19 51 114 53
0.0833333 12 58 130 74
0.09 20 60 103 61
0.0966667 13 67 115 53
0.103333 14 62 115 63
0.11 15 74 129 52
0.116667 12 74 104 72
0.123333 10 73 101 56
0.13 14 49 102 66
0.136667 13 60 93 63
0.143333 16 49 76 68
0.15 15 51 92 49
0.156667 16 52 90 65
0.163333 5 52 75 62
0.17 6 51 70 75
0.176667 10 35 78 59
0.183333 7 51 73 61
0.19 14 63 84 60
0.196667 7 80 80 64
0.203333 14 51 61 47
0.21 5 52 65 54
0.216667 15 50 56 47
0.223333 14 44 60 45
0.23 10 45 69 47
0.236667 12 43 66 51
0.243333 9 35 58 40
0.25 7 49 61 44
0.256667 5 27 48 23
0.263333 6 37 49 42
0.27 8 39 52 40
0.276667 3 35 47 46
0.283333 8 41 52 35
0.29 10 35 45 38
0.296667 4 43 50 33
0.303333 3 28 45 34
0.31 7 36 27 30
0.316667 6 31 52 34
0.323333 4 29 47 39
0.33 9 30 32 27
0.336667 10 28 33 30
0.343333 4 26 51 31
0.35 7 22 47 34
0.356667 10 24 43 29
0.363333 8 33 35 29
0.37 9 28 34 28
0.376667 8 28 33 30
0.383333 4 31 25 23
0.39 7 27 34 21
0.396667 8 27 32 29
0.403333 4 21 31 17
0.41 6 21 26 23
0.416667 3 28 37 35
0.423333 3 20 39 20
0.43 8 19 37 20
0.436667 6 24 29 16
0.443333 5 28 25 34
0.45 7 22 27 27
0.456667 5 14 26 27
0.463333 10 16 35 26
0.47 4 13 28 21
0.476667 5 28 22 21
0.483333 4 23 18 16
0.49 1 16 22 16
0.496667 6 10 20 17
0.503333 5 15 27 15
0.51 4 15 24 15
0.516667 4 13 23 16
0.523333 6 18 20 13
0.53 7 15 20 9
0.536667 5 16 13 16
0.543333 4 7 18 13
0.55 1 9 17 9
0.556667 2 11 18 10
0.563333 3 10 20 17
0.57 3 9 15 14
0.576667 2 14 18 13
0.583333 6 12 11 9
0.59 3 12 15 12
0.596667 5 14 11 7
0.603333 3 5 9 9
0.61 2 14 18 11
0.616667 3 16 15 12
0.623333 3 12 12 9
0.63 3 9 10 12
0.636667 4 15 12 10
0.643333 4 8 14 8
0.65 3 5 11 9
0.656667 4 11 13 9
0.663333 128 662 594 656
0.67 0 0 0 0
0.676667 0 0 0 0
0.683333 0 0 0 0
0.69 0 0 0 0
0.696667 0 0 0 0
0.703333 0 0 0 0
0.71 0 0 0 0
0.716667 0 0 0 0
0.723333 0 0 0 0
0.73 0 0 0 0
0.736667 0 0 0 0
0.743333 0 0 0 0
0.75 0 0 0 0
0.756667 0 0 0 0
0.763333 0 0 0 0
0.77 0 0 0 0
0.776667 0 0 0 0
0.783333 0 0 0 0
0.79 0 0 0 0
0.796667 0 0 0 0
0.803333 0 0 0 0
0.81 0 0 0 0
0.816667 0 0 0 0
0.823333 0 0 0 0
0.83 0 0 0 0
0.836667 0 0 0 0
0.843333 0 0 0 0
0.85 0 0 0 0
0.856667 0 0 0 0
0.863333 0 0 0 0
0.87 0 0 0 0
0.876667 0 0 0 0
0.883333 0 0 0 0
0.89 0 0 0 0
0.896667 0 0 0 0
0.903333 0 0 0 0
0.91 0 0 0 0
0.916667 0 0 0 0
0.923333 0 0 0 0
0.93 0 0 0 0
0.936667 0 0 0 0
0.943333 0 0 0 0
0.95 0 0 0 0
0.956667 0 0 0 0
0.963333 0 0 0 0
0.97 0 0 0 0
0.976667 0 0 0 0
0.983333 0 0 0 0
0.99 0 0 0 0
0.996667 0 0 0 0
1.00333 0 0 0 0
1.01 0 0 0 0
1.01667 0 0 0 0
1.02333 0 0 0 0
1.03 0 0 0 0
1.03667 0 0 0 0
1.04333 0 0 0 0
1.05 0 0 0 0
1.05667 0 0 0 0
1.06333 0 0 0 0
1.07 0 0 0 0
1.07667 0 0 0 0
1.08333 0 0 0 0
1.09 0 0 0 0
1.09667 0 0 0 0
1.10333 0 0 0 0
1.11 0 0 0 0
1.11667 0 0 0 0
1.12333 0 0 0 0
1.13 0 0 0 0
1.13667 0 0 0 0
1.14333 0 0 0 0
1.15 0 0 0 0
1.15667 0 0 0 0
1.16333 0 0 0 0
1.17 0 0 0 0
1.17667 0 0 0 0
1.18333 0 0 0 0
1.19 0 0 0 0
1.19667 0 0 0 0
1.20333 0 0 0 0
1.21 0 0 0 0
1.21667 0 0 0 0
1.22333 0 0 0 0
1.23 0 0 0 0
1.23667 0 0 0 0
1.24333 0 0 0 0
1.25 0 0 0 0
1.25667 0 0 0 0
1.26333 0 0 0 0
1.27 0 0 0 0
1.27667 0 0 0 0
1.28333 0 0 0 0
1.29 0 0 0 0
1.29667 0 0 0 0
1.30333 0 0 0 0
1.31 0 0 0 0
1.31667 0 0 0 0
1.32333 0 0 0 0
1.33 0 0 0 0
1.33667 0 0 0 0
1.34333 0 0 0 0
1.35 0 0 0 0
1.35667 0 0 0 0
1.36333 0 0 0 0
1.37 0 0 0 0
1.37667 0 0 0 0
1.38333 0 0 0 0
1.39 0 0 0 0
1.39667 0 0 0 0
1.40333 0 0 0 0
1.41 0 0 0 0
1.41667 0 0 0 0
1.42333 0 0 0 0
1.43 0 0 0 0
1.43667 0 0 0 0
1.44333 0 0 0 0
1.45 0 0 0 0
1.45667 0 0 0 0
1.46333 0 0 0 0
1.47 0 0 0 0
1.47667 0 0 0 0
1.48333 0 0 0 0
1.49 0 0 0 0
1.49667 0 0 0 0
1.50333 0 0 0 0
1.51 0 0 0 0
1.51667 0 0 0 0
1.52333 0 0 0 0
1.53 0 0 0 0
1.53667 0 0 0 0
1.54333 0 0 0 0
1.55 0 0 0 0
1.55667 0 0 0 0
1.56333 0 0 0 0
1.57 0 0 0 0
1.57667 0 0 0 0
1.58333 0 0 0 0
1.59 0 0 0 0
1.59667 0 0 0 0
1.60333 0 0 0 0
1.61 0 0 0 0
1.61667 0 0 0 0
1.62333 0 0 0 0
1.63 0 0 0 0
1.63667 0 0 0 0
1.64333 0 0 0 0
1.65 0 0 0 0
1.65667 0 0 0 0
1.66333 0 0 0 0
1.67 0 0 0 0
1.67667 0 0 0 0
1.68333 0 0 0 0
1.69 0 0 0 0
1.69667 0 0 0 0
1.70333 0 0 0 0
1.71 0 0 0 0
1.71667 0 0 0 0
1.72333 0 0 0 0
1.73 0 0 0 0
1.73667 0 0 0 0
1.74333 0 0 0 0
1.75 0 0 0 0
1.75667 0 0 0 0
1.76333 0 0 0 0
1.77 0 0 0 0
1.77667 0 0 0 0
1.78333 0 0 0 0
1.79 0 0 0 0
1.79667 0 0 0 0
1.80333 0 0 0 0
1.81 0 0 0 0
1.81667 0 0 0 0
1.82333 0 0 0 0
1.83 0 0 0 0
1.83667 0 0 0 0
1.84333 0 0 0 0
1.85 0 0 0 0
1.85667 0 0 0 0
1.86333 0 0 0 0
1.87 0 0 0 0
1.87667 0 0 0 0
1.88333 0 0 0 0
1.89 0 0 0 0
1.89667 0 0 0 0
1.90333 0 0 0 0
1.91 0 0 0 0
1.91667 0 0 0 0
1.92333 0 0 0 0
1.93 0 0 0 0
1.93667 0 0 0 0
1.94333 0 0 0 0
1.95 0 0 0 0
1.95667 0 0 0 0
1.96333 0 0 0 0
1.97 0 0 0 0
1.97667 0 0 0 0
1.98333 0 0 0 0
1.99 0 0 0 0
1.99667 0 0 0 0
