0.00333333 7 69 10 3
0.01 18 84 11 0
0.0166667 15 83 7 0
0.0233333 22 84 13 1
0.03 27 79 13 3
0.0366667 35 107 13 2
0.0433333 43 167 19 2
0.05 55 189 27 4
0.0566667 72 212 24 2
0.0633333 89 242 36 7
0.07 95 250 35 7
0.0766667 78 267 38 4
0.0833333 98 254 36 4
0.09 86 271 33 6
0.0966667 81 269 38 6
0.103333 81 284 32 9
0.11 86 250 35 4
0.116667 65 246 50 6
0.123333 74 256 34 3
0.13 54 233 34 3
0.136667 58 234 32 6
0.143333 69 267 35 2
0.15 57 234 43 6
0.156667 48 239 35 4
0.163333 40 209 27 2
0.17 49 216 36 3
0.176667 47 195 38 6
0.183333 45 219 29 7
0.19 58 210 37 5
0.196667 51 238 32 7
0.203333 42 205 37 5
0.21 46 207 24 3
0.216667 32 192 21 2
0.223333 41 168 26 4
0.23 45 181 18 1
0.236667 45 159 26 4
0.243333 46 132 26 3
0.25 34 151 16 8
0.256667 29 156 13 2
0.263333 38 154 12 5
0.27 29 132 10 6
0.276667 31 124 22 1
0.283333 30 118 16 1
0.29 32 136 20 0
0.296667 31 129 13 4
0.303333 26 112 13 3
0.31 37 120 18 1
0.316667 36 113 13 2
0.323333 28 98 11 4
0.33 26 107 27 4
0.336667 24 99 14 2
0.343333 25 111 8 1
0.35 21 102 18 2
0.356667 25 72 14 5
0.363333 34 76 12 1
0.37 16 87 16 1
0.376667 22 76 15 5
0.383333 16 84 14 2
0.39 17 82 14 4
0.396667 31 73 15 3
0.403333 17 81 16 1
0.41 19 73 15 2
0.416667 18 61 17 3
0.423333 22 55 8 1
0.43 23 79 17 0
0.436667 19 80 15 2
0.443333 16 67 7 3
0.45 16 71 17 2
0.456667 20 63 11 7
0.463333 19 64 14 0
0.47 20 89 11 3
0.476667 21 81 14 2
0.483333 10 46 3 2
0.49 15 57 10 4
0.496667 11 46 11 1
0.503333 8 49 10 3
0.51 17 45 12 0
0.516667 16 34 13 2
0.523333 15 37 9 1
0.53 17 39 11 0
0.536667 15 35 6 2
0.543333 14 40 12 0
0.55 12 29 3 0
0.556667 10 36 5 0
0.563333 13 39 6 1
0.57 12 29 5 3
0.576667 9 35 10 1
0.583333 10 44 7 3
0.59 7 40 5 0
0.596667 18 37 4 2
0.603333 14 34 8 0
0.61 8 43 8 0
0.616667 7 33 8 0
0.623333 7 31 11 1
0.63 9 38 5 0
0.636667 8 24 5 1
0.643333 7 29 8 1
0.65 12 31 9 3
0.656667 10 43 6 0
0.663333 351 2261 285 14
0.67 0 0 0 0
0.676667 0 0 0 0
0.683333 0 0 0 0
0.69 0 0 0 0
0.696667 0 0 0 0
0.703333 0 0 0 0
0.71 0 0 0 0
0.716667 0 0 0 0
0.723333 0 0 0 0
0.73 0 0 0 0
0.736667 0 0 0 0
0.743333 0 0 0 0
0.75 0 0 0 0
0.756667 0 0 0 0
0.763333 0 0 0 0
0.77 0 0 0 0
0.776667 0 0 0 0
0.783333 0 0 0 0
0.79 0 0 0 0
0.796667 0 0 0 0
0.803333 0 0 0 0
0.81 0 0 0 0
0.816667 0 0 0 0
0.823333 0 0 0 0
0.83 0 0 0 0
0.836667 0 0 0 0
0.843333 0 0 0 0
0.85 0 0 0 0
0.856667 0 0 0 0
0.863333 0 0 0 0
0.87 0 0 0 0
0.876667 0 0 0 0
0.883333 0 0 0 0
0.89 0 0 0 0
0.896667 0 0 0 0
0.903333 0 0 0 0
0.91 0 0 0 0
0.916667 0 0 0 0
0.923333 0 0 0 0
0.93 0 0 0 0
0.936667 0 0 0 0
0.943333 0 0 0 0
0.95 0 0 0 0
0.956667 0 0 0 0
0.963333 0 0 0 0
0.97 0 0 0 0
0.976667 0 0 0 0
0.983333 0 0 0 0
0.99 0 0 0 0
0.996667 0 0 0 0
1.00333 0 0 0 0
1.01 0 0 0 0
1.01667 0 0 0 0
1.02333 0 0 0 0
1.03 0 0 0 0
1.03667 0 0 0 0
1.04333 0 0 0 0
1.05 0 0 0 0
1.05667 0 0 0 0
1.06333 0 0 0 0
1.07 0 0 0 0
1.07667 0 0 0 0
1.08333 0 0 0 0
1.09 0 0 0 0
1.09667 0 0 0 0
1.10333 0 0 0 0
1.11 0 0 0 0
1.11667 0 0 0 0
1.12333 0 0 0 0
1.13 0 0 0 0
1.13667 0 0 0 0
1.14333 0 0 0 0
1.15 0 0 0 0
1.15667 0 0 0 0
1.16333 0 0 0 0
1.17 0 0 0 0
1.17667 0 0 0 0
1.18333 0 0 0 0
1.19 0 0 0 0
1.19667 0 0 0 0
1.20333 0 0 0 0
1.21 0 0 0 0
1.21667 0 0 0 0
1.22333 0 0 0 0
1.23 0 0 0 0
1.23667 0 0 0 0
1.24333 0 0 0 0
1.25 0 0 0 0
1.25667 0 0 0 0
1.26333 0 0 0 0
1.27 0 0 0 0
1.27667 0 0 0 0
1.28333 0 0 0 0
1.29 0 0 0 0
1.29667 0 0 0 0
1.30333 0 0 0 0
1.31 0 0 0 0
1.31667 0 0 0 0
1.32333 0 0 0 0
1.33 0 0 0 0
1.33667 0 0 0 0
1.34333 0 0 0 0
1.35 0 0 0 0
1.35667 0 0 0 0
1.36333 0 0 0 0
1.37 0 0 0 0
1.37667 0 0 0 0
1.38333 0 0 0 0
1.39 0 0 0 0
1.39667 0 0 0 0
1.40333 0 0 0 0
1.41 0 0 0 0
1.41667 0 0 0 0
1.42333 0 0 0 0
1.43 0 0 0 0
1.43667 0 0 0 0
1.44333 0 0 0 0
1.45 0 0 0 0
1.45667 0 0 0 0
1.46333 0 0 0 0
1.47 0 0 0 0
1.47667 0 0 0 0
1.48333 0 0 0 0
1.49 0 0 0 0
1.49667 0 0 0 0
1.50333 0 0 0 0
1.51 0 0 0 0
1.51667 0 0 0 0
1.52333 0 0 0 0
1.53 0 0 0 0
1.53667 0 0 0 0
1.54333 0 0 0 0
1.55 0 0 0 0
1.55667 0 0 0 0
1.56333 0 0 0 0
1.57 0 0 0 0
1.57667 0 0 0 0
1.58333 0 0 0 0
1.59 0 0 0 0
1.59667 0 0 0 0
1.60333 0 0 0 0
1.61 0 0 0 0
1.61667 0 0 0 0
1.62333 0 0 0 0
1.63 0 0 0 0
1.63667 0 0 0 0
1.64333 0 0 0 0
1.65 0 0 0 0
1.65667 0 0 0 0
1.66333 0 0 0 0
1.67 0 0 0 0
1.67667 0 0 0 0
1.68333 0 0 0 0
1.69 0 0 0 0
1.69667 0 0 0 0
1.70333 0 0 0 0
1.71 0 0 0 0
1.71667 0 0 0 0
1.72333 0 0 0 0
1.73 0 0 0 0
1.73667 0 0 0 0
1.74333 0 0 0 0
1.75 0 0 0 0
1.75667 0 0 0 0
1.76333 0 0 0 0
1.77 0 0 0 0
1.77667 0 0 0 0
1.78333 0 0 0 0
1.79 0 0 0 0
1.79667 0 0 0 0
1.80333 0 0 0 0
1.81 0 0 0 0
1.81667 0 0 0 0
1.82333 0 0 0 0
1.83 0 0 0 0
1.83667 0 0 0 0
1.84333 0 0 0 0
1.85 0 0 0 0
1.85667 0 0 0 0
1.86333 0 0 0 0
1.87 0 0 0 0
1.87667 0 0 0 0
1.88333 0 0 0 0
1.89 0 0 0 0
1.89667 0 0 0 0
1.90333 0 0 0 0
1.91 0 0 0 0
1.91667 0 0 0 0
1.92333 0 0 0 0
1.93 0 0 0 0
1.93667 0 0 0 0
1.94333 0 0 0 0
1.95 0 0 0 0
1.95667 0 0 0 0
1.96333 0 0 0 0
1.97 0 0 0 0
1.97667 0 0 0 0
1.98333 0 0 0 0
1.99 0 0 0 0
1.99667 0 0 0 0
