0.00333333 26 57 2 1
0.01 39 75 5 0
0.0166667 34 92 8 1
0.0233333 41 88 2 1
0.03 29 79 8 1
0.0366667 53 109 8 2
0.0433333 78 141 6 0
0.05 109 142 11 1
0.0566667 95 172 10 0
0.0633333 128 220 6 3
0.07 142 197 12 3
0.0766667 140 205 14 1
0.0833333 127 220 14 2
0.09 129 238 16 4
0.0966667 128 222 13 2
0.103333 133 199 4 1
0.11 125 230 16 4
0.116667 124 230 13 4
0.123333 121 227 11 3
0.13 115 230 16 1
0.136667 96 212 8 1
0.143333 100 194 12 0
0.15 98 207 14 2
0.156667 94 196 12 4
0.163333 94 203 10 2
0.17 93 185 13 1
0.176667 80 190 21 3
0.183333 87 177 12 0
0.19 79 206 16 0
0.196667 89 208 11 1
0.203333 78 210 16 3
0.21 81 202 7 2
0.216667 64 175 10 1
0.223333 68 148 11 2
0.23 57 169 7 1
0.236667 57 185 12 0
0.243333 55 134 14 0
0.25 70 127 9 1
0.256667 39 151 11 1
0.263333 54 127 9 1
0.27 64 118 4 4
0.276667 59 121 10 2
0.283333 50 106 7 0
0.29 51 106 7 1
0.296667 48 108 7 2
0.303333 38 128 6 2
0.31 53 110 13 0
0.316667 42 102 12 0
0.323333 46 105 6 1
0.33 35 101 4 0
0.336667 35 102 11 0
0.343333 38 107 5 1
0.35 45 85 6 2
0.356667 39 99 8 2
0.363333 39 86 6 3
0.37 37 94 6 0
0.376667 32 108 6 1
0.383333 51 80 8 0
0.39 29 80 5 2
0.396667 34 76 9 0
0.403333 35 72 9 1
0.41 41 92 6 0
0.416667 30 76 10 2
0.423333 38 81 8 0
0.43 31 81 7 0
0.436667 23 74 6 0
0.443333 37 87 2 0
0.45 38 77 8 0
0.456667 45 85 8 0
0.463333 27 72 6 2
0.47 31 74 5 1
0.476667 32 68 8 0
0.483333 21 49 2 0
0.49 24 37 3 1
0.496667 25 37 4 0
0.503333 30 44 6 3
0.51 21 52 9 0
0.516667 31 29 1 3
0.523333 9 26 5 1
0.53 12 33 1 0
0.536667 24 37 7 2
0.543333 21 31 2 0
0.55 21 26 1 1
0.556667 18 35 2 0
0.563333 16 47 4 1
0.57 16 29 4 2
0.576667 21 38 5 0
0.583333 23 43 3 0
0.59 19 29 4 0
0.596667 19 38 6 0
0.603333 18 30 5 0
0.61 16 25 3 0
0.616667 13 23 5 1
0.623333 22 35 5 0
0.63 16 38 3 1
0.636667 12 36 2 0
0.643333 16 27 3 0
0.65 17 25 4 0
0.656667 17 32 1 0
0.663333 708 2450 124 12
0.67 0 0 0 0
0.676667 0 0 0 0
0.683333 0 0 0 0
0.69 0 0 0 0
0.696667 0 0 0 0
0.703333 0 0 0 0
0.71 0 0 0 0
0.716667 0 0 0 0
0.723333 0 0 0 0
0.73 0 0 0 0
0.736667 0 0 0 0
0.743333 0 0 0 0
0.75 0 0 0 0
0.756667 0 0 0 0
0.763333 0 0 0 0
0.77 0 0 0 0
0.776667 0 0 0 0
0.783333 0 0 0 0
0.79 0 0 0 0
0.796667 0 0 0 0
0.803333 0 0 0 0
0.81 0 0 0 0
0.816667 0 0 0 0
0.823333 0 0 0 0
0.83 0 0 0 0
0.836667 0 0 0 0
0.843333 0 0 0 0
0.85 0 0 0 0
0.856667 0 0 0 0
0.863333 0 0 0 0
0.87 0 0 0 0
0.876667 0 0 0 0
0.883333 0 0 0 0
0.89 0 0 0 0
0.896667 0 0 0 0
0.903333 0 0 0 0
0.91 0 0 0 0
0.916667 0 0 0 0
0.923333 0 0 0 0
0.93 0 0 0 0
0.936667 0 0 0 0
0.943333 0 0 0 0
0.95 0 0 0 0
0.956667 0 0 0 0
0.963333 0 0 0 0
0.97 0 0 0 0
0.976667 0 0 0 0
0.983333 0 0 0 0
0.99 0 0 0 0
0.996667 0 0 0 0
1.00333 0 0 0 0
1.01 0 0 0 0
1.01667 0 0 0 0
1.02333 0 0 0 0
1.03 0 0 0 0
1.03667 0 0 0 0
1.04333 0 0 0 0
1.05 0 0 0 0
1.05667 0 0 0 0
1.06333 0 0 0 0
1.07 0 0 0 0
1.07667 0 0 0 0
1.08333 0 0 0 0
1.09 0 0 0 0
1.09667 0 0 0 0
1.10333 0 0 0 0
1.11 0 0 0 0
1.11667 0 0 0 0
1.12333 0 0 0 0
1.13 0 0 0 0
1.13667 0 0 0 0
1.14333 0 0 0 0
1.15 0 0 0 0
1.15667 0 0 0 0
1.16333 0 0 0 0
1.17 0 0 0 0
1.17667 0 0 0 0
1.18333 0 0 0 0
1.19 0 0 0 0
1.19667 0 0 0 0
1.20333 0 0 0 0
1.21 0 0 0 0
1.21667 0 0 0 0
1.22333 0 0 0 0
1.23 0 0 0 0
1.23667 0 0 0 0
1.24333 0 0 0 0
1.25 0 0 0 0
1.25667 0 0 0 0
1.26333 0 0 0 0
1.27 0 0 0 0
1.27667 0 0 0 0
1.28333 0 0 0 0
1.29 0 0 0 0
1.29667 0 0 0 0
1.30333 0 0 0 0
1.31 0 0 0 0
1.31667 0 0 0 0
1.32333 0 0 0 0
1.33 0 0 0 0
1.33667 0 0 0 0
1.34333 0 0 0 0
1.35 0 0 0 0
1.35667 0 0 0 0
1.36333 0 0 0 0
1.37 0 0 0 0
1.37667 0 0 0 0
1.38333 0 0 0 0
1.39 0 0 0 0
1.39667 0 0 0 0
1.40333 0 0 0 0
1.41 0 0 0 0
1.41667 0 0 0 0
1.42333 0 0 0 0
1.43 0 0 0 0
1.43667 0 0 0 0
1.44333 0 0 0 0
1.45 0 0 0 0
1.45667 0 0 0 0
1.46333 0 0 0 0
1.47 0 0 0 0
1.47667 0 0 0 0
1.48333 0 0 0 0
1.49 0 0 0 0
1.49667 0 0 0 0
1.50333 0 0 0 0
1.51 0 0 0 0
1.51667 0 0 0 0
1.52333 0 0 0 0
1.53 0 0 0 0
1.53667 0 0 0 0
1.54333 0 0 0 0
1.55 0 0 0 0
1.55667 0 0 0 0
1.56333 0 0 0 0
1.57 0 0 0 0
1.57667 0 0 0 0
1.58333 0 0 0 0
1.59 0 0 0 0
1.59667 0 0 0 0
1.60333 0 0 0 0
1.61 0 0 0 0
1.61667 0 0 0 0
1.62333 0 0 0 0
1.63 0 0 0 0
1.63667 0 0 0 0
1.64333 0 0 0 0
1.65 0 0 0 0
1.65667 0 0 0 0
1.66333 0 0 0 0
1.67 0 0 0 0
1.67667 0 0 0 0
1.68333 0 0 0 0
1.69 0 0 0 0
1.69667 0 0 0 0
1.70333 0 0 0 0
1.71 0 0 0 0
1.71667 0 0 0 0
1.72333 0 0 0 0
1.73 0 0 0 0
1.73667 0 0 0 0
1.74333 0 0 0 0
1.75 0 0 0 0
1.75667 0 0 0 0
1.76333 0 0 0 0
1.77 0 0 0 0
1.77667 0 0 0 0
1.78333 0 0 0 0
1.79 0 0 0 0
1.79667 0 0 0 0
1.80333 0 0 0 0
1.81 0 0 0 0
1.81667 0 0 0 0
1.82333 0 0 0 0
1.83 0 0 0 0
1.83667 0 0 0 0
1.84333 0 0 0 0
1.85 0 0 0 0
1.85667 0 0 0 0
1.86333 0 0 0 0
1.87 0 0 0 0
1.87667 0 0 0 0
1.88333 0 0 0 0
1.89 0 0 0 0
1.89667 0 0 0 0
1.90333 0 0 0 0
1.91 0 0 0 0
1.91667 0 0 0 0
1.92333 0 0 0 0
1.93 0 0 0 0
1.93667 0 0 0 0
1.94333 0 0 0 0
1.95 0 0 0 0
1.95667 0 0 0 0
1.96333 0 0 0 0
1.97 0 0 0 0
1.97667 0 0 0 0
1.98333 0 0 0 0
1.99 0 0 0 0
1.99667 0 0 0 0
