0.00333333 9 10 24 16
0.01 4 14 35 22
0.0166667 6 17 43 27
0.0233333 6 17 51 18
0.03 11 28 47 20
0.0366667 7 33 70 39
0.0433333 8 31 81 28
0.05 4 42 112 39
0.0566667 18 56 118 55
0.0633333 21 54 143 57
0.07 20 77 176 60
0.0766667 17 61 132 54
0.0833333 16 67 154 82
0.09 16 59 115 62
0.0966667 19 76 142 66
0.103333 23 72 137 44
0.11 14 51 135 63
0.116667 18 70 155 67
0.123333 23 50 122 59
0.13 23 64 113 69
0.136667 13 61 127 65
0.143333 12 58 96 46
0.15 10 45 108 49
0.156667 11 48 113 45
0.163333 18 48 104 41
0.17 12 44 97 52
0.176667 13 44 102 51
0.183333 10 51 95 48
0.19 25 49 82 57
0.196667 12 60 90 63
0.203333 6 50 94 48
0.21 8 40 97 49
0.216667 11 45 73 36
0.223333 12 45 78 47
0.23 9 40 84 41
0.236667 12 39 76 51
0.243333 6 37 62 38
0.25 10 37 69 34
0.256667 7 26 50 30
0.263333 10 26 49 37
0.27 7 34 51 31
0.276667 10 29 65 23
0.283333 5 28 67 32
0.29 11 32 58 28
0.296667 6 40 57 26
0.303333 9 27 52 36
0.31 8 31 41 27
0.316667 6 30 53 23
0.323333 6 26 62 28
0.33 5 23 33 27
0.336667 7 22 40 26
0.343333 10 26 50 28
0.35 6 22 55 28
0.356667 6 25 56 29
0.363333 7 20 26 23
0.37 5 21 34 27
0.376667 3 26 42 20
0.383333 8 29 36 15
0.39 6 26 44 22
0.396667 7 15 46 23
0.403333 4 20 36 17
0.41 1 23 41 19
0.416667 8 14 37 21
0.423333 2 24 34 24
0.43 7 23 32 19
0.436667 8 20 46 21
0.443333 7 15 38 22
0.45 5 16 30 14
0.456667 7 15 24 26
0.463333 6 15 34 20
0.47 8 16 41 21
0.476667 6 16 33 18
0.483333 11 11 25 13
0.49 4 19 28 8
0.496667 8 13 23 8
0.503333 6 13 19 12
0.51 4 11 26 13
0.516667 6 11 24 16
0.523333 2 12 20 12
0.53 5 11 22 8
0.536667 6 10 20 10
0.543333 1 11 20 13
0.55 4 16 21 5
0.556667 3 10 17 9
0.563333 5 14 17 17
0.57 5 15 14 10
0.576667 11 10 20 17
0.583333 5 8 20 9
0.59 4 15 14 13
0.596667 2 8 14 8
0.603333 2 14 6 9
0.61 2 11 13 12
0.616667 3 12 24 10
0.623333 6 13 15 8
0.63 2 15 12 9
0.636667 3 18 17 11
0.643333 1 14 10 6
0.65 5 12 10 5
0.656667 2 10 14 8
0.663333 114 457 715 479
0.67 0 0 0 0
0.676667 0 0 0 0
0.683333 0 0 0 0
0.69 0 0 0 0
0.696667 0 0 0 0
0.703333 0 0 0 0
0.71 0 0 0 0
0.716667 0 0 0 0
0.723333 0 0 0 0
0.73 0 0 0 0
0.736667 0 0 0 0
0.743333 0 0 0 0
0.75 0 0 0 0
0.756667 0 0 0 0
0.763333 0 0 0 0
0.77 0 0 0 0
0.776667 0 0 0 0
0.783333 0 0 0 0
0.79 0 0 0 0
0.796667 0 0 0 0
0.803333 0 0 0 0
0.81 0 0 0 0
0.816667 0 0 0 0
0.823333 0 0 0 0
0.83 0 0 0 0
0.836667 0 0 0 0
0.843333 0 0 0 0
0.85 0 0 0 0
0.856667 0 0 0 0
0.863333 0 0 0 0
0.87 0 0 0 0
0.876667 0 0 0 0
0.883333 0 0 0 0
0.89 0 0 0 0
0.896667 0 0 0 0
0.903333 0 0 0 0
0.91 0 0 0 0
0.916667 0 0 0 0
0.923333 0 0 0 0
0.93 0 0 0 0
0.936667 0 0 0 0
0.943333 0 0 0 0
0.95 0 0 0 0
0.956667 0 0 0 0
0.963333 0 0 0 0
0.97 0 0 0 0
0.976667 0 0 0 0
0.983333 0 0 0 0
0.99 0 0 0 0
0.996667 0 0 0 0
1.00333 0 0 0 0
1.01 0 0 0 0
1.01667 0 0 0 0
1.02333 0 0 0 0
1.03 0 0 0 0
1.03667 0 0 0 0
1.04333 0 0 0 0
1.05 0 0 0 0
1.05667 0 0 0 0
1.06333 0 0 0 0
1.07 0 0 0 0
1.07667 0 0 0 0
1.08333 0 0 0 0
1.09 0 0 0 0
1.09667 0 0 0 0
1.10333 0 0 0 0
1.11 0 0 0 0
1.11667 0 0 0 0
1.12333 0 0 0 0
1.13 0 0 0 0
1.13667 0 0 0 0
1.14333 0 0 0 0
1.15 0 0 0 0
1.15667 0 0 0 0
1.16333 0 0 0 0
1.17 0 0 0 0
1.17667 0 0 0 0
1.18333 0 0 0 0
1.19 0 0 0 0
1.19667 0 0 0 0
1.20333 0 0 0 0
1.21 0 0 0 0
1.21667 0 0 0 0
1.22333 0 0 0 0
1.23 0 0 0 0
1.23667 0 0 0 0
1.24333 0 0 0 0
1.25 0 0 0 0
1.25667 0 0 0 0
1.26333 0 0 0 0
1.27 0 0 0 0
1.27667 0 0 0 0
1.28333 0 0 0 0
1.29 0 0 0 0
1.29667 0 0 0 0
1.30333 0 0 0 0
1.31 0 0 0 0
1.31667 0 0 0 0
1.32333 0 0 0 0
1.33 0 0 0 0
1.33667 0 0 0 0
1.34333 0 0 0 0
1.35 0 0 0 0
1.35667 0 0 0 0
1.36333 0 0 0 0
1.37 0 0 0 0
1.37667 0 0 0 0
1.38333 0 0 0 0
1.39 0 0 0 0
1.39667 0 0 0 0
1.40333 0 0 0 0
1.41 0 0 0 0
1.41667 0 0 0 0
1.42333 0 0 0 0
1.43 0 0 0 0
1.43667 0 0 0 0
1.44333 0 0 0 0
1.45 0 0 0 0
1.45667 0 0 0 0
1.46333 0 0 0 0
1.47 0 0 0 0
1.47667 0 0 0 0
1.48333 0 0 0 0
1.49 0 0 0 0
1.49667 0 0 0 0
1.50333 0 0 0 0
1.51 0 0 0 0
1.51667 0 0 0 0
1.52333 0 0 0 0
1.53 0 0 0 0
1.53667 0 0 0 0
1.54333 0 0 0 0
1.55 0 0 0 0
1.55667 0 0 0 0
1.56333 0 0 0 0
1.57 0 0 0 0
1.57667 0 0 0 0
1.58333 0 0 0 0
1.59 0 0 0 0
1.59667 0 0 0 0
1.60333 0 0 0 0
1.61 0 0 0 0
1.61667 0 0 0 0
1.62333 0 0 0 0
1.63 0 0 0 0
1.63667 0 0 0 0
1.64333 0 0 0 0
1.65 0 0 0 0
1.65667 0 0 0 0
1.66333 0 0 0 0
1.67 0 0 0 0
1.67667 0 0 0 0
1.68333 0 0 0 0
1.69 0 0 0 0
1.69667 0 0 0 0
1.70333 0 0 0 0
1.71 0 0 0 0
1.71667 0 0 0 0
1.72333 0 0 0 0
1.73 0 0 0 0
1.73667 0 0 0 0
1.74333 0 0 0 0
1.75 0 0 0 0
1.75667 0 0 0 0
1.76333 0 0 0 0
1.77 0 0 0 0
1.77667 0 0 0 0
1.78333 0 0 0 0
1.79 0 0 0 0
1.79667 0 0 0 0
1.80333 0 0 0 0
1.81 0 0 0 0
1.81667 0 0 0 0
1.82333 0 0 0 0
1.83 0 0 0 0
1.83667 0 0 0 0
1.84333 0 0 0 0
1.85 0 0 0 0
1.85667 0 0 0 0
1.86333 0 0 0 0
1.87 0 0 0 0
1.87667 0 0 0 0
1.88333 0 0 0 0
1.89 0 0 0 0
1.89667 0 0 0 0
1.90333 0 0 0 0
1.91 0 0 0 0
1.91667 0 0 0 0
1.92333 0 0 0 0
1.93 0 0 0 0
1.93667 0 0 0 0
1.94333 0 0 0 0
1.95 0 0 0 0
1.95667 0 0 0 0
1.96333 0 0 0 0
1.97 0 0 0 0
1.97667 0 0 0 0
1.98333 0 0 0 0
1.99 0 0 0 0
1.99667 0 0 0 0
