0.00333333 16 31 8 3
0.01 18 29 7 4
0.0166667 22 48 7 2
0.0233333 30 53 15 1
0.03 26 56 9 4
0.0366667 39 62 14 2
0.0433333 60 98 21 1
0.05 62 122 24 6
0.0566667 69 133 33 5
0.0633333 75 142 22 5
0.07 92 153 34 7
0.0766667 90 164 32 6
0.0833333 85 161 32 2
0.09 98 160 39 5
0.0966667 92 165 36 4
0.103333 73 138 30 5
0.11 87 160 31 5
0.116667 80 134 36 6
0.123333 61 144 30 4
0.13 62 163 29 7
0.136667 74 126 25 7
0.143333 77 126 23 7
0.15 58 104 30 6
0.156667 61 128 15 6
0.163333 45 106 23 5
0.17 56 118 22 5
0.176667 57 117 18 8
0.183333 57 112 32 6
0.19 55 95 22 2
0.196667 58 93 27 4
0.203333 45 81 25 6
0.21 48 98 16 5
0.216667 64 99 18 7
0.223333 46 95 32 5
0.23 51 86 21 6
0.236667 45 99 18 4
0.243333 53 77 20 4
0.25 38 81 20 3
0.256667 26 75 12 4
0.263333 44 74 16 6
0.27 36 65 14 0
0.276667 34 68 17 2
0.283333 42 45 20 6
0.29 21 72 19 2
0.296667 32 59 12 2
0.303333 41 61 12 1
0.31 34 62 18 3
0.316667 29 53 7 2
0.323333 27 54 13 1
0.33 40 52 18 0
0.336667 29 52 14 1
0.343333 28 43 11 0
0.35 22 56 12 0
0.356667 31 43 14 5
0.363333 32 44 10 0
0.37 27 34 16 1
0.376667 29 34 12 4
0.383333 28 46 7 0
0.39 23 34 10 3
0.396667 30 43 6 2
0.403333 21 43 7 2
0.41 23 38 8 2
0.416667 20 31 10 2
0.423333 18 34 6 3
0.43 21 44 10 1
0.436667 20 44 5 3
0.443333 20 30 12 2
0.45 14 25 6 1
0.456667 29 32 16 4
0.463333 19 46 4 3
0.47 21 33 10 3
0.476667 25 37 7 4
0.483333 20 20 9 2
0.49 18 23 7 2
0.496667 18 20 7 0
0.503333 20 24 9 0
0.51 17 15 9 1
0.516667 15 18 8 2
0.523333 11 16 3 0
0.53 18 22 6 1
0.536667 7 17 9 3
0.543333 16 31 7 3
0.55 8 24 7 3
0.556667 12 13 7 0
0.563333 11 23 7 2
0.57 11 18 15 1
0.576667 16 15 4 1
0.583333 13 24 3 1
0.59 10 26 3 1
0.596667 11 21 5 5
0.603333 12 17 8 1
0.61 10 25 3 3
0.616667 14 20 9 2
0.623333 15 23 2 3
0.63 17 22 6 3
0.636667 11 18 7 4
0.643333 13 17 6 1
0.65 10 22 5 3
0.656667 11 31 3 2
0.663333 458 797 190 29
0.67 0 0 0 0
0.676667 0 0 0 0
0.683333 0 0 0 0
0.69 0 0 0 0
0.696667 0 0 0 0
0.703333 0 0 0 0
0.71 0 0 0 0
0.716667 0 0 0 0
0.723333 0 0 0 0
0.73 0 0 0 0
0.736667 0 0 0 0
0.743333 0 0 0 0
0.75 0 0 0 0
0.756667 0 0 0 0
0.763333 0 0 0 0
0.77 0 0 0 0
0.776667 0 0 0 0
0.783333 0 0 0 0
0.79 0 0 0 0
0.796667 0 0 0 0
0.803333 0 0 0 0
0.81 0 0 0 0
0.816667 0 0 0 0
0.823333 0 0 0 0
0.83 0 0 0 0
0.836667 0 0 0 0
0.843333 0 0 0 0
0.85 0 0 0 0
0.856667 0 0 0 0
0.863333 0 0 0 0
0.87 0 0 0 0
0.876667 0 0 0 0
0.883333 0 0 0 0
0.89 0 0 0 0
0.896667 0 0 0 0
0.903333 0 0 0 0
0.91 0 0 0 0
0.916667 0 0 0 0
0.923333 0 0 0 0
0.93 0 0 0 0
0.936667 0 0 0 0
0.943333 0 0 0 0
0.95 0 0 0 0
0.956667 0 0 0 0
0.963333 0 0 0 0
0.97 0 0 0 0
0.976667 0 0 0 0
0.983333 0 0 0 0
0.99 0 0 0 0
0.996667 0 0 0 0
1.00333 0 0 0 0
1.01 0 0 0 0
1.01667 0 0 0 0
1.02333 0 0 0 0
1.03 0 0 0 0
1.03667 0 0 0 0
1.04333 0 0 0 0
1.05 0 0 0 0
1.05667 0 0 0 0
1.06333 0 0 0 0
1.07 0 0 0 0
1.07667 0 0 0 0
1.08333 0 0 0 0
1.09 0 0 0 0
1.09667 0 0 0 0
1.10333 0 0 0 0
1.11 0 0 0 0
1.11667 0 0 0 0
1.12333 0 0 0 0
1.13 0 0 0 0
1.13667 0 0 0 0
1.14333 0 0 0 0
1.15 0 0 0 0
1.15667 0 0 0 0
1.16333 0 0 0 0
1.17 0 0 0 0
1.17667 0 0 0 0
1.18333 0 0 0 0
1.19 0 0 0 0
1.19667 0 0 0 0
1.20333 0 0 0 0
1.21 0 0 0 0
1.21667 0 0 0 0
1.22333 0 0 0 0
1.23 0 0 0 0
1.23667 0 0 0 0
1.24333 0 0 0 0
1.25 0 0 0 0
1.25667 0 0 0 0
1.26333 0 0 0 0
1.27 0 0 0 0
1.27667 0 0 0 0
1.28333 0 0 0 0
1.29 0 0 0 0
1.29667 0 0 0 0
1.30333 0 0 0 0
1.31 0 0 0 0
1.31667 0 0 0 0
1.32333 0 0 0 0
1.33 0 0 0 0
1.33667 0 0 0 0
1.34333 0 0 0 0
1.35 0 0 0 0
1.35667 0 0 0 0
1.36333 0 0 0 0
1.37 0 0 0 0
1.37667 0 0 0 0
1.38333 0 0 0 0
1.39 0 0 0 0
1.39667 0 0 0 0
1.40333 0 0 0 0
1.41 0 0 0 0
1.41667 0 0 0 0
1.42333 0 0 0 0
1.43 0 0 0 0
1.43667 0 0 0 0
1.44333 0 0 0 0
1.45 0 0 0 0
1.45667 0 0 0 0
1.46333 0 0 0 0
1.47 0 0 0 0
1.47667 0 0 0 0
1.48333 0 0 0 0
1.49 0 0 0 0
1.49667 0 0 0 0
1.50333 0 0 0 0
1.51 0 0 0 0
1.51667 0 0 0 0
1.52333 0 0 0 0
1.53 0 0 0 0
1.53667 0 0 0 0
1.54333 0 0 0 0
1.55 0 0 0 0
1.55667 0 0 0 0
1.56333 0 0 0 0
1.57 0 0 0 0
1.57667 0 0 0 0
1.58333 0 0 0 0
1.59 0 0 0 0
1.59667 0 0 0 0
1.60333 0 0 0 0
1.61 0 0 0 0
1.61667 0 0 0 0
1.62333 0 0 0 0
1.63 0 0 0 0
1.63667 0 0 0 0
1.64333 0 0 0 0
1.65 0 0 0 0
1.65667 0 0 0 0
1.66333 0 0 0 0
1.67 0 0 0 0
1.67667 0 0 0 0
1.68333 0 0 0 0
1.69 0 0 0 0
1.69667 0 0 0 0
1.70333 0 0 0 0
1.71 0 0 0 0
1.71667 0 0 0 0
1.72333 0 0 0 0
1.73 0 0 0 0
1.73667 0 0 0 0
1.74333 0 0 0 0
1.75 0 0 0 0
1.75667 0 0 0 0
1.76333 0 0 0 0
1.77 0 0 0 0
1.77667 0 0 0 0
1.78333 0 0 0 0
1.79 0 0 0 0
1.79667 0 0 0 0
1.80333 0 0 0 0
1.81 0 0 0 0
1.81667 0 0 0 0
1.82333 0 0 0 0
1.83 0 0 0 0
1.83667 0 0 0 0
1.84333 0 0 0 0
1.85 0 0 0 0
1.85667 0 0 0 0
1.86333 0 0 0 0
1.87 0 0 0 0
1.87667 0 0 0 0
1.88333 0 0 0 0
1.89 0 0 0 0
1.89667 0 0 0 0
1.90333 0 0 0 0
1.91 0 0 0 0
1.91667 0 0 0 0
1.92333 0 0 0 0
1.93 0 0 0 0
1.93667 0 0 0 0
1.94333 0 0 0 0
1.95 0 0 0 0
1.95667 0 0 0 0
1.96333 0 0 0 0
1.97 0 0 0 0
1.97667 0 0 0 0
1.98333 0 0 0 0
1.99 0 0 0 0
1.99667 0 0 0 0
