0.00333333 9 34 24 2
0.01 7 50 15 5
0.0166667 9 51 17 7
0.0233333 11 42 37 5
0.03 15 41 28 13
0.0366667 21 68 38 14
0.0433333 21 99 51 14
0.05 30 111 52 12
0.0566667 27 147 69 19
0.0633333 42 151 79 14
0.07 47 154 78 19
0.0766667 36 156 101 17
0.0833333 40 162 79 22
0.09 41 127 111 21
0.0966667 36 158 87 21
0.103333 35 137 89 21
0.11 37 135 103 20
0.116667 39 155 93 15
0.123333 25 150 82 11
0.13 32 155 76 7
0.136667 42 118 80 23
0.143333 18 128 75 7
0.15 22 121 68 18
0.156667 36 81 72 18
0.163333 29 96 50 9
0.17 28 104 64 12
0.176667 32 124 57 13
0.183333 25 105 52 17
0.19 24 104 59 15
0.196667 23 114 70 11
0.203333 27 113 63 9
0.21 26 97 58 14
0.216667 27 84 53 11
0.223333 26 90 69 8
0.23 23 77 45 8
0.236667 23 93 51 10
0.243333 19 64 53 2
0.25 21 89 35 6
0.256667 20 74 40 7
0.263333 12 63 35 10
0.27 21 58 45 14
0.276667 19 75 48 5
0.283333 15 48 42 8
0.29 16 60 36 7
0.296667 19 65 33 11
0.303333 12 55 33 6
0.31 14 68 36 8
0.316667 15 58 32 3
0.323333 14 52 38 10
0.33 17 70 29 7
0.336667 17 64 23 6
0.343333 10 33 31 5
0.35 14 51 41 9
0.356667 15 54 23 6
0.363333 12 51 23 4
0.37 12 33 14 9
0.376667 12 34 28 9
0.383333 16 45 20 3
0.39 9 38 23 3
0.396667 16 47 16 3
0.403333 11 48 26 8
0.41 14 46 31 8
0.416667 14 36 22 7
0.423333 12 34 26 2
0.43 8 34 25 5
0.436667 7 44 26 5
0.443333 12 36 25 6
0.45 10 41 17 6
0.456667 11 32 29 9
0.463333 16 35 22 2
0.47 10 33 21 4
0.476667 15 27 19 5
0.483333 8 24 17 8
0.49 8 23 16 5
0.496667 7 19 13 4
0.503333 10 16 14 1
0.51 7 27 19 3
0.516667 7 24 13 4
0.523333 6 19 12 2
0.53 7 24 10 3
0.536667 6 16 10 2
0.543333 7 22 16 7
0.55 4 21 15 1
0.556667 5 20 14 3
0.563333 6 24 15 5
0.57 2 22 12 3
0.576667 6 12 11 4
0.583333 1 19 16 6
0.59 4 23 6 3
0.596667 7 16 21 3
0.603333 7 20 11 3
0.61 2 12 9 2
0.616667 3 19 12 3
0.623333 7 17 8 4
0.63 8 18 12 4
0.636667 8 18 14 2
0.643333 6 12 7 2
0.65 6 24 17 3
0.656667 3 14 15 2
0.663333 171 760 575 65
0.67 0 0 0 0
0.676667 0 0 0 0
0.683333 0 0 0 0
0.69 0 0 0 0
0.696667 0 0 0 0
0.703333 0 0 0 0
0.71 0 0 0 0
0.716667 0 0 0 0
0.723333 0 0 0 0
0.73 0 0 0 0
0.736667 0 0 0 0
0.743333 0 0 0 0
0.75 0 0 0 0
0.756667 0 0 0 0
0.763333 0 0 0 0
0.77 0 0 0 0
0.776667 0 0 0 0
0.783333 0 0 0 0
0.79 0 0 0 0
0.796667 0 0 0 0
0.803333 0 0 0 0
0.81 0 0 0 0
0.816667 0 0 0 0
0.823333 0 0 0 0
0.83 0 0 0 0
0.836667 0 0 0 0
0.843333 0 0 0 0
0.85 0 0 0 0
0.856667 0 0 0 0
0.863333 0 0 0 0
0.87 0 0 0 0
0.876667 0 0 0 0
0.883333 0 0 0 0
0.89 0 0 0 0
0.896667 0 0 0 0
0.903333 0 0 0 0
0.91 0 0 0 0
0.916667 0 0 0 0
0.923333 0 0 0 0
0.93 0 0 0 0
0.936667 0 0 0 0
0.943333 0 0 0 0
0.95 0 0 0 0
0.956667 0 0 0 0
0.963333 0 0 0 0
0.97 0 0 0 0
0.976667 0 0 0 0
0.983333 0 0 0 0
0.99 0 0 0 0
0.996667 0 0 0 0
1.00333 0 0 0 0
1.01 0 0 0 0
1.01667 0 0 0 0
1.02333 0 0 0 0
1.03 0 0 0 0
1.03667 0 0 0 0
1.04333 0 0 0 0
1.05 0 0 0 0
1.05667 0 0 0 0
1.06333 0 0 0 0
1.07 0 0 0 0
1.07667 0 0 0 0
1.08333 0 0 0 0
1.09 0 0 0 0
1.09667 0 0 0 0
1.10333 0 0 0 0
1.11 0 0 0 0
1.11667 0 0 0 0
1.12333 0 0 0 0
1.13 0 0 0 0
1.13667 0 0 0 0
1.14333 0 0 0 0
1.15 0 0 0 0
1.15667 0 0 0 0
1.16333 0 0 0 0
1.17 0 0 0 0
1.17667 0 0 0 0
1.18333 0 0 0 0
1.19 0 0 0 0
1.19667 0 0 0 0
1.20333 0 0 0 0
1.21 0 0 0 0
1.21667 0 0 0 0
1.22333 0 0 0 0
1.23 0 0 0 0
1.23667 0 0 0 0
1.24333 0 0 0 0
1.25 0 0 0 0
1.25667 0 0 0 0
1.26333 0 0 0 0
1.27 0 0 0 0
1.27667 0 0 0 0
1.28333 0 0 0 0
1.29 0 0 0 0
1.29667 0 0 0 0
1.30333 0 0 0 0
1.31 0 0 0 0
1.31667 0 0 0 0
1.32333 0 0 0 0
1.33 0 0 0 0
1.33667 0 0 0 0
1.34333 0 0 0 0
1.35 0 0 0 0
1.35667 0 0 0 0
1.36333 0 0 0 0
1.37 0 0 0 0
1.37667 0 0 0 0
1.38333 0 0 0 0
1.39 0 0 0 0
1.39667 0 0 0 0
1.40333 0 0 0 0
1.41 0 0 0 0
1.41667 0 0 0 0
1.42333 0 0 0 0
1.43 0 0 0 0
1.43667 0 0 0 0
1.44333 0 0 0 0
1.45 0 0 0 0
1.45667 0 0 0 0
1.46333 0 0 0 0
1.47 0 0 0 0
1.47667 0 0 0 0
1.48333 0 0 0 0
1.49 0 0 0 0
1.49667 0 0 0 0
1.50333 0 0 0 0
1.51 0 0 0 0
1.51667 0 0 0 0
1.52333 0 0 0 0
1.53 0 0 0 0
1.53667 0 0 0 0
1.54333 0 0 0 0
1.55 0 0 0 0
1.55667 0 0 0 0
1.56333 0 0 0 0
1.57 0 0 0 0
1.57667 0 0 0 0
1.58333 0 0 0 0
1.59 0 0 0 0
1.59667 0 0 0 0
1.60333 0 0 0 0
1.61 0 0 0 0
1.61667 0 0 0 0
1.62333 0 0 0 0
1.63 0 0 0 0
1.63667 0 0 0 0
1.64333 0 0 0 0
1.65 0 0 0 0
1.65667 0 0 0 0
1.66333 0 0 0 0
1.67 0 0 0 0
1.67667 0 0 0 0
1.68333 0 0 0 0
1.69 0 0 0 0
1.69667 0 0 0 0
1.70333 0 0 0 0
1.71 0 0 0 0
1.71667 0 0 0 0
1.72333 0 0 0 0
1.73 0 0 0 0
1.73667 0 0 0 0
1.74333 0 0 0 0
1.75 0 0 0 0
1.75667 0 0 0 0
1.76333 0 0 0 0
1.77 0 0 0 0
1.77667 0 0 0 0
1.78333 0 0 0 0
1.79 0 0 0 0
1.79667 0 0 0 0
1.80333 0 0 0 0
1.81 0 0 0 0
1.81667 0 0 0 0
1.82333 0 0 0 0
1.83 0 0 0 0
1.83667 0 0 0 0
1.84333 0 0 0 0
1.85 0 0 0 0
1.85667 0 0 0 0
1.86333 0 0 0 0
1.87 0 0 0 0
1.87667 0 0 0 0
1.88333 0 0 0 0
1.89 0 0 0 0
1.89667 0 0 0 0
1.90333 0 0 0 0
1.91 0 0 0 0
1.91667 0 0 0 0
1.92333 0 0 0 0
1.93 0 0 0 0
1.93667 0 0 0 0
1.94333 0 0 0 0
1.95 0 0 0 0
1.95667 0 0 0 0
1.96333 0 0 0 0
1.97 0 0 0 0
1.97667 0 0 0 0
1.98333 0 0 0 0
1.99 0 0 0 0
1.99667 0 0 0 0
