0.00333333 66 72 2 1
0.01 90 87 1 1
0.0166667 67 77 2 1
0.0233333 114 64 5 2
0.03 79 78 2 1
0.0366667 129 105 5 3
0.0433333 117 117 5 0
0.05 175 135 3 2
0.0566667 187 154 9 3
0.0633333 219 188 6 3
0.07 226 195 10 3
0.0766667 285 198 4 1
0.0833333 285 210 5 3
0.09 278 213 5 2
0.0966667 273 235 6 2
0.103333 257 193 5 1
0.11 267 198 6 7
0.116667 283 226 10 1
0.123333 282 245 7 2
0.13 237 214 5 3
0.136667 255 195 3 4
0.143333 293 186 4 3
0.15 223 173 0 2
0.156667 220 189 3 2
0.163333 235 182 4 3
0.17 200 175 2 3
0.176667 210 179 1 2
0.183333 225 212 4 3
0.19 242 203 5 2
0.196667 264 215 3 1
0.203333 241 191 3 2
0.21 222 174 7 2
0.216667 210 182 6 0
0.223333 187 163 7 6
0.23 188 150 8 3
0.236667 192 168 2 3
0.243333 161 147 3 5
0.25 188 145 6 3
0.256667 167 153 2 2
0.263333 142 111 2 3
0.27 147 117 1 1
0.276667 143 122 6 2
0.283333 154 104 2 1
0.29 141 100 2 2
0.296667 112 101 1 2
0.303333 122 117 5 0
0.31 124 99 3 4
0.316667 112 96 5 2
0.323333 107 89 3 5
0.33 106 95 1 0
0.336667 121 103 1 0
0.343333 104 86 2 2
0.35 100 68 6 1
0.356667 109 81 5 0
0.363333 88 86 2 0
0.37 88 70 7 1
0.376667 82 79 6 1
0.383333 111 78 4 1
0.39 101 64 4 2
0.396667 106 73 1 0
0.403333 102 61 4 1
0.41 98 92 2 1
0.416667 80 77 2 2
0.423333 93 54 2 0
0.43 107 61 4 2
0.436667 92 71 1 0
0.443333 82 68 2 1
0.45 95 52 3 1
0.456667 82 63 1 2
0.463333 88 74 2 0
0.47 96 70 3 3
0.476667 82 78 2 1
0.483333 50 51 1 1
0.49 56 41 2 2
0.496667 47 32 1 1
0.503333 47 38 0 1
0.51 46 37 1 0
0.516667 47 28 3 1
0.523333 38 38 2 1
0.53 49 48 2 0
0.536667 39 40 0 1
0.543333 43 36 3 1
0.55 53 26 0 1
0.556667 38 18 2 1
0.563333 31 21 1 0
0.57 36 27 1 2
0.576667 48 31 3 0
0.583333 44 38 0 1
0.59 41 39 1 0
0.596667 32 37 0 0
0.603333 35 29 1 1
0.61 44 31 0 1
0.616667 38 27 3 1
0.623333 41 30 2 3
0.63 35 37 2 0
0.636667 46 31 2 1
0.643333 32 24 0 1
0.65 44 23 1 0
0.656667 37 24 2 1
0.663333 2981 2708 25 33
0.67 0 0 0 0
0.676667 0 0 0 0
0.683333 0 0 0 0
0.69 0 0 0 0
0.696667 0 0 0 0
0.703333 0 0 0 0
0.71 0 0 0 0
0.716667 0 0 0 0
0.723333 0 0 0 0
0.73 0 0 0 0
0.736667 0 0 0 0
0.743333 0 0 0 0
0.75 0 0 0 0
0.756667 0 0 0 0
0.763333 0 0 0 0
0.77 0 0 0 0
0.776667 0 0 0 0
0.783333 0 0 0 0
0.79 0 0 0 0
0.796667 0 0 0 0
0.803333 0 0 0 0
0.81 0 0 0 0
0.816667 0 0 0 0
0.823333 0 0 0 0
0.83 0 0 0 0
0.836667 0 0 0 0
0.843333 0 0 0 0
0.85 0 0 0 0
0.856667 0 0 0 0
0.863333 0 0 0 0
0.87 0 0 0 0
0.876667 0 0 0 0
0.883333 0 0 0 0
0.89 0 0 0 0
0.896667 0 0 0 0
0.903333 0 0 0 0
0.91 0 0 0 0
0.916667 0 0 0 0
0.923333 0 0 0 0
0.93 0 0 0 0
0.936667 0 0 0 0
0.943333 0 0 0 0
0.95 0 0 0 0
0.956667 0 0 0 0
0.963333 0 0 0 0
0.97 0 0 0 0
0.976667 0 0 0 0
0.983333 0 0 0 0
0.99 0 0 0 0
0.996667 0 0 0 0
1.00333 0 0 0 0
1.01 0 0 0 0
1.01667 0 0 0 0
1.02333 0 0 0 0
1.03 0 0 0 0
1.03667 0 0 0 0
1.04333 0 0 0 0
1.05 0 0 0 0
1.05667 0 0 0 0
1.06333 0 0 0 0
1.07 0 0 0 0
1.07667 0 0 0 0
1.08333 0 0 0 0
1.09 0 0 0 0
1.09667 0 0 0 0
1.10333 0 0 0 0
1.11 0 0 0 0
1.11667 0 0 0 0
1.12333 0 0 0 0
1.13 0 0 0 0
1.13667 0 0 0 0
1.14333 0 0 0 0
1.15 0 0 0 0
1.15667 0 0 0 0
1.16333 0 0 0 0
1.17 0 0 0 0
1.17667 0 0 0 0
1.18333 0 0 0 0
1.19 0 0 0 0
1.19667 0 0 0 0
1.20333 0 0 0 0
1.21 0 0 0 0
1.21667 0 0 0 0
1.22333 0 0 0 0
1.23 0 0 0 0
1.23667 0 0 0 0
1.24333 0 0 0 0
1.25 0 0 0 0
1.25667 0 0 0 0
1.26333 0 0 0 0
1.27 0 0 0 0
1.27667 0 0 0 0
1.28333 0 0 0 0
1.29 0 0 0 0
1.29667 0 0 0 0
1.30333 0 0 0 0
1.31 0 0 0 0
1.31667 0 0 0 0
1.32333 0 0 0 0
1.33 0 0 0 0
1.33667 0 0 0 0
1.34333 0 0 0 0
1.35 0 0 0 0
1.35667 0 0 0 0
1.36333 0 0 0 0
1.37 0 0 0 0
1.37667 0 0 0 0
1.38333 0 0 0 0
1.39 0 0 0 0
1.39667 0 0 0 0
1.40333 0 0 0 0
1.41 0 0 0 0
1.41667 0 0 0 0
1.42333 0 0 0 0
1.43 0 0 0 0
1.43667 0 0 0 0
1.44333 0 0 0 0
1.45 0 0 0 0
1.45667 0 0 0 0
1.46333 0 0 0 0
1.47 0 0 0 0
1.47667 0 0 0 0
1.48333 0 0 0 0
1.49 0 0 0 0
1.49667 0 0 0 0
1.50333 0 0 0 0
1.51 0 0 0 0
1.51667 0 0 0 0
1.52333 0 0 0 0
1.53 0 0 0 0
1.53667 0 0 0 0
1.54333 0 0 0 0
1.55 0 0 0 0
1.55667 0 0 0 0
1.56333 0 0 0 0
1.57 0 0 0 0
1.57667 0 0 0 0
1.58333 0 0 0 0
1.59 0 0 0 0
1.59667 0 0 0 0
1.60333 0 0 0 0
1.61 0 0 0 0
1.61667 0 0 0 0
1.62333 0 0 0 0
1.63 0 0 0 0
1.63667 0 0 0 0
1.64333 0 0 0 0
1.65 0 0 0 0
1.65667 0 0 0 0
1.66333 0 0 0 0
1.67 0 0 0 0
1.67667 0 0 0 0
1.68333 0 0 0 0
1.69 0 0 0 0
1.69667 0 0 0 0
1.70333 0 0 0 0
1.71 0 0 0 0
1.71667 0 0 0 0
1.72333 0 0 0 0
1.73 0 0 0 0
1.73667 0 0 0 0
1.74333 0 0 0 0
1.75 0 0 0 0
1.75667 0 0 0 0
1.76333 0 0 0 0
1.77 0 0 0 0
1.77667 0 0 0 0
1.78333 0 0 0 0
1.79 0 0 0 0
1.79667 0 0 0 0
1.80333 0 0 0 0
1.81 0 0 0 0
1.81667 0 0 0 0
1.82333 0 0 0 0
1.83 0 0 0 0
1.83667 0 0 0 0
1.84333 0 0 0 0
1.85 0 0 0 0
1.85667 0 0 0 0
1.86333 0 0 0 0
1.87 0 0 0 0
1.87667 0 0 0 0
1.88333 0 0 0 0
1.89 0 0 0 0
1.89667 0 0 0 0
1.90333 0 0 0 0
1.91 0 0 0 0
1.91667 0 0 0 0
1.92333 0 0 0 0
1.93 0 0 0 0
1.93667 0 0 0 0
1.94333 0 0 0 0
1.95 0 0 0 0
1.95667 0 0 0 0
1.96333 0 0 0 0
1.97 0 0 0 0
1.97667 0 0 0 0
1.98333 0 0 0 0
1.99 0 0 0 0
1.99667 0 0 0 0
