0.00333333 13 46 7 1
0.01 18 61 11 0
0.0166667 29 71 13 0
0.0233333 26 65 12 0
0.03 27 69 10 1
0.0366667 34 84 15 2
0.0433333 60 106 13 2
0.05 73 124 17 0
0.0566667 72 184 18 2
0.0633333 83 190 21 3
0.07 80 183 19 2
0.0766667 85 181 20 4
0.0833333 93 202 20 5
0.09 93 214 31 3
0.0966667 72 214 28 3
0.103333 94 193 30 3
0.11 89 186 12 1
0.116667 78 221 25 3
0.123333 73 215 36 3
0.13 58 180 33 1
0.136667 67 175 24 4
0.143333 63 171 27 2
0.15 64 162 23 1
0.156667 52 163 24 1
0.163333 47 151 26 2
0.17 41 166 22 3
0.176667 52 163 24 2
0.183333 49 181 23 0
0.19 58 183 29 2
0.196667 43 190 25 7
0.203333 43 164 29 1
0.21 51 151 28 2
0.216667 42 151 23 2
0.223333 36 146 26 2
0.23 43 148 19 2
0.236667 38 147 23 3
0.243333 45 122 16 0
0.25 41 122 17 2
0.256667 31 131 16 1
0.263333 42 113 24 2
0.27 28 110 18 1
0.276667 49 121 16 1
0.283333 37 94 18 1
0.29 40 93 10 1
0.296667 28 110 17 1
0.303333 34 100 8 2
0.31 30 101 15 0
0.316667 25 73 16 2
0.323333 36 90 13 2
0.33 28 98 17 1
0.336667 32 76 12 1
0.343333 28 76 12 0
0.35 34 81 9 3
0.356667 17 92 13 1
0.363333 27 80 7 1
0.37 27 74 17 0
0.376667 24 69 10 0
0.383333 30 67 7 1
0.39 20 88 9 0
0.396667 22 70 17 4
0.403333 19 67 11 2
0.41 32 65 11 0
0.416667 30 71 20 1
0.423333 18 62 13 0
0.43 11 71 12 0
0.436667 26 69 16 2
0.443333 25 70 12 2
0.45 22 60 12 1
0.456667 15 60 10 1
0.463333 20 58 7 0
0.47 19 57 8 0
0.476667 17 65 7 1
0.483333 15 40 4 1
0.49 23 41 9 0
0.496667 14 43 7 0
0.503333 11 41 4 3
0.51 16 37 9 0
0.516667 23 30 3 1
0.523333 13 29 5 1
0.53 17 33 3 0
0.536667 17 45 8 4
0.543333 9 33 8 0
0.55 9 35 4 0
0.556667 10 39 6 0
0.563333 11 31 9 0
0.57 14 25 4 1
0.576667 8 40 5 0
0.583333 12 34 3 2
0.59 12 27 9 0
0.596667 13 37 6 1
0.603333 7 27 6 0
0.61 9 37 6 0
0.616667 6 32 11 0
0.623333 6 35 4 0
0.63 8 35 3 0
0.636667 9 27 7 0
0.643333 9 38 5 1
0.65 13 24 5 1
0.656667 8 25 2 0
0.663333 373 1902 372 5
0.67 0 0 0 0
0.676667 0 0 0 0
0.683333 0 0 0 0
0.69 0 0 0 0
0.696667 0 0 0 0
0.703333 0 0 0 0
0.71 0 0 0 0
0.716667 0 0 0 0
0.723333 0 0 0 0
0.73 0 0 0 0
0.736667 0 0 0 0
0.743333 0 0 0 0
0.75 0 0 0 0
0.756667 0 0 0 0
0.763333 0 0 0 0
0.77 0 0 0 0
0.776667 0 0 0 0
0.783333 0 0 0 0
0.79 0 0 0 0
0.796667 0 0 0 0
0.803333 0 0 0 0
0.81 0 0 0 0
0.816667 0 0 0 0
0.823333 0 0 0 0
0.83 0 0 0 0
0.836667 0 0 0 0
0.843333 0 0 0 0
0.85 0 0 0 0
0.856667 0 0 0 0
0.863333 0 0 0 0
0.87 0 0 0 0
0.876667 0 0 0 0
0.883333 0 0 0 0
0.89 0 0 0 0
0.896667 0 0 0 0
0.903333 0 0 0 0
0.91 0 0 0 0
0.916667 0 0 0 0
0.923333 0 0 0 0
0.93 0 0 0 0
0.936667 0 0 0 0
0.943333 0 0 0 0
0.95 0 0 0 0
0.956667 0 0 0 0
0.963333 0 0 0 0
0.97 0 0 0 0
0.976667 0 0 0 0
0.983333 0 0 0 0
0.99 0 0 0 0
0.996667 0 0 0 0
1.00333 0 0 0 0
1.01 0 0 0 0
1.01667 0 0 0 0
1.02333 0 0 0 0
1.03 0 0 0 0
1.03667 0 0 0 0
1.04333 0 0 0 0
1.05 0 0 0 0
1.05667 0 0 0 0
1.06333 0 0 0 0
1.07 0 0 0 0
1.07667 0 0 0 0
1.08333 0 0 0 0
1.09 0 0 0 0
1.09667 0 0 0 0
1.10333 0 0 0 0
1.11 0 0 0 0
1.11667 0 0 0 0
1.12333 0 0 0 0
1.13 0 0 0 0
1.13667 0 0 0 0
1.14333 0 0 0 0
1.15 0 0 0 0
1.15667 0 0 0 0
1.16333 0 0 0 0
1.17 0 0 0 0
1.17667 0 0 0 0
1.18333 0 0 0 0
1.19 0 0 0 0
1.19667 0 0 0 0
1.20333 0 0 0 0
1.21 0 0 0 0
1.21667 0 0 0 0
1.22333 0 0 0 0
1.23 0 0 0 0
1.23667 0 0 0 0
1.24333 0 0 0 0
1.25 0 0 0 0
1.25667 0 0 0 0
1.26333 0 0 0 0
1.27 0 0 0 0
1.27667 0 0 0 0
1.28333 0 0 0 0
1.29 0 0 0 0
1.29667 0 0 0 0
1.30333 0 0 0 0
1.31 0 0 0 0
1.31667 0 0 0 0
1.32333 0 0 0 0
1.33 0 0 0 0
1.33667 0 0 0 0
1.34333 0 0 0 0
1.35 0 0 0 0
1.35667 0 0 0 0
1.36333 0 0 0 0
1.37 0 0 0 0
1.37667 0 0 0 0
1.38333 0 0 0 0
1.39 0 0 0 0
1.39667 0 0 0 0
1.40333 0 0 0 0
1.41 0 0 0 0
1.41667 0 0 0 0
1.42333 0 0 0 0
1.43 0 0 0 0
1.43667 0 0 0 0
1.44333 0 0 0 0
1.45 0 0 0 0
1.45667 0 0 0 0
1.46333 0 0 0 0
1.47 0 0 0 0
1.47667 0 0 0 0
1.48333 0 0 0 0
1.49 0 0 0 0
1.49667 0 0 0 0
1.50333 0 0 0 0
1.51 0 0 0 0
1.51667 0 0 0 0
1.52333 0 0 0 0
1.53 0 0 0 0
1.53667 0 0 0 0
1.54333 0 0 0 0
1.55 0 0 0 0
1.55667 0 0 0 0
1.56333 0 0 0 0
1.57 0 0 0 0
1.57667 0 0 0 0
1.58333 0 0 0 0
1.59 0 0 0 0
1.59667 0 0 0 0
1.60333 0 0 0 0
1.61 0 0 0 0
1.61667 0 0 0 0
1.62333 0 0 0 0
1.63 0 0 0 0
1.63667 0 0 0 0
1.64333 0 0 0 0
1.65 0 0 0 0
1.65667 0 0 0 0
1.66333 0 0 0 0
1.67 0 0 0 0
1.67667 0 0 0 0
1.68333 0 0 0 0
1.69 0 0 0 0
1.69667 0 0 0 0
1.70333 0 0 0 0
1.71 0 0 0 0
1.71667 0 0 0 0
1.72333 0 0 0 0
1.73 0 0 0 0
1.73667 0 0 0 0
1.74333 0 0 0 0
1.75 0 0 0 0
1.75667 0 0 0 0
1.76333 0 0 0 0
1.77 0 0 0 0
1.77667 0 0 0 0
1.78333 0 0 0 0
1.79 0 0 0 0
1.79667 0 0 0 0
1.80333 0 0 0 0
1.81 0 0 0 0
1.81667 0 0 0 0
1.82333 0 0 0 0
1.83 0 0 0 0
1.83667 0 0 0 0
1.84333 0 0 0 0
1.85 0 0 0 0
1.85667 0 0 0 0
1.86333 0 0 0 0
1.87 0 0 0 0
1.87667 0 0 0 0
1.88333 0 0 0 0
1.89 0 0 0 0
1.89667 0 0 0 0
1.90333 0 0 0 0
1.91 0 0 0 0
1.91667 0 0 0 0
1.92333 0 0 0 0
1.93 0 0 0 0
1.93667 0 0 0 0
1.94333 0 0 0 0
1.95 0 0 0 0
1.95667 0 0 0 0
1.96333 0 0 0 0
1.97 0 0 0 0
1.97667 0 0 0 0
1.98333 0 0 0 0
1.99 0 0 0 0
1.99667 0 0 0 0
