0.00333333 5 30 15 1
0.01 10 50 18 5
0.0166667 15 60 23 4
0.0233333 11 57 21 0
0.03 12 50 20 2
0.0366667 18 66 29 1
0.0433333 21 103 36 4
0.05 34 120 39 8
0.0566667 40 143 48 9
0.0633333 51 191 65 6
0.07 36 169 42 11
0.0766667 38 168 50 9
0.0833333 44 158 61 8
0.09 39 161 66 10
0.0966667 45 184 67 9
0.103333 36 169 65 8
0.11 47 146 47 15
0.116667 44 190 81 11
0.123333 33 167 54 5
0.13 29 162 63 4
0.136667 25 161 67 10
0.143333 40 148 55 8
0.15 35 127 45 4
0.156667 23 129 66 8
0.163333 41 106 58 10
0.17 36 121 52 6
0.176667 31 110 55 6
0.183333 29 122 44 8
0.19 22 124 58 3
0.196667 31 125 60 6
0.203333 19 103 53 2
0.21 23 112 58 4
0.216667 21 113 42 4
0.223333 17 109 46 5
0.23 17 104 37 4
0.236667 27 97 45 7
0.243333 26 78 47 4
0.25 17 86 38 7
0.256667 17 88 44 1
0.263333 22 78 37 0
0.27 11 80 19 10
0.276667 15 77 33 7
0.283333 17 75 26 2
0.29 17 71 28 3
0.296667 12 83 24 7
0.303333 15 79 28 3
0.31 14 58 25 2
0.316667 17 72 29 0
0.323333 27 51 29 2
0.33 15 57 26 2
0.336667 15 66 31 0
0.343333 12 54 25 1
0.35 12 60 22 3
0.356667 9 60 26 1
0.363333 18 57 24 2
0.37 13 66 24 2
0.376667 9 51 26 2
0.383333 9 49 22 1
0.39 6 63 27 0
0.396667 17 57 20 2
0.403333 11 58 27 0
0.41 15 47 17 2
0.416667 8 54 28 2
0.423333 13 50 22 1
0.43 11 33 20 4
0.436667 7 55 21 2
0.443333 10 38 24 2
0.45 10 48 24 2
0.456667 9 59 25 4
0.463333 10 54 11 1
0.47 13 31 18 2
0.476667 7 37 19 0
0.483333 8 25 15 1
0.49 9 32 16 1
0.496667 2 23 9 0
0.503333 7 20 16 2
0.51 7 32 12 0
0.516667 7 24 7 4
0.523333 10 26 7 2
0.53 11 28 15 0
0.536667 9 27 22 1
0.543333 7 29 10 2
0.55 9 30 11 1
0.556667 4 20 11 3
0.563333 9 20 11 2
0.57 8 29 11 2
0.576667 9 22 14 2
0.583333 6 17 11 3
0.59 4 24 16 2
0.596667 2 29 14 1
0.603333 3 19 13 0
0.61 3 23 10 1
0.616667 5 25 9 0
0.623333 5 23 9 1
0.63 5 22 7 2
0.636667 7 27 9 0
0.643333 5 22 10 1
0.65 4 20 9 2
0.656667 7 16 12 0
0.663333 197 1058 651 27
0.67 0 0 0 0
0.676667 0 0 0 0
0.683333 0 0 0 0
0.69 0 0 0 0
0.696667 0 0 0 0
0.703333 0 0 0 0
0.71 0 0 0 0
0.716667 0 0 0 0
0.723333 0 0 0 0
0.73 0 0 0 0
0.736667 0 0 0 0
0.743333 0 0 0 0
0.75 0 0 0 0
0.756667 0 0 0 0
0.763333 0 0 0 0
0.77 0 0 0 0
0.776667 0 0 0 0
0.783333 0 0 0 0
0.79 0 0 0 0
0.796667 0 0 0 0
0.803333 0 0 0 0
0.81 0 0 0 0
0.816667 0 0 0 0
0.823333 0 0 0 0
0.83 0 0 0 0
0.836667 0 0 0 0
0.843333 0 0 0 0
0.85 0 0 0 0
0.856667 0 0 0 0
0.863333 0 0 0 0
0.87 0 0 0 0
0.876667 0 0 0 0
0.883333 0 0 0 0
0.89 0 0 0 0
0.896667 0 0 0 0
0.903333 0 0 0 0
0.91 0 0 0 0
0.916667 0 0 0 0
0.923333 0 0 0 0
0.93 0 0 0 0
0.936667 0 0 0 0
0.943333 0 0 0 0
0.95 0 0 0 0
0.956667 0 0 0 0
0.963333 0 0 0 0
0.97 0 0 0 0
0.976667 0 0 0 0
0.983333 0 0 0 0
0.99 0 0 0 0
0.996667 0 0 0 0
1.00333 0 0 0 0
1.01 0 0 0 0
1.01667 0 0 0 0
1.02333 0 0 0 0
1.03 0 0 0 0
1.03667 0 0 0 0
1.04333 0 0 0 0
1.05 0 0 0 0
1.05667 0 0 0 0
1.06333 0 0 0 0
1.07 0 0 0 0
1.07667 0 0 0 0
1.08333 0 0 0 0
1.09 0 0 0 0
1.09667 0 0 0 0
1.10333 0 0 0 0
1.11 0 0 0 0
1.11667 0 0 0 0
1.12333 0 0 0 0
1.13 0 0 0 0
1.13667 0 0 0 0
1.14333 0 0 0 0
1.15 0 0 0 0
1.15667 0 0 0 0
1.16333 0 0 0 0
1.17 0 0 0 0
1.17667 0 0 0 0
1.18333 0 0 0 0
1.19 0 0 0 0
1.19667 0 0 0 0
1.20333 0 0 0 0
1.21 0 0 0 0
1.21667 0 0 0 0
1.22333 0 0 0 0
1.23 0 0 0 0
1.23667 0 0 0 0
1.24333 0 0 0 0
1.25 0 0 0 0
1.25667 0 0 0 0
1.26333 0 0 0 0
1.27 0 0 0 0
1.27667 0 0 0 0
1.28333 0 0 0 0
1.29 0 0 0 0
1.29667 0 0 0 0
1.30333 0 0 0 0
1.31 0 0 0 0
1.31667 0 0 0 0
1.32333 0 0 0 0
1.33 0 0 0 0
1.33667 0 0 0 0
1.34333 0 0 0 0
1.35 0 0 0 0
1.35667 0 0 0 0
1.36333 0 0 0 0
1.37 0 0 0 0
1.37667 0 0 0 0
1.38333 0 0 0 0
1.39 0 0 0 0
1.39667 0 0 0 0
1.40333 0 0 0 0
1.41 0 0 0 0
1.41667 0 0 0 0
1.42333 0 0 0 0
1.43 0 0 0 0
1.43667 0 0 0 0
1.44333 0 0 0 0
1.45 0 0 0 0
1.45667 0 0 0 0
1.46333 0 0 0 0
1.47 0 0 0 0
1.47667 0 0 0 0
1.48333 0 0 0 0
1.49 0 0 0 0
1.49667 0 0 0 0
1.50333 0 0 0 0
1.51 0 0 0 0
1.51667 0 0 0 0
1.52333 0 0 0 0
1.53 0 0 0 0
1.53667 0 0 0 0
1.54333 0 0 0 0
1.55 0 0 0 0
1.55667 0 0 0 0
1.56333 0 0 0 0
1.57 0 0 0 0
1.57667 0 0 0 0
1.58333 0 0 0 0
1.59 0 0 0 0
1.59667 0 0 0 0
1.60333 0 0 0 0
1.61 0 0 0 0
1.61667 0 0 0 0
1.62333 0 0 0 0
1.63 0 0 0 0
1.63667 0 0 0 0
1.64333 0 0 0 0
1.65 0 0 0 0
1.65667 0 0 0 0
1.66333 0 0 0 0
1.67 0 0 0 0
1.67667 0 0 0 0
1.68333 0 0 0 0
1.69 0 0 0 0
1.69667 0 0 0 0
1.70333 0 0 0 0
1.71 0 0 0 0
1.71667 0 0 0 0
1.72333 0 0 0 0
1.73 0 0 0 0
1.73667 0 0 0 0
1.74333 0 0 0 0
1.75 0 0 0 0
1.75667 0 0 0 0
1.76333 0 0 0 0
1.77 0 0 0 0
1.77667 0 0 0 0
1.78333 0 0 0 0
1.79 0 0 0 0
1.79667 0 0 0 0
1.80333 0 0 0 0
1.81 0 0 0 0
1.81667 0 0 0 0
1.82333 0 0 0 0
1.83 0 0 0 0
1.83667 0 0 0 0
1.84333 0 0 0 0
1.85 0 0 0 0
1.85667 0 0 0 0
1.86333 0 0 0 0
1.87 0 0 0 0
1.87667 0 0 0 0
1.88333 0 0 0 0
1.89 0 0 0 0
1.89667 0 0 0 0
1.90333 0 0 0 0
1.91 0 0 0 0
1.91667 0 0 0 0
1.92333 0 0 0 0
1.93 0 0 0 0
1.93667 0 0 0 0
1.94333 0 0 0 0
1.95 0 0 0 0
1.95667 0 0 0 0
1.96333 0 0 0 0
1.97 0 0 0 0
1.97667 0 0 0 0
1.98333 0 0 0 0
1.99 0 0 0 0
1.99667 0 0 0 0
