0.00333333 11 20 21 6
0.01 8 31 24 4
0.0166667 18 36 19 1
0.0233333 8 47 21 3
0.03 15 39 24 1
0.0366667 20 46 40 7
0.0433333 20 88 47 11
0.05 24 109 59 10
0.0566667 36 136 68 14
0.0633333 34 113 74 16
0.07 35 133 67 17
0.0766667 47 139 84 12
0.0833333 35 138 67 13
0.09 43 140 72 16
0.0966667 46 134 71 10
0.103333 36 139 85 17
0.11 41 134 71 16
0.116667 35 145 81 16
0.123333 30 125 61 5
0.13 28 115 58 8
0.136667 34 111 70 14
0.143333 28 115 58 10
0.15 27 93 62 12
0.156667 34 76 53 15
0.163333 29 79 50 9
0.17 30 90 58 4
0.176667 29 89 58 11
0.183333 34 92 47 14
0.19 28 76 56 16
0.196667 24 93 64 9
0.203333 32 78 51 11
0.21 25 69 43 11
0.216667 18 79 44 16
0.223333 35 90 59 10
0.23 29 71 40 7
0.236667 19 74 47 7
0.243333 20 68 46 5
0.25 23 60 39 9
0.256667 13 57 37 8
0.263333 11 54 33 8
0.27 24 54 35 8
0.276667 10 75 48 3
0.283333 12 57 40 7
0.29 17 56 29 6
0.296667 18 51 31 3
0.303333 16 51 36 8
0.31 23 52 39 8
0.316667 12 58 32 3
0.323333 17 51 30 7
0.33 15 40 29 5
0.336667 18 45 28 8
0.343333 10 32 25 6
0.35 13 47 18 6
0.356667 17 51 29 6
0.363333 16 39 21 6
0.37 17 50 18 6
0.376667 12 32 22 8
0.383333 17 48 25 2
0.39 14 33 25 2
0.396667 7 38 14 2
0.403333 12 33 23 5
0.41 11 35 32 8
0.416667 16 37 26 5
0.423333 13 29 28 4
0.43 13 46 20 5
0.436667 9 32 21 8
0.443333 10 27 21 3
0.45 10 31 9 6
0.456667 11 33 28 5
0.463333 15 24 18 1
0.47 12 24 23 3
0.476667 12 22 16 4
0.483333 14 19 14 6
0.49 9 23 21 4
0.496667 12 20 20 4
0.503333 6 25 16 3
0.51 8 19 18 1
0.516667 6 22 12 2
0.523333 3 18 8 4
0.53 8 17 11 0
0.536667 7 14 6 1
0.543333 4 18 11 6
0.55 5 22 12 1
0.556667 3 13 12 2
0.563333 9 16 11 3
0.57 8 18 20 5
0.576667 12 11 14 4
0.583333 2 9 10 8
0.59 7 11 4 2
0.596667 7 18 18 1
0.603333 6 19 13 3
0.61 4 12 12 4
0.616667 5 18 12 2
0.623333 11 13 9 5
0.63 7 18 12 4
0.636667 10 9 12 2
0.643333 11 11 8 2
0.65 9 15 9 1
0.656667 3 19 10 0
0.663333 202 624 492 46
0.67 0 0 0 0
0.676667 0 0 0 0
0.683333 0 0 0 0
0.69 0 0 0 0
0.696667 0 0 0 0
0.703333 0 0 0 0
0.71 0 0 0 0
0.716667 0 0 0 0
0.723333 0 0 0 0
0.73 0 0 0 0
0.736667 0 0 0 0
0.743333 0 0 0 0
0.75 0 0 0 0
0.756667 0 0 0 0
0.763333 0 0 0 0
0.77 0 0 0 0
0.776667 0 0 0 0
0.783333 0 0 0 0
0.79 0 0 0 0
0.796667 0 0 0 0
0.803333 0 0 0 0
0.81 0 0 0 0
0.816667 0 0 0 0
0.823333 0 0 0 0
0.83 0 0 0 0
0.836667 0 0 0 0
0.843333 0 0 0 0
0.85 0 0 0 0
0.856667 0 0 0 0
0.863333 0 0 0 0
0.87 0 0 0 0
0.876667 0 0 0 0
0.883333 0 0 0 0
0.89 0 0 0 0
0.896667 0 0 0 0
0.903333 0 0 0 0
0.91 0 0 0 0
0.916667 0 0 0 0
0.923333 0 0 0 0
0.93 0 0 0 0
0.936667 0 0 0 0
0.943333 0 0 0 0
0.95 0 0 0 0
0.956667 0 0 0 0
0.963333 0 0 0 0
0.97 0 0 0 0
0.976667 0 0 0 0
0.983333 0 0 0 0
0.99 0 0 0 0
0.996667 0 0 0 0
1.00333 0 0 0 0
1.01 0 0 0 0
1.01667 0 0 0 0
1.02333 0 0 0 0
1.03 0 0 0 0
1.03667 0 0 0 0
1.04333 0 0 0 0
1.05 0 0 0 0
1.05667 0 0 0 0
1.06333 0 0 0 0
1.07 0 0 0 0
1.07667 0 0 0 0
1.08333 0 0 0 0
1.09 0 0 0 0
1.09667 0 0 0 0
1.10333 0 0 0 0
1.11 0 0 0 0
1.11667 0 0 0 0
1.12333 0 0 0 0
1.13 0 0 0 0
1.13667 0 0 0 0
1.14333 0 0 0 0
1.15 0 0 0 0
1.15667 0 0 0 0
1.16333 0 0 0 0
1.17 0 0 0 0
1.17667 0 0 0 0
1.18333 0 0 0 0
1.19 0 0 0 0
1.19667 0 0 0 0
1.20333 0 0 0 0
1.21 0 0 0 0
1.21667 0 0 0 0
1.22333 0 0 0 0
1.23 0 0 0 0
1.23667 0 0 0 0
1.24333 0 0 0 0
1.25 0 0 0 0
1.25667 0 0 0 0
1.26333 0 0 0 0
1.27 0 0 0 0
1.27667 0 0 0 0
1.28333 0 0 0 0
1.29 0 0 0 0
1.29667 0 0 0 0
1.30333 0 0 0 0
1.31 0 0 0 0
1.31667 0 0 0 0
1.32333 0 0 0 0
1.33 0 0 0 0
1.33667 0 0 0 0
1.34333 0 0 0 0
1.35 0 0 0 0
1.35667 0 0 0 0
1.36333 0 0 0 0
1.37 0 0 0 0
1.37667 0 0 0 0
1.38333 0 0 0 0
1.39 0 0 0 0
1.39667 0 0 0 0
1.40333 0 0 0 0
1.41 0 0 0 0
1.41667 0 0 0 0
1.42333 0 0 0 0
1.43 0 0 0 0
1.43667 0 0 0 0
1.44333 0 0 0 0
1.45 0 0 0 0
1.45667 0 0 0 0
1.46333 0 0 0 0
1.47 0 0 0 0
1.47667 0 0 0 0
1.48333 0 0 0 0
1.49 0 0 0 0
1.49667 0 0 0 0
1.50333 0 0 0 0
1.51 0 0 0 0
1.51667 0 0 0 0
1.52333 0 0 0 0
1.53 0 0 0 0
1.53667 0 0 0 0
1.54333 0 0 0 0
1.55 0 0 0 0
1.55667 0 0 0 0
1.56333 0 0 0 0
1.57 0 0 0 0
1.57667 0 0 0 0
1.58333 0 0 0 0
1.59 0 0 0 0
1.59667 0 0 0 0
1.60333 0 0 0 0
1.61 0 0 0 0
1.61667 0 0 0 0
1.62333 0 0 0 0
1.63 0 0 0 0
1.63667 0 0 0 0
1.64333 0 0 0 0
1.65 0 0 0 0
1.65667 0 0 0 0
1.66333 0 0 0 0
1.67 0 0 0 0
1.67667 0 0 0 0
1.68333 0 0 0 0
1.69 0 0 0 0
1.69667 0 0 0 0
1.70333 0 0 0 0
1.71 0 0 0 0
1.71667 0 0 0 0
1.72333 0 0 0 0
1.73 0 0 0 0
1.73667 0 0 0 0
1.74333 0 0 0 0
1.75 0 0 0 0
1.75667 0 0 0 0
1.76333 0 0 0 0
1.77 0 0 0 0
1.77667 0 0 0 0
1.78333 0 0 0 0
1.79 0 0 0 0
1.79667 0 0 0 0
1.80333 0 0 0 0
1.81 0 0 0 0
1.81667 0 0 0 0
1.82333 0 0 0 0
1.83 0 0 0 0
1.83667 0 0 0 0
1.84333 0 0 0 0
1.85 0 0 0 0
1.85667 0 0 0 0
1.86333 0 0 0 0
1.87 0 0 0 0
1.87667 0 0 0 0
1.88333 0 0 0 0
1.89 0 0 0 0
1.89667 0 0 0 0
1.90333 0 0 0 0
1.91 0 0 0 0
1.91667 0 0 0 0
1.92333 0 0 0 0
1.93 0 0 0 0
1.93667 0 0 0 0
1.94333 0 0 0 0
1.95 0 0 0 0
1.95667 0 0 0 0
1.96333 0 0 0 0
1.97 0 0 0 0
1.97667 0 0 0 0
1.98333 0 0 0 0
1.99 0 0 0 0
1.99667 0 0 0 0
