0.00333333 59 51 2 3
0.01 84 52 0 1
0.0166667 86 50 1 1
0.0233333 90 63 2 1
0.03 106 68 1 0
0.0366667 117 73 2 0
0.0433333 97 72 1 1
0.05 136 82 0 1
0.0566667 144 92 3 0
0.0633333 173 99 6 2
0.07 192 102 2 3
0.0766667 176 96 4 2
0.0833333 162 109 2 3
0.09 209 113 3 5
0.0966667 197 126 1 0
0.103333 212 132 1 0
0.11 183 127 2 4
0.116667 225 121 2 2
0.123333 204 120 7 1
0.13 214 119 2 1
0.136667 201 113 2 1
0.143333 209 130 2 2
0.15 215 109 4 2
0.156667 180 131 1 2
0.163333 192 119 2 2
0.17 183 102 1 2
0.176667 167 107 2 2
0.183333 200 142 1 2
0.19 204 184 4 4
0.196667 207 163 0 3
0.203333 183 143 5 1
0.21 188 150 2 2
0.216667 210 109 2 2
0.223333 186 116 1 2
0.23 182 131 3 2
0.236667 176 97 0 0
0.243333 180 102 2 2
0.25 151 101 4 1
0.256667 146 100 1 1
0.263333 159 86 2 0
0.27 166 75 2 3
0.276667 139 76 2 2
0.283333 143 73 2 2
0.29 128 70 1 2
0.296667 122 86 2 1
0.303333 129 70 2 2
0.31 124 84 2 0
0.316667 124 78 4 0
0.323333 116 70 1 2
0.33 126 96 0 2
0.336667 101 78 3 3
0.343333 112 51 2 2
0.35 119 69 3 2
0.356667 112 67 0 1
0.363333 94 72 0 3
0.37 111 71 0 0
0.376667 89 60 3 1
0.383333 95 65 1 1
0.39 111 67 0 1
0.396667 99 55 1 0
0.403333 90 64 2 1
0.41 104 60 3 0
0.416667 83 64 0 1
0.423333 80 57 1 0
0.43 100 47 1 2
0.436667 108 60 1 3
0.443333 100 64 3 1
0.45 100 48 0 0
0.456667 104 50 0 1
0.463333 113 65 4 2
0.47 109 63 2 2
0.476667 78 45 1 1
0.483333 68 30 1 1
0.49 64 27 0 2
0.496667 54 35 1 1
0.503333 54 30 0 1
0.51 59 25 1 0
0.516667 52 17 0 1
0.523333 46 19 1 1
0.53 41 23 1 0
0.536667 38 13 0 1
0.543333 44 17 1 0
0.55 36 21 0 1
0.556667 40 12 0 1
0.563333 40 21 0 0
0.57 40 24 0 2
0.576667 48 21 1 1
0.583333 33 17 0 1
0.59 51 20 1 0
0.596667 44 13 1 0
0.603333 36 7 0 1
0.61 47 9 0 1
0.616667 47 13 0 1
0.623333 49 9 1 1
0.63 40 17 1 1
0.636667 53 21 0 2
0.643333 22 19 1 3
0.65 48 10 0 1
0.656667 38 12 0 1
0.663333 3748 2923 9 33
0.67 0 0 0 0
0.676667 0 0 0 0
0.683333 0 0 0 0
0.69 0 0 0 0
0.696667 0 0 0 0
0.703333 0 0 0 0
0.71 0 0 0 0
0.716667 0 0 0 0
0.723333 0 0 0 0
0.73 0 0 0 0
0.736667 0 0 0 0
0.743333 0 0 0 0
0.75 0 0 0 0
0.756667 0 0 0 0
0.763333 0 0 0 0
0.77 0 0 0 0
0.776667 0 0 0 0
0.783333 0 0 0 0
0.79 0 0 0 0
0.796667 0 0 0 0
0.803333 0 0 0 0
0.81 0 0 0 0
0.816667 0 0 0 0
0.823333 0 0 0 0
0.83 0 0 0 0
0.836667 0 0 0 0
0.843333 0 0 0 0
0.85 0 0 0 0
0.856667 0 0 0 0
0.863333 0 0 0 0
0.87 0 0 0 0
0.876667 0 0 0 0
0.883333 0 0 0 0
0.89 0 0 0 0
0.896667 0 0 0 0
0.903333 0 0 0 0
0.91 0 0 0 0
0.916667 0 0 0 0
0.923333 0 0 0 0
0.93 0 0 0 0
0.936667 0 0 0 0
0.943333 0 0 0 0
0.95 0 0 0 0
0.956667 0 0 0 0
0.963333 0 0 0 0
0.97 0 0 0 0
0.976667 0 0 0 0
0.983333 0 0 0 0
0.99 0 0 0 0
0.996667 0 0 0 0
1.00333 0 0 0 0
1.01 0 0 0 0
1.01667 0 0 0 0
1.02333 0 0 0 0
1.03 0 0 0 0
1.03667 0 0 0 0
1.04333 0 0 0 0
1.05 0 0 0 0
1.05667 0 0 0 0
1.06333 0 0 0 0
1.07 0 0 0 0
1.07667 0 0 0 0
1.08333 0 0 0 0
1.09 0 0 0 0
1.09667 0 0 0 0
1.10333 0 0 0 0
1.11 0 0 0 0
1.11667 0 0 0 0
1.12333 0 0 0 0
1.13 0 0 0 0
1.13667 0 0 0 0
1.14333 0 0 0 0
1.15 0 0 0 0
1.15667 0 0 0 0
1.16333 0 0 0 0
1.17 0 0 0 0
1.17667 0 0 0 0
1.18333 0 0 0 0
1.19 0 0 0 0
1.19667 0 0 0 0
1.20333 0 0 0 0
1.21 0 0 0 0
1.21667 0 0 0 0
1.22333 0 0 0 0
1.23 0 0 0 0
1.23667 0 0 0 0
1.24333 0 0 0 0
1.25 0 0 0 0
1.25667 0 0 0 0
1.26333 0 0 0 0
1.27 0 0 0 0
1.27667 0 0 0 0
1.28333 0 0 0 0
1.29 0 0 0 0
1.29667 0 0 0 0
1.30333 0 0 0 0
1.31 0 0 0 0
1.31667 0 0 0 0
1.32333 0 0 0 0
1.33 0 0 0 0
1.33667 0 0 0 0
1.34333 0 0 0 0
1.35 0 0 0 0
1.35667 0 0 0 0
1.36333 0 0 0 0
1.37 0 0 0 0
1.37667 0 0 0 0
1.38333 0 0 0 0
1.39 0 0 0 0
1.39667 0 0 0 0
1.40333 0 0 0 0
1.41 0 0 0 0
1.41667 0 0 0 0
1.42333 0 0 0 0
1.43 0 0 0 0
1.43667 0 0 0 0
1.44333 0 0 0 0
1.45 0 0 0 0
1.45667 0 0 0 0
1.46333 0 0 0 0
1.47 0 0 0 0
1.47667 0 0 0 0
1.48333 0 0 0 0
1.49 0 0 0 0
1.49667 0 0 0 0
1.50333 0 0 0 0
1.51 0 0 0 0
1.51667 0 0 0 0
1.52333 0 0 0 0
1.53 0 0 0 0
1.53667 0 0 0 0
1.54333 0 0 0 0
1.55 0 0 0 0
1.55667 0 0 0 0
1.56333 0 0 0 0
1.57 0 0 0 0
1.57667 0 0 0 0
1.58333 0 0 0 0
1.59 0 0 0 0
1.59667 0 0 0 0
1.60333 0 0 0 0
1.61 0 0 0 0
1.61667 0 0 0 0
1.62333 0 0 0 0
1.63 0 0 0 0
1.63667 0 0 0 0
1.64333 0 0 0 0
1.65 0 0 0 0
1.65667 0 0 0 0
1.66333 0 0 0 0
1.67 0 0 0 0
1.67667 0 0 0 0
1.68333 0 0 0 0
1.69 0 0 0 0
1.69667 0 0 0 0
1.70333 0 0 0 0
1.71 0 0 0 0
1.71667 0 0 0 0
1.72333 0 0 0 0
1.73 0 0 0 0
1.73667 0 0 0 0
1.74333 0 0 0 0
1.75 0 0 0 0
1.75667 0 0 0 0
1.76333 0 0 0 0
1.77 0 0 0 0
1.77667 0 0 0 0
1.78333 0 0 0 0
1.79 0 0 0 0
1.79667 0 0 0 0
1.80333 0 0 0 0
1.81 0 0 0 0
1.81667 0 0 0 0
1.82333 0 0 0 0
1.83 0 0 0 0
1.83667 0 0 0 0
1.84333 0 0 0 0
1.85 0 0 0 0
1.85667 0 0 0 0
1.86333 0 0 0 0
1.87 0 0 0 0
1.87667 0 0 0 0
1.88333 0 0 0 0
1.89 0 0 0 0
1.89667 0 0 0 0
1.90333 0 0 0 0
1.91 0 0 0 0
1.91667 0 0 0 0
1.92333 0 0 0 0
1.93 0 0 0 0
1.93667 0 0 0 0
1.94333 0 0 0 0
1.95 0 0 0 0
1.95667 0 0 0 0
1.96333 0 0 0 0
1.97 0 0 0 0
1.97667 0 0 0 0
1.98333 0 0 0 0
1.99 0 0 0 0
1.99667 0 0 0 0
