0.00333333 5 55 14 2
0.01 2 76 21 5
0.0166667 7 72 23 5
0.0233333 3 65 20 3
0.03 10 64 33 4
0.0366667 8 73 27 10
0.0433333 8 87 42 8
0.05 6 93 52 13
0.0566667 15 123 51 14
0.0633333 15 121 56 7
0.07 18 130 64 14
0.0766667 15 117 56 15
0.0833333 18 126 68 17
0.09 13 121 77 15
0.0966667 20 159 45 20
0.103333 19 137 54 15
0.11 14 143 71 16
0.116667 16 148 55 16
0.123333 19 154 54 23
0.13 9 176 54 14
0.136667 22 144 52 8
0.143333 13 162 64 21
0.15 23 154 65 9
0.156667 17 155 46 9
0.163333 14 141 40 10
0.17 16 139 48 7
0.176667 14 130 54 9
0.183333 20 188 55 12
0.19 11 231 53 18
0.196667 10 205 48 14
0.203333 18 182 37 11
0.21 9 186 40 15
0.216667 11 150 33 11
0.223333 18 147 39 7
0.23 14 140 33 10
0.236667 11 130 35 8
0.243333 8 112 49 8
0.25 13 129 34 14
0.256667 15 94 37 4
0.263333 7 94 38 5
0.27 9 98 37 5
0.276667 8 103 29 9
0.283333 11 85 29 9
0.29 9 108 33 10
0.296667 6 92 24 7
0.303333 13 64 22 8
0.31 5 100 34 12
0.316667 16 97 28 5
0.323333 6 80 28 14
0.33 6 71 25 4
0.336667 10 84 27 14
0.343333 14 76 24 12
0.35 7 76 32 10
0.356667 8 83 15 10
0.363333 9 82 22 3
0.37 10 78 22 5
0.376667 11 68 33 8
0.383333 6 85 25 6
0.39 12 80 24 10
0.396667 9 72 29 6
0.403333 5 77 22 7
0.41 6 74 26 1
0.416667 6 80 26 9
0.423333 11 77 29 3
0.43 8 68 14 7
0.436667 10 71 19 5
0.443333 8 70 26 9
0.45 10 57 10 6
0.456667 10 63 18 2
0.463333 8 89 19 9
0.47 5 66 24 6
0.476667 8 69 20 9
0.483333 5 35 12 1
0.49 6 34 14 3
0.496667 4 34 15 3
0.503333 4 23 20 6
0.51 3 26 11 5
0.516667 6 35 12 6
0.523333 2 24 16 2
0.53 2 29 8 1
0.536667 3 19 10 2
0.543333 4 22 13 7
0.55 3 16 23 1
0.556667 7 20 9 3
0.563333 2 19 10 4
0.57 4 21 14 5
0.576667 3 22 16 4
0.583333 2 20 12 3
0.59 5 22 17 3
0.596667 3 12 10 3
0.603333 6 14 8 5
0.61 6 17 10 5
0.616667 6 12 11 4
0.623333 6 11 13 3
0.63 3 17 10 4
0.636667 6 19 16 5
0.643333 4 13 11 5
0.65 6 8 13 2
0.656667 4 18 11 9
0.663333 133 3687 463 126
0.67 0 0 0 0
0.676667 0 0 0 0
0.683333 0 0 0 0
0.69 0 0 0 0
0.696667 0 0 0 0
0.703333 0 0 0 0
0.71 0 0 0 0
0.716667 0 0 0 0
0.723333 0 0 0 0
0.73 0 0 0 0
0.736667 0 0 0 0
0.743333 0 0 0 0
0.75 0 0 0 0
0.756667 0 0 0 0
0.763333 0 0 0 0
0.77 0 0 0 0
0.776667 0 0 0 0
0.783333 0 0 0 0
0.79 0 0 0 0
0.796667 0 0 0 0
0.803333 0 0 0 0
0.81 0 0 0 0
0.816667 0 0 0 0
0.823333 0 0 0 0
0.83 0 0 0 0
0.836667 0 0 0 0
0.843333 0 0 0 0
0.85 0 0 0 0
0.856667 0 0 0 0
0.863333 0 0 0 0
0.87 0 0 0 0
0.876667 0 0 0 0
0.883333 0 0 0 0
0.89 0 0 0 0
0.896667 0 0 0 0
0.903333 0 0 0 0
0.91 0 0 0 0
0.916667 0 0 0 0
0.923333 0 0 0 0
0.93 0 0 0 0
0.936667 0 0 0 0
0.943333 0 0 0 0
0.95 0 0 0 0
0.956667 0 0 0 0
0.963333 0 0 0 0
0.97 0 0 0 0
0.976667 0 0 0 0
0.983333 0 0 0 0
0.99 0 0 0 0
0.996667 0 0 0 0
1.00333 0 0 0 0
1.01 0 0 0 0
1.01667 0 0 0 0
1.02333 0 0 0 0
1.03 0 0 0 0
1.03667 0 0 0 0
1.04333 0 0 0 0
1.05 0 0 0 0
1.05667 0 0 0 0
1.06333 0 0 0 0
1.07 0 0 0 0
1.07667 0 0 0 0
1.08333 0 0 0 0
1.09 0 0 0 0
1.09667 0 0 0 0
1.10333 0 0 0 0
1.11 0 0 0 0
1.11667 0 0 0 0
1.12333 0 0 0 0
1.13 0 0 0 0
1.13667 0 0 0 0
1.14333 0 0 0 0
1.15 0 0 0 0
1.15667 0 0 0 0
1.16333 0 0 0 0
1.17 0 0 0 0
1.17667 0 0 0 0
1.18333 0 0 0 0
1.19 0 0 0 0
1.19667 0 0 0 0
1.20333 0 0 0 0
1.21 0 0 0 0
1.21667 0 0 0 0
1.22333 0 0 0 0
1.23 0 0 0 0
1.23667 0 0 0 0
1.24333 0 0 0 0
1.25 0 0 0 0
1.25667 0 0 0 0
1.26333 0 0 0 0
1.27 0 0 0 0
1.27667 0 0 0 0
1.28333 0 0 0 0
1.29 0 0 0 0
1.29667 0 0 0 0
1.30333 0 0 0 0
1.31 0 0 0 0
1.31667 0 0 0 0
1.32333 0 0 0 0
1.33 0 0 0 0
1.33667 0 0 0 0
1.34333 0 0 0 0
1.35 0 0 0 0
1.35667 0 0 0 0
1.36333 0 0 0 0
1.37 0 0 0 0
1.37667 0 0 0 0
1.38333 0 0 0 0
1.39 0 0 0 0
1.39667 0 0 0 0
1.40333 0 0 0 0
1.41 0 0 0 0
1.41667 0 0 0 0
1.42333 0 0 0 0
1.43 0 0 0 0
1.43667 0 0 0 0
1.44333 0 0 0 0
1.45 0 0 0 0
1.45667 0 0 0 0
1.46333 0 0 0 0
1.47 0 0 0 0
1.47667 0 0 0 0
1.48333 0 0 0 0
1.49 0 0 0 0
1.49667 0 0 0 0
1.50333 0 0 0 0
1.51 0 0 0 0
1.51667 0 0 0 0
1.52333 0 0 0 0
1.53 0 0 0 0
1.53667 0 0 0 0
1.54333 0 0 0 0
1.55 0 0 0 0
1.55667 0 0 0 0
1.56333 0 0 0 0
1.57 0 0 0 0
1.57667 0 0 0 0
1.58333 0 0 0 0
1.59 0 0 0 0
1.59667 0 0 0 0
1.60333 0 0 0 0
1.61 0 0 0 0
1.61667 0 0 0 0
1.62333 0 0 0 0
1.63 0 0 0 0
1.63667 0 0 0 0
1.64333 0 0 0 0
1.65 0 0 0 0
1.65667 0 0 0 0
1.66333 0 0 0 0
1.67 0 0 0 0
1.67667 0 0 0 0
1.68333 0 0 0 0
1.69 0 0 0 0
1.69667 0 0 0 0
1.70333 0 0 0 0
1.71 0 0 0 0
1.71667 0 0 0 0
1.72333 0 0 0 0
1.73 0 0 0 0
1.73667 0 0 0 0
1.74333 0 0 0 0
1.75 0 0 0 0
1.75667 0 0 0 0
1.76333 0 0 0 0
1.77 0 0 0 0
1.77667 0 0 0 0
1.78333 0 0 0 0
1.79 0 0 0 0
1.79667 0 0 0 0
1.80333 0 0 0 0
1.81 0 0 0 0
1.81667 0 0 0 0
1.82333 0 0 0 0
1.83 0 0 0 0
1.83667 0 0 0 0
1.84333 0 0 0 0
1.85 0 0 0 0
1.85667 0 0 0 0
1.86333 0 0 0 0
1.87 0 0 0 0
1.87667 0 0 0 0
1.88333 0 0 0 0
1.89 0 0 0 0
1.89667 0 0 0 0
1.90333 0 0 0 0
1.91 0 0 0 0
1.91667 0 0 0 0
1.92333 0 0 0 0
1.93 0 0 0 0
1.93667 0 0 0 0
1.94333 0 0 0 0
1.95 0 0 0 0
1.95667 0 0 0 0
1.96333 0 0 0 0
1.97 0 0 0 0
1.97667 0 0 0 0
1.98333 0 0 0 0
1.99 0 0 0 0
1.99667 0 0 0 0
