0.00333333 12 24 14 1
0.01 16 48 10 3
0.0166667 14 47 13 5
0.0233333 25 39 23 11
0.03 28 47 21 7
0.0366667 27 57 29 6
0.0433333 34 99 30 7
0.05 45 108 33 11
0.0566667 34 132 47 17
0.0633333 48 152 44 11
0.07 51 158 51 13
0.0766667 63 153 49 15
0.0833333 55 173 50 20
0.09 74 153 60 14
0.0966667 56 158 57 15
0.103333 58 153 63 11
0.11 52 152 69 17
0.116667 42 147 77 13
0.123333 45 140 56 10
0.13 52 120 54 8
0.136667 57 136 36 17
0.143333 39 135 46 14
0.15 44 109 28 16
0.156667 50 112 41 7
0.163333 38 95 40 11
0.17 46 105 38 10
0.176667 40 114 40 11
0.183333 51 105 38 15
0.19 40 105 34 16
0.196667 40 102 33 8
0.203333 50 101 36 12
0.21 42 99 38 17
0.216667 31 97 32 15
0.223333 39 91 48 9
0.23 32 77 18 6
0.236667 30 89 35 11
0.243333 27 77 24 10
0.25 28 70 20 5
0.256667 16 80 24 10
0.263333 20 64 35 14
0.27 32 69 28 6
0.276667 24 63 31 8
0.283333 23 74 23 8
0.29 21 53 27 5
0.296667 27 54 22 5
0.303333 23 50 28 5
0.31 27 53 29 4
0.316667 19 59 16 7
0.323333 20 54 20 6
0.33 21 41 20 5
0.336667 17 70 16 7
0.343333 12 44 15 5
0.35 27 62 25 5
0.356667 18 56 26 5
0.363333 20 52 14 4
0.37 15 48 21 6
0.376667 21 43 13 8
0.383333 22 59 13 5
0.39 20 41 16 5
0.396667 24 49 5 7
0.403333 10 36 17 9
0.41 20 39 14 1
0.416667 20 44 12 3
0.423333 18 34 20 7
0.43 14 38 16 3
0.436667 19 40 11 7
0.443333 16 38 16 5
0.45 13 40 14 8
0.456667 13 41 14 7
0.463333 11 35 11 8
0.47 18 31 11 7
0.476667 23 27 22 9
0.483333 13 29 7 4
0.49 4 22 13 5
0.496667 9 22 14 5
0.503333 8 22 15 1
0.51 15 33 13 3
0.516667 9 22 6 5
0.523333 10 22 8 6
0.53 9 17 8 2
0.536667 7 23 7 5
0.543333 8 19 8 5
0.55 8 18 6 3
0.556667 7 20 14 4
0.563333 12 23 2 5
0.57 5 25 5 5
0.576667 10 24 5 1
0.583333 3 15 14 3
0.59 2 22 6 1
0.596667 9 20 15 2
0.603333 9 21 9 6
0.61 4 19 6 3
0.616667 9 17 7 1
0.623333 8 19 3 3
0.63 10 21 9 8
0.636667 10 21 9 3
0.643333 5 12 6 2
0.65 9 18 3 5
0.656667 6 19 9 3
0.663333 325 819 308 81
0.67 0 0 0 0
0.676667 0 0 0 0
0.683333 0 0 0 0
0.69 0 0 0 0
0.696667 0 0 0 0
0.703333 0 0 0 0
0.71 0 0 0 0
0.716667 0 0 0 0
0.723333 0 0 0 0
0.73 0 0 0 0
0.736667 0 0 0 0
0.743333 0 0 0 0
0.75 0 0 0 0
0.756667 0 0 0 0
0.763333 0 0 0 0
0.77 0 0 0 0
0.776667 0 0 0 0
0.783333 0 0 0 0
0.79 0 0 0 0
0.796667 0 0 0 0
0.803333 0 0 0 0
0.81 0 0 0 0
0.816667 0 0 0 0
0.823333 0 0 0 0
0.83 0 0 0 0
0.836667 0 0 0 0
0.843333 0 0 0 0
0.85 0 0 0 0
0.856667 0 0 0 0
0.863333 0 0 0 0
0.87 0 0 0 0
0.876667 0 0 0 0
0.883333 0 0 0 0
0.89 0 0 0 0
0.896667 0 0 0 0
0.903333 0 0 0 0
0.91 0 0 0 0
0.916667 0 0 0 0
0.923333 0 0 0 0
0.93 0 0 0 0
0.936667 0 0 0 0
0.943333 0 0 0 0
0.95 0 0 0 0
0.956667 0 0 0 0
0.963333 0 0 0 0
0.97 0 0 0 0
0.976667 0 0 0 0
0.983333 0 0 0 0
0.99 0 0 0 0
0.996667 0 0 0 0
1.00333 0 0 0 0
1.01 0 0 0 0
1.01667 0 0 0 0
1.02333 0 0 0 0
1.03 0 0 0 0
1.03667 0 0 0 0
1.04333 0 0 0 0
1.05 0 0 0 0
1.05667 0 0 0 0
1.06333 0 0 0 0
1.07 0 0 0 0
1.07667 0 0 0 0
1.08333 0 0 0 0
1.09 0 0 0 0
1.09667 0 0 0 0
1.10333 0 0 0 0
1.11 0 0 0 0
1.11667 0 0 0 0
1.12333 0 0 0 0
1.13 0 0 0 0
1.13667 0 0 0 0
1.14333 0 0 0 0
1.15 0 0 0 0
1.15667 0 0 0 0
1.16333 0 0 0 0
1.17 0 0 0 0
1.17667 0 0 0 0
1.18333 0 0 0 0
1.19 0 0 0 0
1.19667 0 0 0 0
1.20333 0 0 0 0
1.21 0 0 0 0
1.21667 0 0 0 0
1.22333 0 0 0 0
1.23 0 0 0 0
1.23667 0 0 0 0
1.24333 0 0 0 0
1.25 0 0 0 0
1.25667 0 0 0 0
1.26333 0 0 0 0
1.27 0 0 0 0
1.27667 0 0 0 0
1.28333 0 0 0 0
1.29 0 0 0 0
1.29667 0 0 0 0
1.30333 0 0 0 0
1.31 0 0 0 0
1.31667 0 0 0 0
1.32333 0 0 0 0
1.33 0 0 0 0
1.33667 0 0 0 0
1.34333 0 0 0 0
1.35 0 0 0 0
1.35667 0 0 0 0
1.36333 0 0 0 0
1.37 0 0 0 0
1.37667 0 0 0 0
1.38333 0 0 0 0
1.39 0 0 0 0
1.39667 0 0 0 0
1.40333 0 0 0 0
1.41 0 0 0 0
1.41667 0 0 0 0
1.42333 0 0 0 0
1.43 0 0 0 0
1.43667 0 0 0 0
1.44333 0 0 0 0
1.45 0 0 0 0
1.45667 0 0 0 0
1.46333 0 0 0 0
1.47 0 0 0 0
1.47667 0 0 0 0
1.48333 0 0 0 0
1.49 0 0 0 0
1.49667 0 0 0 0
1.50333 0 0 0 0
1.51 0 0 0 0
1.51667 0 0 0 0
1.52333 0 0 0 0
1.53 0 0 0 0
1.53667 0 0 0 0
1.54333 0 0 0 0
1.55 0 0 0 0
1.55667 0 0 0 0
1.56333 0 0 0 0
1.57 0 0 0 0
1.57667 0 0 0 0
1.58333 0 0 0 0
1.59 0 0 0 0
1.59667 0 0 0 0
1.60333 0 0 0 0
1.61 0 0 0 0
1.61667 0 0 0 0
1.62333 0 0 0 0
1.63 0 0 0 0
1.63667 0 0 0 0
1.64333 0 0 0 0
1.65 0 0 0 0
1.65667 0 0 0 0
1.66333 0 0 0 0
1.67 0 0 0 0
1.67667 0 0 0 0
1.68333 0 0 0 0
1.69 0 0 0 0
1.69667 0 0 0 0
1.70333 0 0 0 0
1.71 0 0 0 0
1.71667 0 0 0 0
1.72333 0 0 0 0
1.73 0 0 0 0
1.73667 0 0 0 0
1.74333 0 0 0 0
1.75 0 0 0 0
1.75667 0 0 0 0
1.76333 0 0 0 0
1.77 0 0 0 0
1.77667 0 0 0 0
1.78333 0 0 0 0
1.79 0 0 0 0
1.79667 0 0 0 0
1.80333 0 0 0 0
1.81 0 0 0 0
1.81667 0 0 0 0
1.82333 0 0 0 0
1.83 0 0 0 0
1.83667 0 0 0 0
1.84333 0 0 0 0
1.85 0 0 0 0
1.85667 0 0 0 0
1.86333 0 0 0 0
1.87 0 0 0 0
1.87667 0 0 0 0
1.88333 0 0 0 0
1.89 0 0 0 0
1.89667 0 0 0 0
1.90333 0 0 0 0
1.91 0 0 0 0
1.91667 0 0 0 0
1.92333 0 0 0 0
1.93 0 0 0 0
1.93667 0 0 0 0
1.94333 0 0 0 0
1.95 0 0 0 0
1.95667 0 0 0 0
1.96333 0 0 0 0
1.97 0 0 0 0
1.97667 0 0 0 0
1.98333 0 0 0 0
1.99 0 0 0 0
1.99667 0 0 0 0
