0.00333333 3 11 62 5
0.01 5 19 103 14
0.0166667 2 16 100 6
0.0233333 2 21 121 6
0.03 5 28 115 24
0.0366667 2 27 128 18
0.0433333 8 32 169 20
0.05 9 37 199 36
0.0566667 8 49 227 34
0.0633333 10 57 249 26
0.07 14 50 255 51
0.0766667 8 57 282 48
0.0833333 9 56 286 34
0.09 8 40 318 36
0.0966667 4 59 285 38
0.103333 6 55 276 43
0.11 8 52 353 33
0.116667 6 48 327 42
0.123333 8 42 322 39
0.13 6 45 297 39
0.136667 7 52 308 26
0.143333 9 49 300 30
0.15 5 31 292 33
0.156667 6 50 267 19
0.163333 2 50 292 37
0.17 5 40 289 21
0.176667 2 41 279 17
0.183333 4 43 293 24
0.19 5 43 324 25
0.196667 6 52 357 28
0.203333 4 47 321 22
0.21 8 54 277 25
0.216667 8 42 257 24
0.223333 5 33 267 12
0.23 5 42 255 23
0.236667 3 45 243 24
0.243333 5 32 222 23
0.25 4 34 211 20
0.256667 6 37 192 14
0.263333 3 33 181 19
0.27 2 25 157 21
0.276667 4 22 170 12
0.283333 3 25 156 16
0.29 8 24 132 18
0.296667 3 24 155 11
0.303333 4 32 139 25
0.31 0 31 145 18
0.316667 0 21 119 13
0.323333 1 28 152 14
0.33 3 22 134 12
0.336667 3 30 119 12
0.343333 1 22 115 19
0.35 2 20 144 13
0.356667 3 25 112 14
0.363333 4 28 124 11
0.37 5 26 106 12
0.376667 1 16 122 14
0.383333 5 21 129 16
0.39 2 25 119 9
0.396667 4 25 132 14
0.403333 2 19 92 12
0.41 0 15 98 13
0.416667 2 13 120 9
0.423333 0 14 86 10
0.43 1 16 106 7
0.436667 6 27 109 8
0.443333 1 24 97 5
0.45 2 23 107 7
0.456667 3 12 110 13
0.463333 1 14 119 9
0.47 5 17 112 9
0.476667 0 10 92 7
0.483333 1 11 55 7
0.49 0 14 61 4
0.496667 2 15 52 9
0.503333 3 16 76 4
0.51 0 15 49 4
0.516667 2 15 63 6
0.523333 1 11 55 9
0.53 6 10 42 8
0.536667 0 12 38 9
0.543333 0 9 47 5
0.55 3 5 47 2
0.556667 4 13 47 9
0.563333 1 5 51 2
0.57 2 8 42 6
0.576667 0 12 44 7
0.583333 3 5 29 6
0.59 1 6 42 9
0.596667 1 9 45 16
0.603333 3 8 41 5
0.61 0 8 35 7
0.616667 2 7 29 3
0.623333 2 5 43 2
0.63 3 9 33 5
0.636667 3 12 48 5
0.643333 1 8 42 6
0.65 3 12 30 10
0.656667 1 6 39 3
0.663333 23 501 4112 148
0.67 0 0 0 0
0.676667 0 0 0 0
0.683333 0 0 0 0
0.69 0 0 0 0
0.696667 0 0 0 0
0.703333 0 0 0 0
0.71 0 0 0 0
0.716667 0 0 0 0
0.723333 0 0 0 0
0.73 0 0 0 0
0.736667 0 0 0 0
0.743333 0 0 0 0
0.75 0 0 0 0
0.756667 0 0 0 0
0.763333 0 0 0 0
0.77 0 0 0 0
0.776667 0 0 0 0
0.783333 0 0 0 0
0.79 0 0 0 0
0.796667 0 0 0 0
0.803333 0 0 0 0
0.81 0 0 0 0
0.816667 0 0 0 0
0.823333 0 0 0 0
0.83 0 0 0 0
0.836667 0 0 0 0
0.843333 0 0 0 0
0.85 0 0 0 0
0.856667 0 0 0 0
0.863333 0 0 0 0
0.87 0 0 0 0
0.876667 0 0 0 0
0.883333 0 0 0 0
0.89 0 0 0 0
0.896667 0 0 0 0
0.903333 0 0 0 0
0.91 0 0 0 0
0.916667 0 0 0 0
0.923333 0 0 0 0
0.93 0 0 0 0
0.936667 0 0 0 0
0.943333 0 0 0 0
0.95 0 0 0 0
0.956667 0 0 0 0
0.963333 0 0 0 0
0.97 0 0 0 0
0.976667 0 0 0 0
0.983333 0 0 0 0
0.99 0 0 0 0
0.996667 0 0 0 0
1.00333 0 0 0 0
1.01 0 0 0 0
1.01667 0 0 0 0
1.02333 0 0 0 0
1.03 0 0 0 0
1.03667 0 0 0 0
1.04333 0 0 0 0
1.05 0 0 0 0
1.05667 0 0 0 0
1.06333 0 0 0 0
1.07 0 0 0 0
1.07667 0 0 0 0
1.08333 0 0 0 0
1.09 0 0 0 0
1.09667 0 0 0 0
1.10333 0 0 0 0
1.11 0 0 0 0
1.11667 0 0 0 0
1.12333 0 0 0 0
1.13 0 0 0 0
1.13667 0 0 0 0
1.14333 0 0 0 0
1.15 0 0 0 0
1.15667 0 0 0 0
1.16333 0 0 0 0
1.17 0 0 0 0
1.17667 0 0 0 0
1.18333 0 0 0 0
1.19 0 0 0 0
1.19667 0 0 0 0
1.20333 0 0 0 0
1.21 0 0 0 0
1.21667 0 0 0 0
1.22333 0 0 0 0
1.23 0 0 0 0
1.23667 0 0 0 0
1.24333 0 0 0 0
1.25 0 0 0 0
1.25667 0 0 0 0
1.26333 0 0 0 0
1.27 0 0 0 0
1.27667 0 0 0 0
1.28333 0 0 0 0
1.29 0 0 0 0
1.29667 0 0 0 0
1.30333 0 0 0 0
1.31 0 0 0 0
1.31667 0 0 0 0
1.32333 0 0 0 0
1.33 0 0 0 0
1.33667 0 0 0 0
1.34333 0 0 0 0
1.35 0 0 0 0
1.35667 0 0 0 0
1.36333 0 0 0 0
1.37 0 0 0 0
1.37667 0 0 0 0
1.38333 0 0 0 0
1.39 0 0 0 0
1.39667 0 0 0 0
1.40333 0 0 0 0
1.41 0 0 0 0
1.41667 0 0 0 0
1.42333 0 0 0 0
1.43 0 0 0 0
1.43667 0 0 0 0
1.44333 0 0 0 0
1.45 0 0 0 0
1.45667 0 0 0 0
1.46333 0 0 0 0
1.47 0 0 0 0
1.47667 0 0 0 0
1.48333 0 0 0 0
1.49 0 0 0 0
1.49667 0 0 0 0
1.50333 0 0 0 0
1.51 0 0 0 0
1.51667 0 0 0 0
1.52333 0 0 0 0
1.53 0 0 0 0
1.53667 0 0 0 0
1.54333 0 0 0 0
1.55 0 0 0 0
1.55667 0 0 0 0
1.56333 0 0 0 0
1.57 0 0 0 0
1.57667 0 0 0 0
1.58333 0 0 0 0
1.59 0 0 0 0
1.59667 0 0 0 0
1.60333 0 0 0 0
1.61 0 0 0 0
1.61667 0 0 0 0
1.62333 0 0 0 0
1.63 0 0 0 0
1.63667 0 0 0 0
1.64333 0 0 0 0
1.65 0 0 0 0
1.65667 0 0 0 0
1.66333 0 0 0 0
1.67 0 0 0 0
1.67667 0 0 0 0
1.68333 0 0 0 0
1.69 0 0 0 0
1.69667 0 0 0 0
1.70333 0 0 0 0
1.71 0 0 0 0
1.71667 0 0 0 0
1.72333 0 0 0 0
1.73 0 0 0 0
1.73667 0 0 0 0
1.74333 0 0 0 0
1.75 0 0 0 0
1.75667 0 0 0 0
1.76333 0 0 0 0
1.77 0 0 0 0
1.77667 0 0 0 0
1.78333 0 0 0 0
1.79 0 0 0 0
1.79667 0 0 0 0
1.80333 0 0 0 0
1.81 0 0 0 0
1.81667 0 0 0 0
1.82333 0 0 0 0
1.83 0 0 0 0
1.83667 0 0 0 0
1.84333 0 0 0 0
1.85 0 0 0 0
1.85667 0 0 0 0
1.86333 0 0 0 0
1.87 0 0 0 0
1.87667 0 0 0 0
1.88333 0 0 0 0
1.89 0 0 0 0
1.89667 0 0 0 0
1.90333 0 0 0 0
1.91 0 0 0 0
1.91667 0 0 0 0
1.92333 0 0 0 0
1.93 0 0 0 0
1.93667 0 0 0 0
1.94333 0 0 0 0
1.95 0 0 0 0
1.95667 0 0 0 0
1.96333 0 0 0 0
1.97 0 0 0 0
1.97667 0 0 0 0
1.98333 0 0 0 0
1.99 0 0 0 0
1.99667 0 0 0 0
