0.00333333 58 89 2 2
0.01 72 100 2 3
0.0166667 54 99 7 0
0.0233333 65 110 5 5
0.03 74 106 8 1
0.0366667 89 147 9 5
0.0433333 90 149 11 1
0.05 130 220 11 3
0.0566667 138 248 13 6
0.0633333 153 272 11 4
0.07 198 254 12 4
0.0766667 164 304 15 6
0.0833333 188 311 11 1
0.09 189 328 16 6
0.0966667 224 338 11 6
0.103333 202 304 12 6
0.11 210 292 9 6
0.116667 206 292 12 4
0.123333 196 346 15 3
0.13 161 287 9 5
0.136667 195 284 12 8
0.143333 191 277 12 6
0.15 169 286 13 5
0.156667 144 272 10 5
0.163333 160 244 4 7
0.17 170 254 12 3
0.176667 155 286 15 4
0.183333 170 302 7 3
0.19 172 304 12 4
0.196667 161 304 6 2
0.203333 156 272 9 7
0.21 165 258 8 9
0.216667 134 248 3 6
0.223333 145 232 3 6
0.23 122 210 8 4
0.236667 110 218 10 11
0.243333 127 236 2 4
0.25 114 210 6 6
0.256667 116 186 4 3
0.263333 87 169 6 3
0.27 113 172 6 3
0.276667 111 166 4 4
0.283333 86 185 4 2
0.29 80 139 5 2
0.296667 100 138 2 5
0.303333 90 142 8 4
0.31 95 139 4 3
0.316667 86 115 2 3
0.323333 89 119 8 4
0.33 70 140 4 5
0.336667 79 125 6 1
0.343333 77 123 8 2
0.35 82 119 7 5
0.356667 64 115 7 1
0.363333 73 95 5 1
0.37 57 121 5 6
0.376667 69 126 7 3
0.383333 63 93 6 3
0.39 59 109 9 1
0.396667 73 107 5 1
0.403333 75 99 3 3
0.41 70 103 4 1
0.416667 47 97 1 3
0.423333 68 99 8 1
0.43 60 100 3 6
0.436667 57 91 3 3
0.443333 51 101 5 5
0.45 56 96 6 0
0.456667 61 113 2 3
0.463333 62 92 6 2
0.47 57 93 2 1
0.476667 56 88 3 4
0.483333 37 66 3 3
0.49 51 63 2 3
0.496667 39 55 6 0
0.503333 30 54 3 2
0.51 31 50 1 2
0.516667 31 56 2 1
0.523333 34 49 4 1
0.53 26 42 3 1
0.536667 25 57 2 2
0.543333 23 33 1 3
0.55 25 50 1 1
0.556667 36 36 3 0
0.563333 31 39 2 0
0.57 35 46 4 1
0.576667 26 49 4 3
0.583333 27 58 1 1
0.59 26 35 0 2
0.596667 25 39 1 1
0.603333 24 47 3 2
0.61 27 34 1 1
0.616667 28 36 5 2
0.623333 18 46 1 2
0.63 28 40 0 1
0.636667 36 45 2 0
0.643333 32 38 3 0
0.65 24 25 1 1
0.656667 16 41 4 3
0.663333 1824 3457 61 69
0.67 0 0 0 0
0.676667 0 0 0 0
0.683333 0 0 0 0
0.69 0 0 0 0
0.696667 0 0 0 0
0.703333 0 0 0 0
0.71 0 0 0 0
0.716667 0 0 0 0
0.723333 0 0 0 0
0.73 0 0 0 0
0.736667 0 0 0 0
0.743333 0 0 0 0
0.75 0 0 0 0
0.756667 0 0 0 0
0.763333 0 0 0 0
0.77 0 0 0 0
0.776667 0 0 0 0
0.783333 0 0 0 0
0.79 0 0 0 0
0.796667 0 0 0 0
0.803333 0 0 0 0
0.81 0 0 0 0
0.816667 0 0 0 0
0.823333 0 0 0 0
0.83 0 0 0 0
0.836667 0 0 0 0
0.843333 0 0 0 0
0.85 0 0 0 0
0.856667 0 0 0 0
0.863333 0 0 0 0
0.87 0 0 0 0
0.876667 0 0 0 0
0.883333 0 0 0 0
0.89 0 0 0 0
0.896667 0 0 0 0
0.903333 0 0 0 0
0.91 0 0 0 0
0.916667 0 0 0 0
0.923333 0 0 0 0
0.93 0 0 0 0
0.936667 0 0 0 0
0.943333 0 0 0 0
0.95 0 0 0 0
0.956667 0 0 0 0
0.963333 0 0 0 0
0.97 0 0 0 0
0.976667 0 0 0 0
0.983333 0 0 0 0
0.99 0 0 0 0
0.996667 0 0 0 0
1.00333 0 0 0 0
1.01 0 0 0 0
1.01667 0 0 0 0
1.02333 0 0 0 0
1.03 0 0 0 0
1.03667 0 0 0 0
1.04333 0 0 0 0
1.05 0 0 0 0
1.05667 0 0 0 0
1.06333 0 0 0 0
1.07 0 0 0 0
1.07667 0 0 0 0
1.08333 0 0 0 0
1.09 0 0 0 0
1.09667 0 0 0 0
1.10333 0 0 0 0
1.11 0 0 0 0
1.11667 0 0 0 0
1.12333 0 0 0 0
1.13 0 0 0 0
1.13667 0 0 0 0
1.14333 0 0 0 0
1.15 0 0 0 0
1.15667 0 0 0 0
1.16333 0 0 0 0
1.17 0 0 0 0
1.17667 0 0 0 0
1.18333 0 0 0 0
1.19 0 0 0 0
1.19667 0 0 0 0
1.20333 0 0 0 0
1.21 0 0 0 0
1.21667 0 0 0 0
1.22333 0 0 0 0
1.23 0 0 0 0
1.23667 0 0 0 0
1.24333 0 0 0 0
1.25 0 0 0 0
1.25667 0 0 0 0
1.26333 0 0 0 0
1.27 0 0 0 0
1.27667 0 0 0 0
1.28333 0 0 0 0
1.29 0 0 0 0
1.29667 0 0 0 0
1.30333 0 0 0 0
1.31 0 0 0 0
1.31667 0 0 0 0
1.32333 0 0 0 0
1.33 0 0 0 0
1.33667 0 0 0 0
1.34333 0 0 0 0
1.35 0 0 0 0
1.35667 0 0 0 0
1.36333 0 0 0 0
1.37 0 0 0 0
1.37667 0 0 0 0
1.38333 0 0 0 0
1.39 0 0 0 0
1.39667 0 0 0 0
1.40333 0 0 0 0
1.41 0 0 0 0
1.41667 0 0 0 0
1.42333 0 0 0 0
1.43 0 0 0 0
1.43667 0 0 0 0
1.44333 0 0 0 0
1.45 0 0 0 0
1.45667 0 0 0 0
1.46333 0 0 0 0
1.47 0 0 0 0
1.47667 0 0 0 0
1.48333 0 0 0 0
1.49 0 0 0 0
1.49667 0 0 0 0
1.50333 0 0 0 0
1.51 0 0 0 0
1.51667 0 0 0 0
1.52333 0 0 0 0
1.53 0 0 0 0
1.53667 0 0 0 0
1.54333 0 0 0 0
1.55 0 0 0 0
1.55667 0 0 0 0
1.56333 0 0 0 0
1.57 0 0 0 0
1.57667 0 0 0 0
1.58333 0 0 0 0
1.59 0 0 0 0
1.59667 0 0 0 0
1.60333 0 0 0 0
1.61 0 0 0 0
1.61667 0 0 0 0
1.62333 0 0 0 0
1.63 0 0 0 0
1.63667 0 0 0 0
1.64333 0 0 0 0
1.65 0 0 0 0
1.65667 0 0 0 0
1.66333 0 0 0 0
1.67 0 0 0 0
1.67667 0 0 0 0
1.68333 0 0 0 0
1.69 0 0 0 0
1.69667 0 0 0 0
1.70333 0 0 0 0
1.71 0 0 0 0
1.71667 0 0 0 0
1.72333 0 0 0 0
1.73 0 0 0 0
1.73667 0 0 0 0
1.74333 0 0 0 0
1.75 0 0 0 0
1.75667 0 0 0 0
1.76333 0 0 0 0
1.77 0 0 0 0
1.77667 0 0 0 0
1.78333 0 0 0 0
1.79 0 0 0 0
1.79667 0 0 0 0
1.80333 0 0 0 0
1.81 0 0 0 0
1.81667 0 0 0 0
1.82333 0 0 0 0
1.83 0 0 0 0
1.83667 0 0 0 0
1.84333 0 0 0 0
1.85 0 0 0 0
1.85667 0 0 0 0
1.86333 0 0 0 0
1.87 0 0 0 0
1.87667 0 0 0 0
1.88333 0 0 0 0
1.89 0 0 0 0
1.89667 0 0 0 0
1.90333 0 0 0 0
1.91 0 0 0 0
1.91667 0 0 0 0
1.92333 0 0 0 0
1.93 0 0 0 0
1.93667 0 0 0 0
1.94333 0 0 0 0
1.95 0 0 0 0
1.95667 0 0 0 0
1.96333 0 0 0 0
1.97 0 0 0 0
1.97667 0 0 0 0
1.98333 0 0 0 0
1.99 0 0 0 0
1.99667 0 0 0 0
