0.00333333 11 46 5 0
0.01 29 74 8 2
0.0166667 36 80 16 2
0.0233333 28 84 11 1
0.03 31 69 5 4
0.0366667 39 86 11 1
0.0433333 59 111 12 0
0.05 80 146 14 2
0.0566667 90 196 19 2
0.0633333 84 208 13 2
0.07 105 180 21 2
0.0766667 144 196 21 3
0.0833333 106 204 24 2
0.09 112 226 21 3
0.0966667 103 231 21 3
0.103333 114 208 26 6
0.11 108 200 14 3
0.116667 95 236 17 3
0.123333 80 228 36 4
0.13 84 209 20 2
0.136667 98 170 17 3
0.143333 72 177 19 0
0.15 71 185 18 2
0.156667 59 168 26 1
0.163333 73 152 19 1
0.17 64 180 12 2
0.176667 65 155 18 2
0.183333 64 177 17 1
0.19 67 168 21 4
0.196667 65 175 19 1
0.203333 57 168 18 1
0.21 70 162 17 2
0.216667 55 154 19 1
0.223333 51 143 17 1
0.23 56 131 11 3
0.236667 52 145 20 3
0.243333 50 126 18 1
0.25 55 124 17 1
0.256667 46 135 15 1
0.263333 53 112 21 3
0.27 33 103 14 3
0.276667 51 118 17 4
0.283333 34 93 16 2
0.29 51 101 12 1
0.296667 30 116 8 3
0.303333 38 104 10 2
0.31 31 93 13 0
0.316667 26 68 10 0
0.323333 42 75 8 0
0.33 32 84 8 1
0.336667 36 77 8 1
0.343333 41 73 8 3
0.35 32 88 10 2
0.356667 18 77 10 0
0.363333 26 83 9 0
0.37 33 92 12 1
0.376667 35 74 5 1
0.383333 40 63 8 2
0.39 25 90 10 2
0.396667 28 76 11 3
0.403333 34 77 6 1
0.41 45 69 8 0
0.416667 32 61 18 2
0.423333 28 72 9 2
0.43 24 64 9 0
0.436667 21 73 14 2
0.443333 30 62 8 1
0.45 31 68 9 1
0.456667 22 76 10 0
0.463333 23 65 6 0
0.47 31 64 9 1
0.476667 20 55 6 1
0.483333 22 39 6 1
0.49 17 40 7 0
0.496667 22 43 4 0
0.503333 17 42 7 4
0.51 26 47 10 0
0.516667 29 35 5 1
0.523333 10 25 5 0
0.53 18 38 6 0
0.536667 17 40 6 2
0.543333 16 25 7 0
0.55 10 28 1 0
0.556667 9 44 3 0
0.563333 11 31 6 1
0.57 16 25 6 0
0.576667 7 38 8 0
0.583333 14 29 2 1
0.59 13 31 8 1
0.596667 16 35 6 1
0.603333 12 34 4 0
0.61 13 41 2 0
0.616667 9 28 4 1
0.623333 16 26 6 0
0.63 17 32 3 1
0.636667 15 26 1 0
0.643333 11 24 2 0
0.65 16 24 3 1
0.656667 10 31 3 0
0.663333 483 1920 239 6
0.67 0 0 0 0
0.676667 0 0 0 0
0.683333 0 0 0 0
0.69 0 0 0 0
0.696667 0 0 0 0
0.703333 0 0 0 0
0.71 0 0 0 0
0.716667 0 0 0 0
0.723333 0 0 0 0
0.73 0 0 0 0
0.736667 0 0 0 0
0.743333 0 0 0 0
0.75 0 0 0 0
0.756667 0 0 0 0
0.763333 0 0 0 0
0.77 0 0 0 0
0.776667 0 0 0 0
0.783333 0 0 0 0
0.79 0 0 0 0
0.796667 0 0 0 0
0.803333 0 0 0 0
0.81 0 0 0 0
0.816667 0 0 0 0
0.823333 0 0 0 0
0.83 0 0 0 0
0.836667 0 0 0 0
0.843333 0 0 0 0
0.85 0 0 0 0
0.856667 0 0 0 0
0.863333 0 0 0 0
0.87 0 0 0 0
0.876667 0 0 0 0
0.883333 0 0 0 0
0.89 0 0 0 0
0.896667 0 0 0 0
0.903333 0 0 0 0
0.91 0 0 0 0
0.916667 0 0 0 0
0.923333 0 0 0 0
0.93 0 0 0 0
0.936667 0 0 0 0
0.943333 0 0 0 0
0.95 0 0 0 0
0.956667 0 0 0 0
0.963333 0 0 0 0
0.97 0 0 0 0
0.976667 0 0 0 0
0.983333 0 0 0 0
0.99 0 0 0 0
0.996667 0 0 0 0
1.00333 0 0 0 0
1.01 0 0 0 0
1.01667 0 0 0 0
1.02333 0 0 0 0
1.03 0 0 0 0
1.03667 0 0 0 0
1.04333 0 0 0 0
1.05 0 0 0 0
1.05667 0 0 0 0
1.06333 0 0 0 0
1.07 0 0 0 0
1.07667 0 0 0 0
1.08333 0 0 0 0
1.09 0 0 0 0
1.09667 0 0 0 0
1.10333 0 0 0 0
1.11 0 0 0 0
1.11667 0 0 0 0
1.12333 0 0 0 0
1.13 0 0 0 0
1.13667 0 0 0 0
1.14333 0 0 0 0
1.15 0 0 0 0
1.15667 0 0 0 0
1.16333 0 0 0 0
1.17 0 0 0 0
1.17667 0 0 0 0
1.18333 0 0 0 0
1.19 0 0 0 0
1.19667 0 0 0 0
1.20333 0 0 0 0
1.21 0 0 0 0
1.21667 0 0 0 0
1.22333 0 0 0 0
1.23 0 0 0 0
1.23667 0 0 0 0
1.24333 0 0 0 0
1.25 0 0 0 0
1.25667 0 0 0 0
1.26333 0 0 0 0
1.27 0 0 0 0
1.27667 0 0 0 0
1.28333 0 0 0 0
1.29 0 0 0 0
1.29667 0 0 0 0
1.30333 0 0 0 0
1.31 0 0 0 0
1.31667 0 0 0 0
1.32333 0 0 0 0
1.33 0 0 0 0
1.33667 0 0 0 0
1.34333 0 0 0 0
1.35 0 0 0 0
1.35667 0 0 0 0
1.36333 0 0 0 0
1.37 0 0 0 0
1.37667 0 0 0 0
1.38333 0 0 0 0
1.39 0 0 0 0
1.39667 0 0 0 0
1.40333 0 0 0 0
1.41 0 0 0 0
1.41667 0 0 0 0
1.42333 0 0 0 0
1.43 0 0 0 0
1.43667 0 0 0 0
1.44333 0 0 0 0
1.45 0 0 0 0
1.45667 0 0 0 0
1.46333 0 0 0 0
1.47 0 0 0 0
1.47667 0 0 0 0
1.48333 0 0 0 0
1.49 0 0 0 0
1.49667 0 0 0 0
1.50333 0 0 0 0
1.51 0 0 0 0
1.51667 0 0 0 0
1.52333 0 0 0 0
1.53 0 0 0 0
1.53667 0 0 0 0
1.54333 0 0 0 0
1.55 0 0 0 0
1.55667 0 0 0 0
1.56333 0 0 0 0
1.57 0 0 0 0
1.57667 0 0 0 0
1.58333 0 0 0 0
1.59 0 0 0 0
1.59667 0 0 0 0
1.60333 0 0 0 0
1.61 0 0 0 0
1.61667 0 0 0 0
1.62333 0 0 0 0
1.63 0 0 0 0
1.63667 0 0 0 0
1.64333 0 0 0 0
1.65 0 0 0 0
1.65667 0 0 0 0
1.66333 0 0 0 0
1.67 0 0 0 0
1.67667 0 0 0 0
1.68333 0 0 0 0
1.69 0 0 0 0
1.69667 0 0 0 0
1.70333 0 0 0 0
1.71 0 0 0 0
1.71667 0 0 0 0
1.72333 0 0 0 0
1.73 0 0 0 0
1.73667 0 0 0 0
1.74333 0 0 0 0
1.75 0 0 0 0
1.75667 0 0 0 0
1.76333 0 0 0 0
1.77 0 0 0 0
1.77667 0 0 0 0
1.78333 0 0 0 0
1.79 0 0 0 0
1.79667 0 0 0 0
1.80333 0 0 0 0
1.81 0 0 0 0
1.81667 0 0 0 0
1.82333 0 0 0 0
1.83 0 0 0 0
1.83667 0 0 0 0
1.84333 0 0 0 0
1.85 0 0 0 0
1.85667 0 0 0 0
1.86333 0 0 0 0
1.87 0 0 0 0
1.87667 0 0 0 0
1.88333 0 0 0 0
1.89 0 0 0 0
1.89667 0 0 0 0
1.90333 0 0 0 0
1.91 0 0 0 0
1.91667 0 0 0 0
1.92333 0 0 0 0
1.93 0 0 0 0
1.93667 0 0 0 0
1.94333 0 0 0 0
1.95 0 0 0 0
1.95667 0 0 0 0
1.96333 0 0 0 0
1.97 0 0 0 0
1.97667 0 0 0 0
1.98333 0 0 0 0
1.99 0 0 0 0
1.99667 0 0 0 0
