0.00333333 2 8 44 24
0.01 6 12 55 21
0.0166667 4 11 55 28
0.0233333 4 14 60 20
0.03 3 21 84 32
0.0366667 1 21 89 40
0.0433333 3 28 113 44
0.05 8 29 198 68
0.0566667 17 38 184 71
0.0633333 12 33 209 90
0.07 8 47 207 95
0.0766667 13 34 218 84
0.0833333 10 43 193 107
0.09 8 38 232 85
0.0966667 6 38 241 106
0.103333 11 40 216 96
0.11 11 30 221 71
0.116667 10 35 240 111
0.123333 10 39 188 82
0.13 11 27 198 105
0.136667 8 31 213 89
0.143333 13 36 163 86
0.15 8 30 167 69
0.156667 8 35 203 60
0.163333 9 26 156 74
0.17 10 38 162 66
0.176667 7 18 159 65
0.183333 8 24 131 59
0.19 5 29 154 71
0.196667 7 35 158 62
0.203333 6 35 151 64
0.21 9 22 143 68
0.216667 5 26 125 62
0.223333 7 24 117 58
0.23 5 32 129 47
0.236667 8 28 119 59
0.243333 10 26 120 50
0.25 6 16 114 51
0.256667 4 21 102 49
0.263333 6 19 82 47
0.27 4 23 85 41
0.276667 5 20 104 37
0.283333 5 22 88 49
0.29 3 14 81 31
0.296667 5 17 97 51
0.303333 6 15 76 36
0.31 6 18 78 28
0.316667 1 14 75 34
0.323333 8 16 77 30
0.33 1 15 74 35
0.336667 2 12 74 25
0.343333 4 8 74 34
0.35 1 15 62 30
0.356667 3 12 76 25
0.363333 1 9 62 31
0.37 4 13 47 29
0.376667 1 13 64 26
0.383333 8 17 64 25
0.39 2 14 65 20
0.396667 4 10 48 26
0.403333 3 6 56 23
0.41 3 13 68 21
0.416667 5 14 53 31
0.423333 1 11 51 30
0.43 3 8 52 26
0.436667 3 8 38 21
0.443333 4 9 58 32
0.45 4 19 51 23
0.456667 2 12 50 33
0.463333 4 14 53 18
0.47 4 11 53 25
0.476667 3 14 47 21
0.483333 3 8 35 17
0.49 3 8 26 17
0.496667 2 6 31 12
0.503333 4 8 28 19
0.51 0 5 35 15
0.516667 2 9 37 16
0.523333 5 7 30 17
0.53 0 5 30 13
0.536667 2 1 25 15
0.543333 4 6 22 14
0.55 1 8 34 16
0.556667 4 10 34 12
0.563333 2 9 25 11
0.57 1 9 28 12
0.576667 5 12 18 17
0.583333 3 6 32 16
0.59 7 8 29 18
0.596667 3 7 24 12
0.603333 1 9 26 10
0.61 3 6 24 11
0.616667 1 12 14 6
0.623333 2 10 23 10
0.63 2 11 27 8
0.636667 0 9 26 11
0.643333 0 7 19 8
0.65 3 9 23 14
0.656667 1 7 22 7
0.663333 57 218 1312 587
0.67 0 0 0 0
0.676667 0 0 0 0
0.683333 0 0 0 0
0.69 0 0 0 0
0.696667 0 0 0 0
0.703333 0 0 0 0
0.71 0 0 0 0
0.716667 0 0 0 0
0.723333 0 0 0 0
0.73 0 0 0 0
0.736667 0 0 0 0
0.743333 0 0 0 0
0.75 0 0 0 0
0.756667 0 0 0 0
0.763333 0 0 0 0
0.77 0 0 0 0
0.776667 0 0 0 0
0.783333 0 0 0 0
0.79 0 0 0 0
0.796667 0 0 0 0
0.803333 0 0 0 0
0.81 0 0 0 0
0.816667 0 0 0 0
0.823333 0 0 0 0
0.83 0 0 0 0
0.836667 0 0 0 0
0.843333 0 0 0 0
0.85 0 0 0 0
0.856667 0 0 0 0
0.863333 0 0 0 0
0.87 0 0 0 0
0.876667 0 0 0 0
0.883333 0 0 0 0
0.89 0 0 0 0
0.896667 0 0 0 0
0.903333 0 0 0 0
0.91 0 0 0 0
0.916667 0 0 0 0
0.923333 0 0 0 0
0.93 0 0 0 0
0.936667 0 0 0 0
0.943333 0 0 0 0
0.95 0 0 0 0
0.956667 0 0 0 0
0.963333 0 0 0 0
0.97 0 0 0 0
0.976667 0 0 0 0
0.983333 0 0 0 0
0.99 0 0 0 0
0.996667 0 0 0 0
1.00333 0 0 0 0
1.01 0 0 0 0
1.01667 0 0 0 0
1.02333 0 0 0 0
1.03 0 0 0 0
1.03667 0 0 0 0
1.04333 0 0 0 0
1.05 0 0 0 0
1.05667 0 0 0 0
1.06333 0 0 0 0
1.07 0 0 0 0
1.07667 0 0 0 0
1.08333 0 0 0 0
1.09 0 0 0 0
1.09667 0 0 0 0
1.10333 0 0 0 0
1.11 0 0 0 0
1.11667 0 0 0 0
1.12333 0 0 0 0
1.13 0 0 0 0
1.13667 0 0 0 0
1.14333 0 0 0 0
1.15 0 0 0 0
1.15667 0 0 0 0
1.16333 0 0 0 0
1.17 0 0 0 0
1.17667 0 0 0 0
1.18333 0 0 0 0
1.19 0 0 0 0
1.19667 0 0 0 0
1.20333 0 0 0 0
1.21 0 0 0 0
1.21667 0 0 0 0
1.22333 0 0 0 0
1.23 0 0 0 0
1.23667 0 0 0 0
1.24333 0 0 0 0
1.25 0 0 0 0
1.25667 0 0 0 0
1.26333 0 0 0 0
1.27 0 0 0 0
1.27667 0 0 0 0
1.28333 0 0 0 0
1.29 0 0 0 0
1.29667 0 0 0 0
1.30333 0 0 0 0
1.31 0 0 0 0
1.31667 0 0 0 0
1.32333 0 0 0 0
1.33 0 0 0 0
1.33667 0 0 0 0
1.34333 0 0 0 0
1.35 0 0 0 0
1.35667 0 0 0 0
1.36333 0 0 0 0
1.37 0 0 0 0
1.37667 0 0 0 0
1.38333 0 0 0 0
1.39 0 0 0 0
1.39667 0 0 0 0
1.40333 0 0 0 0
1.41 0 0 0 0
1.41667 0 0 0 0
1.42333 0 0 0 0
1.43 0 0 0 0
1.43667 0 0 0 0
1.44333 0 0 0 0
1.45 0 0 0 0
1.45667 0 0 0 0
1.46333 0 0 0 0
1.47 0 0 0 0
1.47667 0 0 0 0
1.48333 0 0 0 0
1.49 0 0 0 0
1.49667 0 0 0 0
1.50333 0 0 0 0
1.51 0 0 0 0
1.51667 0 0 0 0
1.52333 0 0 0 0
1.53 0 0 0 0
1.53667 0 0 0 0
1.54333 0 0 0 0
1.55 0 0 0 0
1.55667 0 0 0 0
1.56333 0 0 0 0
1.57 0 0 0 0
1.57667 0 0 0 0
1.58333 0 0 0 0
1.59 0 0 0 0
1.59667 0 0 0 0
1.60333 0 0 0 0
1.61 0 0 0 0
1.61667 0 0 0 0
1.62333 0 0 0 0
1.63 0 0 0 0
1.63667 0 0 0 0
1.64333 0 0 0 0
1.65 0 0 0 0
1.65667 0 0 0 0
1.66333 0 0 0 0
1.67 0 0 0 0
1.67667 0 0 0 0
1.68333 0 0 0 0
1.69 0 0 0 0
1.69667 0 0 0 0
1.70333 0 0 0 0
1.71 0 0 0 0
1.71667 0 0 0 0
1.72333 0 0 0 0
1.73 0 0 0 0
1.73667 0 0 0 0
1.74333 0 0 0 0
1.75 0 0 0 0
1.75667 0 0 0 0
1.76333 0 0 0 0
1.77 0 0 0 0
1.77667 0 0 0 0
1.78333 0 0 0 0
1.79 0 0 0 0
1.79667 0 0 0 0
1.80333 0 0 0 0
1.81 0 0 0 0
1.81667 0 0 0 0
1.82333 0 0 0 0
1.83 0 0 0 0
1.83667 0 0 0 0
1.84333 0 0 0 0
1.85 0 0 0 0
1.85667 0 0 0 0
1.86333 0 0 0 0
1.87 0 0 0 0
1.87667 0 0 0 0
1.88333 0 0 0 0
1.89 0 0 0 0
1.89667 0 0 0 0
1.90333 0 0 0 0
1.91 0 0 0 0
1.91667 0 0 0 0
1.92333 0 0 0 0
1.93 0 0 0 0
1.93667 0 0 0 0
1.94333 0 0 0 0
1.95 0 0 0 0
1.95667 0 0 0 0
1.96333 0 0 0 0
1.97 0 0 0 0
1.97667 0 0 0 0
1.98333 0 0 0 0
1.99 0 0 0 0
1.99667 0 0 0 0
