0.00333333 3 10 60 9
0.01 2 18 60 9
0.0166667 5 21 53 10
0.0233333 10 22 78 13
0.03 1 23 78 16
0.0366667 8 22 102 16
0.0433333 7 24 127 19
0.05 5 54 167 25
0.0566667 11 40 183 32
0.0633333 11 56 208 35
0.07 9 62 219 39
0.0766667 12 46 248 41
0.0833333 16 52 239 29
0.09 8 54 229 30
0.0966667 8 49 220 42
0.103333 14 51 247 34
0.11 12 47 230 32
0.116667 6 48 256 33
0.123333 4 55 255 34
0.13 12 42 225 31
0.136667 5 45 238 24
0.143333 11 33 238 30
0.15 10 23 216 25
0.156667 5 34 217 25
0.163333 8 44 209 21
0.17 10 28 187 30
0.176667 8 24 204 25
0.183333 12 36 182 22
0.19 8 33 236 25
0.196667 10 38 189 32
0.203333 5 51 213 20
0.21 12 27 196 12
0.216667 1 30 185 22
0.223333 9 26 148 17
0.23 7 31 159 23
0.236667 3 26 143 22
0.243333 7 44 133 19
0.25 7 27 147 18
0.256667 5 18 120 14
0.263333 7 25 120 13
0.27 8 17 128 13
0.276667 5 19 125 24
0.283333 2 16 114 18
0.29 6 19 103 14
0.296667 2 19 112 12
0.303333 2 25 103 14
0.31 9 20 101 13
0.316667 4 15 98 9
0.323333 0 25 92 17
0.33 10 19 76 10
0.336667 4 24 93 12
0.343333 6 17 113 15
0.35 4 20 94 12
0.356667 1 21 81 13
0.363333 3 14 75 15
0.37 2 17 76 10
0.376667 5 15 62 11
0.383333 3 15 63 12
0.39 5 13 61 10
0.396667 4 9 71 11
0.403333 2 17 77 7
0.41 7 12 68 8
0.416667 3 14 78 10
0.423333 6 11 71 12
0.43 2 17 69 17
0.436667 8 10 64 12
0.443333 4 13 64 18
0.45 2 12 73 6
0.456667 6 17 59 10
0.463333 2 20 64 9
0.47 5 8 68 7
0.476667 3 15 49 10
0.483333 4 13 47 8
0.49 1 8 54 12
0.496667 3 15 50 6
0.503333 2 10 40 12
0.51 4 10 49 3
0.516667 2 11 47 4
0.523333 2 12 41 7
0.53 1 6 37 7
0.536667 4 6 40 5
0.543333 4 10 31 4
0.55 1 12 43 2
0.556667 1 6 42 5
0.563333 2 10 27 7
0.57 3 14 32 6
0.576667 9 8 34 8
0.583333 1 9 35 9
0.59 2 6 35 3
0.596667 4 13 19 9
0.603333 4 9 24 1
0.61 0 5 22 6
0.616667 5 10 38 6
0.623333 1 11 32 4
0.63 0 4 27 3
0.636667 1 10 43 6
0.643333 1 8 33 10
0.65 2 6 27 3
0.656667 1 6 24 10
0.663333 41 245 2284 162
0.67 0 0 0 0
0.676667 0 0 0 0
0.683333 0 0 0 0
0.69 0 0 0 0
0.696667 0 0 0 0
0.703333 0 0 0 0
0.71 0 0 0 0
0.716667 0 0 0 0
0.723333 0 0 0 0
0.73 0 0 0 0
0.736667 0 0 0 0
0.743333 0 0 0 0
0.75 0 0 0 0
0.756667 0 0 0 0
0.763333 0 0 0 0
0.77 0 0 0 0
0.776667 0 0 0 0
0.783333 0 0 0 0
0.79 0 0 0 0
0.796667 0 0 0 0
0.803333 0 0 0 0
0.81 0 0 0 0
0.816667 0 0 0 0
0.823333 0 0 0 0
0.83 0 0 0 0
0.836667 0 0 0 0
0.843333 0 0 0 0
0.85 0 0 0 0
0.856667 0 0 0 0
0.863333 0 0 0 0
0.87 0 0 0 0
0.876667 0 0 0 0
0.883333 0 0 0 0
0.89 0 0 0 0
0.896667 0 0 0 0
0.903333 0 0 0 0
0.91 0 0 0 0
0.916667 0 0 0 0
0.923333 0 0 0 0
0.93 0 0 0 0
0.936667 0 0 0 0
0.943333 0 0 0 0
0.95 0 0 0 0
0.956667 0 0 0 0
0.963333 0 0 0 0
0.97 0 0 0 0
0.976667 0 0 0 0
0.983333 0 0 0 0
0.99 0 0 0 0
0.996667 0 0 0 0
1.00333 0 0 0 0
1.01 0 0 0 0
1.01667 0 0 0 0
1.02333 0 0 0 0
1.03 0 0 0 0
1.03667 0 0 0 0
1.04333 0 0 0 0
1.05 0 0 0 0
1.05667 0 0 0 0
1.06333 0 0 0 0
1.07 0 0 0 0
1.07667 0 0 0 0
1.08333 0 0 0 0
1.09 0 0 0 0
1.09667 0 0 0 0
1.10333 0 0 0 0
1.11 0 0 0 0
1.11667 0 0 0 0
1.12333 0 0 0 0
1.13 0 0 0 0
1.13667 0 0 0 0
1.14333 0 0 0 0
1.15 0 0 0 0
1.15667 0 0 0 0
1.16333 0 0 0 0
1.17 0 0 0 0
1.17667 0 0 0 0
1.18333 0 0 0 0
1.19 0 0 0 0
1.19667 0 0 0 0
1.20333 0 0 0 0
1.21 0 0 0 0
1.21667 0 0 0 0
1.22333 0 0 0 0
1.23 0 0 0 0
1.23667 0 0 0 0
1.24333 0 0 0 0
1.25 0 0 0 0
1.25667 0 0 0 0
1.26333 0 0 0 0
1.27 0 0 0 0
1.27667 0 0 0 0
1.28333 0 0 0 0
1.29 0 0 0 0
1.29667 0 0 0 0
1.30333 0 0 0 0
1.31 0 0 0 0
1.31667 0 0 0 0
1.32333 0 0 0 0
1.33 0 0 0 0
1.33667 0 0 0 0
1.34333 0 0 0 0
1.35 0 0 0 0
1.35667 0 0 0 0
1.36333 0 0 0 0
1.37 0 0 0 0
1.37667 0 0 0 0
1.38333 0 0 0 0
1.39 0 0 0 0
1.39667 0 0 0 0
1.40333 0 0 0 0
1.41 0 0 0 0
1.41667 0 0 0 0
1.42333 0 0 0 0
1.43 0 0 0 0
1.43667 0 0 0 0
1.44333 0 0 0 0
1.45 0 0 0 0
1.45667 0 0 0 0
1.46333 0 0 0 0
1.47 0 0 0 0
1.47667 0 0 0 0
1.48333 0 0 0 0
1.49 0 0 0 0
1.49667 0 0 0 0
1.50333 0 0 0 0
1.51 0 0 0 0
1.51667 0 0 0 0
1.52333 0 0 0 0
1.53 0 0 0 0
1.53667 0 0 0 0
1.54333 0 0 0 0
1.55 0 0 0 0
1.55667 0 0 0 0
1.56333 0 0 0 0
1.57 0 0 0 0
1.57667 0 0 0 0
1.58333 0 0 0 0
1.59 0 0 0 0
1.59667 0 0 0 0
1.60333 0 0 0 0
1.61 0 0 0 0
1.61667 0 0 0 0
1.62333 0 0 0 0
1.63 0 0 0 0
1.63667 0 0 0 0
1.64333 0 0 0 0
1.65 0 0 0 0
1.65667 0 0 0 0
1.66333 0 0 0 0
1.67 0 0 0 0
1.67667 0 0 0 0
1.68333 0 0 0 0
1.69 0 0 0 0
1.69667 0 0 0 0
1.70333 0 0 0 0
1.71 0 0 0 0
1.71667 0 0 0 0
1.72333 0 0 0 0
1.73 0 0 0 0
1.73667 0 0 0 0
1.74333 0 0 0 0
1.75 0 0 0 0
1.75667 0 0 0 0
1.76333 0 0 0 0
1.77 0 0 0 0
1.77667 0 0 0 0
1.78333 0 0 0 0
1.79 0 0 0 0
1.79667 0 0 0 0
1.80333 0 0 0 0
1.81 0 0 0 0
1.81667 0 0 0 0
1.82333 0 0 0 0
1.83 0 0 0 0
1.83667 0 0 0 0
1.84333 0 0 0 0
1.85 0 0 0 0
1.85667 0 0 0 0
1.86333 0 0 0 0
1.87 0 0 0 0
1.87667 0 0 0 0
1.88333 0 0 0 0
1.89 0 0 0 0
1.89667 0 0 0 0
1.90333 0 0 0 0
1.91 0 0 0 0
1.91667 0 0 0 0
1.92333 0 0 0 0
1.93 0 0 0 0
1.93667 0 0 0 0
1.94333 0 0 0 0
1.95 0 0 0 0
1.95667 0 0 0 0
1.96333 0 0 0 0
1.97 0 0 0 0
1.97667 0 0 0 0
1.98333 0 0 0 0
1.99 0 0 0 0
1.99667 0 0 0 0
