0.00333333 0 4 87 20
0.01 1 4 107 23
0.0166667 1 5 125 43
0.0233333 0 6 111 28
0.03 1 7 142 40
0.0366667 0 8 130 46
0.0433333 4 10 203 62
0.05 4 9 232 88
0.0566667 5 9 258 99
0.0633333 5 11 331 105
0.07 2 22 327 122
0.0766667 1 16 348 101
0.0833333 4 23 385 109
0.09 3 15 348 114
0.0966667 3 18 346 112
0.103333 1 9 324 114
0.11 5 20 341 113
0.116667 4 18 340 121
0.123333 2 11 347 110
0.13 2 14 331 105
0.136667 3 12 316 74
0.143333 4 12 349 82
0.15 3 13 314 72
0.156667 0 13 336 79
0.163333 5 12 307 90
0.17 3 19 298 78
0.176667 5 11 280 86
0.183333 2 11 331 79
0.19 4 6 362 86
0.196667 3 11 317 64
0.203333 3 11 330 65
0.21 2 8 333 48
0.216667 5 8 335 68
0.223333 3 4 286 81
0.23 1 14 282 59
0.236667 1 8 263 55
0.243333 1 6 243 56
0.25 0 9 222 72
0.256667 0 2 217 42
0.263333 1 11 220 52
0.27 2 10 192 55
0.276667 1 4 179 53
0.283333 2 6 167 42
0.29 0 8 181 50
0.296667 0 8 159 54
0.303333 1 5 156 36
0.31 2 6 147 42
0.316667 2 7 131 34
0.323333 1 9 144 41
0.33 1 8 143 48
0.336667 2 9 136 45
0.343333 1 5 126 47
0.35 1 10 135 37
0.356667 1 4 126 29
0.363333 1 3 121 35
0.37 0 2 126 33
0.376667 1 5 122 27
0.383333 2 7 100 20
0.39 2 3 103 34
0.396667 0 4 101 33
0.403333 1 5 99 29
0.41 4 1 133 32
0.416667 2 2 123 31
0.423333 0 9 109 34
0.43 0 4 105 30
0.436667 1 6 106 32
0.443333 0 8 100 33
0.45 0 6 118 24
0.456667 2 6 104 29
0.463333 0 3 102 34
0.47 1 2 97 33
0.476667 1 4 93 17
0.483333 1 3 75 20
0.49 2 2 63 18
0.496667 0 2 53 26
0.503333 0 5 50 13
0.51 0 3 52 19
0.516667 0 4 47 15
0.523333 0 2 55 21
0.53 1 3 63 9
0.536667 0 2 44 11
0.543333 2 3 48 14
0.55 1 4 41 13
0.556667 0 2 35 16
0.563333 0 6 64 15
0.57 1 1 57 15
0.576667 4 3 42 12
0.583333 1 2 38 16
0.59 0 4 45 14
0.596667 1 2 46 6
0.603333 2 4 39 11
0.61 0 6 48 13
0.616667 0 2 42 12
0.623333 0 5 41 16
0.63 0 2 46 16
0.636667 0 4 48 14
0.643333 1 3 28 5
0.65 1 3 34 15
0.656667 0 3 31 12
0.663333 8 77 4239 573
0.67 0 0 0 0
0.676667 0 0 0 0
0.683333 0 0 0 0
0.69 0 0 0 0
0.696667 0 0 0 0
0.703333 0 0 0 0
0.71 0 0 0 0
0.716667 0 0 0 0
0.723333 0 0 0 0
0.73 0 0 0 0
0.736667 0 0 0 0
0.743333 0 0 0 0
0.75 0 0 0 0
0.756667 0 0 0 0
0.763333 0 0 0 0
0.77 0 0 0 0
0.776667 0 0 0 0
0.783333 0 0 0 0
0.79 0 0 0 0
0.796667 0 0 0 0
0.803333 0 0 0 0
0.81 0 0 0 0
0.816667 0 0 0 0
0.823333 0 0 0 0
0.83 0 0 0 0
0.836667 0 0 0 0
0.843333 0 0 0 0
0.85 0 0 0 0
0.856667 0 0 0 0
0.863333 0 0 0 0
0.87 0 0 0 0
0.876667 0 0 0 0
0.883333 0 0 0 0
0.89 0 0 0 0
0.896667 0 0 0 0
0.903333 0 0 0 0
0.91 0 0 0 0
0.916667 0 0 0 0
0.923333 0 0 0 0
0.93 0 0 0 0
0.936667 0 0 0 0
0.943333 0 0 0 0
0.95 0 0 0 0
0.956667 0 0 0 0
0.963333 0 0 0 0
0.97 0 0 0 0
0.976667 0 0 0 0
0.983333 0 0 0 0
0.99 0 0 0 0
0.996667 0 0 0 0
1.00333 0 0 0 0
1.01 0 0 0 0
1.01667 0 0 0 0
1.02333 0 0 0 0
1.03 0 0 0 0
1.03667 0 0 0 0
1.04333 0 0 0 0
1.05 0 0 0 0
1.05667 0 0 0 0
1.06333 0 0 0 0
1.07 0 0 0 0
1.07667 0 0 0 0
1.08333 0 0 0 0
1.09 0 0 0 0
1.09667 0 0 0 0
1.10333 0 0 0 0
1.11 0 0 0 0
1.11667 0 0 0 0
1.12333 0 0 0 0
1.13 0 0 0 0
1.13667 0 0 0 0
1.14333 0 0 0 0
1.15 0 0 0 0
1.15667 0 0 0 0
1.16333 0 0 0 0
1.17 0 0 0 0
1.17667 0 0 0 0
1.18333 0 0 0 0
1.19 0 0 0 0
1.19667 0 0 0 0
1.20333 0 0 0 0
1.21 0 0 0 0
1.21667 0 0 0 0
1.22333 0 0 0 0
1.23 0 0 0 0
1.23667 0 0 0 0
1.24333 0 0 0 0
1.25 0 0 0 0
1.25667 0 0 0 0
1.26333 0 0 0 0
1.27 0 0 0 0
1.27667 0 0 0 0
1.28333 0 0 0 0
1.29 0 0 0 0
1.29667 0 0 0 0
1.30333 0 0 0 0
1.31 0 0 0 0
1.31667 0 0 0 0
1.32333 0 0 0 0
1.33 0 0 0 0
1.33667 0 0 0 0
1.34333 0 0 0 0
1.35 0 0 0 0
1.35667 0 0 0 0
1.36333 0 0 0 0
1.37 0 0 0 0
1.37667 0 0 0 0
1.38333 0 0 0 0
1.39 0 0 0 0
1.39667 0 0 0 0
1.40333 0 0 0 0
1.41 0 0 0 0
1.41667 0 0 0 0
1.42333 0 0 0 0
1.43 0 0 0 0
1.43667 0 0 0 0
1.44333 0 0 0 0
1.45 0 0 0 0
1.45667 0 0 0 0
1.46333 0 0 0 0
1.47 0 0 0 0
1.47667 0 0 0 0
1.48333 0 0 0 0
1.49 0 0 0 0
1.49667 0 0 0 0
1.50333 0 0 0 0
1.51 0 0 0 0
1.51667 0 0 0 0
1.52333 0 0 0 0
1.53 0 0 0 0
1.53667 0 0 0 0
1.54333 0 0 0 0
1.55 0 0 0 0
1.55667 0 0 0 0
1.56333 0 0 0 0
1.57 0 0 0 0
1.57667 0 0 0 0
1.58333 0 0 0 0
1.59 0 0 0 0
1.59667 0 0 0 0
1.60333 0 0 0 0
1.61 0 0 0 0
1.61667 0 0 0 0
1.62333 0 0 0 0
1.63 0 0 0 0
1.63667 0 0 0 0
1.64333 0 0 0 0
1.65 0 0 0 0
1.65667 0 0 0 0
1.66333 0 0 0 0
1.67 0 0 0 0
1.67667 0 0 0 0
1.68333 0 0 0 0
1.69 0 0 0 0
1.69667 0 0 0 0
1.70333 0 0 0 0
1.71 0 0 0 0
1.71667 0 0 0 0
1.72333 0 0 0 0
1.73 0 0 0 0
1.73667 0 0 0 0
1.74333 0 0 0 0
1.75 0 0 0 0
1.75667 0 0 0 0
1.76333 0 0 0 0
1.77 0 0 0 0
1.77667 0 0 0 0
1.78333 0 0 0 0
1.79 0 0 0 0
1.79667 0 0 0 0
1.80333 0 0 0 0
1.81 0 0 0 0
1.81667 0 0 0 0
1.82333 0 0 0 0
1.83 0 0 0 0
1.83667 0 0 0 0
1.84333 0 0 0 0
1.85 0 0 0 0
1.85667 0 0 0 0
1.86333 0 0 0 0
1.87 0 0 0 0
1.87667 0 0 0 0
1.88333 0 0 0 0
1.89 0 0 0 0
1.89667 0 0 0 0
1.90333 0 0 0 0
1.91 0 0 0 0
1.91667 0 0 0 0
1.92333 0 0 0 0
1.93 0 0 0 0
1.93667 0 0 0 0
1.94333 0 0 0 0
1.95 0 0 0 0
1.95667 0 0 0 0
1.96333 0 0 0 0
1.97 0 0 0 0
1.97667 0 0 0 0
1.98333 0 0 0 0
1.99 0 0 0 0
1.99667 0 0 0 0
