0.00333333 25 68 11 2
0.01 26 61 14 0
0.0166667 34 78 4 4
0.0233333 34 66 6 4
0.03 45 95 9 5
0.0366667 37 103 11 7
0.0433333 73 117 21 2
0.05 83 142 37 4
0.0566667 84 195 29 7
0.0633333 101 248 26 8
0.07 109 232 21 10
0.0766667 118 227 25 11
0.0833333 92 244 34 20
0.09 120 237 42 12
0.0966667 122 249 33 11
0.103333 121 239 35 10
0.11 108 247 41 8
0.116667 117 204 37 13
0.123333 94 221 28 6
0.13 92 230 29 12
0.136667 104 207 23 17
0.143333 90 199 24 10
0.15 79 194 25 12
0.156667 85 209 23 7
0.163333 68 165 26 13
0.17 90 170 25 9
0.176667 98 176 25 7
0.183333 91 189 14 7
0.19 80 179 20 9
0.196667 76 183 11 8
0.203333 68 163 22 8
0.21 78 152 10 9
0.216667 60 171 15 13
0.223333 68 131 28 11
0.23 47 136 16 5
0.236667 64 136 21 9
0.243333 59 131 16 5
0.25 53 131 16 5
0.256667 47 122 14 8
0.263333 55 108 13 10
0.27 58 100 10 7
0.276667 57 94 18 5
0.283333 37 92 17 6
0.29 40 122 13 3
0.296667 56 92 8 3
0.303333 35 86 16 7
0.31 49 96 15 4
0.316667 44 91 15 7
0.323333 47 82 11 2
0.33 28 74 14 3
0.336667 31 71 10 6
0.343333 31 102 9 6
0.35 41 88 7 5
0.356667 37 71 9 1
0.363333 34 60 10 3
0.37 29 51 9 3
0.376667 38 64 13 4
0.383333 40 70 7 5
0.39 33 73 12 2
0.396667 33 53 5 5
0.403333 29 75 14 4
0.41 28 52 8 1
0.416667 31 55 4 5
0.423333 22 53 8 4
0.43 16 51 9 5
0.436667 29 66 8 3
0.443333 39 65 12 5
0.45 42 52 9 1
0.456667 29 57 11 6
0.463333 32 49 2 3
0.47 37 57 9 6
0.476667 28 53 10 3
0.483333 23 41 6 2
0.49 10 33 9 1
0.496667 22 45 7 2
0.503333 25 36 4 3
0.51 18 41 11 0
0.516667 10 31 4 5
0.523333 16 24 7 0
0.53 20 36 3 3
0.536667 12 25 3 1
0.543333 11 35 7 1
0.55 10 27 2 3
0.556667 13 30 2 1
0.563333 15 36 1 3
0.57 4 26 4 2
0.576667 15 28 3 1
0.583333 15 30 7 2
0.59 11 29 5 5
0.596667 17 32 6 2
0.603333 14 25 2 4
0.61 10 29 4 3
0.616667 12 30 8 1
0.623333 15 27 2 3
0.63 19 28 3 2
0.636667 13 32 5 3
0.643333 11 27 2 2
0.65 16 28 5 4
0.656667 3 23 6 2
0.663333 727 1624 136 65
0.67 0 0 0 0
0.676667 0 0 0 0
0.683333 0 0 0 0
0.69 0 0 0 0
0.696667 0 0 0 0
0.703333 0 0 0 0
0.71 0 0 0 0
0.716667 0 0 0 0
0.723333 0 0 0 0
0.73 0 0 0 0
0.736667 0 0 0 0
0.743333 0 0 0 0
0.75 0 0 0 0
0.756667 0 0 0 0
0.763333 0 0 0 0
0.77 0 0 0 0
0.776667 0 0 0 0
0.783333 0 0 0 0
0.79 0 0 0 0
0.796667 0 0 0 0
0.803333 0 0 0 0
0.81 0 0 0 0
0.816667 0 0 0 0
0.823333 0 0 0 0
0.83 0 0 0 0
0.836667 0 0 0 0
0.843333 0 0 0 0
0.85 0 0 0 0
0.856667 0 0 0 0
0.863333 0 0 0 0
0.87 0 0 0 0
0.876667 0 0 0 0
0.883333 0 0 0 0
0.89 0 0 0 0
0.896667 0 0 0 0
0.903333 0 0 0 0
0.91 0 0 0 0
0.916667 0 0 0 0
0.923333 0 0 0 0
0.93 0 0 0 0
0.936667 0 0 0 0
0.943333 0 0 0 0
0.95 0 0 0 0
0.956667 0 0 0 0
0.963333 0 0 0 0
0.97 0 0 0 0
0.976667 0 0 0 0
0.983333 0 0 0 0
0.99 0 0 0 0
0.996667 0 0 0 0
1.00333 0 0 0 0
1.01 0 0 0 0
1.01667 0 0 0 0
1.02333 0 0 0 0
1.03 0 0 0 0
1.03667 0 0 0 0
1.04333 0 0 0 0
1.05 0 0 0 0
1.05667 0 0 0 0
1.06333 0 0 0 0
1.07 0 0 0 0
1.07667 0 0 0 0
1.08333 0 0 0 0
1.09 0 0 0 0
1.09667 0 0 0 0
1.10333 0 0 0 0
1.11 0 0 0 0
1.11667 0 0 0 0
1.12333 0 0 0 0
1.13 0 0 0 0
1.13667 0 0 0 0
1.14333 0 0 0 0
1.15 0 0 0 0
1.15667 0 0 0 0
1.16333 0 0 0 0
1.17 0 0 0 0
1.17667 0 0 0 0
1.18333 0 0 0 0
1.19 0 0 0 0
1.19667 0 0 0 0
1.20333 0 0 0 0
1.21 0 0 0 0
1.21667 0 0 0 0
1.22333 0 0 0 0
1.23 0 0 0 0
1.23667 0 0 0 0
1.24333 0 0 0 0
1.25 0 0 0 0
1.25667 0 0 0 0
1.26333 0 0 0 0
1.27 0 0 0 0
1.27667 0 0 0 0
1.28333 0 0 0 0
1.29 0 0 0 0
1.29667 0 0 0 0
1.30333 0 0 0 0
1.31 0 0 0 0
1.31667 0 0 0 0
1.32333 0 0 0 0
1.33 0 0 0 0
1.33667 0 0 0 0
1.34333 0 0 0 0
1.35 0 0 0 0
1.35667 0 0 0 0
1.36333 0 0 0 0
1.37 0 0 0 0
1.37667 0 0 0 0
1.38333 0 0 0 0
1.39 0 0 0 0
1.39667 0 0 0 0
1.40333 0 0 0 0
1.41 0 0 0 0
1.41667 0 0 0 0
1.42333 0 0 0 0
1.43 0 0 0 0
1.43667 0 0 0 0
1.44333 0 0 0 0
1.45 0 0 0 0
1.45667 0 0 0 0
1.46333 0 0 0 0
1.47 0 0 0 0
1.47667 0 0 0 0
1.48333 0 0 0 0
1.49 0 0 0 0
1.49667 0 0 0 0
1.50333 0 0 0 0
1.51 0 0 0 0
1.51667 0 0 0 0
1.52333 0 0 0 0
1.53 0 0 0 0
1.53667 0 0 0 0
1.54333 0 0 0 0
1.55 0 0 0 0
1.55667 0 0 0 0
1.56333 0 0 0 0
1.57 0 0 0 0
1.57667 0 0 0 0
1.58333 0 0 0 0
1.59 0 0 0 0
1.59667 0 0 0 0
1.60333 0 0 0 0
1.61 0 0 0 0
1.61667 0 0 0 0
1.62333 0 0 0 0
1.63 0 0 0 0
1.63667 0 0 0 0
1.64333 0 0 0 0
1.65 0 0 0 0
1.65667 0 0 0 0
1.66333 0 0 0 0
1.67 0 0 0 0
1.67667 0 0 0 0
1.68333 0 0 0 0
1.69 0 0 0 0
1.69667 0 0 0 0
1.70333 0 0 0 0
1.71 0 0 0 0
1.71667 0 0 0 0
1.72333 0 0 0 0
1.73 0 0 0 0
1.73667 0 0 0 0
1.74333 0 0 0 0
1.75 0 0 0 0
1.75667 0 0 0 0
1.76333 0 0 0 0
1.77 0 0 0 0
1.77667 0 0 0 0
1.78333 0 0 0 0
1.79 0 0 0 0
1.79667 0 0 0 0
1.80333 0 0 0 0
1.81 0 0 0 0
1.81667 0 0 0 0
1.82333 0 0 0 0
1.83 0 0 0 0
1.83667 0 0 0 0
1.84333 0 0 0 0
1.85 0 0 0 0
1.85667 0 0 0 0
1.86333 0 0 0 0
1.87 0 0 0 0
1.87667 0 0 0 0
1.88333 0 0 0 0
1.89 0 0 0 0
1.89667 0 0 0 0
1.90333 0 0 0 0
1.91 0 0 0 0
1.91667 0 0 0 0
1.92333 0 0 0 0
1.93 0 0 0 0
1.93667 0 0 0 0
1.94333 0 0 0 0
1.95 0 0 0 0
1.95667 0 0 0 0
1.96333 0 0 0 0
1.97 0 0 0 0
1.97667 0 0 0 0
1.98333 0 0 0 0
1.99 0 0 0 0
1.99667 0 0 0 0
