0.00333333 14 43 8 9
0.01 27 48 5 12
0.0166667 9 46 11 12
0.0233333 15 39 9 9
0.03 23 56 14 10
0.0366667 34 67 17 12
0.0433333 28 95 21 4
0.05 45 96 24 17
0.0566667 42 96 37 20
0.0633333 45 135 31 21
0.07 60 127 36 18
0.0766667 47 133 35 25
0.0833333 50 126 38 24
0.09 60 137 32 17
0.0966667 40 116 34 16
0.103333 54 140 34 30
0.11 57 153 36 32
0.116667 40 144 37 36
0.123333 49 138 33 16
0.13 51 137 25 25
0.136667 44 129 31 24
0.143333 52 121 23 19
0.15 38 151 27 19
0.156667 43 114 27 20
0.163333 45 120 21 17
0.17 41 122 21 17
0.176667 48 115 22 16
0.183333 55 112 15 23
0.19 64 127 31 36
0.196667 58 122 27 35
0.203333 58 114 22 33
0.21 56 117 14 28
0.216667 32 122 21 24
0.223333 35 108 17 15
0.23 39 98 22 24
0.236667 43 98 14 19
0.243333 44 91 20 17
0.25 35 91 21 14
0.256667 32 76 20 13
0.263333 31 97 21 21
0.27 32 76 19 17
0.276667 28 80 17 19
0.283333 32 64 8 14
0.29 34 64 19 6
0.296667 40 59 26 8
0.303333 36 80 12 17
0.31 24 58 13 14
0.316667 38 66 20 13
0.323333 30 63 17 19
0.33 25 73 10 21
0.336667 24 61 13 8
0.343333 23 62 14 23
0.35 25 61 14 18
0.356667 29 55 16 16
0.363333 31 52 12 15
0.37 25 60 10 12
0.376667 15 52 14 13
0.383333 24 54 8 7
0.39 25 65 9 16
0.396667 28 60 15 17
0.403333 29 54 10 9
0.41 19 47 15 9
0.416667 28 57 8 17
0.423333 20 60 9 10
0.43 24 59 11 12
0.436667 28 51 11 15
0.443333 19 56 10 17
0.45 23 49 13 18
0.456667 28 45 14 13
0.463333 19 47 12 5
0.47 32 50 15 12
0.476667 24 48 8 8
0.483333 16 29 9 8
0.49 11 34 5 12
0.496667 22 41 10 8
0.503333 11 28 7 5
0.51 10 26 7 5
0.516667 11 26 8 5
0.523333 13 24 8 6
0.53 9 30 4 5
0.536667 12 33 6 6
0.543333 7 21 10 6
0.55 8 13 6 6
0.556667 12 25 7 8
0.563333 12 20 5 6
0.57 8 21 7 8
0.576667 10 31 5 4
0.583333 12 25 6 8
0.59 12 23 4 4
0.596667 12 24 3 9
0.603333 9 27 5 5
0.61 11 23 2 8
0.616667 17 22 7 7
0.623333 6 18 6 5
0.63 10 20 8 8
0.636667 4 28 5 6
0.643333 8 19 3 2
0.65 9 28 5 8
0.656667 3 20 3 10
0.663333 861 1578 134 450
0.67 0 0 0 0
0.676667 0 0 0 0
0.683333 0 0 0 0
0.69 0 0 0 0
0.696667 0 0 0 0
0.703333 0 0 0 0
0.71 0 0 0 0
0.716667 0 0 0 0
0.723333 0 0 0 0
0.73 0 0 0 0
0.736667 0 0 0 0
0.743333 0 0 0 0
0.75 0 0 0 0
0.756667 0 0 0 0
0.763333 0 0 0 0
0.77 0 0 0 0
0.776667 0 0 0 0
0.783333 0 0 0 0
0.79 0 0 0 0
0.796667 0 0 0 0
0.803333 0 0 0 0
0.81 0 0 0 0
0.816667 0 0 0 0
0.823333 0 0 0 0
0.83 0 0 0 0
0.836667 0 0 0 0
0.843333 0 0 0 0
0.85 0 0 0 0
0.856667 0 0 0 0
0.863333 0 0 0 0
0.87 0 0 0 0
0.876667 0 0 0 0
0.883333 0 0 0 0
0.89 0 0 0 0
0.896667 0 0 0 0
0.903333 0 0 0 0
0.91 0 0 0 0
0.916667 0 0 0 0
0.923333 0 0 0 0
0.93 0 0 0 0
0.936667 0 0 0 0
0.943333 0 0 0 0
0.95 0 0 0 0
0.956667 0 0 0 0
0.963333 0 0 0 0
0.97 0 0 0 0
0.976667 0 0 0 0
0.983333 0 0 0 0
0.99 0 0 0 0
0.996667 0 0 0 0
1.00333 0 0 0 0
1.01 0 0 0 0
1.01667 0 0 0 0
1.02333 0 0 0 0
1.03 0 0 0 0
1.03667 0 0 0 0
1.04333 0 0 0 0
1.05 0 0 0 0
1.05667 0 0 0 0
1.06333 0 0 0 0
1.07 0 0 0 0
1.07667 0 0 0 0
1.08333 0 0 0 0
1.09 0 0 0 0
1.09667 0 0 0 0
1.10333 0 0 0 0
1.11 0 0 0 0
1.11667 0 0 0 0
1.12333 0 0 0 0
1.13 0 0 0 0
1.13667 0 0 0 0
1.14333 0 0 0 0
1.15 0 0 0 0
1.15667 0 0 0 0
1.16333 0 0 0 0
1.17 0 0 0 0
1.17667 0 0 0 0
1.18333 0 0 0 0
1.19 0 0 0 0
1.19667 0 0 0 0
1.20333 0 0 0 0
1.21 0 0 0 0
1.21667 0 0 0 0
1.22333 0 0 0 0
1.23 0 0 0 0
1.23667 0 0 0 0
1.24333 0 0 0 0
1.25 0 0 0 0
1.25667 0 0 0 0
1.26333 0 0 0 0
1.27 0 0 0 0
1.27667 0 0 0 0
1.28333 0 0 0 0
1.29 0 0 0 0
1.29667 0 0 0 0
1.30333 0 0 0 0
1.31 0 0 0 0
1.31667 0 0 0 0
1.32333 0 0 0 0
1.33 0 0 0 0
1.33667 0 0 0 0
1.34333 0 0 0 0
1.35 0 0 0 0
1.35667 0 0 0 0
1.36333 0 0 0 0
1.37 0 0 0 0
1.37667 0 0 0 0
1.38333 0 0 0 0
1.39 0 0 0 0
1.39667 0 0 0 0
1.40333 0 0 0 0
1.41 0 0 0 0
1.41667 0 0 0 0
1.42333 0 0 0 0
1.43 0 0 0 0
1.43667 0 0 0 0
1.44333 0 0 0 0
1.45 0 0 0 0
1.45667 0 0 0 0
1.46333 0 0 0 0
1.47 0 0 0 0
1.47667 0 0 0 0
1.48333 0 0 0 0
1.49 0 0 0 0
1.49667 0 0 0 0
1.50333 0 0 0 0
1.51 0 0 0 0
1.51667 0 0 0 0
1.52333 0 0 0 0
1.53 0 0 0 0
1.53667 0 0 0 0
1.54333 0 0 0 0
1.55 0 0 0 0
1.55667 0 0 0 0
1.56333 0 0 0 0
1.57 0 0 0 0
1.57667 0 0 0 0
1.58333 0 0 0 0
1.59 0 0 0 0
1.59667 0 0 0 0
1.60333 0 0 0 0
1.61 0 0 0 0
1.61667 0 0 0 0
1.62333 0 0 0 0
1.63 0 0 0 0
1.63667 0 0 0 0
1.64333 0 0 0 0
1.65 0 0 0 0
1.65667 0 0 0 0
1.66333 0 0 0 0
1.67 0 0 0 0
1.67667 0 0 0 0
1.68333 0 0 0 0
1.69 0 0 0 0
1.69667 0 0 0 0
1.70333 0 0 0 0
1.71 0 0 0 0
1.71667 0 0 0 0
1.72333 0 0 0 0
1.73 0 0 0 0
1.73667 0 0 0 0
1.74333 0 0 0 0
1.75 0 0 0 0
1.75667 0 0 0 0
1.76333 0 0 0 0
1.77 0 0 0 0
1.77667 0 0 0 0
1.78333 0 0 0 0
1.79 0 0 0 0
1.79667 0 0 0 0
1.80333 0 0 0 0
1.81 0 0 0 0
1.81667 0 0 0 0
1.82333 0 0 0 0
1.83 0 0 0 0
1.83667 0 0 0 0
1.84333 0 0 0 0
1.85 0 0 0 0
1.85667 0 0 0 0
1.86333 0 0 0 0
1.87 0 0 0 0
1.87667 0 0 0 0
1.88333 0 0 0 0
1.89 0 0 0 0
1.89667 0 0 0 0
1.90333 0 0 0 0
1.91 0 0 0 0
1.91667 0 0 0 0
1.92333 0 0 0 0
1.93 0 0 0 0
1.93667 0 0 0 0
1.94333 0 0 0 0
1.95 0 0 0 0
1.95667 0 0 0 0
1.96333 0 0 0 0
1.97 0 0 0 0
1.97667 0 0 0 0
1.98333 0 0 0 0
1.99 0 0 0 0
1.99667 0 0 0 0
