0.00333333 47 25 3 1
0.01 51 35 1 2
0.0166667 52 27 3 1
0.0233333 54 39 6 4
0.03 50 42 5 2
0.0366667 75 55 5 2
0.0433333 64 66 11 5
0.05 103 97 11 6
0.0566667 115 112 7 3
0.0633333 117 124 14 5
0.07 116 112 12 5
0.0766667 108 117 16 6
0.0833333 145 120 15 6
0.09 128 114 15 4
0.0966667 128 115 19 4
0.103333 135 120 15 3
0.11 152 107 14 9
0.116667 164 114 18 6
0.123333 161 122 8 11
0.13 144 106 12 10
0.136667 110 89 7 7
0.143333 130 100 14 5
0.15 139 78 8 6
0.156667 100 78 9 4
0.163333 127 78 15 4
0.17 129 93 13 8
0.176667 122 70 9 6
0.183333 131 64 3 2
0.19 121 77 13 10
0.196667 130 69 11 15
0.203333 145 67 5 9
0.21 124 77 2 7
0.216667 139 72 9 5
0.223333 122 58 7 9
0.23 109 64 8 7
0.236667 103 69 5 6
0.243333 99 57 7 4
0.25 83 55 8 6
0.256667 93 48 3 7
0.263333 87 48 3 4
0.27 100 55 5 5
0.276667 90 63 4 6
0.283333 79 41 3 6
0.29 67 57 9 2
0.296667 83 36 6 3
0.303333 81 43 5 3
0.31 74 45 4 7
0.316667 67 46 1 4
0.323333 74 43 7 4
0.33 64 36 5 5
0.336667 72 43 4 8
0.343333 61 39 1 4
0.35 56 43 3 2
0.356667 71 34 9 6
0.363333 61 39 5 2
0.37 61 35 6 3
0.376667 63 30 2 4
0.383333 62 24 9 3
0.39 54 33 9 0
0.396667 56 25 3 6
0.403333 58 29 6 4
0.41 51 38 8 3
0.416667 50 35 4 4
0.423333 42 36 7 1
0.43 51 33 2 4
0.436667 43 42 4 2
0.443333 52 31 8 4
0.45 41 25 10 3
0.456667 40 28 3 2
0.463333 42 36 2 2
0.47 43 26 3 4
0.476667 46 30 6 3
0.483333 39 26 3 1
0.49 34 21 2 3
0.496667 33 20 4 1
0.503333 27 20 4 3
0.51 30 19 4 3
0.516667 21 31 1 2
0.523333 25 21 6 1
0.53 25 17 2 5
0.536667 21 16 4 7
0.543333 20 22 3 1
0.55 30 18 1 6
0.556667 19 21 1 6
0.563333 24 20 1 4
0.57 19 23 2 1
0.576667 19 15 1 2
0.583333 16 10 1 3
0.59 22 14 2 5
0.596667 28 12 4 1
0.603333 19 13 2 3
0.61 16 21 8 0
0.616667 29 9 2 2
0.623333 28 20 2 4
0.63 18 11 3 0
0.636667 21 10 4 3
0.643333 10 13 3 3
0.65 14 14 3 3
0.656667 15 16 1 2
0.663333 1775 637 56 108
0.67 0 0 0 0
0.676667 0 0 0 0
0.683333 0 0 0 0
0.69 0 0 0 0
0.696667 0 0 0 0
0.703333 0 0 0 0
0.71 0 0 0 0
0.716667 0 0 0 0
0.723333 0 0 0 0
0.73 0 0 0 0
0.736667 0 0 0 0
0.743333 0 0 0 0
0.75 0 0 0 0
0.756667 0 0 0 0
0.763333 0 0 0 0
0.77 0 0 0 0
0.776667 0 0 0 0
0.783333 0 0 0 0
0.79 0 0 0 0
0.796667 0 0 0 0
0.803333 0 0 0 0
0.81 0 0 0 0
0.816667 0 0 0 0
0.823333 0 0 0 0
0.83 0 0 0 0
0.836667 0 0 0 0
0.843333 0 0 0 0
0.85 0 0 0 0
0.856667 0 0 0 0
0.863333 0 0 0 0
0.87 0 0 0 0
0.876667 0 0 0 0
0.883333 0 0 0 0
0.89 0 0 0 0
0.896667 0 0 0 0
0.903333 0 0 0 0
0.91 0 0 0 0
0.916667 0 0 0 0
0.923333 0 0 0 0
0.93 0 0 0 0
0.936667 0 0 0 0
0.943333 0 0 0 0
0.95 0 0 0 0
0.956667 0 0 0 0
0.963333 0 0 0 0
0.97 0 0 0 0
0.976667 0 0 0 0
0.983333 0 0 0 0
0.99 0 0 0 0
0.996667 0 0 0 0
1.00333 0 0 0 0
1.01 0 0 0 0
1.01667 0 0 0 0
1.02333 0 0 0 0
1.03 0 0 0 0
1.03667 0 0 0 0
1.04333 0 0 0 0
1.05 0 0 0 0
1.05667 0 0 0 0
1.06333 0 0 0 0
1.07 0 0 0 0
1.07667 0 0 0 0
1.08333 0 0 0 0
1.09 0 0 0 0
1.09667 0 0 0 0
1.10333 0 0 0 0
1.11 0 0 0 0
1.11667 0 0 0 0
1.12333 0 0 0 0
1.13 0 0 0 0
1.13667 0 0 0 0
1.14333 0 0 0 0
1.15 0 0 0 0
1.15667 0 0 0 0
1.16333 0 0 0 0
1.17 0 0 0 0
1.17667 0 0 0 0
1.18333 0 0 0 0
1.19 0 0 0 0
1.19667 0 0 0 0
1.20333 0 0 0 0
1.21 0 0 0 0
1.21667 0 0 0 0
1.22333 0 0 0 0
1.23 0 0 0 0
1.23667 0 0 0 0
1.24333 0 0 0 0
1.25 0 0 0 0
1.25667 0 0 0 0
1.26333 0 0 0 0
1.27 0 0 0 0
1.27667 0 0 0 0
1.28333 0 0 0 0
1.29 0 0 0 0
1.29667 0 0 0 0
1.30333 0 0 0 0
1.31 0 0 0 0
1.31667 0 0 0 0
1.32333 0 0 0 0
1.33 0 0 0 0
1.33667 0 0 0 0
1.34333 0 0 0 0
1.35 0 0 0 0
1.35667 0 0 0 0
1.36333 0 0 0 0
1.37 0 0 0 0
1.37667 0 0 0 0
1.38333 0 0 0 0
1.39 0 0 0 0
1.39667 0 0 0 0
1.40333 0 0 0 0
1.41 0 0 0 0
1.41667 0 0 0 0
1.42333 0 0 0 0
1.43 0 0 0 0
1.43667 0 0 0 0
1.44333 0 0 0 0
1.45 0 0 0 0
1.45667 0 0 0 0
1.46333 0 0 0 0
1.47 0 0 0 0
1.47667 0 0 0 0
1.48333 0 0 0 0
1.49 0 0 0 0
1.49667 0 0 0 0
1.50333 0 0 0 0
1.51 0 0 0 0
1.51667 0 0 0 0
1.52333 0 0 0 0
1.53 0 0 0 0
1.53667 0 0 0 0
1.54333 0 0 0 0
1.55 0 0 0 0
1.55667 0 0 0 0
1.56333 0 0 0 0
1.57 0 0 0 0
1.57667 0 0 0 0
1.58333 0 0 0 0
1.59 0 0 0 0
1.59667 0 0 0 0
1.60333 0 0 0 0
1.61 0 0 0 0
1.61667 0 0 0 0
1.62333 0 0 0 0
1.63 0 0 0 0
1.63667 0 0 0 0
1.64333 0 0 0 0
1.65 0 0 0 0
1.65667 0 0 0 0
1.66333 0 0 0 0
1.67 0 0 0 0
1.67667 0 0 0 0
1.68333 0 0 0 0
1.69 0 0 0 0
1.69667 0 0 0 0
1.70333 0 0 0 0
1.71 0 0 0 0
1.71667 0 0 0 0
1.72333 0 0 0 0
1.73 0 0 0 0
1.73667 0 0 0 0
1.74333 0 0 0 0
1.75 0 0 0 0
1.75667 0 0 0 0
1.76333 0 0 0 0
1.77 0 0 0 0
1.77667 0 0 0 0
1.78333 0 0 0 0
1.79 0 0 0 0
1.79667 0 0 0 0
1.80333 0 0 0 0
1.81 0 0 0 0
1.81667 0 0 0 0
1.82333 0 0 0 0
1.83 0 0 0 0
1.83667 0 0 0 0
1.84333 0 0 0 0
1.85 0 0 0 0
1.85667 0 0 0 0
1.86333 0 0 0 0
1.87 0 0 0 0
1.87667 0 0 0 0
1.88333 0 0 0 0
1.89 0 0 0 0
1.89667 0 0 0 0
1.90333 0 0 0 0
1.91 0 0 0 0
1.91667 0 0 0 0
1.92333 0 0 0 0
1.93 0 0 0 0
1.93667 0 0 0 0
1.94333 0 0 0 0
1.95 0 0 0 0
1.95667 0 0 0 0
1.96333 0 0 0 0
1.97 0 0 0 0
1.97667 0 0 0 0
1.98333 0 0 0 0
1.99 0 0 0 0
1.99667 0 0 0 0
