0.00333333 6 10 30 12
0.01 7 10 34 12
0.0166667 4 13 34 20
0.0233333 7 23 38 22
0.03 3 26 59 17
0.0366667 11 37 57 25
0.0433333 8 52 94 29
0.05 9 49 91 30
0.0566667 24 75 120 38
0.0633333 14 58 140 64
0.07 26 78 155 64
0.0766667 14 70 139 42
0.0833333 18 58 157 63
0.09 23 59 141 65
0.0966667 14 74 133 55
0.103333 26 90 124 52
0.11 22 61 138 48
0.116667 25 59 144 56
0.123333 21 50 124 45
0.13 25 54 98 53
0.136667 18 46 113 43
0.143333 24 43 90 31
0.15 17 53 107 56
0.156667 8 44 96 40
0.163333 16 44 125 50
0.17 16 35 96 42
0.176667 15 51 104 42
0.183333 18 48 87 43
0.19 16 45 100 39
0.196667 16 55 80 46
0.203333 16 46 89 42
0.21 10 56 79 33
0.216667 9 37 82 40
0.223333 13 32 87 28
0.23 10 35 72 36
0.236667 12 36 62 36
0.243333 7 41 64 25
0.25 10 34 57 26
0.256667 6 28 47 33
0.263333 13 32 49 35
0.27 4 27 66 31
0.276667 10 34 65 14
0.283333 11 21 61 24
0.29 14 24 67 19
0.296667 7 33 57 33
0.303333 14 35 58 37
0.31 8 22 43 20
0.316667 5 20 47 21
0.323333 10 29 48 22
0.33 9 26 41 23
0.336667 4 20 41 29
0.343333 2 20 54 16
0.35 10 13 42 18
0.356667 14 35 41 18
0.363333 7 27 31 15
0.37 9 15 35 22
0.376667 7 15 43 14
0.383333 5 28 35 16
0.39 7 13 38 19
0.396667 10 17 42 17
0.403333 2 25 37 18
0.41 2 18 37 10
0.416667 9 17 41 12
0.423333 2 15 31 13
0.43 5 16 37 17
0.436667 6 16 45 19
0.443333 4 19 27 16
0.45 6 25 46 18
0.456667 4 13 22 21
0.463333 5 20 24 15
0.47 8 18 33 16
0.476667 5 22 36 21
0.483333 10 12 30 13
0.49 3 14 23 9
0.496667 6 13 24 11
0.503333 2 7 19 9
0.51 4 17 17 10
0.516667 2 15 21 16
0.523333 6 15 34 10
0.53 6 10 23 8
0.536667 4 10 17 11
0.543333 7 12 11 6
0.55 3 15 18 6
0.556667 3 11 21 7
0.563333 2 12 16 11
0.57 2 17 16 11
0.576667 10 12 16 11
0.583333 6 10 20 9
0.59 5 12 12 6
0.596667 5 13 18 7
0.603333 3 10 15 7
0.61 4 8 16 13
0.616667 4 5 19 10
0.623333 2 10 16 12
0.63 6 8 14 5
0.636667 4 9 19 5
0.643333 3 7 13 5
0.65 3 7 13 6
0.656667 3 9 17 9
0.663333 118 393 687 357
0.67 0 0 0 0
0.676667 0 0 0 0
0.683333 0 0 0 0
0.69 0 0 0 0
0.696667 0 0 0 0
0.703333 0 0 0 0
0.71 0 0 0 0
0.716667 0 0 0 0
0.723333 0 0 0 0
0.73 0 0 0 0
0.736667 0 0 0 0
0.743333 0 0 0 0
0.75 0 0 0 0
0.756667 0 0 0 0
0.763333 0 0 0 0
0.77 0 0 0 0
0.776667 0 0 0 0
0.783333 0 0 0 0
0.79 0 0 0 0
0.796667 0 0 0 0
0.803333 0 0 0 0
0.81 0 0 0 0
0.816667 0 0 0 0
0.823333 0 0 0 0
0.83 0 0 0 0
0.836667 0 0 0 0
0.843333 0 0 0 0
0.85 0 0 0 0
0.856667 0 0 0 0
0.863333 0 0 0 0
0.87 0 0 0 0
0.876667 0 0 0 0
0.883333 0 0 0 0
0.89 0 0 0 0
0.896667 0 0 0 0
0.903333 0 0 0 0
0.91 0 0 0 0
0.916667 0 0 0 0
0.923333 0 0 0 0
0.93 0 0 0 0
0.936667 0 0 0 0
0.943333 0 0 0 0
0.95 0 0 0 0
0.956667 0 0 0 0
0.963333 0 0 0 0
0.97 0 0 0 0
0.976667 0 0 0 0
0.983333 0 0 0 0
0.99 0 0 0 0
0.996667 0 0 0 0
1.00333 0 0 0 0
1.01 0 0 0 0
1.01667 0 0 0 0
1.02333 0 0 0 0
1.03 0 0 0 0
1.03667 0 0 0 0
1.04333 0 0 0 0
1.05 0 0 0 0
1.05667 0 0 0 0
1.06333 0 0 0 0
1.07 0 0 0 0
1.07667 0 0 0 0
1.08333 0 0 0 0
1.09 0 0 0 0
1.09667 0 0 0 0
1.10333 0 0 0 0
1.11 0 0 0 0
1.11667 0 0 0 0
1.12333 0 0 0 0
1.13 0 0 0 0
1.13667 0 0 0 0
1.14333 0 0 0 0
1.15 0 0 0 0
1.15667 0 0 0 0
1.16333 0 0 0 0
1.17 0 0 0 0
1.17667 0 0 0 0
1.18333 0 0 0 0
1.19 0 0 0 0
1.19667 0 0 0 0
1.20333 0 0 0 0
1.21 0 0 0 0
1.21667 0 0 0 0
1.22333 0 0 0 0
1.23 0 0 0 0
1.23667 0 0 0 0
1.24333 0 0 0 0
1.25 0 0 0 0
1.25667 0 0 0 0
1.26333 0 0 0 0
1.27 0 0 0 0
1.27667 0 0 0 0
1.28333 0 0 0 0
1.29 0 0 0 0
1.29667 0 0 0 0
1.30333 0 0 0 0
1.31 0 0 0 0
1.31667 0 0 0 0
1.32333 0 0 0 0
1.33 0 0 0 0
1.33667 0 0 0 0
1.34333 0 0 0 0
1.35 0 0 0 0
1.35667 0 0 0 0
1.36333 0 0 0 0
1.37 0 0 0 0
1.37667 0 0 0 0
1.38333 0 0 0 0
1.39 0 0 0 0
1.39667 0 0 0 0
1.40333 0 0 0 0
1.41 0 0 0 0
1.41667 0 0 0 0
1.42333 0 0 0 0
1.43 0 0 0 0
1.43667 0 0 0 0
1.44333 0 0 0 0
1.45 0 0 0 0
1.45667 0 0 0 0
1.46333 0 0 0 0
1.47 0 0 0 0
1.47667 0 0 0 0
1.48333 0 0 0 0
1.49 0 0 0 0
1.49667 0 0 0 0
1.50333 0 0 0 0
1.51 0 0 0 0
1.51667 0 0 0 0
1.52333 0 0 0 0
1.53 0 0 0 0
1.53667 0 0 0 0
1.54333 0 0 0 0
1.55 0 0 0 0
1.55667 0 0 0 0
1.56333 0 0 0 0
1.57 0 0 0 0
1.57667 0 0 0 0
1.58333 0 0 0 0
1.59 0 0 0 0
1.59667 0 0 0 0
1.60333 0 0 0 0
1.61 0 0 0 0
1.61667 0 0 0 0
1.62333 0 0 0 0
1.63 0 0 0 0
1.63667 0 0 0 0
1.64333 0 0 0 0
1.65 0 0 0 0
1.65667 0 0 0 0
1.66333 0 0 0 0
1.67 0 0 0 0
1.67667 0 0 0 0
1.68333 0 0 0 0
1.69 0 0 0 0
1.69667 0 0 0 0
1.70333 0 0 0 0
1.71 0 0 0 0
1.71667 0 0 0 0
1.72333 0 0 0 0
1.73 0 0 0 0
1.73667 0 0 0 0
1.74333 0 0 0 0
1.75 0 0 0 0
1.75667 0 0 0 0
1.76333 0 0 0 0
1.77 0 0 0 0
1.77667 0 0 0 0
1.78333 0 0 0 0
1.79 0 0 0 0
1.79667 0 0 0 0
1.80333 0 0 0 0
1.81 0 0 0 0
1.81667 0 0 0 0
1.82333 0 0 0 0
1.83 0 0 0 0
1.83667 0 0 0 0
1.84333 0 0 0 0
1.85 0 0 0 0
1.85667 0 0 0 0
1.86333 0 0 0 0
1.87 0 0 0 0
1.87667 0 0 0 0
1.88333 0 0 0 0
1.89 0 0 0 0
1.89667 0 0 0 0
1.90333 0 0 0 0
1.91 0 0 0 0
1.91667 0 0 0 0
1.92333 0 0 0 0
1.93 0 0 0 0
1.93667 0 0 0 0
1.94333 0 0 0 0
1.95 0 0 0 0
1.95667 0 0 0 0
1.96333 0 0 0 0
1.97 0 0 0 0
1.97667 0 0 0 0
1.98333 0 0 0 0
1.99 0 0 0 0
1.99667 0 0 0 0
