0.00333333 7 33 14 8
0.01 9 34 21 11
0.0166667 14 37 18 10
0.0233333 16 30 19 10
0.03 15 44 35 12
0.0366667 5 46 37 16
0.0433333 18 75 54 11
0.05 17 78 66 18
0.0566667 29 95 75 26
0.0633333 36 110 88 30
0.07 34 124 92 22
0.0766667 29 108 79 27
0.0833333 45 122 87 44
0.09 35 128 67 41
0.0966667 31 125 80 35
0.103333 41 137 72 36
0.11 45 111 89 34
0.116667 45 130 78 36
0.123333 31 103 80 24
0.13 50 103 73 24
0.136667 26 111 72 28
0.143333 38 99 55 23
0.15 29 101 55 32
0.156667 35 73 67 22
0.163333 35 88 52 23
0.17 29 93 50 29
0.176667 25 105 49 22
0.183333 34 91 62 26
0.19 38 99 64 28
0.196667 32 79 47 26
0.203333 23 79 45 27
0.21 26 92 25 23
0.216667 17 88 47 28
0.223333 19 75 47 30
0.23 21 76 37 18
0.236667 30 69 36 21
0.243333 17 51 35 22
0.25 23 72 36 15
0.256667 16 55 44 10
0.263333 21 69 37 27
0.27 18 68 29 12
0.276667 25 53 27 8
0.283333 15 51 29 12
0.29 19 49 32 8
0.296667 16 60 30 7
0.303333 17 53 22 14
0.31 19 49 23 9
0.316667 20 50 38 14
0.323333 19 54 31 16
0.33 15 45 33 14
0.336667 17 51 24 10
0.343333 17 31 20 8
0.35 13 41 20 17
0.356667 12 53 27 9
0.363333 21 30 23 12
0.37 16 40 24 14
0.376667 13 38 27 12
0.383333 13 34 24 16
0.39 15 34 16 10
0.396667 16 30 20 13
0.403333 10 34 19 10
0.41 7 30 28 11
0.416667 9 33 19 12
0.423333 7 33 11 10
0.43 14 43 19 14
0.436667 12 38 28 10
0.443333 14 37 21 16
0.45 11 43 15 11
0.456667 14 30 18 15
0.463333 12 39 22 11
0.47 11 32 18 6
0.476667 8 28 16 16
0.483333 14 26 18 8
0.49 5 33 8 7
0.496667 8 28 14 7
0.503333 14 20 12 7
0.51 5 17 10 9
0.516667 6 23 11 9
0.523333 8 13 17 5
0.53 5 23 6 4
0.536667 7 23 17 4
0.543333 9 21 15 7
0.55 10 15 8 7
0.556667 4 22 15 5
0.563333 12 18 11 7
0.57 7 22 10 9
0.576667 14 23 9 5
0.583333 6 21 12 8
0.59 6 21 7 8
0.596667 5 7 8 8
0.603333 7 13 11 7
0.61 8 14 8 4
0.616667 9 13 16 1
0.623333 7 12 15 9
0.63 6 19 7 2
0.636667 2 17 7 3
0.643333 5 13 13 7
0.65 5 17 3 6
0.656667 7 20 4 9
0.663333 283 755 313 256
0.67 0 0 0 0
0.676667 0 0 0 0
0.683333 0 0 0 0
0.69 0 0 0 0
0.696667 0 0 0 0
0.703333 0 0 0 0
0.71 0 0 0 0
0.716667 0 0 0 0
0.723333 0 0 0 0
0.73 0 0 0 0
0.736667 0 0 0 0
0.743333 0 0 0 0
0.75 0 0 0 0
0.756667 0 0 0 0
0.763333 0 0 0 0
0.77 0 0 0 0
0.776667 0 0 0 0
0.783333 0 0 0 0
0.79 0 0 0 0
0.796667 0 0 0 0
0.803333 0 0 0 0
0.81 0 0 0 0
0.816667 0 0 0 0
0.823333 0 0 0 0
0.83 0 0 0 0
0.836667 0 0 0 0
0.843333 0 0 0 0
0.85 0 0 0 0
0.856667 0 0 0 0
0.863333 0 0 0 0
0.87 0 0 0 0
0.876667 0 0 0 0
0.883333 0 0 0 0
0.89 0 0 0 0
0.896667 0 0 0 0
0.903333 0 0 0 0
0.91 0 0 0 0
0.916667 0 0 0 0
0.923333 0 0 0 0
0.93 0 0 0 0
0.936667 0 0 0 0
0.943333 0 0 0 0
0.95 0 0 0 0
0.956667 0 0 0 0
0.963333 0 0 0 0
0.97 0 0 0 0
0.976667 0 0 0 0
0.983333 0 0 0 0
0.99 0 0 0 0
0.996667 0 0 0 0
1.00333 0 0 0 0
1.01 0 0 0 0
1.01667 0 0 0 0
1.02333 0 0 0 0
1.03 0 0 0 0
1.03667 0 0 0 0
1.04333 0 0 0 0
1.05 0 0 0 0
1.05667 0 0 0 0
1.06333 0 0 0 0
1.07 0 0 0 0
1.07667 0 0 0 0
1.08333 0 0 0 0
1.09 0 0 0 0
1.09667 0 0 0 0
1.10333 0 0 0 0
1.11 0 0 0 0
1.11667 0 0 0 0
1.12333 0 0 0 0
1.13 0 0 0 0
1.13667 0 0 0 0
1.14333 0 0 0 0
1.15 0 0 0 0
1.15667 0 0 0 0
1.16333 0 0 0 0
1.17 0 0 0 0
1.17667 0 0 0 0
1.18333 0 0 0 0
1.19 0 0 0 0
1.19667 0 0 0 0
1.20333 0 0 0 0
1.21 0 0 0 0
1.21667 0 0 0 0
1.22333 0 0 0 0
1.23 0 0 0 0
1.23667 0 0 0 0
1.24333 0 0 0 0
1.25 0 0 0 0
1.25667 0 0 0 0
1.26333 0 0 0 0
1.27 0 0 0 0
1.27667 0 0 0 0
1.28333 0 0 0 0
1.29 0 0 0 0
1.29667 0 0 0 0
1.30333 0 0 0 0
1.31 0 0 0 0
1.31667 0 0 0 0
1.32333 0 0 0 0
1.33 0 0 0 0
1.33667 0 0 0 0
1.34333 0 0 0 0
1.35 0 0 0 0
1.35667 0 0 0 0
1.36333 0 0 0 0
1.37 0 0 0 0
1.37667 0 0 0 0
1.38333 0 0 0 0
1.39 0 0 0 0
1.39667 0 0 0 0
1.40333 0 0 0 0
1.41 0 0 0 0
1.41667 0 0 0 0
1.42333 0 0 0 0
1.43 0 0 0 0
1.43667 0 0 0 0
1.44333 0 0 0 0
1.45 0 0 0 0
1.45667 0 0 0 0
1.46333 0 0 0 0
1.47 0 0 0 0
1.47667 0 0 0 0
1.48333 0 0 0 0
1.49 0 0 0 0
1.49667 0 0 0 0
1.50333 0 0 0 0
1.51 0 0 0 0
1.51667 0 0 0 0
1.52333 0 0 0 0
1.53 0 0 0 0
1.53667 0 0 0 0
1.54333 0 0 0 0
1.55 0 0 0 0
1.55667 0 0 0 0
1.56333 0 0 0 0
1.57 0 0 0 0
1.57667 0 0 0 0
1.58333 0 0 0 0
1.59 0 0 0 0
1.59667 0 0 0 0
1.60333 0 0 0 0
1.61 0 0 0 0
1.61667 0 0 0 0
1.62333 0 0 0 0
1.63 0 0 0 0
1.63667 0 0 0 0
1.64333 0 0 0 0
1.65 0 0 0 0
1.65667 0 0 0 0
1.66333 0 0 0 0
1.67 0 0 0 0
1.67667 0 0 0 0
1.68333 0 0 0 0
1.69 0 0 0 0
1.69667 0 0 0 0
1.70333 0 0 0 0
1.71 0 0 0 0
1.71667 0 0 0 0
1.72333 0 0 0 0
1.73 0 0 0 0
1.73667 0 0 0 0
1.74333 0 0 0 0
1.75 0 0 0 0
1.75667 0 0 0 0
1.76333 0 0 0 0
1.77 0 0 0 0
1.77667 0 0 0 0
1.78333 0 0 0 0
1.79 0 0 0 0
1.79667 0 0 0 0
1.80333 0 0 0 0
1.81 0 0 0 0
1.81667 0 0 0 0
1.82333 0 0 0 0
1.83 0 0 0 0
1.83667 0 0 0 0
1.84333 0 0 0 0
1.85 0 0 0 0
1.85667 0 0 0 0
1.86333 0 0 0 0
1.87 0 0 0 0
1.87667 0 0 0 0
1.88333 0 0 0 0
1.89 0 0 0 0
1.89667 0 0 0 0
1.90333 0 0 0 0
1.91 0 0 0 0
1.91667 0 0 0 0
1.92333 0 0 0 0
1.93 0 0 0 0
1.93667 0 0 0 0
1.94333 0 0 0 0
1.95 0 0 0 0
1.95667 0 0 0 0
1.96333 0 0 0 0
1.97 0 0 0 0
1.97667 0 0 0 0
1.98333 0 0 0 0
1.99 0 0 0 0
1.99667 0 0 0 0
