0.00333333 1 5 55 31
0.01 0 9 46 19
0.0166667 0 7 72 32
0.0233333 2 11 78 29
0.03 0 6 76 40
0.0366667 3 7 101 41
0.0433333 1 10 112 58
0.05 0 10 147 69
0.0566667 1 7 135 88
0.0633333 3 18 165 106
0.07 3 16 171 116
0.0766667 2 15 182 88
0.0833333 4 20 179 113
0.09 1 12 189 94
0.0966667 2 17 170 104
0.103333 1 19 195 108
0.11 3 10 203 100
0.116667 2 20 220 97
0.123333 2 10 199 93
0.13 1 18 197 77
0.136667 0 14 179 98
0.143333 1 17 163 78
0.15 2 16 174 89
0.156667 3 18 195 85
0.163333 0 14 178 81
0.17 2 18 158 75
0.176667 1 15 170 84
0.183333 0 18 182 68
0.19 1 21 175 67
0.196667 2 15 192 71
0.203333 0 18 186 65
0.21 5 12 176 66
0.216667 1 12 153 41
0.223333 1 16 138 58
0.23 2 13 150 40
0.236667 2 13 156 62
0.243333 0 13 162 49
0.25 2 9 147 48
0.256667 1 14 127 63
0.263333 0 11 113 45
0.27 1 10 113 55
0.276667 0 10 119 38
0.283333 2 11 111 46
0.29 0 11 125 53
0.296667 3 14 104 45
0.303333 1 10 111 45
0.31 0 13 94 46
0.316667 1 6 82 34
0.323333 0 11 81 35
0.33 2 9 93 32
0.336667 1 6 79 41
0.343333 0 5 91 35
0.35 0 10 86 35
0.356667 2 8 87 37
0.363333 0 10 80 42
0.37 0 4 80 33
0.376667 1 8 82 38
0.383333 1 7 85 29
0.39 0 13 81 33
0.396667 1 2 80 31
0.403333 1 8 78 34
0.41 1 8 76 32
0.416667 3 8 77 36
0.423333 0 7 65 28
0.43 0 5 71 25
0.436667 0 11 59 30
0.443333 1 7 77 41
0.45 1 3 83 39
0.456667 0 2 67 24
0.463333 1 11 72 30
0.47 2 10 57 29
0.476667 1 6 79 14
0.483333 0 5 51 16
0.49 0 6 43 24
0.496667 0 5 44 21
0.503333 0 4 33 27
0.51 0 6 28 19
0.516667 0 10 30 14
0.523333 2 5 36 28
0.53 1 5 43 21
0.536667 0 9 36 28
0.543333 0 5 28 19
0.55 1 6 26 16
0.556667 2 3 33 18
0.563333 0 2 37 18
0.57 1 2 26 12
0.576667 2 4 25 11
0.583333 1 5 30 22
0.59 0 4 27 14
0.596667 0 5 36 15
0.603333 0 8 31 17
0.61 1 1 33 14
0.616667 0 3 24 23
0.623333 0 4 30 10
0.63 1 3 30 15
0.636667 0 5 28 17
0.643333 2 6 30 19
0.65 0 2 27 11
0.656667 0 4 31 14
0.663333 6 221 2266 626
0.67 0 0 0 0
0.676667 0 0 0 0
0.683333 0 0 0 0
0.69 0 0 0 0
0.696667 0 0 0 0
0.703333 0 0 0 0
0.71 0 0 0 0
0.716667 0 0 0 0
0.723333 0 0 0 0
0.73 0 0 0 0
0.736667 0 0 0 0
0.743333 0 0 0 0
0.75 0 0 0 0
0.756667 0 0 0 0
0.763333 0 0 0 0
0.77 0 0 0 0
0.776667 0 0 0 0
0.783333 0 0 0 0
0.79 0 0 0 0
0.796667 0 0 0 0
0.803333 0 0 0 0
0.81 0 0 0 0
0.816667 0 0 0 0
0.823333 0 0 0 0
0.83 0 0 0 0
0.836667 0 0 0 0
0.843333 0 0 0 0
0.85 0 0 0 0
0.856667 0 0 0 0
0.863333 0 0 0 0
0.87 0 0 0 0
0.876667 0 0 0 0
0.883333 0 0 0 0
0.89 0 0 0 0
0.896667 0 0 0 0
0.903333 0 0 0 0
0.91 0 0 0 0
0.916667 0 0 0 0
0.923333 0 0 0 0
0.93 0 0 0 0
0.936667 0 0 0 0
0.943333 0 0 0 0
0.95 0 0 0 0
0.956667 0 0 0 0
0.963333 0 0 0 0
0.97 0 0 0 0
0.976667 0 0 0 0
0.983333 0 0 0 0
0.99 0 0 0 0
0.996667 0 0 0 0
1.00333 0 0 0 0
1.01 0 0 0 0
1.01667 0 0 0 0
1.02333 0 0 0 0
1.03 0 0 0 0
1.03667 0 0 0 0
1.04333 0 0 0 0
1.05 0 0 0 0
1.05667 0 0 0 0
1.06333 0 0 0 0
1.07 0 0 0 0
1.07667 0 0 0 0
1.08333 0 0 0 0
1.09 0 0 0 0
1.09667 0 0 0 0
1.10333 0 0 0 0
1.11 0 0 0 0
1.11667 0 0 0 0
1.12333 0 0 0 0
1.13 0 0 0 0
1.13667 0 0 0 0
1.14333 0 0 0 0
1.15 0 0 0 0
1.15667 0 0 0 0
1.16333 0 0 0 0
1.17 0 0 0 0
1.17667 0 0 0 0
1.18333 0 0 0 0
1.19 0 0 0 0
1.19667 0 0 0 0
1.20333 0 0 0 0
1.21 0 0 0 0
1.21667 0 0 0 0
1.22333 0 0 0 0
1.23 0 0 0 0
1.23667 0 0 0 0
1.24333 0 0 0 0
1.25 0 0 0 0
1.25667 0 0 0 0
1.26333 0 0 0 0
1.27 0 0 0 0
1.27667 0 0 0 0
1.28333 0 0 0 0
1.29 0 0 0 0
1.29667 0 0 0 0
1.30333 0 0 0 0
1.31 0 0 0 0
1.31667 0 0 0 0
1.32333 0 0 0 0
1.33 0 0 0 0
1.33667 0 0 0 0
1.34333 0 0 0 0
1.35 0 0 0 0
1.35667 0 0 0 0
1.36333 0 0 0 0
1.37 0 0 0 0
1.37667 0 0 0 0
1.38333 0 0 0 0
1.39 0 0 0 0
1.39667 0 0 0 0
1.40333 0 0 0 0
1.41 0 0 0 0
1.41667 0 0 0 0
1.42333 0 0 0 0
1.43 0 0 0 0
1.43667 0 0 0 0
1.44333 0 0 0 0
1.45 0 0 0 0
1.45667 0 0 0 0
1.46333 0 0 0 0
1.47 0 0 0 0
1.47667 0 0 0 0
1.48333 0 0 0 0
1.49 0 0 0 0
1.49667 0 0 0 0
1.50333 0 0 0 0
1.51 0 0 0 0
1.51667 0 0 0 0
1.52333 0 0 0 0
1.53 0 0 0 0
1.53667 0 0 0 0
1.54333 0 0 0 0
1.55 0 0 0 0
1.55667 0 0 0 0
1.56333 0 0 0 0
1.57 0 0 0 0
1.57667 0 0 0 0
1.58333 0 0 0 0
1.59 0 0 0 0
1.59667 0 0 0 0
1.60333 0 0 0 0
1.61 0 0 0 0
1.61667 0 0 0 0
1.62333 0 0 0 0
1.63 0 0 0 0
1.63667 0 0 0 0
1.64333 0 0 0 0
1.65 0 0 0 0
1.65667 0 0 0 0
1.66333 0 0 0 0
1.67 0 0 0 0
1.67667 0 0 0 0
1.68333 0 0 0 0
1.69 0 0 0 0
1.69667 0 0 0 0
1.70333 0 0 0 0
1.71 0 0 0 0
1.71667 0 0 0 0
1.72333 0 0 0 0
1.73 0 0 0 0
1.73667 0 0 0 0
1.74333 0 0 0 0
1.75 0 0 0 0
1.75667 0 0 0 0
1.76333 0 0 0 0
1.77 0 0 0 0
1.77667 0 0 0 0
1.78333 0 0 0 0
1.79 0 0 0 0
1.79667 0 0 0 0
1.80333 0 0 0 0
1.81 0 0 0 0
1.81667 0 0 0 0
1.82333 0 0 0 0
1.83 0 0 0 0
1.83667 0 0 0 0
1.84333 0 0 0 0
1.85 0 0 0 0
1.85667 0 0 0 0
1.86333 0 0 0 0
1.87 0 0 0 0
1.87667 0 0 0 0
1.88333 0 0 0 0
1.89 0 0 0 0
1.89667 0 0 0 0
1.90333 0 0 0 0
1.91 0 0 0 0
1.91667 0 0 0 0
1.92333 0 0 0 0
1.93 0 0 0 0
1.93667 0 0 0 0
1.94333 0 0 0 0
1.95 0 0 0 0
1.95667 0 0 0 0
1.96333 0 0 0 0
1.97 0 0 0 0
1.97667 0 0 0 0
1.98333 0 0 0 0
1.99 0 0 0 0
1.99667 0 0 0 0
