0.00333333 4 40 25 7
0.01 3 63 32 6
0.0166667 9 57 37 8
0.0233333 7 55 31 3
0.03 6 74 46 9
0.0366667 8 77 46 4
0.0433333 8 101 69 10
0.05 13 107 62 19
0.0566667 14 108 87 17
0.0633333 16 132 77 20
0.07 21 139 86 21
0.0766667 17 135 97 19
0.0833333 21 153 110 16
0.09 28 145 108 11
0.0966667 19 131 100 24
0.103333 16 142 101 20
0.11 20 179 118 16
0.116667 17 160 110 17
0.123333 9 139 94 17
0.13 14 179 104 10
0.136667 8 154 97 15
0.143333 17 149 99 16
0.15 20 109 100 11
0.156667 12 122 83 16
0.163333 13 134 91 10
0.17 13 145 75 20
0.176667 15 124 74 20
0.183333 15 156 74 15
0.19 15 177 73 15
0.196667 11 169 85 13
0.203333 20 174 71 13
0.21 12 153 90 10
0.216667 16 135 50 13
0.223333 16 123 71 10
0.23 12 128 73 12
0.236667 15 103 63 12
0.243333 11 116 70 9
0.25 15 104 55 9
0.256667 7 111 56 9
0.263333 9 83 50 9
0.27 4 91 54 9
0.276667 10 88 61 14
0.283333 8 65 44 5
0.29 14 82 41 6
0.296667 6 74 55 14
0.303333 11 79 42 5
0.31 2 84 42 7
0.316667 3 73 36 7
0.323333 8 88 42 7
0.33 9 64 32 10
0.336667 6 78 49 10
0.343333 6 65 39 13
0.35 4 52 44 7
0.356667 4 62 28 6
0.363333 6 68 42 5
0.37 6 66 38 4
0.376667 10 64 45 12
0.383333 7 63 44 8
0.39 6 79 39 11
0.396667 8 49 49 3
0.403333 2 63 40 5
0.41 10 53 29 7
0.416667 4 64 34 7
0.423333 14 62 29 5
0.43 3 58 27 2
0.436667 5 49 42 2
0.443333 6 54 35 9
0.45 4 59 30 7
0.456667 5 38 24 6
0.463333 3 57 44 4
0.47 4 58 36 2
0.476667 3 40 26 7
0.483333 2 37 27 3
0.49 5 46 26 4
0.496667 5 30 15 6
0.503333 1 37 25 5
0.51 4 30 18 4
0.516667 4 29 16 3
0.523333 5 24 23 3
0.53 3 22 19 1
0.536667 6 18 13 3
0.543333 3 18 18 4
0.55 1 21 22 3
0.556667 2 25 16 7
0.563333 2 25 12 3
0.57 4 23 14 2
0.576667 0 29 19 1
0.583333 5 27 23 2
0.59 3 25 14 4
0.596667 2 20 9 0
0.603333 0 14 21 5
0.61 5 21 11 4
0.616667 5 24 15 2
0.623333 3 23 18 0
0.63 2 22 17 4
0.636667 2 25 14 8
0.643333 2 11 18 1
0.65 2 19 20 3
0.656667 2 18 10 2
0.663333 104 2179 898 88
0.67 0 0 0 0
0.676667 0 0 0 0
0.683333 0 0 0 0
0.69 0 0 0 0
0.696667 0 0 0 0
0.703333 0 0 0 0
0.71 0 0 0 0
0.716667 0 0 0 0
0.723333 0 0 0 0
0.73 0 0 0 0
0.736667 0 0 0 0
0.743333 0 0 0 0
0.75 0 0 0 0
0.756667 0 0 0 0
0.763333 0 0 0 0
0.77 0 0 0 0
0.776667 0 0 0 0
0.783333 0 0 0 0
0.79 0 0 0 0
0.796667 0 0 0 0
0.803333 0 0 0 0
0.81 0 0 0 0
0.816667 0 0 0 0
0.823333 0 0 0 0
0.83 0 0 0 0
0.836667 0 0 0 0
0.843333 0 0 0 0
0.85 0 0 0 0
0.856667 0 0 0 0
0.863333 0 0 0 0
0.87 0 0 0 0
0.876667 0 0 0 0
0.883333 0 0 0 0
0.89 0 0 0 0
0.896667 0 0 0 0
0.903333 0 0 0 0
0.91 0 0 0 0
0.916667 0 0 0 0
0.923333 0 0 0 0
0.93 0 0 0 0
0.936667 0 0 0 0
0.943333 0 0 0 0
0.95 0 0 0 0
0.956667 0 0 0 0
0.963333 0 0 0 0
0.97 0 0 0 0
0.976667 0 0 0 0
0.983333 0 0 0 0
0.99 0 0 0 0
0.996667 0 0 0 0
1.00333 0 0 0 0
1.01 0 0 0 0
1.01667 0 0 0 0
1.02333 0 0 0 0
1.03 0 0 0 0
1.03667 0 0 0 0
1.04333 0 0 0 0
1.05 0 0 0 0
1.05667 0 0 0 0
1.06333 0 0 0 0
1.07 0 0 0 0
1.07667 0 0 0 0
1.08333 0 0 0 0
1.09 0 0 0 0
1.09667 0 0 0 0
1.10333 0 0 0 0
1.11 0 0 0 0
1.11667 0 0 0 0
1.12333 0 0 0 0
1.13 0 0 0 0
1.13667 0 0 0 0
1.14333 0 0 0 0
1.15 0 0 0 0
1.15667 0 0 0 0
1.16333 0 0 0 0
1.17 0 0 0 0
1.17667 0 0 0 0
1.18333 0 0 0 0
1.19 0 0 0 0
1.19667 0 0 0 0
1.20333 0 0 0 0
1.21 0 0 0 0
1.21667 0 0 0 0
1.22333 0 0 0 0
1.23 0 0 0 0
1.23667 0 0 0 0
1.24333 0 0 0 0
1.25 0 0 0 0
1.25667 0 0 0 0
1.26333 0 0 0 0
1.27 0 0 0 0
1.27667 0 0 0 0
1.28333 0 0 0 0
1.29 0 0 0 0
1.29667 0 0 0 0
1.30333 0 0 0 0
1.31 0 0 0 0
1.31667 0 0 0 0
1.32333 0 0 0 0
1.33 0 0 0 0
1.33667 0 0 0 0
1.34333 0 0 0 0
1.35 0 0 0 0
1.35667 0 0 0 0
1.36333 0 0 0 0
1.37 0 0 0 0
1.37667 0 0 0 0
1.38333 0 0 0 0
1.39 0 0 0 0
1.39667 0 0 0 0
1.40333 0 0 0 0
1.41 0 0 0 0
1.41667 0 0 0 0
1.42333 0 0 0 0
1.43 0 0 0 0
1.43667 0 0 0 0
1.44333 0 0 0 0
1.45 0 0 0 0
1.45667 0 0 0 0
1.46333 0 0 0 0
1.47 0 0 0 0
1.47667 0 0 0 0
1.48333 0 0 0 0
1.49 0 0 0 0
1.49667 0 0 0 0
1.50333 0 0 0 0
1.51 0 0 0 0
1.51667 0 0 0 0
1.52333 0 0 0 0
1.53 0 0 0 0
1.53667 0 0 0 0
1.54333 0 0 0 0
1.55 0 0 0 0
1.55667 0 0 0 0
1.56333 0 0 0 0
1.57 0 0 0 0
1.57667 0 0 0 0
1.58333 0 0 0 0
1.59 0 0 0 0
1.59667 0 0 0 0
1.60333 0 0 0 0
1.61 0 0 0 0
1.61667 0 0 0 0
1.62333 0 0 0 0
1.63 0 0 0 0
1.63667 0 0 0 0
1.64333 0 0 0 0
1.65 0 0 0 0
1.65667 0 0 0 0
1.66333 0 0 0 0
1.67 0 0 0 0
1.67667 0 0 0 0
1.68333 0 0 0 0
1.69 0 0 0 0
1.69667 0 0 0 0
1.70333 0 0 0 0
1.71 0 0 0 0
1.71667 0 0 0 0
1.72333 0 0 0 0
1.73 0 0 0 0
1.73667 0 0 0 0
1.74333 0 0 0 0
1.75 0 0 0 0
1.75667 0 0 0 0
1.76333 0 0 0 0
1.77 0 0 0 0
1.77667 0 0 0 0
1.78333 0 0 0 0
1.79 0 0 0 0
1.79667 0 0 0 0
1.80333 0 0 0 0
1.81 0 0 0 0
1.81667 0 0 0 0
1.82333 0 0 0 0
1.83 0 0 0 0
1.83667 0 0 0 0
1.84333 0 0 0 0
1.85 0 0 0 0
1.85667 0 0 0 0
1.86333 0 0 0 0
1.87 0 0 0 0
1.87667 0 0 0 0
1.88333 0 0 0 0
1.89 0 0 0 0
1.89667 0 0 0 0
1.90333 0 0 0 0
1.91 0 0 0 0
1.91667 0 0 0 0
1.92333 0 0 0 0
1.93 0 0 0 0
1.93667 0 0 0 0
1.94333 0 0 0 0
1.95 0 0 0 0
1.95667 0 0 0 0
1.96333 0 0 0 0
1.97 0 0 0 0
1.97667 0 0 0 0
1.98333 0 0 0 0
1.99 0 0 0 0
1.99667 0 0 0 0
