0.00333333 24 116 6 5
0.01 24 130 6 1
0.0166667 28 136 7 1
0.0233333 26 154 10 2
0.03 36 177 13 4
0.0366667 23 181 9 4
0.0433333 43 203 19 2
0.05 55 249 35 8
0.0566667 78 271 26 8
0.0633333 77 301 30 7
0.07 97 309 26 9
0.0766667 81 337 29 9
0.0833333 93 360 34 9
0.09 96 411 24 8
0.0966667 78 403 27 8
0.103333 91 375 22 14
0.11 81 409 34 9
0.116667 85 386 15 5
0.123333 79 398 21 5
0.13 71 415 24 11
0.136667 51 421 28 6
0.143333 64 394 19 8
0.15 88 402 22 9
0.156667 79 393 19 5
0.163333 61 342 18 7
0.17 66 357 21 7
0.176667 58 355 27 16
0.183333 68 403 23 8
0.19 61 474 23 7
0.196667 60 447 13 6
0.203333 64 432 20 4
0.21 66 410 17 6
0.216667 50 408 16 6
0.223333 70 374 11 4
0.23 44 316 16 12
0.236667 44 342 17 9
0.243333 47 321 12 4
0.25 48 304 15 2
0.256667 48 273 14 1
0.263333 46 224 20 8
0.27 41 247 16 7
0.276667 37 255 8 1
0.283333 35 220 7 4
0.29 34 240 12 5
0.296667 41 216 3 3
0.303333 35 203 11 5
0.31 31 212 11 4
0.316667 39 175 8 4
0.323333 39 183 7 4
0.33 31 185 8 3
0.336667 32 190 10 6
0.343333 34 152 15 7
0.35 38 150 9 6
0.356667 21 159 7 5
0.363333 24 156 11 2
0.37 31 136 8 3
0.376667 30 170 9 5
0.383333 24 145 11 2
0.39 31 155 10 1
0.396667 24 151 9 2
0.403333 32 130 7 1
0.41 25 147 5 8
0.416667 21 137 9 3
0.423333 37 156 10 4
0.43 20 154 8 3
0.436667 28 146 2 4
0.443333 29 147 8 5
0.45 32 165 9 3
0.456667 20 150 5 4
0.463333 23 133 10 4
0.47 25 148 9 4
0.476667 21 121 10 5
0.483333 11 85 5 4
0.49 19 83 5 5
0.496667 21 60 9 3
0.503333 14 68 5 2
0.51 10 83 8 1
0.516667 14 65 4 1
0.523333 17 81 6 0
0.53 10 73 3 0
0.536667 17 62 3 4
0.543333 16 58 5 1
0.55 12 55 5 1
0.556667 12 46 5 3
0.563333 17 46 4 2
0.57 10 62 6 2
0.576667 13 56 9 4
0.583333 12 59 3 2
0.59 14 43 1 2
0.596667 11 46 2 3
0.603333 11 44 3 1
0.61 12 46 1 3
0.616667 13 40 1 6
0.623333 13 40 5 0
0.63 13 54 3 1
0.636667 17 66 2 4
0.643333 13 37 2 1
0.65 15 54 3 5
0.656667 8 38 8 2
0.663333 687 6414 136 60
0.67 0 0 0 0
0.676667 0 0 0 0
0.683333 0 0 0 0
0.69 0 0 0 0
0.696667 0 0 0 0
0.703333 0 0 0 0
0.71 0 0 0 0
0.716667 0 0 0 0
0.723333 0 0 0 0
0.73 0 0 0 0
0.736667 0 0 0 0
0.743333 0 0 0 0
0.75 0 0 0 0
0.756667 0 0 0 0
0.763333 0 0 0 0
0.77 0 0 0 0
0.776667 0 0 0 0
0.783333 0 0 0 0
0.79 0 0 0 0
0.796667 0 0 0 0
0.803333 0 0 0 0
0.81 0 0 0 0
0.816667 0 0 0 0
0.823333 0 0 0 0
0.83 0 0 0 0
0.836667 0 0 0 0
0.843333 0 0 0 0
0.85 0 0 0 0
0.856667 0 0 0 0
0.863333 0 0 0 0
0.87 0 0 0 0
0.876667 0 0 0 0
0.883333 0 0 0 0
0.89 0 0 0 0
0.896667 0 0 0 0
0.903333 0 0 0 0
0.91 0 0 0 0
0.916667 0 0 0 0
0.923333 0 0 0 0
0.93 0 0 0 0
0.936667 0 0 0 0
0.943333 0 0 0 0
0.95 0 0 0 0
0.956667 0 0 0 0
0.963333 0 0 0 0
0.97 0 0 0 0
0.976667 0 0 0 0
0.983333 0 0 0 0
0.99 0 0 0 0
0.996667 0 0 0 0
1.00333 0 0 0 0
1.01 0 0 0 0
1.01667 0 0 0 0
1.02333 0 0 0 0
1.03 0 0 0 0
1.03667 0 0 0 0
1.04333 0 0 0 0
1.05 0 0 0 0
1.05667 0 0 0 0
1.06333 0 0 0 0
1.07 0 0 0 0
1.07667 0 0 0 0
1.08333 0 0 0 0
1.09 0 0 0 0
1.09667 0 0 0 0
1.10333 0 0 0 0
1.11 0 0 0 0
1.11667 0 0 0 0
1.12333 0 0 0 0
1.13 0 0 0 0
1.13667 0 0 0 0
1.14333 0 0 0 0
1.15 0 0 0 0
1.15667 0 0 0 0
1.16333 0 0 0 0
1.17 0 0 0 0
1.17667 0 0 0 0
1.18333 0 0 0 0
1.19 0 0 0 0
1.19667 0 0 0 0
1.20333 0 0 0 0
1.21 0 0 0 0
1.21667 0 0 0 0
1.22333 0 0 0 0
1.23 0 0 0 0
1.23667 0 0 0 0
1.24333 0 0 0 0
1.25 0 0 0 0
1.25667 0 0 0 0
1.26333 0 0 0 0
1.27 0 0 0 0
1.27667 0 0 0 0
1.28333 0 0 0 0
1.29 0 0 0 0
1.29667 0 0 0 0
1.30333 0 0 0 0
1.31 0 0 0 0
1.31667 0 0 0 0
1.32333 0 0 0 0
1.33 0 0 0 0
1.33667 0 0 0 0
1.34333 0 0 0 0
1.35 0 0 0 0
1.35667 0 0 0 0
1.36333 0 0 0 0
1.37 0 0 0 0
1.37667 0 0 0 0
1.38333 0 0 0 0
1.39 0 0 0 0
1.39667 0 0 0 0
1.40333 0 0 0 0
1.41 0 0 0 0
1.41667 0 0 0 0
1.42333 0 0 0 0
1.43 0 0 0 0
1.43667 0 0 0 0
1.44333 0 0 0 0
1.45 0 0 0 0
1.45667 0 0 0 0
1.46333 0 0 0 0
1.47 0 0 0 0
1.47667 0 0 0 0
1.48333 0 0 0 0
1.49 0 0 0 0
1.49667 0 0 0 0
1.50333 0 0 0 0
1.51 0 0 0 0
1.51667 0 0 0 0
1.52333 0 0 0 0
1.53 0 0 0 0
1.53667 0 0 0 0
1.54333 0 0 0 0
1.55 0 0 0 0
1.55667 0 0 0 0
1.56333 0 0 0 0
1.57 0 0 0 0
1.57667 0 0 0 0
1.58333 0 0 0 0
1.59 0 0 0 0
1.59667 0 0 0 0
1.60333 0 0 0 0
1.61 0 0 0 0
1.61667 0 0 0 0
1.62333 0 0 0 0
1.63 0 0 0 0
1.63667 0 0 0 0
1.64333 0 0 0 0
1.65 0 0 0 0
1.65667 0 0 0 0
1.66333 0 0 0 0
1.67 0 0 0 0
1.67667 0 0 0 0
1.68333 0 0 0 0
1.69 0 0 0 0
1.69667 0 0 0 0
1.70333 0 0 0 0
1.71 0 0 0 0
1.71667 0 0 0 0
1.72333 0 0 0 0
1.73 0 0 0 0
1.73667 0 0 0 0
1.74333 0 0 0 0
1.75 0 0 0 0
1.75667 0 0 0 0
1.76333 0 0 0 0
1.77 0 0 0 0
1.77667 0 0 0 0
1.78333 0 0 0 0
1.79 0 0 0 0
1.79667 0 0 0 0
1.80333 0 0 0 0
1.81 0 0 0 0
1.81667 0 0 0 0
1.82333 0 0 0 0
1.83 0 0 0 0
1.83667 0 0 0 0
1.84333 0 0 0 0
1.85 0 0 0 0
1.85667 0 0 0 0
1.86333 0 0 0 0
1.87 0 0 0 0
1.87667 0 0 0 0
1.88333 0 0 0 0
1.89 0 0 0 0
1.89667 0 0 0 0
1.90333 0 0 0 0
1.91 0 0 0 0
1.91667 0 0 0 0
1.92333 0 0 0 0
1.93 0 0 0 0
1.93667 0 0 0 0
1.94333 0 0 0 0
1.95 0 0 0 0
1.95667 0 0 0 0
1.96333 0 0 0 0
1.97 0 0 0 0
1.97667 0 0 0 0
1.98333 0 0 0 0
1.99 0 0 0 0
1.99667 0 0 0 0
