0.00333333 11 52 11 2
0.01 17 80 10 5
0.0166667 23 64 19 4
0.0233333 24 77 23 4
0.03 20 65 26 6
0.0366667 24 106 22 7
0.0433333 35 137 40 5
0.05 46 176 48 7
0.0566667 32 216 50 10
0.0633333 55 193 61 10
0.07 61 243 70 12
0.0766667 47 238 56 18
0.0833333 48 211 65 17
0.09 58 225 63 16
0.0966667 62 242 61 14
0.103333 55 227 65 23
0.11 49 225 66 22
0.116667 71 252 68 7
0.123333 49 230 54 16
0.13 45 239 58 15
0.136667 50 209 46 22
0.143333 45 192 40 11
0.15 49 222 52 7
0.156667 45 169 42 13
0.163333 41 186 40 15
0.17 44 172 44 15
0.176667 44 169 52 8
0.183333 47 183 43 10
0.19 28 181 49 14
0.196667 38 205 46 5
0.203333 45 185 38 16
0.21 39 174 47 7
0.216667 23 173 32 15
0.223333 33 175 29 10
0.23 28 153 32 15
0.236667 34 147 35 9
0.243333 33 132 27 8
0.25 40 136 20 6
0.256667 37 132 27 4
0.263333 24 113 30 10
0.27 28 126 33 9
0.276667 34 114 21 8
0.283333 20 114 26 8
0.29 17 104 23 7
0.296667 13 106 17 5
0.303333 26 90 23 8
0.31 25 88 19 6
0.316667 24 87 9 4
0.323333 19 89 19 7
0.33 24 88 23 4
0.336667 13 100 16 6
0.343333 9 75 12 5
0.35 15 79 27 2
0.356667 15 89 16 5
0.363333 17 70 19 8
0.37 15 81 16 8
0.376667 18 69 16 5
0.383333 15 76 16 3
0.39 19 55 23 2
0.396667 20 63 17 3
0.403333 13 55 16 7
0.41 19 77 8 2
0.416667 19 58 20 7
0.423333 15 63 21 6
0.43 8 72 18 5
0.436667 14 68 14 2
0.443333 20 59 17 6
0.45 24 66 19 6
0.456667 10 62 16 5
0.463333 24 62 18 6
0.47 16 70 9 5
0.476667 17 45 12 8
0.483333 7 36 12 4
0.49 6 40 7 3
0.496667 11 42 11 2
0.503333 10 22 10 4
0.51 14 40 9 5
0.516667 9 32 7 3
0.523333 10 32 4 1
0.53 12 27 10 2
0.536667 15 33 9 5
0.543333 6 43 11 5
0.55 5 32 11 6
0.556667 8 26 10 1
0.563333 13 37 10 3
0.57 3 33 11 2
0.576667 6 30 11 1
0.583333 11 32 7 3
0.59 7 35 11 2
0.596667 5 34 14 1
0.603333 10 26 9 4
0.61 11 29 5 2
0.616667 6 20 2 4
0.623333 7 33 5 4
0.63 9 32 2 2
0.636667 11 23 6 5
0.643333 6 13 1 3
0.65 3 34 12 1
0.656667 6 20 11 5
0.663333 302 1826 312 80
0.67 0 0 0 0
0.676667 0 0 0 0
0.683333 0 0 0 0
0.69 0 0 0 0
0.696667 0 0 0 0
0.703333 0 0 0 0
0.71 0 0 0 0
0.716667 0 0 0 0
0.723333 0 0 0 0
0.73 0 0 0 0
0.736667 0 0 0 0
0.743333 0 0 0 0
0.75 0 0 0 0
0.756667 0 0 0 0
0.763333 0 0 0 0
0.77 0 0 0 0
0.776667 0 0 0 0
0.783333 0 0 0 0
0.79 0 0 0 0
0.796667 0 0 0 0
0.803333 0 0 0 0
0.81 0 0 0 0
0.816667 0 0 0 0
0.823333 0 0 0 0
0.83 0 0 0 0
0.836667 0 0 0 0
0.843333 0 0 0 0
0.85 0 0 0 0
0.856667 0 0 0 0
0.863333 0 0 0 0
0.87 0 0 0 0
0.876667 0 0 0 0
0.883333 0 0 0 0
0.89 0 0 0 0
0.896667 0 0 0 0
0.903333 0 0 0 0
0.91 0 0 0 0
0.916667 0 0 0 0
0.923333 0 0 0 0
0.93 0 0 0 0
0.936667 0 0 0 0
0.943333 0 0 0 0
0.95 0 0 0 0
0.956667 0 0 0 0
0.963333 0 0 0 0
0.97 0 0 0 0
0.976667 0 0 0 0
0.983333 0 0 0 0
0.99 0 0 0 0
0.996667 0 0 0 0
1.00333 0 0 0 0
1.01 0 0 0 0
1.01667 0 0 0 0
1.02333 0 0 0 0
1.03 0 0 0 0
1.03667 0 0 0 0
1.04333 0 0 0 0
1.05 0 0 0 0
1.05667 0 0 0 0
1.06333 0 0 0 0
1.07 0 0 0 0
1.07667 0 0 0 0
1.08333 0 0 0 0
1.09 0 0 0 0
1.09667 0 0 0 0
1.10333 0 0 0 0
1.11 0 0 0 0
1.11667 0 0 0 0
1.12333 0 0 0 0
1.13 0 0 0 0
1.13667 0 0 0 0
1.14333 0 0 0 0
1.15 0 0 0 0
1.15667 0 0 0 0
1.16333 0 0 0 0
1.17 0 0 0 0
1.17667 0 0 0 0
1.18333 0 0 0 0
1.19 0 0 0 0
1.19667 0 0 0 0
1.20333 0 0 0 0
1.21 0 0 0 0
1.21667 0 0 0 0
1.22333 0 0 0 0
1.23 0 0 0 0
1.23667 0 0 0 0
1.24333 0 0 0 0
1.25 0 0 0 0
1.25667 0 0 0 0
1.26333 0 0 0 0
1.27 0 0 0 0
1.27667 0 0 0 0
1.28333 0 0 0 0
1.29 0 0 0 0
1.29667 0 0 0 0
1.30333 0 0 0 0
1.31 0 0 0 0
1.31667 0 0 0 0
1.32333 0 0 0 0
1.33 0 0 0 0
1.33667 0 0 0 0
1.34333 0 0 0 0
1.35 0 0 0 0
1.35667 0 0 0 0
1.36333 0 0 0 0
1.37 0 0 0 0
1.37667 0 0 0 0
1.38333 0 0 0 0
1.39 0 0 0 0
1.39667 0 0 0 0
1.40333 0 0 0 0
1.41 0 0 0 0
1.41667 0 0 0 0
1.42333 0 0 0 0
1.43 0 0 0 0
1.43667 0 0 0 0
1.44333 0 0 0 0
1.45 0 0 0 0
1.45667 0 0 0 0
1.46333 0 0 0 0
1.47 0 0 0 0
1.47667 0 0 0 0
1.48333 0 0 0 0
1.49 0 0 0 0
1.49667 0 0 0 0
1.50333 0 0 0 0
1.51 0 0 0 0
1.51667 0 0 0 0
1.52333 0 0 0 0
1.53 0 0 0 0
1.53667 0 0 0 0
1.54333 0 0 0 0
1.55 0 0 0 0
1.55667 0 0 0 0
1.56333 0 0 0 0
1.57 0 0 0 0
1.57667 0 0 0 0
1.58333 0 0 0 0
1.59 0 0 0 0
1.59667 0 0 0 0
1.60333 0 0 0 0
1.61 0 0 0 0
1.61667 0 0 0 0
1.62333 0 0 0 0
1.63 0 0 0 0
1.63667 0 0 0 0
1.64333 0 0 0 0
1.65 0 0 0 0
1.65667 0 0 0 0
1.66333 0 0 0 0
1.67 0 0 0 0
1.67667 0 0 0 0
1.68333 0 0 0 0
1.69 0 0 0 0
1.69667 0 0 0 0
1.70333 0 0 0 0
1.71 0 0 0 0
1.71667 0 0 0 0
1.72333 0 0 0 0
1.73 0 0 0 0
1.73667 0 0 0 0
1.74333 0 0 0 0
1.75 0 0 0 0
1.75667 0 0 0 0
1.76333 0 0 0 0
1.77 0 0 0 0
1.77667 0 0 0 0
1.78333 0 0 0 0
1.79 0 0 0 0
1.79667 0 0 0 0
1.80333 0 0 0 0
1.81 0 0 0 0
1.81667 0 0 0 0
1.82333 0 0 0 0
1.83 0 0 0 0
1.83667 0 0 0 0
1.84333 0 0 0 0
1.85 0 0 0 0
1.85667 0 0 0 0
1.86333 0 0 0 0
1.87 0 0 0 0
1.87667 0 0 0 0
1.88333 0 0 0 0
1.89 0 0 0 0
1.89667 0 0 0 0
1.90333 0 0 0 0
1.91 0 0 0 0
1.91667 0 0 0 0
1.92333 0 0 0 0
1.93 0 0 0 0
1.93667 0 0 0 0
1.94333 0 0 0 0
1.95 0 0 0 0
1.95667 0 0 0 0
1.96333 0 0 0 0
1.97 0 0 0 0
1.97667 0 0 0 0
1.98333 0 0 0 0
1.99 0 0 0 0
1.99667 0 0 0 0
