0.00333333 71 56 1 1
0.01 79 74 0 1
0.0166667 81 77 3 2
0.0233333 105 86 5 2
0.03 97 88 4 1
0.0366667 121 93 7 1
0.0433333 146 114 8 1
0.05 191 167 3 1
0.0566667 208 152 3 7
0.0633333 217 181 5 3
0.07 249 197 5 1
0.0766667 283 223 4 3
0.0833333 272 225 8 3
0.09 308 202 11 3
0.0966667 300 249 8 3
0.103333 285 218 5 3
0.11 292 200 5 3
0.116667 302 205 7 4
0.123333 314 225 11 1
0.13 275 234 8 4
0.136667 256 190 8 2
0.143333 274 195 7 4
0.15 263 178 4 4
0.156667 247 182 3 1
0.163333 228 161 2 1
0.17 243 184 6 2
0.176667 230 163 4 2
0.183333 233 214 5 1
0.19 259 192 4 5
0.196667 276 225 3 2
0.203333 254 172 7 0
0.21 261 174 8 2
0.216667 219 188 2 1
0.223333 223 165 5 5
0.23 197 141 4 3
0.236667 198 168 5 2
0.243333 183 143 4 3
0.25 174 130 6 3
0.256667 175 130 3 1
0.263333 144 123 3 1
0.27 163 115 2 1
0.276667 148 106 2 2
0.283333 144 121 1 0
0.29 145 94 1 2
0.296667 129 105 2 3
0.303333 125 113 4 0
0.31 141 113 5 1
0.316667 131 88 3 4
0.323333 108 96 3 5
0.33 113 99 4 1
0.336667 116 76 4 1
0.343333 105 91 4 1
0.35 107 95 2 1
0.356667 101 82 6 0
0.363333 97 85 3 0
0.37 86 87 4 2
0.376667 97 80 7 1
0.383333 110 67 5 1
0.39 111 82 3 0
0.396667 116 69 1 2
0.403333 107 69 4 0
0.41 97 69 2 1
0.416667 99 64 1 4
0.423333 95 69 3 0
0.43 106 53 4 2
0.436667 93 72 2 2
0.443333 98 63 3 2
0.45 77 52 3 0
0.456667 92 67 0 0
0.463333 98 59 4 1
0.47 107 65 1 1
0.476667 75 65 2 2
0.483333 53 47 1 1
0.49 57 41 1 2
0.496667 48 34 2 0
0.503333 65 54 2 1
0.51 50 29 1 1
0.516667 41 34 2 0
0.523333 41 33 2 1
0.53 34 34 3 0
0.536667 51 35 0 3
0.543333 45 30 1 1
0.55 48 33 0 1
0.556667 46 19 1 1
0.563333 43 24 1 0
0.57 32 32 0 2
0.576667 53 32 2 3
0.583333 46 44 1 1
0.59 40 32 1 1
0.596667 34 32 0 0
0.603333 36 34 2 2
0.61 45 23 0 2
0.616667 40 31 2 3
0.623333 44 29 1 2
0.63 31 37 2 1
0.636667 46 42 2 2
0.643333 38 30 0 0
0.65 41 31 0 2
0.656667 27 22 3 3
0.663333 3253 2406 29 43
0.67 0 0 0 0
0.676667 0 0 0 0
0.683333 0 0 0 0
0.69 0 0 0 0
0.696667 0 0 0 0
0.703333 0 0 0 0
0.71 0 0 0 0
0.716667 0 0 0 0
0.723333 0 0 0 0
0.73 0 0 0 0
0.736667 0 0 0 0
0.743333 0 0 0 0
0.75 0 0 0 0
0.756667 0 0 0 0
0.763333 0 0 0 0
0.77 0 0 0 0
0.776667 0 0 0 0
0.783333 0 0 0 0
0.79 0 0 0 0
0.796667 0 0 0 0
0.803333 0 0 0 0
0.81 0 0 0 0
0.816667 0 0 0 0
0.823333 0 0 0 0
0.83 0 0 0 0
0.836667 0 0 0 0
0.843333 0 0 0 0
0.85 0 0 0 0
0.856667 0 0 0 0
0.863333 0 0 0 0
0.87 0 0 0 0
0.876667 0 0 0 0
0.883333 0 0 0 0
0.89 0 0 0 0
0.896667 0 0 0 0
0.903333 0 0 0 0
0.91 0 0 0 0
0.916667 0 0 0 0
0.923333 0 0 0 0
0.93 0 0 0 0
0.936667 0 0 0 0
0.943333 0 0 0 0
0.95 0 0 0 0
0.956667 0 0 0 0
0.963333 0 0 0 0
0.97 0 0 0 0
0.976667 0 0 0 0
0.983333 0 0 0 0
0.99 0 0 0 0
0.996667 0 0 0 0
1.00333 0 0 0 0
1.01 0 0 0 0
1.01667 0 0 0 0
1.02333 0 0 0 0
1.03 0 0 0 0
1.03667 0 0 0 0
1.04333 0 0 0 0
1.05 0 0 0 0
1.05667 0 0 0 0
1.06333 0 0 0 0
1.07 0 0 0 0
1.07667 0 0 0 0
1.08333 0 0 0 0
1.09 0 0 0 0
1.09667 0 0 0 0
1.10333 0 0 0 0
1.11 0 0 0 0
1.11667 0 0 0 0
1.12333 0 0 0 0
1.13 0 0 0 0
1.13667 0 0 0 0
1.14333 0 0 0 0
1.15 0 0 0 0
1.15667 0 0 0 0
1.16333 0 0 0 0
1.17 0 0 0 0
1.17667 0 0 0 0
1.18333 0 0 0 0
1.19 0 0 0 0
1.19667 0 0 0 0
1.20333 0 0 0 0
1.21 0 0 0 0
1.21667 0 0 0 0
1.22333 0 0 0 0
1.23 0 0 0 0
1.23667 0 0 0 0
1.24333 0 0 0 0
1.25 0 0 0 0
1.25667 0 0 0 0
1.26333 0 0 0 0
1.27 0 0 0 0
1.27667 0 0 0 0
1.28333 0 0 0 0
1.29 0 0 0 0
1.29667 0 0 0 0
1.30333 0 0 0 0
1.31 0 0 0 0
1.31667 0 0 0 0
1.32333 0 0 0 0
1.33 0 0 0 0
1.33667 0 0 0 0
1.34333 0 0 0 0
1.35 0 0 0 0
1.35667 0 0 0 0
1.36333 0 0 0 0
1.37 0 0 0 0
1.37667 0 0 0 0
1.38333 0 0 0 0
1.39 0 0 0 0
1.39667 0 0 0 0
1.40333 0 0 0 0
1.41 0 0 0 0
1.41667 0 0 0 0
1.42333 0 0 0 0
1.43 0 0 0 0
1.43667 0 0 0 0
1.44333 0 0 0 0
1.45 0 0 0 0
1.45667 0 0 0 0
1.46333 0 0 0 0
1.47 0 0 0 0
1.47667 0 0 0 0
1.48333 0 0 0 0
1.49 0 0 0 0
1.49667 0 0 0 0
1.50333 0 0 0 0
1.51 0 0 0 0
1.51667 0 0 0 0
1.52333 0 0 0 0
1.53 0 0 0 0
1.53667 0 0 0 0
1.54333 0 0 0 0
1.55 0 0 0 0
1.55667 0 0 0 0
1.56333 0 0 0 0
1.57 0 0 0 0
1.57667 0 0 0 0
1.58333 0 0 0 0
1.59 0 0 0 0
1.59667 0 0 0 0
1.60333 0 0 0 0
1.61 0 0 0 0
1.61667 0 0 0 0
1.62333 0 0 0 0
1.63 0 0 0 0
1.63667 0 0 0 0
1.64333 0 0 0 0
1.65 0 0 0 0
1.65667 0 0 0 0
1.66333 0 0 0 0
1.67 0 0 0 0
1.67667 0 0 0 0
1.68333 0 0 0 0
1.69 0 0 0 0
1.69667 0 0 0 0
1.70333 0 0 0 0
1.71 0 0 0 0
1.71667 0 0 0 0
1.72333 0 0 0 0
1.73 0 0 0 0
1.73667 0 0 0 0
1.74333 0 0 0 0
1.75 0 0 0 0
1.75667 0 0 0 0
1.76333 0 0 0 0
1.77 0 0 0 0
1.77667 0 0 0 0
1.78333 0 0 0 0
1.79 0 0 0 0
1.79667 0 0 0 0
1.80333 0 0 0 0
1.81 0 0 0 0
1.81667 0 0 0 0
1.82333 0 0 0 0
1.83 0 0 0 0
1.83667 0 0 0 0
1.84333 0 0 0 0
1.85 0 0 0 0
1.85667 0 0 0 0
1.86333 0 0 0 0
1.87 0 0 0 0
1.87667 0 0 0 0
1.88333 0 0 0 0
1.89 0 0 0 0
1.89667 0 0 0 0
1.90333 0 0 0 0
1.91 0 0 0 0
1.91667 0 0 0 0
1.92333 0 0 0 0
1.93 0 0 0 0
1.93667 0 0 0 0
1.94333 0 0 0 0
1.95 0 0 0 0
1.95667 0 0 0 0
1.96333 0 0 0 0
1.97 0 0 0 0
1.97667 0 0 0 0
1.98333 0 0 0 0
1.99 0 0 0 0
1.99667 0 0 0 0
