0.00333333 2 8 78 6
0.01 5 14 71 5
0.0166667 1 21 87 9
0.0233333 4 21 84 16
0.03 3 22 71 10
0.0366667 5 29 100 8
0.0433333 9 31 121 14
0.05 11 38 150 18
0.0566667 9 45 163 23
0.0633333 13 49 192 31
0.07 11 68 214 38
0.0766667 11 55 202 37
0.0833333 17 63 205 24
0.09 10 64 240 17
0.0966667 10 56 219 34
0.103333 10 53 226 22
0.11 19 53 228 24
0.116667 5 55 230 33
0.123333 16 51 218 22
0.13 11 47 212 22
0.136667 9 36 229 19
0.143333 10 51 225 13
0.15 9 34 214 15
0.156667 5 30 222 18
0.163333 8 52 204 17
0.17 7 34 204 17
0.176667 6 29 198 18
0.183333 11 52 218 14
0.19 9 32 273 16
0.196667 6 48 224 14
0.203333 5 42 230 20
0.21 12 25 188 15
0.216667 2 26 211 10
0.223333 12 25 182 12
0.23 5 39 191 18
0.236667 6 30 180 10
0.243333 5 37 146 11
0.25 4 29 158 6
0.256667 10 24 140 9
0.263333 7 32 122 12
0.27 7 30 134 8
0.276667 8 18 139 13
0.283333 2 13 127 8
0.29 2 19 109 14
0.296667 2 34 108 10
0.303333 5 21 115 10
0.31 6 30 117 12
0.316667 2 17 96 7
0.323333 2 25 116 6
0.33 4 21 98 7
0.336667 8 26 102 10
0.343333 3 18 108 12
0.35 1 23 95 9
0.356667 5 21 90 9
0.363333 4 20 80 7
0.37 4 18 74 5
0.376667 2 13 90 14
0.383333 4 17 82 6
0.39 7 22 82 6
0.396667 5 11 87 6
0.403333 2 15 81 7
0.41 3 9 76 6
0.416667 5 16 92 7
0.423333 3 19 86 13
0.43 0 15 77 11
0.436667 2 10 77 11
0.443333 3 12 75 12
0.45 5 15 79 6
0.456667 2 12 64 5
0.463333 1 17 81 7
0.47 5 15 60 6
0.476667 5 10 61 5
0.483333 4 6 50 7
0.49 2 9 47 5
0.496667 2 16 34 6
0.503333 2 6 42 4
0.51 3 6 38 2
0.516667 2 12 29 5
0.523333 6 16 29 2
0.53 1 11 32 5
0.536667 1 7 32 5
0.543333 3 5 37 1
0.55 1 9 36 2
0.556667 2 9 40 2
0.563333 2 6 33 7
0.57 2 13 30 4
0.576667 2 10 23 3
0.583333 2 14 35 5
0.59 3 7 38 3
0.596667 1 17 36 10
0.603333 0 3 28 2
0.61 0 11 29 5
0.616667 2 11 23 6
0.623333 0 13 36 5
0.63 3 5 26 2
0.636667 0 11 43 4
0.643333 1 10 26 6
0.65 1 4 32 4
0.656667 0 11 26 6
0.663333 38 296 3087 106
0.67 0 0 0 0
0.676667 0 0 0 0
0.683333 0 0 0 0
0.69 0 0 0 0
0.696667 0 0 0 0
0.703333 0 0 0 0
0.71 0 0 0 0
0.716667 0 0 0 0
0.723333 0 0 0 0
0.73 0 0 0 0
0.736667 0 0 0 0
0.743333 0 0 0 0
0.75 0 0 0 0
0.756667 0 0 0 0
0.763333 0 0 0 0
0.77 0 0 0 0
0.776667 0 0 0 0
0.783333 0 0 0 0
0.79 0 0 0 0
0.796667 0 0 0 0
0.803333 0 0 0 0
0.81 0 0 0 0
0.816667 0 0 0 0
0.823333 0 0 0 0
0.83 0 0 0 0
0.836667 0 0 0 0
0.843333 0 0 0 0
0.85 0 0 0 0
0.856667 0 0 0 0
0.863333 0 0 0 0
0.87 0 0 0 0
0.876667 0 0 0 0
0.883333 0 0 0 0
0.89 0 0 0 0
0.896667 0 0 0 0
0.903333 0 0 0 0
0.91 0 0 0 0
0.916667 0 0 0 0
0.923333 0 0 0 0
0.93 0 0 0 0
0.936667 0 0 0 0
0.943333 0 0 0 0
0.95 0 0 0 0
0.956667 0 0 0 0
0.963333 0 0 0 0
0.97 0 0 0 0
0.976667 0 0 0 0
0.983333 0 0 0 0
0.99 0 0 0 0
0.996667 0 0 0 0
1.00333 0 0 0 0
1.01 0 0 0 0
1.01667 0 0 0 0
1.02333 0 0 0 0
1.03 0 0 0 0
1.03667 0 0 0 0
1.04333 0 0 0 0
1.05 0 0 0 0
1.05667 0 0 0 0
1.06333 0 0 0 0
1.07 0 0 0 0
1.07667 0 0 0 0
1.08333 0 0 0 0
1.09 0 0 0 0
1.09667 0 0 0 0
1.10333 0 0 0 0
1.11 0 0 0 0
1.11667 0 0 0 0
1.12333 0 0 0 0
1.13 0 0 0 0
1.13667 0 0 0 0
1.14333 0 0 0 0
1.15 0 0 0 0
1.15667 0 0 0 0
1.16333 0 0 0 0
1.17 0 0 0 0
1.17667 0 0 0 0
1.18333 0 0 0 0
1.19 0 0 0 0
1.19667 0 0 0 0
1.20333 0 0 0 0
1.21 0 0 0 0
1.21667 0 0 0 0
1.22333 0 0 0 0
1.23 0 0 0 0
1.23667 0 0 0 0
1.24333 0 0 0 0
1.25 0 0 0 0
1.25667 0 0 0 0
1.26333 0 0 0 0
1.27 0 0 0 0
1.27667 0 0 0 0
1.28333 0 0 0 0
1.29 0 0 0 0
1.29667 0 0 0 0
1.30333 0 0 0 0
1.31 0 0 0 0
1.31667 0 0 0 0
1.32333 0 0 0 0
1.33 0 0 0 0
1.33667 0 0 0 0
1.34333 0 0 0 0
1.35 0 0 0 0
1.35667 0 0 0 0
1.36333 0 0 0 0
1.37 0 0 0 0
1.37667 0 0 0 0
1.38333 0 0 0 0
1.39 0 0 0 0
1.39667 0 0 0 0
1.40333 0 0 0 0
1.41 0 0 0 0
1.41667 0 0 0 0
1.42333 0 0 0 0
1.43 0 0 0 0
1.43667 0 0 0 0
1.44333 0 0 0 0
1.45 0 0 0 0
1.45667 0 0 0 0
1.46333 0 0 0 0
1.47 0 0 0 0
1.47667 0 0 0 0
1.48333 0 0 0 0
1.49 0 0 0 0
1.49667 0 0 0 0
1.50333 0 0 0 0
1.51 0 0 0 0
1.51667 0 0 0 0
1.52333 0 0 0 0
1.53 0 0 0 0
1.53667 0 0 0 0
1.54333 0 0 0 0
1.55 0 0 0 0
1.55667 0 0 0 0
1.56333 0 0 0 0
1.57 0 0 0 0
1.57667 0 0 0 0
1.58333 0 0 0 0
1.59 0 0 0 0
1.59667 0 0 0 0
1.60333 0 0 0 0
1.61 0 0 0 0
1.61667 0 0 0 0
1.62333 0 0 0 0
1.63 0 0 0 0
1.63667 0 0 0 0
1.64333 0 0 0 0
1.65 0 0 0 0
1.65667 0 0 0 0
1.66333 0 0 0 0
1.67 0 0 0 0
1.67667 0 0 0 0
1.68333 0 0 0 0
1.69 0 0 0 0
1.69667 0 0 0 0
1.70333 0 0 0 0
1.71 0 0 0 0
1.71667 0 0 0 0
1.72333 0 0 0 0
1.73 0 0 0 0
1.73667 0 0 0 0
1.74333 0 0 0 0
1.75 0 0 0 0
1.75667 0 0 0 0
1.76333 0 0 0 0
1.77 0 0 0 0
1.77667 0 0 0 0
1.78333 0 0 0 0
1.79 0 0 0 0
1.79667 0 0 0 0
1.80333 0 0 0 0
1.81 0 0 0 0
1.81667 0 0 0 0
1.82333 0 0 0 0
1.83 0 0 0 0
1.83667 0 0 0 0
1.84333 0 0 0 0
1.85 0 0 0 0
1.85667 0 0 0 0
1.86333 0 0 0 0
1.87 0 0 0 0
1.87667 0 0 0 0
1.88333 0 0 0 0
1.89 0 0 0 0
1.89667 0 0 0 0
1.90333 0 0 0 0
1.91 0 0 0 0
1.91667 0 0 0 0
1.92333 0 0 0 0
1.93 0 0 0 0
1.93667 0 0 0 0
1.94333 0 0 0 0
1.95 0 0 0 0
1.95667 0 0 0 0
1.96333 0 0 0 0
1.97 0 0 0 0
1.97667 0 0 0 0
1.98333 0 0 0 0
1.99 0 0 0 0
1.99667 0 0 0 0
