0.00333333 83 88 1 4
0.01 90 106 2 2
0.0166667 76 93 5 2
0.0233333 89 107 0 2
0.03 111 124 4 1
0.0366667 105 115 1 5
0.0433333 125 148 2 1
0.05 145 160 4 4
0.0566667 141 180 7 6
0.0633333 207 197 5 9
0.07 193 205 6 7
0.0766667 219 234 6 6
0.0833333 246 232 9 6
0.09 203 231 7 2
0.0966667 225 259 7 3
0.103333 203 254 7 11
0.11 229 229 4 13
0.116667 228 286 3 7
0.123333 243 304 4 2
0.13 243 269 5 5
0.136667 207 242 5 4
0.143333 233 239 4 5
0.15 225 255 5 1
0.156667 210 242 12 0
0.163333 198 228 3 10
0.17 211 249 10 7
0.176667 188 215 3 7
0.183333 232 277 5 7
0.19 240 295 6 8
0.196667 234 303 4 5
0.203333 239 270 5 6
0.21 225 240 8 6
0.216667 222 241 5 3
0.223333 202 248 2 4
0.23 196 208 9 4
0.236667 165 248 6 4
0.243333 160 181 2 7
0.25 162 180 5 6
0.256667 160 183 3 2
0.263333 161 161 2 4
0.27 139 179 6 5
0.276667 150 166 3 1
0.283333 138 182 1 1
0.29 136 147 1 2
0.296667 143 154 2 1
0.303333 122 151 7 2
0.31 122 147 4 4
0.316667 133 122 3 2
0.323333 96 109 7 5
0.33 108 104 2 3
0.336667 101 114 5 1
0.343333 124 109 5 5
0.35 104 132 8 2
0.356667 120 101 6 1
0.363333 102 105 2 1
0.37 86 114 5 3
0.376667 104 108 2 4
0.383333 99 85 5 4
0.39 93 110 1 5
0.396667 101 98 1 0
0.403333 102 82 1 3
0.41 85 101 5 1
0.416667 108 108 3 2
0.423333 117 119 2 2
0.43 90 108 3 2
0.436667 89 97 4 5
0.443333 98 101 2 1
0.45 102 81 2 2
0.456667 89 94 3 2
0.463333 110 105 1 2
0.47 87 95 2 4
0.476667 88 86 3 2
0.483333 46 63 6 1
0.49 50 56 1 1
0.496667 43 38 2 2
0.503333 36 57 2 1
0.51 43 62 3 1
0.516667 31 42 1 2
0.523333 46 45 5 3
0.53 51 37 1 2
0.536667 59 54 1 0
0.543333 31 40 2 1
0.55 32 46 3 4
0.556667 36 37 1 2
0.563333 47 36 0 3
0.57 37 33 2 4
0.576667 27 34 3 3
0.583333 43 49 0 1
0.59 31 39 1 0
0.596667 29 34 2 1
0.603333 25 41 0 1
0.61 36 36 0 1
0.616667 38 27 3 3
0.623333 29 38 1 1
0.63 38 40 0 0
0.636667 48 48 2 6
0.643333 46 38 3 2
0.65 28 37 1 2
0.656667 38 40 2 2
0.663333 3595 4212 35 87
0.67 0 0 0 0
0.676667 0 0 0 0
0.683333 0 0 0 0
0.69 0 0 0 0
0.696667 0 0 0 0
0.703333 0 0 0 0
0.71 0 0 0 0
0.716667 0 0 0 0
0.723333 0 0 0 0
0.73 0 0 0 0
0.736667 0 0 0 0
0.743333 0 0 0 0
0.75 0 0 0 0
0.756667 0 0 0 0
0.763333 0 0 0 0
0.77 0 0 0 0
0.776667 0 0 0 0
0.783333 0 0 0 0
0.79 0 0 0 0
0.796667 0 0 0 0
0.803333 0 0 0 0
0.81 0 0 0 0
0.816667 0 0 0 0
0.823333 0 0 0 0
0.83 0 0 0 0
0.836667 0 0 0 0
0.843333 0 0 0 0
0.85 0 0 0 0
0.856667 0 0 0 0
0.863333 0 0 0 0
0.87 0 0 0 0
0.876667 0 0 0 0
0.883333 0 0 0 0
0.89 0 0 0 0
0.896667 0 0 0 0
0.903333 0 0 0 0
0.91 0 0 0 0
0.916667 0 0 0 0
0.923333 0 0 0 0
0.93 0 0 0 0
0.936667 0 0 0 0
0.943333 0 0 0 0
0.95 0 0 0 0
0.956667 0 0 0 0
0.963333 0 0 0 0
0.97 0 0 0 0
0.976667 0 0 0 0
0.983333 0 0 0 0
0.99 0 0 0 0
0.996667 0 0 0 0
1.00333 0 0 0 0
1.01 0 0 0 0
1.01667 0 0 0 0
1.02333 0 0 0 0
1.03 0 0 0 0
1.03667 0 0 0 0
1.04333 0 0 0 0
1.05 0 0 0 0
1.05667 0 0 0 0
1.06333 0 0 0 0
1.07 0 0 0 0
1.07667 0 0 0 0
1.08333 0 0 0 0
1.09 0 0 0 0
1.09667 0 0 0 0
1.10333 0 0 0 0
1.11 0 0 0 0
1.11667 0 0 0 0
1.12333 0 0 0 0
1.13 0 0 0 0
1.13667 0 0 0 0
1.14333 0 0 0 0
1.15 0 0 0 0
1.15667 0 0 0 0
1.16333 0 0 0 0
1.17 0 0 0 0
1.17667 0 0 0 0
1.18333 0 0 0 0
1.19 0 0 0 0
1.19667 0 0 0 0
1.20333 0 0 0 0
1.21 0 0 0 0
1.21667 0 0 0 0
1.22333 0 0 0 0
1.23 0 0 0 0
1.23667 0 0 0 0
1.24333 0 0 0 0
1.25 0 0 0 0
1.25667 0 0 0 0
1.26333 0 0 0 0
1.27 0 0 0 0
1.27667 0 0 0 0
1.28333 0 0 0 0
1.29 0 0 0 0
1.29667 0 0 0 0
1.30333 0 0 0 0
1.31 0 0 0 0
1.31667 0 0 0 0
1.32333 0 0 0 0
1.33 0 0 0 0
1.33667 0 0 0 0
1.34333 0 0 0 0
1.35 0 0 0 0
1.35667 0 0 0 0
1.36333 0 0 0 0
1.37 0 0 0 0
1.37667 0 0 0 0
1.38333 0 0 0 0
1.39 0 0 0 0
1.39667 0 0 0 0
1.40333 0 0 0 0
1.41 0 0 0 0
1.41667 0 0 0 0
1.42333 0 0 0 0
1.43 0 0 0 0
1.43667 0 0 0 0
1.44333 0 0 0 0
1.45 0 0 0 0
1.45667 0 0 0 0
1.46333 0 0 0 0
1.47 0 0 0 0
1.47667 0 0 0 0
1.48333 0 0 0 0
1.49 0 0 0 0
1.49667 0 0 0 0
1.50333 0 0 0 0
1.51 0 0 0 0
1.51667 0 0 0 0
1.52333 0 0 0 0
1.53 0 0 0 0
1.53667 0 0 0 0
1.54333 0 0 0 0
1.55 0 0 0 0
1.55667 0 0 0 0
1.56333 0 0 0 0
1.57 0 0 0 0
1.57667 0 0 0 0
1.58333 0 0 0 0
1.59 0 0 0 0
1.59667 0 0 0 0
1.60333 0 0 0 0
1.61 0 0 0 0
1.61667 0 0 0 0
1.62333 0 0 0 0
1.63 0 0 0 0
1.63667 0 0 0 0
1.64333 0 0 0 0
1.65 0 0 0 0
1.65667 0 0 0 0
1.66333 0 0 0 0
1.67 0 0 0 0
1.67667 0 0 0 0
1.68333 0 0 0 0
1.69 0 0 0 0
1.69667 0 0 0 0
1.70333 0 0 0 0
1.71 0 0 0 0
1.71667 0 0 0 0
1.72333 0 0 0 0
1.73 0 0 0 0
1.73667 0 0 0 0
1.74333 0 0 0 0
1.75 0 0 0 0
1.75667 0 0 0 0
1.76333 0 0 0 0
1.77 0 0 0 0
1.77667 0 0 0 0
1.78333 0 0 0 0
1.79 0 0 0 0
1.79667 0 0 0 0
1.80333 0 0 0 0
1.81 0 0 0 0
1.81667 0 0 0 0
1.82333 0 0 0 0
1.83 0 0 0 0
1.83667 0 0 0 0
1.84333 0 0 0 0
1.85 0 0 0 0
1.85667 0 0 0 0
1.86333 0 0 0 0
1.87 0 0 0 0
1.87667 0 0 0 0
1.88333 0 0 0 0
1.89 0 0 0 0
1.89667 0 0 0 0
1.90333 0 0 0 0
1.91 0 0 0 0
1.91667 0 0 0 0
1.92333 0 0 0 0
1.93 0 0 0 0
1.93667 0 0 0 0
1.94333 0 0 0 0
1.95 0 0 0 0
1.95667 0 0 0 0
1.96333 0 0 0 0
1.97 0 0 0 0
1.97667 0 0 0 0
1.98333 0 0 0 0
1.99 0 0 0 0
1.99667 0 0 0 0
