0.00333333 0 4 143 12
0.01 3 11 149 15
0.0166667 0 9 148 21
0.0233333 4 12 163 21
0.03 1 12 156 24
0.0366667 1 15 174 28
0.0433333 2 10 209 39
0.05 2 13 243 48
0.0566667 4 26 301 44
0.0633333 1 18 317 56
0.07 5 26 332 60
0.0766667 6 31 353 69
0.0833333 5 28 366 55
0.09 5 18 386 70
0.0966667 2 25 382 67
0.103333 2 28 392 57
0.11 1 21 411 58
0.116667 2 30 407 72
0.123333 2 24 408 61
0.13 4 31 386 51
0.136667 0 30 424 38
0.143333 3 20 414 53
0.15 1 17 380 34
0.156667 2 16 371 42
0.163333 1 24 364 42
0.17 2 18 364 39
0.176667 3 22 384 38
0.183333 3 21 437 35
0.19 2 21 510 32
0.196667 3 31 499 37
0.203333 1 21 462 37
0.21 2 18 428 32
0.216667 3 23 410 30
0.223333 4 24 420 33
0.23 5 14 362 23
0.236667 1 22 346 20
0.243333 4 22 325 27
0.25 3 18 274 33
0.256667 2 19 271 24
0.263333 1 19 269 32
0.27 1 18 215 32
0.276667 0 12 248 19
0.283333 1 26 244 34
0.29 1 7 223 32
0.296667 1 14 206 25
0.303333 2 11 190 27
0.31 0 19 207 22
0.316667 2 10 222 23
0.323333 1 18 197 24
0.33 2 18 181 23
0.336667 0 15 189 17
0.343333 0 4 185 23
0.35 1 10 176 23
0.356667 2 13 142 20
0.363333 2 13 183 22
0.37 2 18 164 23
0.376667 2 10 163 14
0.383333 1 13 147 19
0.39 1 10 188 24
0.396667 0 15 157 20
0.403333 1 9 159 15
0.41 2 4 156 16
0.416667 0 10 152 21
0.423333 0 6 148 24
0.43 2 14 164 17
0.436667 2 12 158 12
0.443333 2 14 140 22
0.45 1 8 169 10
0.456667 1 7 172 11
0.463333 1 5 162 20
0.47 3 8 168 16
0.476667 0 4 159 8
0.483333 0 8 80 11
0.49 1 7 79 11
0.496667 3 6 96 11
0.503333 1 11 67 10
0.51 1 10 67 13
0.516667 0 7 63 11
0.523333 0 6 70 11
0.53 1 5 58 13
0.536667 0 2 50 7
0.543333 0 4 42 14
0.55 0 2 62 11
0.556667 2 7 64 8
0.563333 2 4 54 9
0.57 1 6 52 7
0.576667 0 9 50 11
0.583333 0 8 54 11
0.59 1 4 78 13
0.596667 0 3 56 6
0.603333 2 6 61 7
0.61 1 4 58 12
0.616667 2 9 43 8
0.623333 1 5 40 12
0.63 1 4 50 8
0.636667 0 7 55 5
0.643333 0 3 37 6
0.65 0 8 46 7
0.656667 0 2 39 7
0.663333 9 272 7507 264
0.67 0 0 0 0
0.676667 0 0 0 0
0.683333 0 0 0 0
0.69 0 0 0 0
0.696667 0 0 0 0
0.703333 0 0 0 0
0.71 0 0 0 0
0.716667 0 0 0 0
0.723333 0 0 0 0
0.73 0 0 0 0
0.736667 0 0 0 0
0.743333 0 0 0 0
0.75 0 0 0 0
0.756667 0 0 0 0
0.763333 0 0 0 0
0.77 0 0 0 0
0.776667 0 0 0 0
0.783333 0 0 0 0
0.79 0 0 0 0
0.796667 0 0 0 0
0.803333 0 0 0 0
0.81 0 0 0 0
0.816667 0 0 0 0
0.823333 0 0 0 0
0.83 0 0 0 0
0.836667 0 0 0 0
0.843333 0 0 0 0
0.85 0 0 0 0
0.856667 0 0 0 0
0.863333 0 0 0 0
0.87 0 0 0 0
0.876667 0 0 0 0
0.883333 0 0 0 0
0.89 0 0 0 0
0.896667 0 0 0 0
0.903333 0 0 0 0
0.91 0 0 0 0
0.916667 0 0 0 0
0.923333 0 0 0 0
0.93 0 0 0 0
0.936667 0 0 0 0
0.943333 0 0 0 0
0.95 0 0 0 0
0.956667 0 0 0 0
0.963333 0 0 0 0
0.97 0 0 0 0
0.976667 0 0 0 0
0.983333 0 0 0 0
0.99 0 0 0 0
0.996667 0 0 0 0
1.00333 0 0 0 0
1.01 0 0 0 0
1.01667 0 0 0 0
1.02333 0 0 0 0
1.03 0 0 0 0
1.03667 0 0 0 0
1.04333 0 0 0 0
1.05 0 0 0 0
1.05667 0 0 0 0
1.06333 0 0 0 0
1.07 0 0 0 0
1.07667 0 0 0 0
1.08333 0 0 0 0
1.09 0 0 0 0
1.09667 0 0 0 0
1.10333 0 0 0 0
1.11 0 0 0 0
1.11667 0 0 0 0
1.12333 0 0 0 0
1.13 0 0 0 0
1.13667 0 0 0 0
1.14333 0 0 0 0
1.15 0 0 0 0
1.15667 0 0 0 0
1.16333 0 0 0 0
1.17 0 0 0 0
1.17667 0 0 0 0
1.18333 0 0 0 0
1.19 0 0 0 0
1.19667 0 0 0 0
1.20333 0 0 0 0
1.21 0 0 0 0
1.21667 0 0 0 0
1.22333 0 0 0 0
1.23 0 0 0 0
1.23667 0 0 0 0
1.24333 0 0 0 0
1.25 0 0 0 0
1.25667 0 0 0 0
1.26333 0 0 0 0
1.27 0 0 0 0
1.27667 0 0 0 0
1.28333 0 0 0 0
1.29 0 0 0 0
1.29667 0 0 0 0
1.30333 0 0 0 0
1.31 0 0 0 0
1.31667 0 0 0 0
1.32333 0 0 0 0
1.33 0 0 0 0
1.33667 0 0 0 0
1.34333 0 0 0 0
1.35 0 0 0 0
1.35667 0 0 0 0
1.36333 0 0 0 0
1.37 0 0 0 0
1.37667 0 0 0 0
1.38333 0 0 0 0
1.39 0 0 0 0
1.39667 0 0 0 0
1.40333 0 0 0 0
1.41 0 0 0 0
1.41667 0 0 0 0
1.42333 0 0 0 0
1.43 0 0 0 0
1.43667 0 0 0 0
1.44333 0 0 0 0
1.45 0 0 0 0
1.45667 0 0 0 0
1.46333 0 0 0 0
1.47 0 0 0 0
1.47667 0 0 0 0
1.48333 0 0 0 0
1.49 0 0 0 0
1.49667 0 0 0 0
1.50333 0 0 0 0
1.51 0 0 0 0
1.51667 0 0 0 0
1.52333 0 0 0 0
1.53 0 0 0 0
1.53667 0 0 0 0
1.54333 0 0 0 0
1.55 0 0 0 0
1.55667 0 0 0 0
1.56333 0 0 0 0
1.57 0 0 0 0
1.57667 0 0 0 0
1.58333 0 0 0 0
1.59 0 0 0 0
1.59667 0 0 0 0
1.60333 0 0 0 0
1.61 0 0 0 0
1.61667 0 0 0 0
1.62333 0 0 0 0
1.63 0 0 0 0
1.63667 0 0 0 0
1.64333 0 0 0 0
1.65 0 0 0 0
1.65667 0 0 0 0
1.66333 0 0 0 0
1.67 0 0 0 0
1.67667 0 0 0 0
1.68333 0 0 0 0
1.69 0 0 0 0
1.69667 0 0 0 0
1.70333 0 0 0 0
1.71 0 0 0 0
1.71667 0 0 0 0
1.72333 0 0 0 0
1.73 0 0 0 0
1.73667 0 0 0 0
1.74333 0 0 0 0
1.75 0 0 0 0
1.75667 0 0 0 0
1.76333 0 0 0 0
1.77 0 0 0 0
1.77667 0 0 0 0
1.78333 0 0 0 0
1.79 0 0 0 0
1.79667 0 0 0 0
1.80333 0 0 0 0
1.81 0 0 0 0
1.81667 0 0 0 0
1.82333 0 0 0 0
1.83 0 0 0 0
1.83667 0 0 0 0
1.84333 0 0 0 0
1.85 0 0 0 0
1.85667 0 0 0 0
1.86333 0 0 0 0
1.87 0 0 0 0
1.87667 0 0 0 0
1.88333 0 0 0 0
1.89 0 0 0 0
1.89667 0 0 0 0
1.90333 0 0 0 0
1.91 0 0 0 0
1.91667 0 0 0 0
1.92333 0 0 0 0
1.93 0 0 0 0
1.93667 0 0 0 0
1.94333 0 0 0 0
1.95 0 0 0 0
1.95667 0 0 0 0
1.96333 0 0 0 0
1.97 0 0 0 0
1.97667 0 0 0 0
1.98333 0 0 0 0
1.99 0 0 0 0
1.99667 0 0 0 0
