0.00333333 22 87 8 4
0.01 11 116 6 3
0.0166667 32 93 14 2
0.0233333 19 113 10 3
0.03 37 101 18 8
0.0366667 33 146 15 3
0.0433333 30 182 24 8
0.05 40 218 20 11
0.0566667 44 202 26 9
0.0633333 67 240 24 13
0.07 65 262 36 5
0.0766667 72 297 39 16
0.0833333 71 298 48 13
0.09 62 310 35 8
0.0966667 64 316 37 12
0.103333 75 293 21 16
0.11 62 334 27 12
0.116667 67 334 28 10
0.123333 56 355 29 9
0.13 67 328 26 11
0.136667 45 355 39 10
0.143333 50 306 26 9
0.15 58 339 28 9
0.156667 75 294 21 5
0.163333 48 278 23 8
0.17 57 284 27 18
0.176667 45 291 31 10
0.183333 64 306 28 9
0.19 48 374 22 8
0.196667 54 319 26 9
0.203333 63 356 18 9
0.21 50 304 22 11
0.216667 42 314 19 10
0.223333 43 271 12 7
0.23 48 288 22 13
0.236667 44 268 23 9
0.243333 33 223 16 11
0.25 34 225 18 7
0.256667 44 211 22 4
0.263333 44 200 21 15
0.27 33 184 22 9
0.276667 27 197 17 2
0.283333 31 178 12 6
0.29 40 179 12 9
0.296667 34 171 10 4
0.303333 34 153 14 11
0.31 35 133 12 5
0.316667 33 163 11 6
0.323333 36 154 9 7
0.33 37 147 12 7
0.336667 27 143 10 3
0.343333 24 116 19 9
0.35 26 117 7 11
0.356667 25 117 9 1
0.363333 19 114 17 5
0.37 31 104 6 9
0.376667 21 126 12 5
0.383333 26 133 11 4
0.39 29 134 11 3
0.396667 26 111 7 6
0.403333 21 103 3 2
0.41 16 110 9 8
0.416667 25 107 9 8
0.423333 29 133 9 4
0.43 18 116 8 5
0.436667 28 113 3 4
0.443333 24 118 6 7
0.45 21 114 8 5
0.456667 19 111 6 7
0.463333 21 104 15 6
0.47 27 111 9 6
0.476667 24 94 11 6
0.483333 15 72 8 5
0.49 13 51 10 5
0.496667 19 47 8 2
0.503333 16 53 7 3
0.51 8 55 7 3
0.516667 14 50 4 6
0.523333 14 45 7 1
0.53 14 52 2 3
0.536667 16 55 1 3
0.543333 16 41 5 3
0.55 11 44 5 2
0.556667 15 38 9 4
0.563333 15 46 6 3
0.57 8 45 7 3
0.576667 19 53 5 3
0.583333 14 42 8 1
0.59 12 51 6 6
0.596667 8 42 4 5
0.603333 9 46 5 2
0.61 14 33 5 2
0.616667 9 37 2 7
0.623333 14 36 4 2
0.63 8 45 7 1
0.636667 13 44 6 2
0.643333 8 40 4 3
0.65 8 42 3 3
0.656667 9 32 7 4
0.663333 592 4729 147 114
0.67 0 0 0 0
0.676667 0 0 0 0
0.683333 0 0 0 0
0.69 0 0 0 0
0.696667 0 0 0 0
0.703333 0 0 0 0
0.71 0 0 0 0
0.716667 0 0 0 0
0.723333 0 0 0 0
0.73 0 0 0 0
0.736667 0 0 0 0
0.743333 0 0 0 0
0.75 0 0 0 0
0.756667 0 0 0 0
0.763333 0 0 0 0
0.77 0 0 0 0
0.776667 0 0 0 0
0.783333 0 0 0 0
0.79 0 0 0 0
0.796667 0 0 0 0
0.803333 0 0 0 0
0.81 0 0 0 0
0.816667 0 0 0 0
0.823333 0 0 0 0
0.83 0 0 0 0
0.836667 0 0 0 0
0.843333 0 0 0 0
0.85 0 0 0 0
0.856667 0 0 0 0
0.863333 0 0 0 0
0.87 0 0 0 0
0.876667 0 0 0 0
0.883333 0 0 0 0
0.89 0 0 0 0
0.896667 0 0 0 0
0.903333 0 0 0 0
0.91 0 0 0 0
0.916667 0 0 0 0
0.923333 0 0 0 0
0.93 0 0 0 0
0.936667 0 0 0 0
0.943333 0 0 0 0
0.95 0 0 0 0
0.956667 0 0 0 0
0.963333 0 0 0 0
0.97 0 0 0 0
0.976667 0 0 0 0
0.983333 0 0 0 0
0.99 0 0 0 0
0.996667 0 0 0 0
1.00333 0 0 0 0
1.01 0 0 0 0
1.01667 0 0 0 0
1.02333 0 0 0 0
1.03 0 0 0 0
1.03667 0 0 0 0
1.04333 0 0 0 0
1.05 0 0 0 0
1.05667 0 0 0 0
1.06333 0 0 0 0
1.07 0 0 0 0
1.07667 0 0 0 0
1.08333 0 0 0 0
1.09 0 0 0 0
1.09667 0 0 0 0
1.10333 0 0 0 0
1.11 0 0 0 0
1.11667 0 0 0 0
1.12333 0 0 0 0
1.13 0 0 0 0
1.13667 0 0 0 0
1.14333 0 0 0 0
1.15 0 0 0 0
1.15667 0 0 0 0
1.16333 0 0 0 0
1.17 0 0 0 0
1.17667 0 0 0 0
1.18333 0 0 0 0
1.19 0 0 0 0
1.19667 0 0 0 0
1.20333 0 0 0 0
1.21 0 0 0 0
1.21667 0 0 0 0
1.22333 0 0 0 0
1.23 0 0 0 0
1.23667 0 0 0 0
1.24333 0 0 0 0
1.25 0 0 0 0
1.25667 0 0 0 0
1.26333 0 0 0 0
1.27 0 0 0 0
1.27667 0 0 0 0
1.28333 0 0 0 0
1.29 0 0 0 0
1.29667 0 0 0 0
1.30333 0 0 0 0
1.31 0 0 0 0
1.31667 0 0 0 0
1.32333 0 0 0 0
1.33 0 0 0 0
1.33667 0 0 0 0
1.34333 0 0 0 0
1.35 0 0 0 0
1.35667 0 0 0 0
1.36333 0 0 0 0
1.37 0 0 0 0
1.37667 0 0 0 0
1.38333 0 0 0 0
1.39 0 0 0 0
1.39667 0 0 0 0
1.40333 0 0 0 0
1.41 0 0 0 0
1.41667 0 0 0 0
1.42333 0 0 0 0
1.43 0 0 0 0
1.43667 0 0 0 0
1.44333 0 0 0 0
1.45 0 0 0 0
1.45667 0 0 0 0
1.46333 0 0 0 0
1.47 0 0 0 0
1.47667 0 0 0 0
1.48333 0 0 0 0
1.49 0 0 0 0
1.49667 0 0 0 0
1.50333 0 0 0 0
1.51 0 0 0 0
1.51667 0 0 0 0
1.52333 0 0 0 0
1.53 0 0 0 0
1.53667 0 0 0 0
1.54333 0 0 0 0
1.55 0 0 0 0
1.55667 0 0 0 0
1.56333 0 0 0 0
1.57 0 0 0 0
1.57667 0 0 0 0
1.58333 0 0 0 0
1.59 0 0 0 0
1.59667 0 0 0 0
1.60333 0 0 0 0
1.61 0 0 0 0
1.61667 0 0 0 0
1.62333 0 0 0 0
1.63 0 0 0 0
1.63667 0 0 0 0
1.64333 0 0 0 0
1.65 0 0 0 0
1.65667 0 0 0 0
1.66333 0 0 0 0
1.67 0 0 0 0
1.67667 0 0 0 0
1.68333 0 0 0 0
1.69 0 0 0 0
1.69667 0 0 0 0
1.70333 0 0 0 0
1.71 0 0 0 0
1.71667 0 0 0 0
1.72333 0 0 0 0
1.73 0 0 0 0
1.73667 0 0 0 0
1.74333 0 0 0 0
1.75 0 0 0 0
1.75667 0 0 0 0
1.76333 0 0 0 0
1.77 0 0 0 0
1.77667 0 0 0 0
1.78333 0 0 0 0
1.79 0 0 0 0
1.79667 0 0 0 0
1.80333 0 0 0 0
1.81 0 0 0 0
1.81667 0 0 0 0
1.82333 0 0 0 0
1.83 0 0 0 0
1.83667 0 0 0 0
1.84333 0 0 0 0
1.85 0 0 0 0
1.85667 0 0 0 0
1.86333 0 0 0 0
1.87 0 0 0 0
1.87667 0 0 0 0
1.88333 0 0 0 0
1.89 0 0 0 0
1.89667 0 0 0 0
1.90333 0 0 0 0
1.91 0 0 0 0
1.91667 0 0 0 0
1.92333 0 0 0 0
1.93 0 0 0 0
1.93667 0 0 0 0
1.94333 0 0 0 0
1.95 0 0 0 0
1.95667 0 0 0 0
1.96333 0 0 0 0
1.97 0 0 0 0
1.97667 0 0 0 0
1.98333 0 0 0 0
1.99 0 0 0 0
1.99667 0 0 0 0
