0.00333333 1 9 19 33
0.01 6 10 32 41
0.0166667 4 7 26 42
0.0233333 5 8 25 51
0.03 5 10 30 55
0.0366667 7 18 41 54
0.0433333 12 20 63 75
0.05 9 25 82 93
0.0566667 9 23 85 95
0.0633333 10 34 103 111
0.07 14 28 132 107
0.0766667 7 31 116 113
0.0833333 11 27 120 127
0.09 16 23 113 115
0.0966667 6 37 83 102
0.103333 7 46 107 126
0.11 9 38 105 120
0.116667 6 34 102 129
0.123333 9 34 92 117
0.13 14 27 84 124
0.136667 16 33 90 106
0.143333 13 29 87 107
0.15 10 20 82 111
0.156667 7 18 91 109
0.163333 9 26 64 113
0.17 10 28 53 105
0.176667 10 21 72 114
0.183333 9 17 59 128
0.19 14 29 62 157
0.196667 16 28 62 139
0.203333 17 31 64 116
0.21 13 24 65 115
0.216667 10 18 52 110
0.223333 13 20 56 97
0.23 9 23 55 97
0.236667 14 21 66 90
0.243333 4 19 59 69
0.25 18 29 56 102
0.256667 6 17 49 69
0.263333 9 17 47 68
0.27 6 16 56 81
0.276667 7 12 45 68
0.283333 6 14 38 77
0.29 9 12 47 76
0.296667 4 17 42 53
0.303333 3 13 46 65
0.31 10 20 44 53
0.316667 11 12 49 65
0.323333 10 13 51 60
0.33 9 11 33 57
0.336667 9 17 40 49
0.343333 5 18 31 53
0.35 7 8 42 57
0.356667 8 10 29 71
0.363333 1 15 46 46
0.37 10 8 32 43
0.376667 3 12 31 48
0.383333 10 15 25 51
0.39 5 11 31 45
0.396667 5 14 29 70
0.403333 6 9 32 61
0.41 4 17 34 57
0.416667 7 19 24 46
0.423333 10 9 26 54
0.43 5 7 24 50
0.436667 7 14 23 51
0.443333 6 12 34 49
0.45 2 10 22 44
0.456667 5 12 31 44
0.463333 4 11 25 49
0.47 6 8 21 45
0.476667 3 15 18 45
0.483333 9 9 20 27
0.49 1 6 21 20
0.496667 5 9 19 25
0.503333 1 8 21 30
0.51 4 7 21 28
0.516667 3 9 12 29
0.523333 5 10 20 21
0.53 1 6 14 35
0.536667 1 4 14 18
0.543333 1 8 17 18
0.55 5 5 17 12
0.556667 2 15 20 13
0.563333 0 8 14 27
0.57 6 5 12 29
0.576667 0 16 14 20
0.583333 1 8 17 23
0.59 6 12 19 22
0.596667 3 4 15 15
0.603333 4 2 17 10
0.61 4 8 8 23
0.616667 2 4 9 19
0.623333 2 5 17 20
0.63 7 9 14 19
0.636667 3 10 14 20
0.643333 3 9 7 11
0.65 3 11 16 14
0.656667 4 9 13 10
0.663333 180 257 497 1754
0.67 0 0 0 0
0.676667 0 0 0 0
0.683333 0 0 0 0
0.69 0 0 0 0
0.696667 0 0 0 0
0.703333 0 0 0 0
0.71 0 0 0 0
0.716667 0 0 0 0
0.723333 0 0 0 0
0.73 0 0 0 0
0.736667 0 0 0 0
0.743333 0 0 0 0
0.75 0 0 0 0
0.756667 0 0 0 0
0.763333 0 0 0 0
0.77 0 0 0 0
0.776667 0 0 0 0
0.783333 0 0 0 0
0.79 0 0 0 0
0.796667 0 0 0 0
0.803333 0 0 0 0
0.81 0 0 0 0
0.816667 0 0 0 0
0.823333 0 0 0 0
0.83 0 0 0 0
0.836667 0 0 0 0
0.843333 0 0 0 0
0.85 0 0 0 0
0.856667 0 0 0 0
0.863333 0 0 0 0
0.87 0 0 0 0
0.876667 0 0 0 0
0.883333 0 0 0 0
0.89 0 0 0 0
0.896667 0 0 0 0
0.903333 0 0 0 0
0.91 0 0 0 0
0.916667 0 0 0 0
0.923333 0 0 0 0
0.93 0 0 0 0
0.936667 0 0 0 0
0.943333 0 0 0 0
0.95 0 0 0 0
0.956667 0 0 0 0
0.963333 0 0 0 0
0.97 0 0 0 0
0.976667 0 0 0 0
0.983333 0 0 0 0
0.99 0 0 0 0
0.996667 0 0 0 0
1.00333 0 0 0 0
1.01 0 0 0 0
1.01667 0 0 0 0
1.02333 0 0 0 0
1.03 0 0 0 0
1.03667 0 0 0 0
1.04333 0 0 0 0
1.05 0 0 0 0
1.05667 0 0 0 0
1.06333 0 0 0 0
1.07 0 0 0 0
1.07667 0 0 0 0
1.08333 0 0 0 0
1.09 0 0 0 0
1.09667 0 0 0 0
1.10333 0 0 0 0
1.11 0 0 0 0
1.11667 0 0 0 0
1.12333 0 0 0 0
1.13 0 0 0 0
1.13667 0 0 0 0
1.14333 0 0 0 0
1.15 0 0 0 0
1.15667 0 0 0 0
1.16333 0 0 0 0
1.17 0 0 0 0
1.17667 0 0 0 0
1.18333 0 0 0 0
1.19 0 0 0 0
1.19667 0 0 0 0
1.20333 0 0 0 0
1.21 0 0 0 0
1.21667 0 0 0 0
1.22333 0 0 0 0
1.23 0 0 0 0
1.23667 0 0 0 0
1.24333 0 0 0 0
1.25 0 0 0 0
1.25667 0 0 0 0
1.26333 0 0 0 0
1.27 0 0 0 0
1.27667 0 0 0 0
1.28333 0 0 0 0
1.29 0 0 0 0
1.29667 0 0 0 0
1.30333 0 0 0 0
1.31 0 0 0 0
1.31667 0 0 0 0
1.32333 0 0 0 0
1.33 0 0 0 0
1.33667 0 0 0 0
1.34333 0 0 0 0
1.35 0 0 0 0
1.35667 0 0 0 0
1.36333 0 0 0 0
1.37 0 0 0 0
1.37667 0 0 0 0
1.38333 0 0 0 0
1.39 0 0 0 0
1.39667 0 0 0 0
1.40333 0 0 0 0
1.41 0 0 0 0
1.41667 0 0 0 0
1.42333 0 0 0 0
1.43 0 0 0 0
1.43667 0 0 0 0
1.44333 0 0 0 0
1.45 0 0 0 0
1.45667 0 0 0 0
1.46333 0 0 0 0
1.47 0 0 0 0
1.47667 0 0 0 0
1.48333 0 0 0 0
1.49 0 0 0 0
1.49667 0 0 0 0
1.50333 0 0 0 0
1.51 0 0 0 0
1.51667 0 0 0 0
1.52333 0 0 0 0
1.53 0 0 0 0
1.53667 0 0 0 0
1.54333 0 0 0 0
1.55 0 0 0 0
1.55667 0 0 0 0
1.56333 0 0 0 0
1.57 0 0 0 0
1.57667 0 0 0 0
1.58333 0 0 0 0
1.59 0 0 0 0
1.59667 0 0 0 0
1.60333 0 0 0 0
1.61 0 0 0 0
1.61667 0 0 0 0
1.62333 0 0 0 0
1.63 0 0 0 0
1.63667 0 0 0 0
1.64333 0 0 0 0
1.65 0 0 0 0
1.65667 0 0 0 0
1.66333 0 0 0 0
1.67 0 0 0 0
1.67667 0 0 0 0
1.68333 0 0 0 0
1.69 0 0 0 0
1.69667 0 0 0 0
1.70333 0 0 0 0
1.71 0 0 0 0
1.71667 0 0 0 0
1.72333 0 0 0 0
1.73 0 0 0 0
1.73667 0 0 0 0
1.74333 0 0 0 0
1.75 0 0 0 0
1.75667 0 0 0 0
1.76333 0 0 0 0
1.77 0 0 0 0
1.77667 0 0 0 0
1.78333 0 0 0 0
1.79 0 0 0 0
1.79667 0 0 0 0
1.80333 0 0 0 0
1.81 0 0 0 0
1.81667 0 0 0 0
1.82333 0 0 0 0
1.83 0 0 0 0
1.83667 0 0 0 0
1.84333 0 0 0 0
1.85 0 0 0 0
1.85667 0 0 0 0
1.86333 0 0 0 0
1.87 0 0 0 0
1.87667 0 0 0 0
1.88333 0 0 0 0
1.89 0 0 0 0
1.89667 0 0 0 0
1.90333 0 0 0 0
1.91 0 0 0 0
1.91667 0 0 0 0
1.92333 0 0 0 0
1.93 0 0 0 0
1.93667 0 0 0 0
1.94333 0 0 0 0
1.95 0 0 0 0
1.95667 0 0 0 0
1.96333 0 0 0 0
1.97 0 0 0 0
1.97667 0 0 0 0
1.98333 0 0 0 0
1.99 0 0 0 0
1.99667 0 0 0 0
