0.00333333 7 8 11 28
0.01 7 15 28 34
0.0166667 4 8 34 42
0.0233333 4 12 22 39
0.03 11 14 40 32
0.0366667 11 26 46 46
0.0433333 14 21 48 52
0.05 8 28 78 57
0.0566667 8 36 86 70
0.0633333 14 39 99 87
0.07 13 54 109 75
0.0766667 17 38 101 69
0.0833333 11 37 108 99
0.09 18 28 106 79
0.0966667 13 43 86 62
0.103333 13 37 105 76
0.11 15 45 90 82
0.116667 4 47 99 109
0.123333 11 43 92 91
0.13 25 34 84 106
0.136667 11 35 81 85
0.143333 13 36 63 83
0.15 11 37 83 83
0.156667 14 32 74 102
0.163333 15 32 49 78
0.17 12 34 59 79
0.176667 11 27 65 85
0.183333 11 19 52 103
0.19 16 48 59 118
0.196667 19 54 60 103
0.203333 21 44 56 73
0.21 15 31 59 70
0.216667 12 22 62 81
0.223333 15 32 44 61
0.23 8 24 54 57
0.236667 12 23 60 68
0.243333 9 22 58 56
0.25 16 27 54 66
0.256667 8 18 39 51
0.263333 16 26 36 65
0.27 10 23 33 57
0.276667 7 14 35 47
0.283333 8 24 35 63
0.29 10 22 48 49
0.296667 7 23 34 49
0.303333 6 18 42 58
0.31 15 20 29 47
0.316667 14 14 29 49
0.323333 12 16 40 39
0.33 5 18 30 37
0.336667 14 20 22 44
0.343333 6 16 31 44
0.35 7 19 37 49
0.356667 7 21 35 47
0.363333 7 19 31 50
0.37 12 16 28 39
0.376667 5 11 34 46
0.383333 11 16 24 53
0.39 4 24 31 25
0.396667 6 15 23 54
0.403333 10 13 25 43
0.41 7 16 35 32
0.416667 7 26 24 47
0.423333 11 12 31 39
0.43 9 10 31 36
0.436667 11 13 27 32
0.443333 4 16 30 47
0.45 4 5 19 40
0.456667 5 14 20 33
0.463333 5 16 25 27
0.47 13 7 23 31
0.476667 5 14 21 35
0.483333 10 12 18 19
0.49 2 9 15 15
0.496667 8 8 22 19
0.503333 5 13 15 16
0.51 4 7 19 29
0.516667 7 10 10 21
0.523333 3 11 16 15
0.53 3 10 11 22
0.536667 1 9 15 18
0.543333 2 9 14 18
0.55 5 6 15 13
0.556667 4 7 22 10
0.563333 0 13 15 20
0.57 6 7 11 18
0.576667 3 15 17 17
0.583333 3 12 12 18
0.59 9 10 17 21
0.596667 6 9 10 10
0.603333 6 6 9 10
0.61 3 8 11 23
0.616667 4 10 8 15
0.623333 3 5 12 11
0.63 5 11 6 18
0.636667 6 10 11 10
0.643333 3 9 13 9
0.65 3 12 6 8
0.656667 3 8 13 9
0.663333 226 379 438 1320
0.67 0 0 0 0
0.676667 0 0 0 0
0.683333 0 0 0 0
0.69 0 0 0 0
0.696667 0 0 0 0
0.703333 0 0 0 0
0.71 0 0 0 0
0.716667 0 0 0 0
0.723333 0 0 0 0
0.73 0 0 0 0
0.736667 0 0 0 0
0.743333 0 0 0 0
0.75 0 0 0 0
0.756667 0 0 0 0
0.763333 0 0 0 0
0.77 0 0 0 0
0.776667 0 0 0 0
0.783333 0 0 0 0
0.79 0 0 0 0
0.796667 0 0 0 0
0.803333 0 0 0 0
0.81 0 0 0 0
0.816667 0 0 0 0
0.823333 0 0 0 0
0.83 0 0 0 0
0.836667 0 0 0 0
0.843333 0 0 0 0
0.85 0 0 0 0
0.856667 0 0 0 0
0.863333 0 0 0 0
0.87 0 0 0 0
0.876667 0 0 0 0
0.883333 0 0 0 0
0.89 0 0 0 0
0.896667 0 0 0 0
0.903333 0 0 0 0
0.91 0 0 0 0
0.916667 0 0 0 0
0.923333 0 0 0 0
0.93 0 0 0 0
0.936667 0 0 0 0
0.943333 0 0 0 0
0.95 0 0 0 0
0.956667 0 0 0 0
0.963333 0 0 0 0
0.97 0 0 0 0
0.976667 0 0 0 0
0.983333 0 0 0 0
0.99 0 0 0 0
0.996667 0 0 0 0
1.00333 0 0 0 0
1.01 0 0 0 0
1.01667 0 0 0 0
1.02333 0 0 0 0
1.03 0 0 0 0
1.03667 0 0 0 0
1.04333 0 0 0 0
1.05 0 0 0 0
1.05667 0 0 0 0
1.06333 0 0 0 0
1.07 0 0 0 0
1.07667 0 0 0 0
1.08333 0 0 0 0
1.09 0 0 0 0
1.09667 0 0 0 0
1.10333 0 0 0 0
1.11 0 0 0 0
1.11667 0 0 0 0
1.12333 0 0 0 0
1.13 0 0 0 0
1.13667 0 0 0 0
1.14333 0 0 0 0
1.15 0 0 0 0
1.15667 0 0 0 0
1.16333 0 0 0 0
1.17 0 0 0 0
1.17667 0 0 0 0
1.18333 0 0 0 0
1.19 0 0 0 0
1.19667 0 0 0 0
1.20333 0 0 0 0
1.21 0 0 0 0
1.21667 0 0 0 0
1.22333 0 0 0 0
1.23 0 0 0 0
1.23667 0 0 0 0
1.24333 0 0 0 0
1.25 0 0 0 0
1.25667 0 0 0 0
1.26333 0 0 0 0
1.27 0 0 0 0
1.27667 0 0 0 0
1.28333 0 0 0 0
1.29 0 0 0 0
1.29667 0 0 0 0
1.30333 0 0 0 0
1.31 0 0 0 0
1.31667 0 0 0 0
1.32333 0 0 0 0
1.33 0 0 0 0
1.33667 0 0 0 0
1.34333 0 0 0 0
1.35 0 0 0 0
1.35667 0 0 0 0
1.36333 0 0 0 0
1.37 0 0 0 0
1.37667 0 0 0 0
1.38333 0 0 0 0
1.39 0 0 0 0
1.39667 0 0 0 0
1.40333 0 0 0 0
1.41 0 0 0 0
1.41667 0 0 0 0
1.42333 0 0 0 0
1.43 0 0 0 0
1.43667 0 0 0 0
1.44333 0 0 0 0
1.45 0 0 0 0
1.45667 0 0 0 0
1.46333 0 0 0 0
1.47 0 0 0 0
1.47667 0 0 0 0
1.48333 0 0 0 0
1.49 0 0 0 0
1.49667 0 0 0 0
1.50333 0 0 0 0
1.51 0 0 0 0
1.51667 0 0 0 0
1.52333 0 0 0 0
1.53 0 0 0 0
1.53667 0 0 0 0
1.54333 0 0 0 0
1.55 0 0 0 0
1.55667 0 0 0 0
1.56333 0 0 0 0
1.57 0 0 0 0
1.57667 0 0 0 0
1.58333 0 0 0 0
1.59 0 0 0 0
1.59667 0 0 0 0
1.60333 0 0 0 0
1.61 0 0 0 0
1.61667 0 0 0 0
1.62333 0 0 0 0
1.63 0 0 0 0
1.63667 0 0 0 0
1.64333 0 0 0 0
1.65 0 0 0 0
1.65667 0 0 0 0
1.66333 0 0 0 0
1.67 0 0 0 0
1.67667 0 0 0 0
1.68333 0 0 0 0
1.69 0 0 0 0
1.69667 0 0 0 0
1.70333 0 0 0 0
1.71 0 0 0 0
1.71667 0 0 0 0
1.72333 0 0 0 0
1.73 0 0 0 0
1.73667 0 0 0 0
1.74333 0 0 0 0
1.75 0 0 0 0
1.75667 0 0 0 0
1.76333 0 0 0 0
1.77 0 0 0 0
1.77667 0 0 0 0
1.78333 0 0 0 0
1.79 0 0 0 0
1.79667 0 0 0 0
1.80333 0 0 0 0
1.81 0 0 0 0
1.81667 0 0 0 0
1.82333 0 0 0 0
1.83 0 0 0 0
1.83667 0 0 0 0
1.84333 0 0 0 0
1.85 0 0 0 0
1.85667 0 0 0 0
1.86333 0 0 0 0
1.87 0 0 0 0
1.87667 0 0 0 0
1.88333 0 0 0 0
1.89 0 0 0 0
1.89667 0 0 0 0
1.90333 0 0 0 0
1.91 0 0 0 0
1.91667 0 0 0 0
1.92333 0 0 0 0
1.93 0 0 0 0
1.93667 0 0 0 0
1.94333 0 0 0 0
1.95 0 0 0 0
1.95667 0 0 0 0
1.96333 0 0 0 0
1.97 0 0 0 0
1.97667 0 0 0 0
1.98333 0 0 0 0
1.99 0 0 0 0
1.99667 0 0 0 0
