0.00333333 27 24 4 6
0.01 43 19 7 1
0.0166667 47 27 6 3
0.0233333 34 33 7 2
0.03 41 46 5 2
0.0366667 55 62 7 6
0.0433333 60 65 13 2
0.05 79 83 13 7
0.0566667 84 106 13 4
0.0633333 91 114 10 9
0.07 84 136 24 9
0.0766667 98 110 22 7
0.0833333 110 120 17 7
0.09 104 127 21 11
0.0966667 110 118 20 10
0.103333 114 122 15 4
0.11 99 124 22 15
0.116667 119 115 21 8
0.123333 133 117 18 8
0.13 120 108 12 5
0.136667 89 94 11 5
0.143333 99 94 17 14
0.15 92 70 15 8
0.156667 99 96 10 6
0.163333 96 82 16 5
0.17 98 90 7 11
0.176667 83 70 6 3
0.183333 98 76 7 4
0.19 98 77 12 6
0.196667 88 83 14 15
0.203333 119 67 7 8
0.21 88 83 7 10
0.216667 98 64 7 6
0.223333 96 60 9 11
0.23 80 56 10 7
0.236667 89 68 6 2
0.243333 77 55 7 5
0.25 66 42 5 4
0.256667 74 63 5 7
0.263333 70 51 8 7
0.27 79 53 11 3
0.276667 81 53 2 6
0.283333 64 46 6 5
0.29 50 67 11 1
0.296667 61 32 7 5
0.303333 63 48 10 2
0.31 58 49 7 5
0.316667 57 39 3 6
0.323333 51 47 7 2
0.33 49 38 8 4
0.336667 60 42 6 5
0.343333 46 41 2 2
0.35 36 39 2 2
0.356667 43 31 11 4
0.363333 51 40 5 1
0.37 46 27 4 4
0.376667 50 33 10 2
0.383333 49 30 8 3
0.39 35 29 12 4
0.396667 46 43 2 4
0.403333 42 33 8 3
0.41 39 31 9 5
0.416667 46 33 5 4
0.423333 29 31 10 1
0.43 38 31 5 2
0.436667 38 33 3 3
0.443333 40 34 7 2
0.45 34 35 9 3
0.456667 32 24 4 0
0.463333 38 35 1 3
0.47 44 24 2 2
0.476667 36 28 5 4
0.483333 26 24 4 3
0.49 22 21 2 3
0.496667 36 19 1 1
0.503333 22 19 7 1
0.51 20 19 4 4
0.516667 27 28 3 3
0.523333 22 24 4 1
0.53 18 22 2 2
0.536667 19 10 1 6
0.543333 19 21 6 1
0.55 18 20 3 1
0.556667 16 14 3 3
0.563333 19 17 3 3
0.57 22 21 4 1
0.576667 13 12 1 1
0.583333 17 13 2 2
0.59 16 9 1 5
0.596667 24 12 4 3
0.603333 11 9 3 2
0.61 12 19 5 3
0.616667 20 14 2 3
0.623333 23 14 1 2
0.63 12 17 2 2
0.636667 24 8 3 3
0.643333 13 14 2 2
0.65 8 15 0 1
0.656667 16 12 2 2
0.663333 1175 586 87 80
0.67 0 0 0 0
0.676667 0 0 0 0
0.683333 0 0 0 0
0.69 0 0 0 0
0.696667 0 0 0 0
0.703333 0 0 0 0
0.71 0 0 0 0
0.716667 0 0 0 0
0.723333 0 0 0 0
0.73 0 0 0 0
0.736667 0 0 0 0
0.743333 0 0 0 0
0.75 0 0 0 0
0.756667 0 0 0 0
0.763333 0 0 0 0
0.77 0 0 0 0
0.776667 0 0 0 0
0.783333 0 0 0 0
0.79 0 0 0 0
0.796667 0 0 0 0
0.803333 0 0 0 0
0.81 0 0 0 0
0.816667 0 0 0 0
0.823333 0 0 0 0
0.83 0 0 0 0
0.836667 0 0 0 0
0.843333 0 0 0 0
0.85 0 0 0 0
0.856667 0 0 0 0
0.863333 0 0 0 0
0.87 0 0 0 0
0.876667 0 0 0 0
0.883333 0 0 0 0
0.89 0 0 0 0
0.896667 0 0 0 0
0.903333 0 0 0 0
0.91 0 0 0 0
0.916667 0 0 0 0
0.923333 0 0 0 0
0.93 0 0 0 0
0.936667 0 0 0 0
0.943333 0 0 0 0
0.95 0 0 0 0
0.956667 0 0 0 0
0.963333 0 0 0 0
0.97 0 0 0 0
0.976667 0 0 0 0
0.983333 0 0 0 0
0.99 0 0 0 0
0.996667 0 0 0 0
1.00333 0 0 0 0
1.01 0 0 0 0
1.01667 0 0 0 0
1.02333 0 0 0 0
1.03 0 0 0 0
1.03667 0 0 0 0
1.04333 0 0 0 0
1.05 0 0 0 0
1.05667 0 0 0 0
1.06333 0 0 0 0
1.07 0 0 0 0
1.07667 0 0 0 0
1.08333 0 0 0 0
1.09 0 0 0 0
1.09667 0 0 0 0
1.10333 0 0 0 0
1.11 0 0 0 0
1.11667 0 0 0 0
1.12333 0 0 0 0
1.13 0 0 0 0
1.13667 0 0 0 0
1.14333 0 0 0 0
1.15 0 0 0 0
1.15667 0 0 0 0
1.16333 0 0 0 0
1.17 0 0 0 0
1.17667 0 0 0 0
1.18333 0 0 0 0
1.19 0 0 0 0
1.19667 0 0 0 0
1.20333 0 0 0 0
1.21 0 0 0 0
1.21667 0 0 0 0
1.22333 0 0 0 0
1.23 0 0 0 0
1.23667 0 0 0 0
1.24333 0 0 0 0
1.25 0 0 0 0
1.25667 0 0 0 0
1.26333 0 0 0 0
1.27 0 0 0 0
1.27667 0 0 0 0
1.28333 0 0 0 0
1.29 0 0 0 0
1.29667 0 0 0 0
1.30333 0 0 0 0
1.31 0 0 0 0
1.31667 0 0 0 0
1.32333 0 0 0 0
1.33 0 0 0 0
1.33667 0 0 0 0
1.34333 0 0 0 0
1.35 0 0 0 0
1.35667 0 0 0 0
1.36333 0 0 0 0
1.37 0 0 0 0
1.37667 0 0 0 0
1.38333 0 0 0 0
1.39 0 0 0 0
1.39667 0 0 0 0
1.40333 0 0 0 0
1.41 0 0 0 0
1.41667 0 0 0 0
1.42333 0 0 0 0
1.43 0 0 0 0
1.43667 0 0 0 0
1.44333 0 0 0 0
1.45 0 0 0 0
1.45667 0 0 0 0
1.46333 0 0 0 0
1.47 0 0 0 0
1.47667 0 0 0 0
1.48333 0 0 0 0
1.49 0 0 0 0
1.49667 0 0 0 0
1.50333 0 0 0 0
1.51 0 0 0 0
1.51667 0 0 0 0
1.52333 0 0 0 0
1.53 0 0 0 0
1.53667 0 0 0 0
1.54333 0 0 0 0
1.55 0 0 0 0
1.55667 0 0 0 0
1.56333 0 0 0 0
1.57 0 0 0 0
1.57667 0 0 0 0
1.58333 0 0 0 0
1.59 0 0 0 0
1.59667 0 0 0 0
1.60333 0 0 0 0
1.61 0 0 0 0
1.61667 0 0 0 0
1.62333 0 0 0 0
1.63 0 0 0 0
1.63667 0 0 0 0
1.64333 0 0 0 0
1.65 0 0 0 0
1.65667 0 0 0 0
1.66333 0 0 0 0
1.67 0 0 0 0
1.67667 0 0 0 0
1.68333 0 0 0 0
1.69 0 0 0 0
1.69667 0 0 0 0
1.70333 0 0 0 0
1.71 0 0 0 0
1.71667 0 0 0 0
1.72333 0 0 0 0
1.73 0 0 0 0
1.73667 0 0 0 0
1.74333 0 0 0 0
1.75 0 0 0 0
1.75667 0 0 0 0
1.76333 0 0 0 0
1.77 0 0 0 0
1.77667 0 0 0 0
1.78333 0 0 0 0
1.79 0 0 0 0
1.79667 0 0 0 0
1.80333 0 0 0 0
1.81 0 0 0 0
1.81667 0 0 0 0
1.82333 0 0 0 0
1.83 0 0 0 0
1.83667 0 0 0 0
1.84333 0 0 0 0
1.85 0 0 0 0
1.85667 0 0 0 0
1.86333 0 0 0 0
1.87 0 0 0 0
1.87667 0 0 0 0
1.88333 0 0 0 0
1.89 0 0 0 0
1.89667 0 0 0 0
1.90333 0 0 0 0
1.91 0 0 0 0
1.91667 0 0 0 0
1.92333 0 0 0 0
1.93 0 0 0 0
1.93667 0 0 0 0
1.94333 0 0 0 0
1.95 0 0 0 0
1.95667 0 0 0 0
1.96333 0 0 0 0
1.97 0 0 0 0
1.97667 0 0 0 0
1.98333 0 0 0 0
1.99 0 0 0 0
1.99667 0 0 0 0
