0.00333333 22 53 6 3
0.01 21 68 12 3
0.0166667 30 74 12 4
0.0233333 20 83 15 8
0.03 22 79 25 3
0.0366667 15 101 21 6
0.0433333 42 134 28 4
0.05 44 180 37 9
0.0566667 58 191 37 11
0.0633333 66 231 45 15
0.07 61 248 59 17
0.0766667 58 255 42 13
0.0833333 72 250 55 18
0.09 54 234 54 21
0.0966667 65 257 56 12
0.103333 80 238 40 28
0.11 65 232 58 17
0.116667 73 272 43 15
0.123333 61 260 45 13
0.13 61 241 47 18
0.136667 57 231 31 23
0.143333 64 204 28 12
0.15 58 235 47 21
0.156667 56 185 31 14
0.163333 59 195 35 12
0.17 45 188 36 12
0.176667 49 179 40 6
0.183333 44 216 29 11
0.19 42 193 33 11
0.196667 49 224 34 11
0.203333 46 186 28 14
0.21 46 187 37 7
0.216667 33 191 24 12
0.223333 45 186 22 13
0.23 38 154 26 13
0.236667 36 157 26 16
0.243333 39 136 19 12
0.25 43 130 18 5
0.256667 39 124 23 11
0.263333 33 116 23 8
0.27 30 147 21 8
0.276667 35 125 13 8
0.283333 29 109 26 9
0.29 25 115 15 8
0.296667 19 111 17 7
0.303333 34 106 15 9
0.31 27 86 22 7
0.316667 30 102 16 7
0.323333 26 83 13 5
0.33 26 86 13 7
0.336667 16 98 18 8
0.343333 16 72 10 6
0.35 23 77 23 9
0.356667 26 81 9 4
0.363333 22 84 14 3
0.37 24 73 11 7
0.376667 28 79 12 11
0.383333 26 60 10 8
0.39 20 72 22 3
0.396667 20 77 6 6
0.403333 17 66 11 5
0.41 18 83 11 5
0.416667 20 64 17 10
0.423333 15 68 14 4
0.43 16 67 10 7
0.436667 31 86 12 5
0.443333 22 74 10 6
0.45 20 76 15 2
0.456667 19 54 13 8
0.463333 18 52 14 4
0.47 25 72 10 5
0.476667 15 47 9 6
0.483333 15 43 5 6
0.49 9 48 10 5
0.496667 15 50 9 4
0.503333 13 33 6 3
0.51 8 45 9 2
0.516667 11 35 4 5
0.523333 13 37 6 2
0.53 12 24 3 1
0.536667 19 39 6 3
0.543333 12 36 8 2
0.55 6 26 9 5
0.556667 10 37 9 1
0.563333 13 42 4 2
0.57 6 39 10 4
0.576667 15 39 7 6
0.583333 11 45 10 3
0.59 15 42 12 3
0.596667 7 32 9 4
0.603333 9 27 8 3
0.61 13 37 5 2
0.616667 6 23 1 2
0.623333 10 35 8 5
0.63 9 30 6 0
0.636667 12 35 4 4
0.643333 8 28 2 1
0.65 8 34 8 5
0.656667 6 27 8 5
0.663333 460 2039 209 91
0.67 0 0 0 0
0.676667 0 0 0 0
0.683333 0 0 0 0
0.69 0 0 0 0
0.696667 0 0 0 0
0.703333 0 0 0 0
0.71 0 0 0 0
0.716667 0 0 0 0
0.723333 0 0 0 0
0.73 0 0 0 0
0.736667 0 0 0 0
0.743333 0 0 0 0
0.75 0 0 0 0
0.756667 0 0 0 0
0.763333 0 0 0 0
0.77 0 0 0 0
0.776667 0 0 0 0
0.783333 0 0 0 0
0.79 0 0 0 0
0.796667 0 0 0 0
0.803333 0 0 0 0
0.81 0 0 0 0
0.816667 0 0 0 0
0.823333 0 0 0 0
0.83 0 0 0 0
0.836667 0 0 0 0
0.843333 0 0 0 0
0.85 0 0 0 0
0.856667 0 0 0 0
0.863333 0 0 0 0
0.87 0 0 0 0
0.876667 0 0 0 0
0.883333 0 0 0 0
0.89 0 0 0 0
0.896667 0 0 0 0
0.903333 0 0 0 0
0.91 0 0 0 0
0.916667 0 0 0 0
0.923333 0 0 0 0
0.93 0 0 0 0
0.936667 0 0 0 0
0.943333 0 0 0 0
0.95 0 0 0 0
0.956667 0 0 0 0
0.963333 0 0 0 0
0.97 0 0 0 0
0.976667 0 0 0 0
0.983333 0 0 0 0
0.99 0 0 0 0
0.996667 0 0 0 0
1.00333 0 0 0 0
1.01 0 0 0 0
1.01667 0 0 0 0
1.02333 0 0 0 0
1.03 0 0 0 0
1.03667 0 0 0 0
1.04333 0 0 0 0
1.05 0 0 0 0
1.05667 0 0 0 0
1.06333 0 0 0 0
1.07 0 0 0 0
1.07667 0 0 0 0
1.08333 0 0 0 0
1.09 0 0 0 0
1.09667 0 0 0 0
1.10333 0 0 0 0
1.11 0 0 0 0
1.11667 0 0 0 0
1.12333 0 0 0 0
1.13 0 0 0 0
1.13667 0 0 0 0
1.14333 0 0 0 0
1.15 0 0 0 0
1.15667 0 0 0 0
1.16333 0 0 0 0
1.17 0 0 0 0
1.17667 0 0 0 0
1.18333 0 0 0 0
1.19 0 0 0 0
1.19667 0 0 0 0
1.20333 0 0 0 0
1.21 0 0 0 0
1.21667 0 0 0 0
1.22333 0 0 0 0
1.23 0 0 0 0
1.23667 0 0 0 0
1.24333 0 0 0 0
1.25 0 0 0 0
1.25667 0 0 0 0
1.26333 0 0 0 0
1.27 0 0 0 0
1.27667 0 0 0 0
1.28333 0 0 0 0
1.29 0 0 0 0
1.29667 0 0 0 0
1.30333 0 0 0 0
1.31 0 0 0 0
1.31667 0 0 0 0
1.32333 0 0 0 0
1.33 0 0 0 0
1.33667 0 0 0 0
1.34333 0 0 0 0
1.35 0 0 0 0
1.35667 0 0 0 0
1.36333 0 0 0 0
1.37 0 0 0 0
1.37667 0 0 0 0
1.38333 0 0 0 0
1.39 0 0 0 0
1.39667 0 0 0 0
1.40333 0 0 0 0
1.41 0 0 0 0
1.41667 0 0 0 0
1.42333 0 0 0 0
1.43 0 0 0 0
1.43667 0 0 0 0
1.44333 0 0 0 0
1.45 0 0 0 0
1.45667 0 0 0 0
1.46333 0 0 0 0
1.47 0 0 0 0
1.47667 0 0 0 0
1.48333 0 0 0 0
1.49 0 0 0 0
1.49667 0 0 0 0
1.50333 0 0 0 0
1.51 0 0 0 0
1.51667 0 0 0 0
1.52333 0 0 0 0
1.53 0 0 0 0
1.53667 0 0 0 0
1.54333 0 0 0 0
1.55 0 0 0 0
1.55667 0 0 0 0
1.56333 0 0 0 0
1.57 0 0 0 0
1.57667 0 0 0 0
1.58333 0 0 0 0
1.59 0 0 0 0
1.59667 0 0 0 0
1.60333 0 0 0 0
1.61 0 0 0 0
1.61667 0 0 0 0
1.62333 0 0 0 0
1.63 0 0 0 0
1.63667 0 0 0 0
1.64333 0 0 0 0
1.65 0 0 0 0
1.65667 0 0 0 0
1.66333 0 0 0 0
1.67 0 0 0 0
1.67667 0 0 0 0
1.68333 0 0 0 0
1.69 0 0 0 0
1.69667 0 0 0 0
1.70333 0 0 0 0
1.71 0 0 0 0
1.71667 0 0 0 0
1.72333 0 0 0 0
1.73 0 0 0 0
1.73667 0 0 0 0
1.74333 0 0 0 0
1.75 0 0 0 0
1.75667 0 0 0 0
1.76333 0 0 0 0
1.77 0 0 0 0
1.77667 0 0 0 0
1.78333 0 0 0 0
1.79 0 0 0 0
1.79667 0 0 0 0
1.80333 0 0 0 0
1.81 0 0 0 0
1.81667 0 0 0 0
1.82333 0 0 0 0
1.83 0 0 0 0
1.83667 0 0 0 0
1.84333 0 0 0 0
1.85 0 0 0 0
1.85667 0 0 0 0
1.86333 0 0 0 0
1.87 0 0 0 0
1.87667 0 0 0 0
1.88333 0 0 0 0
1.89 0 0 0 0
1.89667 0 0 0 0
1.90333 0 0 0 0
1.91 0 0 0 0
1.91667 0 0 0 0
1.92333 0 0 0 0
1.93 0 0 0 0
1.93667 0 0 0 0
1.94333 0 0 0 0
1.95 0 0 0 0
1.95667 0 0 0 0
1.96333 0 0 0 0
1.97 0 0 0 0
1.97667 0 0 0 0
1.98333 0 0 0 0
1.99 0 0 0 0
1.99667 0 0 0 0
