0.00333333 25 26 5 9
0.01 39 33 11 11
0.0166667 30 27 10 9
0.0233333 48 32 7 5
0.03 34 46 9 11
0.0366667 34 67 8 7
0.0433333 44 72 22 8
0.05 54 60 23 8
0.0566667 41 108 32 20
0.0633333 60 95 34 9
0.07 65 117 37 16
0.0766667 72 96 25 12
0.0833333 59 111 27 19
0.09 73 128 28 19
0.0966667 68 126 37 17
0.103333 71 103 18 17
0.11 64 119 21 20
0.116667 70 121 31 21
0.123333 75 117 32 15
0.13 84 102 27 20
0.136667 69 68 20 18
0.143333 68 105 18 15
0.15 74 88 12 29
0.156667 62 89 8 10
0.163333 67 95 15 18
0.17 64 70 18 11
0.176667 80 75 21 18
0.183333 71 84 17 22
0.19 95 65 19 21
0.196667 87 77 20 24
0.203333 78 75 16 21
0.21 53 70 12 23
0.216667 59 77 16 21
0.223333 61 58 17 16
0.23 61 71 12 22
0.236667 51 47 13 16
0.243333 48 64 15 11
0.25 53 54 13 11
0.256667 41 50 13 17
0.263333 57 59 16 12
0.27 44 49 18 12
0.276667 48 59 11 9
0.283333 41 46 10 12
0.29 42 47 9 10
0.296667 47 37 7 11
0.303333 51 42 6 12
0.31 39 56 10 9
0.316667 50 58 15 12
0.323333 31 43 7 6
0.33 33 44 5 8
0.336667 39 37 11 4
0.343333 34 30 8 10
0.35 30 35 8 9
0.356667 35 37 7 12
0.363333 42 44 7 7
0.37 30 34 6 11
0.376667 29 41 8 6
0.383333 30 36 6 18
0.39 42 36 4 18
0.396667 37 42 9 17
0.403333 32 34 8 16
0.41 40 29 8 13
0.416667 38 28 5 11
0.423333 34 39 7 6
0.43 32 38 8 8
0.436667 41 35 10 6
0.443333 29 23 6 11
0.45 26 28 5 10
0.456667 30 36 15 11
0.463333 34 32 10 7
0.47 40 35 6 10
0.476667 21 35 9 13
0.483333 18 24 8 3
0.49 15 24 8 11
0.496667 12 18 7 8
0.503333 16 19 6 6
0.51 15 20 7 8
0.516667 19 20 4 6
0.523333 9 22 9 2
0.53 11 22 4 6
0.536667 14 15 6 10
0.543333 10 24 6 7
0.55 13 18 6 5
0.556667 13 21 5 6
0.563333 13 20 3 3
0.57 16 17 2 4
0.576667 12 17 3 5
0.583333 13 16 8 6
0.59 9 20 6 8
0.596667 8 20 5 5
0.603333 14 17 2 4
0.61 11 22 11 7
0.616667 15 16 6 2
0.623333 8 20 2 6
0.63 10 16 4 3
0.636667 12 13 3 3
0.643333 7 18 6 3
0.65 9 15 3 3
0.656667 7 15 3 6
0.663333 1268 731 104 379
0.67 0 0 0 0
0.676667 0 0 0 0
0.683333 0 0 0 0
0.69 0 0 0 0
0.696667 0 0 0 0
0.703333 0 0 0 0
0.71 0 0 0 0
0.716667 0 0 0 0
0.723333 0 0 0 0
0.73 0 0 0 0
0.736667 0 0 0 0
0.743333 0 0 0 0
0.75 0 0 0 0
0.756667 0 0 0 0
0.763333 0 0 0 0
0.77 0 0 0 0
0.776667 0 0 0 0
0.783333 0 0 0 0
0.79 0 0 0 0
0.796667 0 0 0 0
0.803333 0 0 0 0
0.81 0 0 0 0
0.816667 0 0 0 0
0.823333 0 0 0 0
0.83 0 0 0 0
0.836667 0 0 0 0
0.843333 0 0 0 0
0.85 0 0 0 0
0.856667 0 0 0 0
0.863333 0 0 0 0
0.87 0 0 0 0
0.876667 0 0 0 0
0.883333 0 0 0 0
0.89 0 0 0 0
0.896667 0 0 0 0
0.903333 0 0 0 0
0.91 0 0 0 0
0.916667 0 0 0 0
0.923333 0 0 0 0
0.93 0 0 0 0
0.936667 0 0 0 0
0.943333 0 0 0 0
0.95 0 0 0 0
0.956667 0 0 0 0
0.963333 0 0 0 0
0.97 0 0 0 0
0.976667 0 0 0 0
0.983333 0 0 0 0
0.99 0 0 0 0
0.996667 0 0 0 0
1.00333 0 0 0 0
1.01 0 0 0 0
1.01667 0 0 0 0
1.02333 0 0 0 0
1.03 0 0 0 0
1.03667 0 0 0 0
1.04333 0 0 0 0
1.05 0 0 0 0
1.05667 0 0 0 0
1.06333 0 0 0 0
1.07 0 0 0 0
1.07667 0 0 0 0
1.08333 0 0 0 0
1.09 0 0 0 0
1.09667 0 0 0 0
1.10333 0 0 0 0
1.11 0 0 0 0
1.11667 0 0 0 0
1.12333 0 0 0 0
1.13 0 0 0 0
1.13667 0 0 0 0
1.14333 0 0 0 0
1.15 0 0 0 0
1.15667 0 0 0 0
1.16333 0 0 0 0
1.17 0 0 0 0
1.17667 0 0 0 0
1.18333 0 0 0 0
1.19 0 0 0 0
1.19667 0 0 0 0
1.20333 0 0 0 0
1.21 0 0 0 0
1.21667 0 0 0 0
1.22333 0 0 0 0
1.23 0 0 0 0
1.23667 0 0 0 0
1.24333 0 0 0 0
1.25 0 0 0 0
1.25667 0 0 0 0
1.26333 0 0 0 0
1.27 0 0 0 0
1.27667 0 0 0 0
1.28333 0 0 0 0
1.29 0 0 0 0
1.29667 0 0 0 0
1.30333 0 0 0 0
1.31 0 0 0 0
1.31667 0 0 0 0
1.32333 0 0 0 0
1.33 0 0 0 0
1.33667 0 0 0 0
1.34333 0 0 0 0
1.35 0 0 0 0
1.35667 0 0 0 0
1.36333 0 0 0 0
1.37 0 0 0 0
1.37667 0 0 0 0
1.38333 0 0 0 0
1.39 0 0 0 0
1.39667 0 0 0 0
1.40333 0 0 0 0
1.41 0 0 0 0
1.41667 0 0 0 0
1.42333 0 0 0 0
1.43 0 0 0 0
1.43667 0 0 0 0
1.44333 0 0 0 0
1.45 0 0 0 0
1.45667 0 0 0 0
1.46333 0 0 0 0
1.47 0 0 0 0
1.47667 0 0 0 0
1.48333 0 0 0 0
1.49 0 0 0 0
1.49667 0 0 0 0
1.50333 0 0 0 0
1.51 0 0 0 0
1.51667 0 0 0 0
1.52333 0 0 0 0
1.53 0 0 0 0
1.53667 0 0 0 0
1.54333 0 0 0 0
1.55 0 0 0 0
1.55667 0 0 0 0
1.56333 0 0 0 0
1.57 0 0 0 0
1.57667 0 0 0 0
1.58333 0 0 0 0
1.59 0 0 0 0
1.59667 0 0 0 0
1.60333 0 0 0 0
1.61 0 0 0 0
1.61667 0 0 0 0
1.62333 0 0 0 0
1.63 0 0 0 0
1.63667 0 0 0 0
1.64333 0 0 0 0
1.65 0 0 0 0
1.65667 0 0 0 0
1.66333 0 0 0 0
1.67 0 0 0 0
1.67667 0 0 0 0
1.68333 0 0 0 0
1.69 0 0 0 0
1.69667 0 0 0 0
1.70333 0 0 0 0
1.71 0 0 0 0
1.71667 0 0 0 0
1.72333 0 0 0 0
1.73 0 0 0 0
1.73667 0 0 0 0
1.74333 0 0 0 0
1.75 0 0 0 0
1.75667 0 0 0 0
1.76333 0 0 0 0
1.77 0 0 0 0
1.77667 0 0 0 0
1.78333 0 0 0 0
1.79 0 0 0 0
1.79667 0 0 0 0
1.80333 0 0 0 0
1.81 0 0 0 0
1.81667 0 0 0 0
1.82333 0 0 0 0
1.83 0 0 0 0
1.83667 0 0 0 0
1.84333 0 0 0 0
1.85 0 0 0 0
1.85667 0 0 0 0
1.86333 0 0 0 0
1.87 0 0 0 0
1.87667 0 0 0 0
1.88333 0 0 0 0
1.89 0 0 0 0
1.89667 0 0 0 0
1.90333 0 0 0 0
1.91 0 0 0 0
1.91667 0 0 0 0
1.92333 0 0 0 0
1.93 0 0 0 0
1.93667 0 0 0 0
1.94333 0 0 0 0
1.95 0 0 0 0
1.95667 0 0 0 0
1.96333 0 0 0 0
1.97 0 0 0 0
1.97667 0 0 0 0
1.98333 0 0 0 0
1.99 0 0 0 0
1.99667 0 0 0 0
