0.00333333 13 15 8 1
0.01 12 20 10 0
0.0166667 19 29 8 3
0.0233333 19 26 9 0
0.03 21 41 11 6
0.0366667 23 32 9 1
0.0433333 39 53 19 1
0.05 35 79 25 2
0.0566667 34 84 18 5
0.0633333 65 91 17 2
0.07 45 89 27 5
0.0766667 53 94 26 2
0.0833333 65 93 27 3
0.09 51 89 27 4
0.0966667 67 95 30 4
0.103333 52 81 30 7
0.11 60 92 30 2
0.116667 58 85 23 8
0.123333 57 86 23 6
0.13 56 87 25 5
0.136667 47 82 20 4
0.143333 56 87 16 4
0.15 39 62 20 2
0.156667 51 67 12 2
0.163333 37 64 17 5
0.17 49 78 16 3
0.176667 36 53 16 7
0.183333 32 55 20 4
0.19 37 56 23 6
0.196667 36 52 23 4
0.203333 31 51 21 6
0.21 42 54 21 3
0.216667 44 46 18 4
0.223333 37 52 19 3
0.23 37 44 19 4
0.236667 32 53 13 4
0.243333 29 43 13 4
0.25 36 57 15 4
0.256667 30 42 17 2
0.263333 31 54 11 6
0.27 21 40 12 1
0.276667 17 39 16 2
0.283333 28 33 17 3
0.29 29 40 9 3
0.296667 33 37 13 0
0.303333 28 33 10 3
0.31 36 31 12 8
0.316667 24 33 9 2
0.323333 23 34 14 2
0.33 28 36 11 7
0.336667 21 27 7 0
0.343333 18 30 16 3
0.35 18 31 9 3
0.356667 22 36 10 3
0.363333 28 34 10 2
0.37 16 41 8 2
0.376667 23 37 14 2
0.383333 23 34 8 3
0.39 26 35 4 0
0.396667 25 26 10 1
0.403333 12 25 13 2
0.41 14 33 4 2
0.416667 17 32 11 0
0.423333 9 30 8 3
0.43 12 24 7 4
0.436667 16 15 3 0
0.443333 15 15 10 2
0.45 21 26 5 2
0.456667 19 23 7 1
0.463333 16 26 2 3
0.47 11 13 7 5
0.476667 15 23 3 2
0.483333 12 19 7 0
0.49 15 17 7 1
0.496667 16 23 6 1
0.503333 18 15 8 0
0.51 13 14 11 0
0.516667 12 15 7 1
0.523333 9 14 2 1
0.53 11 15 7 2
0.536667 11 9 9 2
0.543333 13 20 4 2
0.55 9 12 7 0
0.556667 6 9 7 1
0.563333 12 17 3 1
0.57 12 10 5 2
0.576667 8 5 5 0
0.583333 14 15 7 0
0.59 9 15 2 2
0.596667 9 11 8 2
0.603333 11 10 8 2
0.61 9 13 5 4
0.616667 11 13 3 1
0.623333 14 19 5 0
0.63 17 12 8 0
0.636667 12 10 5 3
0.643333 9 10 6 0
0.65 10 16 6 2
0.656667 13 18 4 3
0.663333 397 424 192 40
0.67 0 0 0 0
0.676667 0 0 0 0
0.683333 0 0 0 0
0.69 0 0 0 0
0.696667 0 0 0 0
0.703333 0 0 0 0
0.71 0 0 0 0
0.716667 0 0 0 0
0.723333 0 0 0 0
0.73 0 0 0 0
0.736667 0 0 0 0
0.743333 0 0 0 0
0.75 0 0 0 0
0.756667 0 0 0 0
0.763333 0 0 0 0
0.77 0 0 0 0
0.776667 0 0 0 0
0.783333 0 0 0 0
0.79 0 0 0 0
0.796667 0 0 0 0
0.803333 0 0 0 0
0.81 0 0 0 0
0.816667 0 0 0 0
0.823333 0 0 0 0
0.83 0 0 0 0
0.836667 0 0 0 0
0.843333 0 0 0 0
0.85 0 0 0 0
0.856667 0 0 0 0
0.863333 0 0 0 0
0.87 0 0 0 0
0.876667 0 0 0 0
0.883333 0 0 0 0
0.89 0 0 0 0
0.896667 0 0 0 0
0.903333 0 0 0 0
0.91 0 0 0 0
0.916667 0 0 0 0
0.923333 0 0 0 0
0.93 0 0 0 0
0.936667 0 0 0 0
0.943333 0 0 0 0
0.95 0 0 0 0
0.956667 0 0 0 0
0.963333 0 0 0 0
0.97 0 0 0 0
0.976667 0 0 0 0
0.983333 0 0 0 0
0.99 0 0 0 0
0.996667 0 0 0 0
1.00333 0 0 0 0
1.01 0 0 0 0
1.01667 0 0 0 0
1.02333 0 0 0 0
1.03 0 0 0 0
1.03667 0 0 0 0
1.04333 0 0 0 0
1.05 0 0 0 0
1.05667 0 0 0 0
1.06333 0 0 0 0
1.07 0 0 0 0
1.07667 0 0 0 0
1.08333 0 0 0 0
1.09 0 0 0 0
1.09667 0 0 0 0
1.10333 0 0 0 0
1.11 0 0 0 0
1.11667 0 0 0 0
1.12333 0 0 0 0
1.13 0 0 0 0
1.13667 0 0 0 0
1.14333 0 0 0 0
1.15 0 0 0 0
1.15667 0 0 0 0
1.16333 0 0 0 0
1.17 0 0 0 0
1.17667 0 0 0 0
1.18333 0 0 0 0
1.19 0 0 0 0
1.19667 0 0 0 0
1.20333 0 0 0 0
1.21 0 0 0 0
1.21667 0 0 0 0
1.22333 0 0 0 0
1.23 0 0 0 0
1.23667 0 0 0 0
1.24333 0 0 0 0
1.25 0 0 0 0
1.25667 0 0 0 0
1.26333 0 0 0 0
1.27 0 0 0 0
1.27667 0 0 0 0
1.28333 0 0 0 0
1.29 0 0 0 0
1.29667 0 0 0 0
1.30333 0 0 0 0
1.31 0 0 0 0
1.31667 0 0 0 0
1.32333 0 0 0 0
1.33 0 0 0 0
1.33667 0 0 0 0
1.34333 0 0 0 0
1.35 0 0 0 0
1.35667 0 0 0 0
1.36333 0 0 0 0
1.37 0 0 0 0
1.37667 0 0 0 0
1.38333 0 0 0 0
1.39 0 0 0 0
1.39667 0 0 0 0
1.40333 0 0 0 0
1.41 0 0 0 0
1.41667 0 0 0 0
1.42333 0 0 0 0
1.43 0 0 0 0
1.43667 0 0 0 0
1.44333 0 0 0 0
1.45 0 0 0 0
1.45667 0 0 0 0
1.46333 0 0 0 0
1.47 0 0 0 0
1.47667 0 0 0 0
1.48333 0 0 0 0
1.49 0 0 0 0
1.49667 0 0 0 0
1.50333 0 0 0 0
1.51 0 0 0 0
1.51667 0 0 0 0
1.52333 0 0 0 0
1.53 0 0 0 0
1.53667 0 0 0 0
1.54333 0 0 0 0
1.55 0 0 0 0
1.55667 0 0 0 0
1.56333 0 0 0 0
1.57 0 0 0 0
1.57667 0 0 0 0
1.58333 0 0 0 0
1.59 0 0 0 0
1.59667 0 0 0 0
1.60333 0 0 0 0
1.61 0 0 0 0
1.61667 0 0 0 0
1.62333 0 0 0 0
1.63 0 0 0 0
1.63667 0 0 0 0
1.64333 0 0 0 0
1.65 0 0 0 0
1.65667 0 0 0 0
1.66333 0 0 0 0
1.67 0 0 0 0
1.67667 0 0 0 0
1.68333 0 0 0 0
1.69 0 0 0 0
1.69667 0 0 0 0
1.70333 0 0 0 0
1.71 0 0 0 0
1.71667 0 0 0 0
1.72333 0 0 0 0
1.73 0 0 0 0
1.73667 0 0 0 0
1.74333 0 0 0 0
1.75 0 0 0 0
1.75667 0 0 0 0
1.76333 0 0 0 0
1.77 0 0 0 0
1.77667 0 0 0 0
1.78333 0 0 0 0
1.79 0 0 0 0
1.79667 0 0 0 0
1.80333 0 0 0 0
1.81 0 0 0 0
1.81667 0 0 0 0
1.82333 0 0 0 0
1.83 0 0 0 0
1.83667 0 0 0 0
1.84333 0 0 0 0
1.85 0 0 0 0
1.85667 0 0 0 0
1.86333 0 0 0 0
1.87 0 0 0 0
1.87667 0 0 0 0
1.88333 0 0 0 0
1.89 0 0 0 0
1.89667 0 0 0 0
1.90333 0 0 0 0
1.91 0 0 0 0
1.91667 0 0 0 0
1.92333 0 0 0 0
1.93 0 0 0 0
1.93667 0 0 0 0
1.94333 0 0 0 0
1.95 0 0 0 0
1.95667 0 0 0 0
1.96333 0 0 0 0
1.97 0 0 0 0
1.97667 0 0 0 0
1.98333 0 0 0 0
1.99 0 0 0 0
1.99667 0 0 0 0
