0.00333333 14 51 10 1
0.01 29 50 6 1
0.0166667 25 53 8 1
0.0233333 18 82 5 2
0.03 42 75 2 1
0.0366667 37 108 8 3
0.0433333 48 128 16 0
0.05 74 152 21 6
0.0566667 84 206 25 3
0.0633333 104 210 22 6
0.07 111 215 26 4
0.0766667 89 259 29 6
0.0833333 108 223 29 6
0.09 97 234 30 3
0.0966667 108 224 29 6
0.103333 108 228 25 10
0.11 102 229 25 4
0.116667 93 243 34 2
0.123333 77 224 28 3
0.13 75 206 25 7
0.136667 81 177 24 5
0.143333 87 205 32 2
0.15 65 186 28 4
0.156667 62 173 27 4
0.163333 64 162 21 2
0.17 68 170 25 1
0.176667 53 176 29 5
0.183333 67 148 35 8
0.19 65 166 31 2
0.196667 70 178 27 3
0.203333 46 153 28 4
0.21 57 127 21 5
0.216667 60 160 21 2
0.223333 47 122 31 3
0.23 49 146 20 2
0.236667 58 151 19 3
0.243333 61 111 19 2
0.25 41 121 22 4
0.256667 41 107 13 4
0.263333 45 110 8 1
0.27 40 105 15 5
0.276667 46 118 17 1
0.283333 40 87 11 3
0.29 39 93 13 0
0.296667 22 83 14 1
0.303333 38 92 12 2
0.31 31 101 10 1
0.316667 41 89 20 1
0.323333 35 64 6 0
0.33 35 78 21 3
0.336667 26 78 15 1
0.343333 31 82 9 0
0.35 30 78 16 2
0.356667 30 68 12 1
0.363333 36 75 11 1
0.37 23 68 16 3
0.376667 38 64 14 3
0.383333 23 64 8 4
0.39 24 65 7 1
0.396667 32 80 11 2
0.403333 22 73 12 2
0.41 25 56 11 1
0.416667 27 53 13 1
0.423333 23 60 5 0
0.43 24 68 14 0
0.436667 19 51 5 2
0.443333 27 47 8 0
0.45 27 56 14 0
0.456667 27 56 19 4
0.463333 17 42 5 3
0.47 11 53 7 2
0.476667 18 49 7 1
0.483333 14 46 6 2
0.49 16 53 9 2
0.496667 12 32 8 1
0.503333 13 40 7 0
0.51 25 25 5 0
0.516667 17 37 9 0
0.523333 22 31 9 0
0.53 15 35 6 1
0.536667 20 26 4 1
0.543333 10 38 6 2
0.55 12 30 6 0
0.556667 11 31 8 0
0.563333 12 30 2 1
0.57 11 30 7 1
0.576667 14 40 11 1
0.583333 16 30 4 1
0.59 11 29 8 2
0.596667 15 29 4 0
0.603333 8 28 9 2
0.61 15 28 5 1
0.616667 11 32 8 2
0.623333 14 27 7 0
0.63 13 37 5 2
0.636667 9 26 7 1
0.643333 13 25 4 1
0.65 16 28 10 1
0.656667 14 36 8 0
0.663333 449 1621 224 14
0.67 0 0 0 0
0.676667 0 0 0 0
0.683333 0 0 0 0
0.69 0 0 0 0
0.696667 0 0 0 0
0.703333 0 0 0 0
0.71 0 0 0 0
0.716667 0 0 0 0
0.723333 0 0 0 0
0.73 0 0 0 0
0.736667 0 0 0 0
0.743333 0 0 0 0
0.75 0 0 0 0
0.756667 0 0 0 0
0.763333 0 0 0 0
0.77 0 0 0 0
0.776667 0 0 0 0
0.783333 0 0 0 0
0.79 0 0 0 0
0.796667 0 0 0 0
0.803333 0 0 0 0
0.81 0 0 0 0
0.816667 0 0 0 0
0.823333 0 0 0 0
0.83 0 0 0 0
0.836667 0 0 0 0
0.843333 0 0 0 0
0.85 0 0 0 0
0.856667 0 0 0 0
0.863333 0 0 0 0
0.87 0 0 0 0
0.876667 0 0 0 0
0.883333 0 0 0 0
0.89 0 0 0 0
0.896667 0 0 0 0
0.903333 0 0 0 0
0.91 0 0 0 0
0.916667 0 0 0 0
0.923333 0 0 0 0
0.93 0 0 0 0
0.936667 0 0 0 0
0.943333 0 0 0 0
0.95 0 0 0 0
0.956667 0 0 0 0
0.963333 0 0 0 0
0.97 0 0 0 0
0.976667 0 0 0 0
0.983333 0 0 0 0
0.99 0 0 0 0
0.996667 0 0 0 0
1.00333 0 0 0 0
1.01 0 0 0 0
1.01667 0 0 0 0
1.02333 0 0 0 0
1.03 0 0 0 0
1.03667 0 0 0 0
1.04333 0 0 0 0
1.05 0 0 0 0
1.05667 0 0 0 0
1.06333 0 0 0 0
1.07 0 0 0 0
1.07667 0 0 0 0
1.08333 0 0 0 0
1.09 0 0 0 0
1.09667 0 0 0 0
1.10333 0 0 0 0
1.11 0 0 0 0
1.11667 0 0 0 0
1.12333 0 0 0 0
1.13 0 0 0 0
1.13667 0 0 0 0
1.14333 0 0 0 0
1.15 0 0 0 0
1.15667 0 0 0 0
1.16333 0 0 0 0
1.17 0 0 0 0
1.17667 0 0 0 0
1.18333 0 0 0 0
1.19 0 0 0 0
1.19667 0 0 0 0
1.20333 0 0 0 0
1.21 0 0 0 0
1.21667 0 0 0 0
1.22333 0 0 0 0
1.23 0 0 0 0
1.23667 0 0 0 0
1.24333 0 0 0 0
1.25 0 0 0 0
1.25667 0 0 0 0
1.26333 0 0 0 0
1.27 0 0 0 0
1.27667 0 0 0 0
1.28333 0 0 0 0
1.29 0 0 0 0
1.29667 0 0 0 0
1.30333 0 0 0 0
1.31 0 0 0 0
1.31667 0 0 0 0
1.32333 0 0 0 0
1.33 0 0 0 0
1.33667 0 0 0 0
1.34333 0 0 0 0
1.35 0 0 0 0
1.35667 0 0 0 0
1.36333 0 0 0 0
1.37 0 0 0 0
1.37667 0 0 0 0
1.38333 0 0 0 0
1.39 0 0 0 0
1.39667 0 0 0 0
1.40333 0 0 0 0
1.41 0 0 0 0
1.41667 0 0 0 0
1.42333 0 0 0 0
1.43 0 0 0 0
1.43667 0 0 0 0
1.44333 0 0 0 0
1.45 0 0 0 0
1.45667 0 0 0 0
1.46333 0 0 0 0
1.47 0 0 0 0
1.47667 0 0 0 0
1.48333 0 0 0 0
1.49 0 0 0 0
1.49667 0 0 0 0
1.50333 0 0 0 0
1.51 0 0 0 0
1.51667 0 0 0 0
1.52333 0 0 0 0
1.53 0 0 0 0
1.53667 0 0 0 0
1.54333 0 0 0 0
1.55 0 0 0 0
1.55667 0 0 0 0
1.56333 0 0 0 0
1.57 0 0 0 0
1.57667 0 0 0 0
1.58333 0 0 0 0
1.59 0 0 0 0
1.59667 0 0 0 0
1.60333 0 0 0 0
1.61 0 0 0 0
1.61667 0 0 0 0
1.62333 0 0 0 0
1.63 0 0 0 0
1.63667 0 0 0 0
1.64333 0 0 0 0
1.65 0 0 0 0
1.65667 0 0 0 0
1.66333 0 0 0 0
1.67 0 0 0 0
1.67667 0 0 0 0
1.68333 0 0 0 0
1.69 0 0 0 0
1.69667 0 0 0 0
1.70333 0 0 0 0
1.71 0 0 0 0
1.71667 0 0 0 0
1.72333 0 0 0 0
1.73 0 0 0 0
1.73667 0 0 0 0
1.74333 0 0 0 0
1.75 0 0 0 0
1.75667 0 0 0 0
1.76333 0 0 0 0
1.77 0 0 0 0
1.77667 0 0 0 0
1.78333 0 0 0 0
1.79 0 0 0 0
1.79667 0 0 0 0
1.80333 0 0 0 0
1.81 0 0 0 0
1.81667 0 0 0 0
1.82333 0 0 0 0
1.83 0 0 0 0
1.83667 0 0 0 0
1.84333 0 0 0 0
1.85 0 0 0 0
1.85667 0 0 0 0
1.86333 0 0 0 0
1.87 0 0 0 0
1.87667 0 0 0 0
1.88333 0 0 0 0
1.89 0 0 0 0
1.89667 0 0 0 0
1.90333 0 0 0 0
1.91 0 0 0 0
1.91667 0 0 0 0
1.92333 0 0 0 0
1.93 0 0 0 0
1.93667 0 0 0 0
1.94333 0 0 0 0
1.95 0 0 0 0
1.95667 0 0 0 0
1.96333 0 0 0 0
1.97 0 0 0 0
1.97667 0 0 0 0
1.98333 0 0 0 0
1.99 0 0 0 0
1.99667 0 0 0 0
