0.00333333 5 33 23 3
0.01 9 44 14 5
0.0166667 13 61 27 6
0.0233333 18 53 25 6
0.03 13 53 23 3
0.0366667 26 75 39 6
0.0433333 24 111 26 8
0.05 30 133 55 7
0.0566667 38 159 64 11
0.0633333 45 144 70 21
0.07 47 177 78 15
0.0766667 40 182 78 10
0.0833333 50 181 69 12
0.09 55 159 81 17
0.0966667 47 167 66 12
0.103333 54 169 86 12
0.11 41 157 75 14
0.116667 40 171 86 11
0.123333 30 147 59 9
0.13 32 173 59 9
0.136667 36 137 44 11
0.143333 26 140 58 4
0.15 29 124 55 11
0.156667 40 101 52 12
0.163333 29 101 42 10
0.17 30 117 57 10
0.176667 31 121 57 9
0.183333 36 116 46 12
0.19 32 114 58 11
0.196667 29 107 57 9
0.203333 31 106 56 12
0.21 34 102 59 11
0.216667 19 91 37 13
0.223333 27 94 60 6
0.23 24 97 42 4
0.236667 28 104 56 9
0.243333 15 71 39 5
0.25 27 75 36 7
0.256667 19 80 41 11
0.263333 17 69 32 5
0.27 23 64 27 13
0.276667 19 93 36 3
0.283333 11 76 31 7
0.29 19 69 24 5
0.296667 23 72 28 9
0.303333 22 62 26 6
0.31 19 71 28 5
0.316667 13 62 32 2
0.323333 15 65 25 8
0.33 19 60 25 6
0.336667 24 55 26 3
0.343333 11 41 23 5
0.35 13 60 35 4
0.356667 17 57 25 3
0.363333 17 54 25 5
0.37 12 67 16 7
0.376667 18 32 28 13
0.383333 24 49 22 4
0.39 9 50 21 2
0.396667 15 51 16 2
0.403333 14 43 22 3
0.41 12 38 27 7
0.416667 20 45 20 2
0.423333 11 47 32 5
0.43 5 48 22 4
0.436667 13 39 15 6
0.443333 17 30 26 4
0.45 17 38 17 0
0.456667 9 37 21 7
0.463333 14 38 24 2
0.47 12 31 19 2
0.476667 15 26 20 1
0.483333 13 25 10 3
0.49 9 22 21 3
0.496667 10 21 13 3
0.503333 12 25 16 3
0.51 9 24 18 3
0.516667 5 32 12 2
0.523333 5 21 8 1
0.53 9 27 8 3
0.536667 4 20 12 1
0.543333 6 20 12 6
0.55 4 29 17 1
0.556667 6 23 11 3
0.563333 7 19 7 4
0.57 4 28 12 1
0.576667 10 15 10 5
0.583333 2 17 13 6
0.59 8 19 6 2
0.596667 5 19 15 2
0.603333 5 18 9 3
0.61 3 18 10 2
0.616667 5 21 10 1
0.623333 11 19 4 4
0.63 10 25 12 3
0.636667 6 15 10 2
0.643333 8 20 12 4
0.65 7 20 11 2
0.656667 3 27 13 2
0.663333 218 922 463 46
0.67 0 0 0 0
0.676667 0 0 0 0
0.683333 0 0 0 0
0.69 0 0 0 0
0.696667 0 0 0 0
0.703333 0 0 0 0
0.71 0 0 0 0
0.716667 0 0 0 0
0.723333 0 0 0 0
0.73 0 0 0 0
0.736667 0 0 0 0
0.743333 0 0 0 0
0.75 0 0 0 0
0.756667 0 0 0 0
0.763333 0 0 0 0
0.77 0 0 0 0
0.776667 0 0 0 0
0.783333 0 0 0 0
0.79 0 0 0 0
0.796667 0 0 0 0
0.803333 0 0 0 0
0.81 0 0 0 0
0.816667 0 0 0 0
0.823333 0 0 0 0
0.83 0 0 0 0
0.836667 0 0 0 0
0.843333 0 0 0 0
0.85 0 0 0 0
0.856667 0 0 0 0
0.863333 0 0 0 0
0.87 0 0 0 0
0.876667 0 0 0 0
0.883333 0 0 0 0
0.89 0 0 0 0
0.896667 0 0 0 0
0.903333 0 0 0 0
0.91 0 0 0 0
0.916667 0 0 0 0
0.923333 0 0 0 0
0.93 0 0 0 0
0.936667 0 0 0 0
0.943333 0 0 0 0
0.95 0 0 0 0
0.956667 0 0 0 0
0.963333 0 0 0 0
0.97 0 0 0 0
0.976667 0 0 0 0
0.983333 0 0 0 0
0.99 0 0 0 0
0.996667 0 0 0 0
1.00333 0 0 0 0
1.01 0 0 0 0
1.01667 0 0 0 0
1.02333 0 0 0 0
1.03 0 0 0 0
1.03667 0 0 0 0
1.04333 0 0 0 0
1.05 0 0 0 0
1.05667 0 0 0 0
1.06333 0 0 0 0
1.07 0 0 0 0
1.07667 0 0 0 0
1.08333 0 0 0 0
1.09 0 0 0 0
1.09667 0 0 0 0
1.10333 0 0 0 0
1.11 0 0 0 0
1.11667 0 0 0 0
1.12333 0 0 0 0
1.13 0 0 0 0
1.13667 0 0 0 0
1.14333 0 0 0 0
1.15 0 0 0 0
1.15667 0 0 0 0
1.16333 0 0 0 0
1.17 0 0 0 0
1.17667 0 0 0 0
1.18333 0 0 0 0
1.19 0 0 0 0
1.19667 0 0 0 0
1.20333 0 0 0 0
1.21 0 0 0 0
1.21667 0 0 0 0
1.22333 0 0 0 0
1.23 0 0 0 0
1.23667 0 0 0 0
1.24333 0 0 0 0
1.25 0 0 0 0
1.25667 0 0 0 0
1.26333 0 0 0 0
1.27 0 0 0 0
1.27667 0 0 0 0
1.28333 0 0 0 0
1.29 0 0 0 0
1.29667 0 0 0 0
1.30333 0 0 0 0
1.31 0 0 0 0
1.31667 0 0 0 0
1.32333 0 0 0 0
1.33 0 0 0 0
1.33667 0 0 0 0
1.34333 0 0 0 0
1.35 0 0 0 0
1.35667 0 0 0 0
1.36333 0 0 0 0
1.37 0 0 0 0
1.37667 0 0 0 0
1.38333 0 0 0 0
1.39 0 0 0 0
1.39667 0 0 0 0
1.40333 0 0 0 0
1.41 0 0 0 0
1.41667 0 0 0 0
1.42333 0 0 0 0
1.43 0 0 0 0
1.43667 0 0 0 0
1.44333 0 0 0 0
1.45 0 0 0 0
1.45667 0 0 0 0
1.46333 0 0 0 0
1.47 0 0 0 0
1.47667 0 0 0 0
1.48333 0 0 0 0
1.49 0 0 0 0
1.49667 0 0 0 0
1.50333 0 0 0 0
1.51 0 0 0 0
1.51667 0 0 0 0
1.52333 0 0 0 0
1.53 0 0 0 0
1.53667 0 0 0 0
1.54333 0 0 0 0
1.55 0 0 0 0
1.55667 0 0 0 0
1.56333 0 0 0 0
1.57 0 0 0 0
1.57667 0 0 0 0
1.58333 0 0 0 0
1.59 0 0 0 0
1.59667 0 0 0 0
1.60333 0 0 0 0
1.61 0 0 0 0
1.61667 0 0 0 0
1.62333 0 0 0 0
1.63 0 0 0 0
1.63667 0 0 0 0
1.64333 0 0 0 0
1.65 0 0 0 0
1.65667 0 0 0 0
1.66333 0 0 0 0
1.67 0 0 0 0
1.67667 0 0 0 0
1.68333 0 0 0 0
1.69 0 0 0 0
1.69667 0 0 0 0
1.70333 0 0 0 0
1.71 0 0 0 0
1.71667 0 0 0 0
1.72333 0 0 0 0
1.73 0 0 0 0
1.73667 0 0 0 0
1.74333 0 0 0 0
1.75 0 0 0 0
1.75667 0 0 0 0
1.76333 0 0 0 0
1.77 0 0 0 0
1.77667 0 0 0 0
1.78333 0 0 0 0
1.79 0 0 0 0
1.79667 0 0 0 0
1.80333 0 0 0 0
1.81 0 0 0 0
1.81667 0 0 0 0
1.82333 0 0 0 0
1.83 0 0 0 0
1.83667 0 0 0 0
1.84333 0 0 0 0
1.85 0 0 0 0
1.85667 0 0 0 0
1.86333 0 0 0 0
1.87 0 0 0 0
1.87667 0 0 0 0
1.88333 0 0 0 0
1.89 0 0 0 0
1.89667 0 0 0 0
1.90333 0 0 0 0
1.91 0 0 0 0
1.91667 0 0 0 0
1.92333 0 0 0 0
1.93 0 0 0 0
1.93667 0 0 0 0
1.94333 0 0 0 0
1.95 0 0 0 0
1.95667 0 0 0 0
1.96333 0 0 0 0
1.97 0 0 0 0
1.97667 0 0 0 0
1.98333 0 0 0 0
1.99 0 0 0 0
1.99667 0 0 0 0
