0.00333333 1 12 19 41
0.01 3 13 24 57
0.0166667 2 16 34 69
0.0233333 1 11 38 51
0.03 0 18 31 60
0.0366667 2 13 40 63
0.0433333 5 14 59 86
0.05 8 13 87 89
0.0566667 7 19 91 98
0.0633333 6 16 89 130
0.07 6 31 92 134
0.0766667 5 20 96 134
0.0833333 3 17 85 119
0.09 8 24 97 154
0.0966667 5 21 103 132
0.103333 7 21 116 124
0.11 7 27 100 133
0.116667 2 24 87 147
0.123333 8 17 81 139
0.13 5 24 87 127
0.136667 3 27 84 132
0.143333 7 23 69 142
0.15 5 22 75 129
0.156667 1 14 67 142
0.163333 7 16 78 137
0.17 7 20 61 124
0.176667 7 23 61 127
0.183333 5 15 66 132
0.19 7 34 66 152
0.196667 4 22 50 142
0.203333 8 24 58 130
0.21 4 24 56 125
0.216667 5 24 56 111
0.223333 12 19 63 100
0.23 4 20 61 124
0.236667 8 18 47 114
0.243333 3 23 53 110
0.25 8 23 52 94
0.256667 3 24 40 117
0.263333 2 20 44 98
0.27 3 18 35 102
0.276667 5 17 46 95
0.283333 0 18 42 80
0.29 6 14 33 68
0.296667 2 15 40 80
0.303333 4 9 40 68
0.31 2 10 41 69
0.316667 1 20 35 82
0.323333 5 19 36 76
0.33 6 11 43 70
0.336667 2 16 45 68
0.343333 3 16 26 84
0.35 1 16 25 58
0.356667 1 11 30 68
0.363333 3 10 29 56
0.37 1 12 34 64
0.376667 1 14 32 66
0.383333 3 15 34 73
0.39 6 9 38 57
0.396667 5 12 40 62
0.403333 4 11 27 64
0.41 2 15 34 60
0.416667 6 13 23 55
0.423333 4 12 27 47
0.43 2 11 23 51
0.436667 0 12 24 54
0.443333 1 10 34 53
0.45 0 17 23 64
0.456667 5 9 33 54
0.463333 3 19 24 51
0.47 5 17 27 48
0.476667 3 10 21 47
0.483333 3 7 18 36
0.49 1 10 28 26
0.496667 4 8 19 46
0.503333 0 12 13 35
0.51 3 6 16 35
0.516667 0 6 26 29
0.523333 1 4 23 30
0.53 0 8 16 21
0.536667 1 2 13 31
0.543333 0 6 12 30
0.55 2 4 27 29
0.556667 2 8 25 31
0.563333 1 9 23 34
0.57 3 7 20 23
0.576667 3 8 7 34
0.583333 2 5 21 41
0.59 2 5 23 20
0.596667 2 12 10 16
0.603333 3 9 9 33
0.61 1 5 10 24
0.616667 1 5 20 25
0.623333 4 7 10 26
0.63 2 2 12 21
0.636667 2 6 21 18
0.643333 6 5 14 25
0.65 3 6 14 22
0.656667 2 2 10 19
0.663333 76 447 559 2121
0.67 0 0 0 0
0.676667 0 0 0 0
0.683333 0 0 0 0
0.69 0 0 0 0
0.696667 0 0 0 0
0.703333 0 0 0 0
0.71 0 0 0 0
0.716667 0 0 0 0
0.723333 0 0 0 0
0.73 0 0 0 0
0.736667 0 0 0 0
0.743333 0 0 0 0
0.75 0 0 0 0
0.756667 0 0 0 0
0.763333 0 0 0 0
0.77 0 0 0 0
0.776667 0 0 0 0
0.783333 0 0 0 0
0.79 0 0 0 0
0.796667 0 0 0 0
0.803333 0 0 0 0
0.81 0 0 0 0
0.816667 0 0 0 0
0.823333 0 0 0 0
0.83 0 0 0 0
0.836667 0 0 0 0
0.843333 0 0 0 0
0.85 0 0 0 0
0.856667 0 0 0 0
0.863333 0 0 0 0
0.87 0 0 0 0
0.876667 0 0 0 0
0.883333 0 0 0 0
0.89 0 0 0 0
0.896667 0 0 0 0
0.903333 0 0 0 0
0.91 0 0 0 0
0.916667 0 0 0 0
0.923333 0 0 0 0
0.93 0 0 0 0
0.936667 0 0 0 0
0.943333 0 0 0 0
0.95 0 0 0 0
0.956667 0 0 0 0
0.963333 0 0 0 0
0.97 0 0 0 0
0.976667 0 0 0 0
0.983333 0 0 0 0
0.99 0 0 0 0
0.996667 0 0 0 0
1.00333 0 0 0 0
1.01 0 0 0 0
1.01667 0 0 0 0
1.02333 0 0 0 0
1.03 0 0 0 0
1.03667 0 0 0 0
1.04333 0 0 0 0
1.05 0 0 0 0
1.05667 0 0 0 0
1.06333 0 0 0 0
1.07 0 0 0 0
1.07667 0 0 0 0
1.08333 0 0 0 0
1.09 0 0 0 0
1.09667 0 0 0 0
1.10333 0 0 0 0
1.11 0 0 0 0
1.11667 0 0 0 0
1.12333 0 0 0 0
1.13 0 0 0 0
1.13667 0 0 0 0
1.14333 0 0 0 0
1.15 0 0 0 0
1.15667 0 0 0 0
1.16333 0 0 0 0
1.17 0 0 0 0
1.17667 0 0 0 0
1.18333 0 0 0 0
1.19 0 0 0 0
1.19667 0 0 0 0
1.20333 0 0 0 0
1.21 0 0 0 0
1.21667 0 0 0 0
1.22333 0 0 0 0
1.23 0 0 0 0
1.23667 0 0 0 0
1.24333 0 0 0 0
1.25 0 0 0 0
1.25667 0 0 0 0
1.26333 0 0 0 0
1.27 0 0 0 0
1.27667 0 0 0 0
1.28333 0 0 0 0
1.29 0 0 0 0
1.29667 0 0 0 0
1.30333 0 0 0 0
1.31 0 0 0 0
1.31667 0 0 0 0
1.32333 0 0 0 0
1.33 0 0 0 0
1.33667 0 0 0 0
1.34333 0 0 0 0
1.35 0 0 0 0
1.35667 0 0 0 0
1.36333 0 0 0 0
1.37 0 0 0 0
1.37667 0 0 0 0
1.38333 0 0 0 0
1.39 0 0 0 0
1.39667 0 0 0 0
1.40333 0 0 0 0
1.41 0 0 0 0
1.41667 0 0 0 0
1.42333 0 0 0 0
1.43 0 0 0 0
1.43667 0 0 0 0
1.44333 0 0 0 0
1.45 0 0 0 0
1.45667 0 0 0 0
1.46333 0 0 0 0
1.47 0 0 0 0
1.47667 0 0 0 0
1.48333 0 0 0 0
1.49 0 0 0 0
1.49667 0 0 0 0
1.50333 0 0 0 0
1.51 0 0 0 0
1.51667 0 0 0 0
1.52333 0 0 0 0
1.53 0 0 0 0
1.53667 0 0 0 0
1.54333 0 0 0 0
1.55 0 0 0 0
1.55667 0 0 0 0
1.56333 0 0 0 0
1.57 0 0 0 0
1.57667 0 0 0 0
1.58333 0 0 0 0
1.59 0 0 0 0
1.59667 0 0 0 0
1.60333 0 0 0 0
1.61 0 0 0 0
1.61667 0 0 0 0
1.62333 0 0 0 0
1.63 0 0 0 0
1.63667 0 0 0 0
1.64333 0 0 0 0
1.65 0 0 0 0
1.65667 0 0 0 0
1.66333 0 0 0 0
1.67 0 0 0 0
1.67667 0 0 0 0
1.68333 0 0 0 0
1.69 0 0 0 0
1.69667 0 0 0 0
1.70333 0 0 0 0
1.71 0 0 0 0
1.71667 0 0 0 0
1.72333 0 0 0 0
1.73 0 0 0 0
1.73667 0 0 0 0
1.74333 0 0 0 0
1.75 0 0 0 0
1.75667 0 0 0 0
1.76333 0 0 0 0
1.77 0 0 0 0
1.77667 0 0 0 0
1.78333 0 0 0 0
1.79 0 0 0 0
1.79667 0 0 0 0
1.80333 0 0 0 0
1.81 0 0 0 0
1.81667 0 0 0 0
1.82333 0 0 0 0
1.83 0 0 0 0
1.83667 0 0 0 0
1.84333 0 0 0 0
1.85 0 0 0 0
1.85667 0 0 0 0
1.86333 0 0 0 0
1.87 0 0 0 0
1.87667 0 0 0 0
1.88333 0 0 0 0
1.89 0 0 0 0
1.89667 0 0 0 0
1.90333 0 0 0 0
1.91 0 0 0 0
1.91667 0 0 0 0
1.92333 0 0 0 0
1.93 0 0 0 0
1.93667 0 0 0 0
1.94333 0 0 0 0
1.95 0 0 0 0
1.95667 0 0 0 0
1.96333 0 0 0 0
1.97 0 0 0 0
1.97667 0 0 0 0
1.98333 0 0 0 0
1.99 0 0 0 0
1.99667 0 0 0 0
