0.00333333 51 86 2 1
0.01 55 100 6 3
0.0166667 51 105 6 1
0.0233333 58 108 9 6
0.03 66 110 4 4
0.0366667 60 163 13 1
0.0433333 99 178 11 2
0.05 126 227 12 2
0.0566667 122 247 19 9
0.0633333 155 288 14 4
0.07 171 287 11 4
0.0766667 151 337 18 6
0.0833333 191 323 19 3
0.09 161 367 14 7
0.0966667 185 343 13 5
0.103333 179 326 10 5
0.11 178 306 9 4
0.116667 181 337 15 5
0.123333 166 350 21 4
0.13 152 332 13 8
0.136667 156 324 14 6
0.143333 165 273 15 7
0.15 151 331 14 7
0.156667 134 293 12 7
0.163333 138 262 4 9
0.17 152 266 16 4
0.176667 162 289 13 5
0.183333 147 302 12 3
0.19 141 314 10 5
0.196667 139 305 10 4
0.203333 152 291 9 7
0.21 152 306 7 9
0.216667 120 279 4 8
0.223333 124 242 8 8
0.23 98 255 4 5
0.236667 104 239 10 9
0.243333 98 236 3 3
0.25 102 217 8 8
0.256667 94 189 5 3
0.263333 75 190 6 5
0.27 89 193 5 5
0.276667 107 181 6 8
0.283333 84 167 6 1
0.29 66 148 5 1
0.296667 69 139 1 5
0.303333 67 162 6 4
0.31 79 141 4 5
0.316667 64 115 3 7
0.323333 77 125 10 3
0.33 51 145 6 4
0.336667 79 132 6 0
0.343333 62 129 7 4
0.35 71 120 9 6
0.356667 60 118 4 2
0.363333 68 112 6 0
0.37 63 111 5 5
0.376667 64 132 7 4
0.383333 51 115 9 4
0.39 54 114 5 1
0.396667 67 113 4 2
0.403333 61 101 3 3
0.41 49 105 4 1
0.416667 48 101 2 4
0.423333 52 102 9 1
0.43 42 95 3 2
0.436667 54 108 6 2
0.443333 53 70 11 5
0.45 57 101 7 1
0.456667 60 116 2 3
0.463333 59 112 7 4
0.47 43 110 3 1
0.476667 56 90 4 5
0.483333 39 57 4 3
0.49 45 71 1 3
0.496667 45 60 5 0
0.503333 31 62 4 2
0.51 24 44 1 2
0.516667 25 64 2 1
0.523333 26 56 3 1
0.53 28 42 3 2
0.536667 31 59 2 2
0.543333 21 39 1 3
0.55 21 53 2 1
0.556667 39 36 5 0
0.563333 28 50 2 2
0.57 32 46 3 1
0.576667 21 50 4 3
0.583333 22 50 0 1
0.59 23 42 0 2
0.596667 20 30 1 1
0.603333 21 50 4 3
0.61 28 42 1 2
0.616667 30 37 6 4
0.623333 18 42 2 3
0.63 23 36 0 1
0.636667 38 52 1 1
0.643333 21 28 3 0
0.65 22 32 3 1
0.656667 14 41 3 3
0.663333 1540 3869 79 74
0.67 0 0 0 0
0.676667 0 0 0 0
0.683333 0 0 0 0
0.69 0 0 0 0
0.696667 0 0 0 0
0.703333 0 0 0 0
0.71 0 0 0 0
0.716667 0 0 0 0
0.723333 0 0 0 0
0.73 0 0 0 0
0.736667 0 0 0 0
0.743333 0 0 0 0
0.75 0 0 0 0
0.756667 0 0 0 0
0.763333 0 0 0 0
0.77 0 0 0 0
0.776667 0 0 0 0
0.783333 0 0 0 0
0.79 0 0 0 0
0.796667 0 0 0 0
0.803333 0 0 0 0
0.81 0 0 0 0
0.816667 0 0 0 0
0.823333 0 0 0 0
0.83 0 0 0 0
0.836667 0 0 0 0
0.843333 0 0 0 0
0.85 0 0 0 0
0.856667 0 0 0 0
0.863333 0 0 0 0
0.87 0 0 0 0
0.876667 0 0 0 0
0.883333 0 0 0 0
0.89 0 0 0 0
0.896667 0 0 0 0
0.903333 0 0 0 0
0.91 0 0 0 0
0.916667 0 0 0 0
0.923333 0 0 0 0
0.93 0 0 0 0
0.936667 0 0 0 0
0.943333 0 0 0 0
0.95 0 0 0 0
0.956667 0 0 0 0
0.963333 0 0 0 0
0.97 0 0 0 0
0.976667 0 0 0 0
0.983333 0 0 0 0
0.99 0 0 0 0
0.996667 0 0 0 0
1.00333 0 0 0 0
1.01 0 0 0 0
1.01667 0 0 0 0
1.02333 0 0 0 0
1.03 0 0 0 0
1.03667 0 0 0 0
1.04333 0 0 0 0
1.05 0 0 0 0
1.05667 0 0 0 0
1.06333 0 0 0 0
1.07 0 0 0 0
1.07667 0 0 0 0
1.08333 0 0 0 0
1.09 0 0 0 0
1.09667 0 0 0 0
1.10333 0 0 0 0
1.11 0 0 0 0
1.11667 0 0 0 0
1.12333 0 0 0 0
1.13 0 0 0 0
1.13667 0 0 0 0
1.14333 0 0 0 0
1.15 0 0 0 0
1.15667 0 0 0 0
1.16333 0 0 0 0
1.17 0 0 0 0
1.17667 0 0 0 0
1.18333 0 0 0 0
1.19 0 0 0 0
1.19667 0 0 0 0
1.20333 0 0 0 0
1.21 0 0 0 0
1.21667 0 0 0 0
1.22333 0 0 0 0
1.23 0 0 0 0
1.23667 0 0 0 0
1.24333 0 0 0 0
1.25 0 0 0 0
1.25667 0 0 0 0
1.26333 0 0 0 0
1.27 0 0 0 0
1.27667 0 0 0 0
1.28333 0 0 0 0
1.29 0 0 0 0
1.29667 0 0 0 0
1.30333 0 0 0 0
1.31 0 0 0 0
1.31667 0 0 0 0
1.32333 0 0 0 0
1.33 0 0 0 0
1.33667 0 0 0 0
1.34333 0 0 0 0
1.35 0 0 0 0
1.35667 0 0 0 0
1.36333 0 0 0 0
1.37 0 0 0 0
1.37667 0 0 0 0
1.38333 0 0 0 0
1.39 0 0 0 0
1.39667 0 0 0 0
1.40333 0 0 0 0
1.41 0 0 0 0
1.41667 0 0 0 0
1.42333 0 0 0 0
1.43 0 0 0 0
1.43667 0 0 0 0
1.44333 0 0 0 0
1.45 0 0 0 0
1.45667 0 0 0 0
1.46333 0 0 0 0
1.47 0 0 0 0
1.47667 0 0 0 0
1.48333 0 0 0 0
1.49 0 0 0 0
1.49667 0 0 0 0
1.50333 0 0 0 0
1.51 0 0 0 0
1.51667 0 0 0 0
1.52333 0 0 0 0
1.53 0 0 0 0
1.53667 0 0 0 0
1.54333 0 0 0 0
1.55 0 0 0 0
1.55667 0 0 0 0
1.56333 0 0 0 0
1.57 0 0 0 0
1.57667 0 0 0 0
1.58333 0 0 0 0
1.59 0 0 0 0
1.59667 0 0 0 0
1.60333 0 0 0 0
1.61 0 0 0 0
1.61667 0 0 0 0
1.62333 0 0 0 0
1.63 0 0 0 0
1.63667 0 0 0 0
1.64333 0 0 0 0
1.65 0 0 0 0
1.65667 0 0 0 0
1.66333 0 0 0 0
1.67 0 0 0 0
1.67667 0 0 0 0
1.68333 0 0 0 0
1.69 0 0 0 0
1.69667 0 0 0 0
1.70333 0 0 0 0
1.71 0 0 0 0
1.71667 0 0 0 0
1.72333 0 0 0 0
1.73 0 0 0 0
1.73667 0 0 0 0
1.74333 0 0 0 0
1.75 0 0 0 0
1.75667 0 0 0 0
1.76333 0 0 0 0
1.77 0 0 0 0
1.77667 0 0 0 0
1.78333 0 0 0 0
1.79 0 0 0 0
1.79667 0 0 0 0
1.80333 0 0 0 0
1.81 0 0 0 0
1.81667 0 0 0 0
1.82333 0 0 0 0
1.83 0 0 0 0
1.83667 0 0 0 0
1.84333 0 0 0 0
1.85 0 0 0 0
1.85667 0 0 0 0
1.86333 0 0 0 0
1.87 0 0 0 0
1.87667 0 0 0 0
1.88333 0 0 0 0
1.89 0 0 0 0
1.89667 0 0 0 0
1.90333 0 0 0 0
1.91 0 0 0 0
1.91667 0 0 0 0
1.92333 0 0 0 0
1.93 0 0 0 0
1.93667 0 0 0 0
1.94333 0 0 0 0
1.95 0 0 0 0
1.95667 0 0 0 0
1.96333 0 0 0 0
1.97 0 0 0 0
1.97667 0 0 0 0
1.98333 0 0 0 0
1.99 0 0 0 0
1.99667 0 0 0 0
