0.00333333 147 14 2 2
0.01 168 19 1 5
0.0166667 197 16 4 2
0.0233333 188 18 2 2
0.03 184 26 1 1
0.0366667 205 29 3 1
0.0433333 224 23 1 1
0.05 259 52 1 0
0.0566667 281 52 0 5
0.0633333 337 45 2 2
0.07 318 61 0 0
0.0766667 343 44 4 2
0.0833333 385 54 1 1
0.09 387 72 2 2
0.0966667 355 60 3 4
0.103333 387 54 4 3
0.11 390 53 2 2
0.116667 420 54 2 3
0.123333 420 47 0 3
0.13 448 49 3 1
0.136667 486 47 4 3
0.143333 411 44 2 8
0.15 442 43 4 3
0.156667 412 48 2 0
0.163333 390 42 2 4
0.17 410 39 1 1
0.176667 412 39 1 5
0.183333 449 52 0 2
0.19 618 28 3 5
0.196667 624 49 2 3
0.203333 568 44 2 2
0.21 511 35 3 4
0.216667 457 30 4 4
0.223333 456 33 2 2
0.23 433 21 2 4
0.236667 419 48 2 5
0.243333 375 31 0 6
0.25 327 40 2 3
0.256667 322 24 1 4
0.263333 283 32 1 2
0.27 294 29 2 2
0.276667 256 29 3 5
0.283333 290 26 2 4
0.29 278 32 0 2
0.296667 227 28 2 2
0.303333 256 24 2 3
0.31 243 31 0 4
0.316667 214 25 1 2
0.323333 206 21 2 5
0.33 222 20 0 3
0.336667 219 20 0 1
0.343333 232 24 1 3
0.35 212 21 1 4
0.356667 204 21 3 3
0.363333 197 24 2 3
0.37 224 22 2 2
0.376667 191 17 3 3
0.383333 165 20 2 3
0.39 166 20 0 2
0.396667 183 15 0 1
0.403333 198 19 4 0
0.41 171 19 2 1
0.416667 177 15 1 2
0.423333 175 19 0 1
0.43 167 15 4 2
0.436667 209 14 0 4
0.443333 181 16 2 3
0.45 200 13 3 0
0.456667 180 16 0 3
0.463333 184 24 0 0
0.47 200 16 1 1
0.476667 169 20 0 2
0.483333 92 13 1 1
0.49 88 16 1 2
0.496667 89 14 0 1
0.503333 70 12 1 1
0.51 85 12 2 1
0.516667 85 12 1 3
0.523333 56 17 1 0
0.53 73 7 0 2
0.536667 78 10 2 1
0.543333 51 10 0 1
0.55 54 10 0 0
0.556667 58 9 0 2
0.563333 50 13 0 2
0.57 68 11 0 0
0.576667 51 8 1 1
0.583333 59 13 2 3
0.59 60 12 1 0
0.596667 51 6 4 2
0.603333 49 10 1 0
0.61 55 5 2 4
0.616667 48 10 1 1
0.623333 63 7 0 2
0.63 61 11 0 1
0.636667 70 11 0 1
0.643333 36 9 1 1
0.65 49 13 1 2
0.656667 47 4 2 1
0.663333 9567 310 15 65
0.67 0 0 0 0
0.676667 0 0 0 0
0.683333 0 0 0 0
0.69 0 0 0 0
0.696667 0 0 0 0
0.703333 0 0 0 0
0.71 0 0 0 0
0.716667 0 0 0 0
0.723333 0 0 0 0
0.73 0 0 0 0
0.736667 0 0 0 0
0.743333 0 0 0 0
0.75 0 0 0 0
0.756667 0 0 0 0
0.763333 0 0 0 0
0.77 0 0 0 0
0.776667 0 0 0 0
0.783333 0 0 0 0
0.79 0 0 0 0
0.796667 0 0 0 0
0.803333 0 0 0 0
0.81 0 0 0 0
0.816667 0 0 0 0
0.823333 0 0 0 0
0.83 0 0 0 0
0.836667 0 0 0 0
0.843333 0 0 0 0
0.85 0 0 0 0
0.856667 0 0 0 0
0.863333 0 0 0 0
0.87 0 0 0 0
0.876667 0 0 0 0
0.883333 0 0 0 0
0.89 0 0 0 0
0.896667 0 0 0 0
0.903333 0 0 0 0
0.91 0 0 0 0
0.916667 0 0 0 0
0.923333 0 0 0 0
0.93 0 0 0 0
0.936667 0 0 0 0
0.943333 0 0 0 0
0.95 0 0 0 0
0.956667 0 0 0 0
0.963333 0 0 0 0
0.97 0 0 0 0
0.976667 0 0 0 0
0.983333 0 0 0 0
0.99 0 0 0 0
0.996667 0 0 0 0
1.00333 0 0 0 0
1.01 0 0 0 0
1.01667 0 0 0 0
1.02333 0 0 0 0
1.03 0 0 0 0
1.03667 0 0 0 0
1.04333 0 0 0 0
1.05 0 0 0 0
1.05667 0 0 0 0
1.06333 0 0 0 0
1.07 0 0 0 0
1.07667 0 0 0 0
1.08333 0 0 0 0
1.09 0 0 0 0
1.09667 0 0 0 0
1.10333 0 0 0 0
1.11 0 0 0 0
1.11667 0 0 0 0
1.12333 0 0 0 0
1.13 0 0 0 0
1.13667 0 0 0 0
1.14333 0 0 0 0
1.15 0 0 0 0
1.15667 0 0 0 0
1.16333 0 0 0 0
1.17 0 0 0 0
1.17667 0 0 0 0
1.18333 0 0 0 0
1.19 0 0 0 0
1.19667 0 0 0 0
1.20333 0 0 0 0
1.21 0 0 0 0
1.21667 0 0 0 0
1.22333 0 0 0 0
1.23 0 0 0 0
1.23667 0 0 0 0
1.24333 0 0 0 0
1.25 0 0 0 0
1.25667 0 0 0 0
1.26333 0 0 0 0
1.27 0 0 0 0
1.27667 0 0 0 0
1.28333 0 0 0 0
1.29 0 0 0 0
1.29667 0 0 0 0
1.30333 0 0 0 0
1.31 0 0 0 0
1.31667 0 0 0 0
1.32333 0 0 0 0
1.33 0 0 0 0
1.33667 0 0 0 0
1.34333 0 0 0 0
1.35 0 0 0 0
1.35667 0 0 0 0
1.36333 0 0 0 0
1.37 0 0 0 0
1.37667 0 0 0 0
1.38333 0 0 0 0
1.39 0 0 0 0
1.39667 0 0 0 0
1.40333 0 0 0 0
1.41 0 0 0 0
1.41667 0 0 0 0
1.42333 0 0 0 0
1.43 0 0 0 0
1.43667 0 0 0 0
1.44333 0 0 0 0
1.45 0 0 0 0
1.45667 0 0 0 0
1.46333 0 0 0 0
1.47 0 0 0 0
1.47667 0 0 0 0
1.48333 0 0 0 0
1.49 0 0 0 0
1.49667 0 0 0 0
1.50333 0 0 0 0
1.51 0 0 0 0
1.51667 0 0 0 0
1.52333 0 0 0 0
1.53 0 0 0 0
1.53667 0 0 0 0
1.54333 0 0 0 0
1.55 0 0 0 0
1.55667 0 0 0 0
1.56333 0 0 0 0
1.57 0 0 0 0
1.57667 0 0 0 0
1.58333 0 0 0 0
1.59 0 0 0 0
1.59667 0 0 0 0
1.60333 0 0 0 0
1.61 0 0 0 0
1.61667 0 0 0 0
1.62333 0 0 0 0
1.63 0 0 0 0
1.63667 0 0 0 0
1.64333 0 0 0 0
1.65 0 0 0 0
1.65667 0 0 0 0
1.66333 0 0 0 0
1.67 0 0 0 0
1.67667 0 0 0 0
1.68333 0 0 0 0
1.69 0 0 0 0
1.69667 0 0 0 0
1.70333 0 0 0 0
1.71 0 0 0 0
1.71667 0 0 0 0
1.72333 0 0 0 0
1.73 0 0 0 0
1.73667 0 0 0 0
1.74333 0 0 0 0
1.75 0 0 0 0
1.75667 0 0 0 0
1.76333 0 0 0 0
1.77 0 0 0 0
1.77667 0 0 0 0
1.78333 0 0 0 0
1.79 0 0 0 0
1.79667 0 0 0 0
1.80333 0 0 0 0
1.81 0 0 0 0
1.81667 0 0 0 0
1.82333 0 0 0 0
1.83 0 0 0 0
1.83667 0 0 0 0
1.84333 0 0 0 0
1.85 0 0 0 0
1.85667 0 0 0 0
1.86333 0 0 0 0
1.87 0 0 0 0
1.87667 0 0 0 0
1.88333 0 0 0 0
1.89 0 0 0 0
1.89667 0 0 0 0
1.90333 0 0 0 0
1.91 0 0 0 0
1.91667 0 0 0 0
1.92333 0 0 0 0
1.93 0 0 0 0
1.93667 0 0 0 0
1.94333 0 0 0 0
1.95 0 0 0 0
1.95667 0 0 0 0
1.96333 0 0 0 0
1.97 0 0 0 0
1.97667 0 0 0 0
1.98333 0 0 0 0
1.99 0 0 0 0
1.99667 0 0 0 0
