0.00333333 1 27 37 7
0.01 3 23 55 21
0.0166667 3 29 54 16
0.0233333 6 26 52 8
0.03 4 30 66 7
0.0366667 4 27 76 15
0.0433333 10 37 106 17
0.05 14 43 118 31
0.0566667 13 56 174 30
0.0633333 11 70 160 33
0.07 9 72 165 43
0.0766667 12 75 177 49
0.0833333 10 81 186 37
0.09 9 68 197 36
0.0966667 8 79 145 35
0.103333 11 90 176 41
0.11 8 91 189 31
0.116667 8 64 170 34
0.123333 12 78 138 31
0.13 9 89 175 29
0.136667 7 79 127 36
0.143333 12 89 170 41
0.15 13 74 149 24
0.156667 4 69 137 25
0.163333 5 72 133 26
0.17 9 73 155 34
0.176667 6 71 157 40
0.183333 7 75 135 31
0.19 9 81 138 26
0.196667 6 79 148 20
0.203333 10 74 147 30
0.21 11 80 123 27
0.216667 8 67 114 24
0.223333 5 61 130 27
0.23 5 60 109 22
0.236667 1 75 87 23
0.243333 8 54 100 17
0.25 8 47 105 20
0.256667 7 49 101 17
0.263333 5 48 83 18
0.27 3 42 85 16
0.276667 5 39 87 29
0.283333 8 48 79 27
0.29 5 39 69 9
0.296667 1 36 83 13
0.303333 10 34 63 15
0.31 2 43 83 14
0.316667 3 46 87 12
0.323333 4 50 59 15
0.33 7 32 67 15
0.336667 8 37 60 12
0.343333 6 27 79 15
0.35 3 39 74 8
0.356667 3 46 55 17
0.363333 4 33 69 7
0.37 7 37 61 14
0.376667 4 32 66 7
0.383333 6 40 68 7
0.39 5 37 57 19
0.396667 4 32 61 16
0.403333 0 27 58 11
0.41 3 28 65 11
0.416667 3 35 52 14
0.423333 6 30 47 10
0.43 3 29 48 6
0.436667 7 24 57 4
0.443333 4 33 56 11
0.45 4 35 50 14
0.456667 2 24 54 9
0.463333 3 29 47 10
0.47 4 26 58 12
0.476667 2 26 44 15
0.483333 2 21 28 12
0.49 5 23 18 8
0.496667 3 24 24 4
0.503333 2 20 35 12
0.51 1 24 40 9
0.516667 4 15 32 5
0.523333 3 15 28 5
0.53 1 9 25 6
0.536667 1 16 23 4
0.543333 2 12 31 7
0.55 2 12 38 5
0.556667 2 16 26 12
0.563333 4 13 26 7
0.57 3 11 37 7
0.576667 3 13 20 4
0.583333 2 16 26 10
0.59 1 14 31 9
0.596667 2 13 27 11
0.603333 2 12 24 9
0.61 2 13 23 9
0.616667 3 12 22 4
0.623333 4 7 26 3
0.63 2 9 24 9
0.636667 1 20 31 6
0.643333 4 12 27 5
0.65 2 9 23 7
0.656667 4 15 30 5
0.663333 45 1004 1467 214
0.67 0 0 0 0
0.676667 0 0 0 0
0.683333 0 0 0 0
0.69 0 0 0 0
0.696667 0 0 0 0
0.703333 0 0 0 0
0.71 0 0 0 0
0.716667 0 0 0 0
0.723333 0 0 0 0
0.73 0 0 0 0
0.736667 0 0 0 0
0.743333 0 0 0 0
0.75 0 0 0 0
0.756667 0 0 0 0
0.763333 0 0 0 0
0.77 0 0 0 0
0.776667 0 0 0 0
0.783333 0 0 0 0
0.79 0 0 0 0
0.796667 0 0 0 0
0.803333 0 0 0 0
0.81 0 0 0 0
0.816667 0 0 0 0
0.823333 0 0 0 0
0.83 0 0 0 0
0.836667 0 0 0 0
0.843333 0 0 0 0
0.85 0 0 0 0
0.856667 0 0 0 0
0.863333 0 0 0 0
0.87 0 0 0 0
0.876667 0 0 0 0
0.883333 0 0 0 0
0.89 0 0 0 0
0.896667 0 0 0 0
0.903333 0 0 0 0
0.91 0 0 0 0
0.916667 0 0 0 0
0.923333 0 0 0 0
0.93 0 0 0 0
0.936667 0 0 0 0
0.943333 0 0 0 0
0.95 0 0 0 0
0.956667 0 0 0 0
0.963333 0 0 0 0
0.97 0 0 0 0
0.976667 0 0 0 0
0.983333 0 0 0 0
0.99 0 0 0 0
0.996667 0 0 0 0
1.00333 0 0 0 0
1.01 0 0 0 0
1.01667 0 0 0 0
1.02333 0 0 0 0
1.03 0 0 0 0
1.03667 0 0 0 0
1.04333 0 0 0 0
1.05 0 0 0 0
1.05667 0 0 0 0
1.06333 0 0 0 0
1.07 0 0 0 0
1.07667 0 0 0 0
1.08333 0 0 0 0
1.09 0 0 0 0
1.09667 0 0 0 0
1.10333 0 0 0 0
1.11 0 0 0 0
1.11667 0 0 0 0
1.12333 0 0 0 0
1.13 0 0 0 0
1.13667 0 0 0 0
1.14333 0 0 0 0
1.15 0 0 0 0
1.15667 0 0 0 0
1.16333 0 0 0 0
1.17 0 0 0 0
1.17667 0 0 0 0
1.18333 0 0 0 0
1.19 0 0 0 0
1.19667 0 0 0 0
1.20333 0 0 0 0
1.21 0 0 0 0
1.21667 0 0 0 0
1.22333 0 0 0 0
1.23 0 0 0 0
1.23667 0 0 0 0
1.24333 0 0 0 0
1.25 0 0 0 0
1.25667 0 0 0 0
1.26333 0 0 0 0
1.27 0 0 0 0
1.27667 0 0 0 0
1.28333 0 0 0 0
1.29 0 0 0 0
1.29667 0 0 0 0
1.30333 0 0 0 0
1.31 0 0 0 0
1.31667 0 0 0 0
1.32333 0 0 0 0
1.33 0 0 0 0
1.33667 0 0 0 0
1.34333 0 0 0 0
1.35 0 0 0 0
1.35667 0 0 0 0
1.36333 0 0 0 0
1.37 0 0 0 0
1.37667 0 0 0 0
1.38333 0 0 0 0
1.39 0 0 0 0
1.39667 0 0 0 0
1.40333 0 0 0 0
1.41 0 0 0 0
1.41667 0 0 0 0
1.42333 0 0 0 0
1.43 0 0 0 0
1.43667 0 0 0 0
1.44333 0 0 0 0
1.45 0 0 0 0
1.45667 0 0 0 0
1.46333 0 0 0 0
1.47 0 0 0 0
1.47667 0 0 0 0
1.48333 0 0 0 0
1.49 0 0 0 0
1.49667 0 0 0 0
1.50333 0 0 0 0
1.51 0 0 0 0
1.51667 0 0 0 0
1.52333 0 0 0 0
1.53 0 0 0 0
1.53667 0 0 0 0
1.54333 0 0 0 0
1.55 0 0 0 0
1.55667 0 0 0 0
1.56333 0 0 0 0
1.57 0 0 0 0
1.57667 0 0 0 0
1.58333 0 0 0 0
1.59 0 0 0 0
1.59667 0 0 0 0
1.60333 0 0 0 0
1.61 0 0 0 0
1.61667 0 0 0 0
1.62333 0 0 0 0
1.63 0 0 0 0
1.63667 0 0 0 0
1.64333 0 0 0 0
1.65 0 0 0 0
1.65667 0 0 0 0
1.66333 0 0 0 0
1.67 0 0 0 0
1.67667 0 0 0 0
1.68333 0 0 0 0
1.69 0 0 0 0
1.69667 0 0 0 0
1.70333 0 0 0 0
1.71 0 0 0 0
1.71667 0 0 0 0
1.72333 0 0 0 0
1.73 0 0 0 0
1.73667 0 0 0 0
1.74333 0 0 0 0
1.75 0 0 0 0
1.75667 0 0 0 0
1.76333 0 0 0 0
1.77 0 0 0 0
1.77667 0 0 0 0
1.78333 0 0 0 0
1.79 0 0 0 0
1.79667 0 0 0 0
1.80333 0 0 0 0
1.81 0 0 0 0
1.81667 0 0 0 0
1.82333 0 0 0 0
1.83 0 0 0 0
1.83667 0 0 0 0
1.84333 0 0 0 0
1.85 0 0 0 0
1.85667 0 0 0 0
1.86333 0 0 0 0
1.87 0 0 0 0
1.87667 0 0 0 0
1.88333 0 0 0 0
1.89 0 0 0 0
1.89667 0 0 0 0
1.90333 0 0 0 0
1.91 0 0 0 0
1.91667 0 0 0 0
1.92333 0 0 0 0
1.93 0 0 0 0
1.93667 0 0 0 0
1.94333 0 0 0 0
1.95 0 0 0 0
1.95667 0 0 0 0
1.96333 0 0 0 0
1.97 0 0 0 0
1.97667 0 0 0 0
1.98333 0 0 0 0
1.99 0 0 0 0
1.99667 0 0 0 0
