0.00333333 1 0 18 52
0.01 1 1 19 49
0.0166667 0 1 31 69
0.0233333 1 1 30 70
0.03 0 1 34 74
0.0366667 1 1 34 66
0.0433333 0 3 46 97
0.05 0 6 52 153
0.0566667 2 3 70 150
0.0633333 1 1 65 167
0.07 0 3 68 153
0.0766667 3 4 78 163
0.0833333 2 4 70 187
0.09 1 1 75 172
0.0966667 1 4 75 194
0.103333 3 4 54 152
0.11 3 0 85 163
0.116667 0 3 63 189
0.123333 1 5 75 180
0.13 2 2 61 145
0.136667 3 3 50 208
0.143333 0 0 59 159
0.15 2 3 49 163
0.156667 1 1 66 137
0.163333 1 2 63 172
0.17 0 3 57 152
0.176667 2 3 51 141
0.183333 1 4 61 138
0.19 0 1 53 160
0.196667 0 4 55 158
0.203333 0 2 46 132
0.21 1 3 43 146
0.216667 2 1 42 125
0.223333 1 3 40 116
0.23 4 2 44 139
0.236667 1 1 51 111
0.243333 1 2 53 102
0.25 0 4 35 110
0.256667 0 1 40 103
0.263333 0 2 36 107
0.27 1 2 37 106
0.276667 1 1 32 96
0.283333 0 1 32 106
0.29 0 3 40 102
0.296667 0 4 28 79
0.303333 0 1 31 97
0.31 2 1 30 75
0.316667 0 2 20 75
0.323333 0 1 35 96
0.33 0 3 35 90
0.336667 1 1 31 86
0.343333 1 0 19 68
0.35 1 2 36 64
0.356667 0 1 34 92
0.363333 0 1 31 77
0.37 4 0 18 85
0.376667 1 1 26 57
0.383333 0 0 26 82
0.39 1 0 22 70
0.396667 1 0 21 60
0.403333 0 2 28 64
0.41 1 1 20 64
0.416667 0 2 29 67
0.423333 1 0 22 66
0.43 0 2 24 61
0.436667 0 3 23 69
0.443333 3 1 29 77
0.45 0 2 24 72
0.456667 0 0 25 55
0.463333 0 1 21 49
0.47 0 1 25 73
0.476667 1 2 16 59
0.483333 0 0 18 38
0.49 0 0 25 39
0.496667 0 1 14 40
0.503333 0 0 12 31
0.51 0 1 9 30
0.516667 0 1 18 40
0.523333 0 0 11 26
0.53 0 0 7 27
0.536667 0 0 11 25
0.543333 0 1 13 41
0.55 0 0 15 24
0.556667 0 2 13 28
0.563333 0 2 15 31
0.57 1 0 6 30
0.576667 1 2 9 27
0.583333 0 2 16 34
0.59 0 2 6 32
0.596667 0 0 12 30
0.603333 0 3 14 27
0.61 1 0 16 21
0.616667 1 2 12 31
0.623333 1 1 12 26
0.63 0 0 13 30
0.636667 0 0 8 27
0.643333 0 0 11 30
0.65 0 0 11 22
0.656667 0 1 12 21
0.663333 2 17 485 1647
0.67 0 0 0 0
0.676667 0 0 0 0
0.683333 0 0 0 0
0.69 0 0 0 0
0.696667 0 0 0 0
0.703333 0 0 0 0
0.71 0 0 0 0
0.716667 0 0 0 0
0.723333 0 0 0 0
0.73 0 0 0 0
0.736667 0 0 0 0
0.743333 0 0 0 0
0.75 0 0 0 0
0.756667 0 0 0 0
0.763333 0 0 0 0
0.77 0 0 0 0
0.776667 0 0 0 0
0.783333 0 0 0 0
0.79 0 0 0 0
0.796667 0 0 0 0
0.803333 0 0 0 0
0.81 0 0 0 0
0.816667 0 0 0 0
0.823333 0 0 0 0
0.83 0 0 0 0
0.836667 0 0 0 0
0.843333 0 0 0 0
0.85 0 0 0 0
0.856667 0 0 0 0
0.863333 0 0 0 0
0.87 0 0 0 0
0.876667 0 0 0 0
0.883333 0 0 0 0
0.89 0 0 0 0
0.896667 0 0 0 0
0.903333 0 0 0 0
0.91 0 0 0 0
0.916667 0 0 0 0
0.923333 0 0 0 0
0.93 0 0 0 0
0.936667 0 0 0 0
0.943333 0 0 0 0
0.95 0 0 0 0
0.956667 0 0 0 0
0.963333 0 0 0 0
0.97 0 0 0 0
0.976667 0 0 0 0
0.983333 0 0 0 0
0.99 0 0 0 0
0.996667 0 0 0 0
1.00333 0 0 0 0
1.01 0 0 0 0
1.01667 0 0 0 0
1.02333 0 0 0 0
1.03 0 0 0 0
1.03667 0 0 0 0
1.04333 0 0 0 0
1.05 0 0 0 0
1.05667 0 0 0 0
1.06333 0 0 0 0
1.07 0 0 0 0
1.07667 0 0 0 0
1.08333 0 0 0 0
1.09 0 0 0 0
1.09667 0 0 0 0
1.10333 0 0 0 0
1.11 0 0 0 0
1.11667 0 0 0 0
1.12333 0 0 0 0
1.13 0 0 0 0
1.13667 0 0 0 0
1.14333 0 0 0 0
1.15 0 0 0 0
1.15667 0 0 0 0
1.16333 0 0 0 0
1.17 0 0 0 0
1.17667 0 0 0 0
1.18333 0 0 0 0
1.19 0 0 0 0
1.19667 0 0 0 0
1.20333 0 0 0 0
1.21 0 0 0 0
1.21667 0 0 0 0
1.22333 0 0 0 0
1.23 0 0 0 0
1.23667 0 0 0 0
1.24333 0 0 0 0
1.25 0 0 0 0
1.25667 0 0 0 0
1.26333 0 0 0 0
1.27 0 0 0 0
1.27667 0 0 0 0
1.28333 0 0 0 0
1.29 0 0 0 0
1.29667 0 0 0 0
1.30333 0 0 0 0
1.31 0 0 0 0
1.31667 0 0 0 0
1.32333 0 0 0 0
1.33 0 0 0 0
1.33667 0 0 0 0
1.34333 0 0 0 0
1.35 0 0 0 0
1.35667 0 0 0 0
1.36333 0 0 0 0
1.37 0 0 0 0
1.37667 0 0 0 0
1.38333 0 0 0 0
1.39 0 0 0 0
1.39667 0 0 0 0
1.40333 0 0 0 0
1.41 0 0 0 0
1.41667 0 0 0 0
1.42333 0 0 0 0
1.43 0 0 0 0
1.43667 0 0 0 0
1.44333 0 0 0 0
1.45 0 0 0 0
1.45667 0 0 0 0
1.46333 0 0 0 0
1.47 0 0 0 0
1.47667 0 0 0 0
1.48333 0 0 0 0
1.49 0 0 0 0
1.49667 0 0 0 0
1.50333 0 0 0 0
1.51 0 0 0 0
1.51667 0 0 0 0
1.52333 0 0 0 0
1.53 0 0 0 0
1.53667 0 0 0 0
1.54333 0 0 0 0
1.55 0 0 0 0
1.55667 0 0 0 0
1.56333 0 0 0 0
1.57 0 0 0 0
1.57667 0 0 0 0
1.58333 0 0 0 0
1.59 0 0 0 0
1.59667 0 0 0 0
1.60333 0 0 0 0
1.61 0 0 0 0
1.61667 0 0 0 0
1.62333 0 0 0 0
1.63 0 0 0 0
1.63667 0 0 0 0
1.64333 0 0 0 0
1.65 0 0 0 0
1.65667 0 0 0 0
1.66333 0 0 0 0
1.67 0 0 0 0
1.67667 0 0 0 0
1.68333 0 0 0 0
1.69 0 0 0 0
1.69667 0 0 0 0
1.70333 0 0 0 0
1.71 0 0 0 0
1.71667 0 0 0 0
1.72333 0 0 0 0
1.73 0 0 0 0
1.73667 0 0 0 0
1.74333 0 0 0 0
1.75 0 0 0 0
1.75667 0 0 0 0
1.76333 0 0 0 0
1.77 0 0 0 0
1.77667 0 0 0 0
1.78333 0 0 0 0
1.79 0 0 0 0
1.79667 0 0 0 0
1.80333 0 0 0 0
1.81 0 0 0 0
1.81667 0 0 0 0
1.82333 0 0 0 0
1.83 0 0 0 0
1.83667 0 0 0 0
1.84333 0 0 0 0
1.85 0 0 0 0
1.85667 0 0 0 0
1.86333 0 0 0 0
1.87 0 0 0 0
1.87667 0 0 0 0
1.88333 0 0 0 0
1.89 0 0 0 0
1.89667 0 0 0 0
1.90333 0 0 0 0
1.91 0 0 0 0
1.91667 0 0 0 0
1.92333 0 0 0 0
1.93 0 0 0 0
1.93667 0 0 0 0
1.94333 0 0 0 0
1.95 0 0 0 0
1.95667 0 0 0 0
1.96333 0 0 0 0
1.97 0 0 0 0
1.97667 0 0 0 0
1.98333 0 0 0 0
1.99 0 0 0 0
1.99667 0 0 0 0
