0.00333333 7 18 12 10
0.01 5 19 15 13
0.0166667 12 27 15 8
0.0233333 19 19 24 10
0.03 12 28 23 13
0.0366667 12 39 28 18
0.0433333 22 44 37 23
0.05 26 33 39 18
0.0566667 17 46 67 15
0.0633333 20 69 52 25
0.07 39 60 59 15
0.0766667 34 69 44 29
0.0833333 19 61 75 27
0.09 25 64 58 36
0.0966667 31 91 55 25
0.103333 26 75 75 33
0.11 30 70 62 28
0.116667 27 69 74 28
0.123333 32 64 64 31
0.13 28 58 57 23
0.136667 31 52 56 25
0.143333 19 40 51 27
0.15 26 41 38 30
0.156667 31 40 37 27
0.163333 27 44 65 22
0.17 23 38 41 21
0.176667 18 50 54 19
0.183333 33 55 42 35
0.19 26 46 41 27
0.196667 21 42 32 31
0.203333 22 40 39 25
0.21 19 40 33 23
0.216667 26 41 39 24
0.223333 22 40 28 16
0.23 24 32 38 17
0.236667 20 35 40 19
0.243333 17 35 37 19
0.25 21 37 28 17
0.256667 14 22 31 22
0.263333 19 29 35 19
0.27 10 34 23 12
0.276667 16 25 34 12
0.283333 14 27 32 13
0.29 18 23 30 15
0.296667 17 19 26 14
0.303333 12 24 21 15
0.31 13 24 17 19
0.316667 16 24 15 14
0.323333 19 22 21 14
0.33 11 25 30 27
0.336667 13 21 18 15
0.343333 23 23 24 17
0.35 17 21 26 13
0.356667 15 28 19 12
0.363333 9 28 16 8
0.37 13 21 23 10
0.376667 11 26 21 13
0.383333 11 11 18 11
0.39 23 15 26 15
0.396667 15 13 18 18
0.403333 10 16 24 13
0.41 12 21 17 9
0.416667 12 21 17 11
0.423333 12 17 15 6
0.43 13 22 15 13
0.436667 12 18 15 11
0.443333 11 12 24 6
0.45 20 14 18 11
0.456667 16 12 21 14
0.463333 11 17 17 13
0.47 11 18 24 11
0.476667 8 12 13 9
0.483333 9 11 12 7
0.49 10 13 16 7
0.496667 12 17 9 11
0.503333 8 9 8 3
0.51 4 11 13 11
0.516667 10 8 13 4
0.523333 7 8 12 6
0.53 6 10 16 10
0.536667 6 8 10 5
0.543333 3 10 15 4
0.55 3 12 13 1
0.556667 11 10 11 7
0.563333 5 12 10 9
0.57 6 10 6 11
0.576667 10 11 11 4
0.583333 9 9 16 7
0.59 10 19 9 5
0.596667 6 5 12 5
0.603333 13 12 11 9
0.61 8 10 10 13
0.616667 11 8 10 6
0.623333 6 9 10 6
0.63 2 12 8 7
0.636667 7 7 10 10
0.643333 8 7 7 8
0.65 4 12 5 9
0.656667 5 5 7 6
0.663333 310 256 302 300
0.67 0 0 0 0
0.676667 0 0 0 0
0.683333 0 0 0 0
0.69 0 0 0 0
0.696667 0 0 0 0
0.703333 0 0 0 0
0.71 0 0 0 0
0.716667 0 0 0 0
0.723333 0 0 0 0
0.73 0 0 0 0
0.736667 0 0 0 0
0.743333 0 0 0 0
0.75 0 0 0 0
0.756667 0 0 0 0
0.763333 0 0 0 0
0.77 0 0 0 0
0.776667 0 0 0 0
0.783333 0 0 0 0
0.79 0 0 0 0
0.796667 0 0 0 0
0.803333 0 0 0 0
0.81 0 0 0 0
0.816667 0 0 0 0
0.823333 0 0 0 0
0.83 0 0 0 0
0.836667 0 0 0 0
0.843333 0 0 0 0
0.85 0 0 0 0
0.856667 0 0 0 0
0.863333 0 0 0 0
0.87 0 0 0 0
0.876667 0 0 0 0
0.883333 0 0 0 0
0.89 0 0 0 0
0.896667 0 0 0 0
0.903333 0 0 0 0
0.91 0 0 0 0
0.916667 0 0 0 0
0.923333 0 0 0 0
0.93 0 0 0 0
0.936667 0 0 0 0
0.943333 0 0 0 0
0.95 0 0 0 0
0.956667 0 0 0 0
0.963333 0 0 0 0
0.97 0 0 0 0
0.976667 0 0 0 0
0.983333 0 0 0 0
0.99 0 0 0 0
0.996667 0 0 0 0
1.00333 0 0 0 0
1.01 0 0 0 0
1.01667 0 0 0 0
1.02333 0 0 0 0
1.03 0 0 0 0
1.03667 0 0 0 0
1.04333 0 0 0 0
1.05 0 0 0 0
1.05667 0 0 0 0
1.06333 0 0 0 0
1.07 0 0 0 0
1.07667 0 0 0 0
1.08333 0 0 0 0
1.09 0 0 0 0
1.09667 0 0 0 0
1.10333 0 0 0 0
1.11 0 0 0 0
1.11667 0 0 0 0
1.12333 0 0 0 0
1.13 0 0 0 0
1.13667 0 0 0 0
1.14333 0 0 0 0
1.15 0 0 0 0
1.15667 0 0 0 0
1.16333 0 0 0 0
1.17 0 0 0 0
1.17667 0 0 0 0
1.18333 0 0 0 0
1.19 0 0 0 0
1.19667 0 0 0 0
1.20333 0 0 0 0
1.21 0 0 0 0
1.21667 0 0 0 0
1.22333 0 0 0 0
1.23 0 0 0 0
1.23667 0 0 0 0
1.24333 0 0 0 0
1.25 0 0 0 0
1.25667 0 0 0 0
1.26333 0 0 0 0
1.27 0 0 0 0
1.27667 0 0 0 0
1.28333 0 0 0 0
1.29 0 0 0 0
1.29667 0 0 0 0
1.30333 0 0 0 0
1.31 0 0 0 0
1.31667 0 0 0 0
1.32333 0 0 0 0
1.33 0 0 0 0
1.33667 0 0 0 0
1.34333 0 0 0 0
1.35 0 0 0 0
1.35667 0 0 0 0
1.36333 0 0 0 0
1.37 0 0 0 0
1.37667 0 0 0 0
1.38333 0 0 0 0
1.39 0 0 0 0
1.39667 0 0 0 0
1.40333 0 0 0 0
1.41 0 0 0 0
1.41667 0 0 0 0
1.42333 0 0 0 0
1.43 0 0 0 0
1.43667 0 0 0 0
1.44333 0 0 0 0
1.45 0 0 0 0
1.45667 0 0 0 0
1.46333 0 0 0 0
1.47 0 0 0 0
1.47667 0 0 0 0
1.48333 0 0 0 0
1.49 0 0 0 0
1.49667 0 0 0 0
1.50333 0 0 0 0
1.51 0 0 0 0
1.51667 0 0 0 0
1.52333 0 0 0 0
1.53 0 0 0 0
1.53667 0 0 0 0
1.54333 0 0 0 0
1.55 0 0 0 0
1.55667 0 0 0 0
1.56333 0 0 0 0
1.57 0 0 0 0
1.57667 0 0 0 0
1.58333 0 0 0 0
1.59 0 0 0 0
1.59667 0 0 0 0
1.60333 0 0 0 0
1.61 0 0 0 0
1.61667 0 0 0 0
1.62333 0 0 0 0
1.63 0 0 0 0
1.63667 0 0 0 0
1.64333 0 0 0 0
1.65 0 0 0 0
1.65667 0 0 0 0
1.66333 0 0 0 0
1.67 0 0 0 0
1.67667 0 0 0 0
1.68333 0 0 0 0
1.69 0 0 0 0
1.69667 0 0 0 0
1.70333 0 0 0 0
1.71 0 0 0 0
1.71667 0 0 0 0
1.72333 0 0 0 0
1.73 0 0 0 0
1.73667 0 0 0 0
1.74333 0 0 0 0
1.75 0 0 0 0
1.75667 0 0 0 0
1.76333 0 0 0 0
1.77 0 0 0 0
1.77667 0 0 0 0
1.78333 0 0 0 0
1.79 0 0 0 0
1.79667 0 0 0 0
1.80333 0 0 0 0
1.81 0 0 0 0
1.81667 0 0 0 0
1.82333 0 0 0 0
1.83 0 0 0 0
1.83667 0 0 0 0
1.84333 0 0 0 0
1.85 0 0 0 0
1.85667 0 0 0 0
1.86333 0 0 0 0
1.87 0 0 0 0
1.87667 0 0 0 0
1.88333 0 0 0 0
1.89 0 0 0 0
1.89667 0 0 0 0
1.90333 0 0 0 0
1.91 0 0 0 0
1.91667 0 0 0 0
1.92333 0 0 0 0
1.93 0 0 0 0
1.93667 0 0 0 0
1.94333 0 0 0 0
1.95 0 0 0 0
1.95667 0 0 0 0
1.96333 0 0 0 0
1.97 0 0 0 0
1.97667 0 0 0 0
1.98333 0 0 0 0
1.99 0 0 0 0
1.99667 0 0 0 0
