0.00333333 70 48 1 0
0.01 75 70 5 1
0.0166667 82 59 3 0
0.0233333 89 66 3 3
0.03 96 86 5 0
0.0366667 129 88 8 2
0.0433333 124 129 9 1
0.05 181 151 7 2
0.0566667 217 168 11 8
0.0633333 229 186 8 4
0.07 244 192 9 6
0.0766667 303 236 5 2
0.0833333 280 231 7 2
0.09 297 242 17 2
0.0966667 290 234 13 3
0.103333 238 204 7 3
0.11 285 204 11 6
0.116667 324 226 7 4
0.123333 312 223 11 4
0.13 233 194 5 5
0.136667 259 169 11 7
0.143333 252 191 5 3
0.15 244 186 8 5
0.156667 232 193 8 1
0.163333 245 155 5 0
0.17 227 153 6 6
0.176667 226 180 7 3
0.183333 221 205 4 4
0.19 260 183 5 3
0.196667 241 188 5 4
0.203333 212 169 5 3
0.21 253 146 7 5
0.216667 203 170 8 4
0.223333 200 134 2 8
0.23 197 113 8 5
0.236667 174 124 7 3
0.243333 194 116 4 3
0.25 160 115 5 3
0.256667 174 119 2 4
0.263333 138 102 6 2
0.27 123 113 1 1
0.276667 156 88 1 1
0.283333 137 117 2 0
0.29 137 92 3 4
0.296667 125 86 4 4
0.303333 118 104 6 1
0.31 137 97 8 5
0.316667 108 103 4 3
0.323333 121 82 5 1
0.33 105 77 6 1
0.336667 103 68 3 1
0.343333 108 60 4 2
0.35 105 75 6 5
0.356667 102 73 3 0
0.363333 97 80 2 0
0.37 82 88 4 2
0.376667 92 72 4 1
0.383333 91 52 3 1
0.39 92 68 5 0
0.396667 96 73 2 0
0.403333 109 72 6 0
0.41 84 77 4 1
0.416667 79 71 1 4
0.423333 80 59 2 1
0.43 97 66 5 2
0.436667 73 68 0 2
0.443333 89 61 1 1
0.45 73 61 3 0
0.456667 77 51 2 2
0.463333 89 58 2 3
0.47 87 72 1 0
0.476667 80 71 3 0
0.483333 53 41 3 4
0.49 49 44 4 1
0.496667 37 35 1 0
0.503333 49 35 4 1
0.51 47 34 2 0
0.516667 35 39 3 2
0.523333 37 33 2 1
0.53 33 29 2 1
0.536667 47 28 1 0
0.543333 37 25 3 0
0.55 41 31 1 1
0.556667 31 27 2 0
0.563333 36 26 1 2
0.57 33 32 1 3
0.576667 41 19 5 2
0.583333 45 30 1 0
0.59 27 24 1 0
0.596667 37 27 1 1
0.603333 39 36 5 2
0.61 32 36 1 1
0.616667 34 30 2 3
0.623333 38 25 0 2
0.63 30 29 0 1
0.636667 44 30 1 0
0.643333 32 33 1 0
0.65 31 23 5 4
0.656667 21 21 3 2
0.663333 2756 1905 45 34
0.67 0 0 0 0
0.676667 0 0 0 0
0.683333 0 0 0 0
0.69 0 0 0 0
0.696667 0 0 0 0
0.703333 0 0 0 0
0.71 0 0 0 0
0.716667 0 0 0 0
0.723333 0 0 0 0
0.73 0 0 0 0
0.736667 0 0 0 0
0.743333 0 0 0 0
0.75 0 0 0 0
0.756667 0 0 0 0
0.763333 0 0 0 0
0.77 0 0 0 0
0.776667 0 0 0 0
0.783333 0 0 0 0
0.79 0 0 0 0
0.796667 0 0 0 0
0.803333 0 0 0 0
0.81 0 0 0 0
0.816667 0 0 0 0
0.823333 0 0 0 0
0.83 0 0 0 0
0.836667 0 0 0 0
0.843333 0 0 0 0
0.85 0 0 0 0
0.856667 0 0 0 0
0.863333 0 0 0 0
0.87 0 0 0 0
0.876667 0 0 0 0
0.883333 0 0 0 0
0.89 0 0 0 0
0.896667 0 0 0 0
0.903333 0 0 0 0
0.91 0 0 0 0
0.916667 0 0 0 0
0.923333 0 0 0 0
0.93 0 0 0 0
0.936667 0 0 0 0
0.943333 0 0 0 0
0.95 0 0 0 0
0.956667 0 0 0 0
0.963333 0 0 0 0
0.97 0 0 0 0
0.976667 0 0 0 0
0.983333 0 0 0 0
0.99 0 0 0 0
0.996667 0 0 0 0
1.00333 0 0 0 0
1.01 0 0 0 0
1.01667 0 0 0 0
1.02333 0 0 0 0
1.03 0 0 0 0
1.03667 0 0 0 0
1.04333 0 0 0 0
1.05 0 0 0 0
1.05667 0 0 0 0
1.06333 0 0 0 0
1.07 0 0 0 0
1.07667 0 0 0 0
1.08333 0 0 0 0
1.09 0 0 0 0
1.09667 0 0 0 0
1.10333 0 0 0 0
1.11 0 0 0 0
1.11667 0 0 0 0
1.12333 0 0 0 0
1.13 0 0 0 0
1.13667 0 0 0 0
1.14333 0 0 0 0
1.15 0 0 0 0
1.15667 0 0 0 0
1.16333 0 0 0 0
1.17 0 0 0 0
1.17667 0 0 0 0
1.18333 0 0 0 0
1.19 0 0 0 0
1.19667 0 0 0 0
1.20333 0 0 0 0
1.21 0 0 0 0
1.21667 0 0 0 0
1.22333 0 0 0 0
1.23 0 0 0 0
1.23667 0 0 0 0
1.24333 0 0 0 0
1.25 0 0 0 0
1.25667 0 0 0 0
1.26333 0 0 0 0
1.27 0 0 0 0
1.27667 0 0 0 0
1.28333 0 0 0 0
1.29 0 0 0 0
1.29667 0 0 0 0
1.30333 0 0 0 0
1.31 0 0 0 0
1.31667 0 0 0 0
1.32333 0 0 0 0
1.33 0 0 0 0
1.33667 0 0 0 0
1.34333 0 0 0 0
1.35 0 0 0 0
1.35667 0 0 0 0
1.36333 0 0 0 0
1.37 0 0 0 0
1.37667 0 0 0 0
1.38333 0 0 0 0
1.39 0 0 0 0
1.39667 0 0 0 0
1.40333 0 0 0 0
1.41 0 0 0 0
1.41667 0 0 0 0
1.42333 0 0 0 0
1.43 0 0 0 0
1.43667 0 0 0 0
1.44333 0 0 0 0
1.45 0 0 0 0
1.45667 0 0 0 0
1.46333 0 0 0 0
1.47 0 0 0 0
1.47667 0 0 0 0
1.48333 0 0 0 0
1.49 0 0 0 0
1.49667 0 0 0 0
1.50333 0 0 0 0
1.51 0 0 0 0
1.51667 0 0 0 0
1.52333 0 0 0 0
1.53 0 0 0 0
1.53667 0 0 0 0
1.54333 0 0 0 0
1.55 0 0 0 0
1.55667 0 0 0 0
1.56333 0 0 0 0
1.57 0 0 0 0
1.57667 0 0 0 0
1.58333 0 0 0 0
1.59 0 0 0 0
1.59667 0 0 0 0
1.60333 0 0 0 0
1.61 0 0 0 0
1.61667 0 0 0 0
1.62333 0 0 0 0
1.63 0 0 0 0
1.63667 0 0 0 0
1.64333 0 0 0 0
1.65 0 0 0 0
1.65667 0 0 0 0
1.66333 0 0 0 0
1.67 0 0 0 0
1.67667 0 0 0 0
1.68333 0 0 0 0
1.69 0 0 0 0
1.69667 0 0 0 0
1.70333 0 0 0 0
1.71 0 0 0 0
1.71667 0 0 0 0
1.72333 0 0 0 0
1.73 0 0 0 0
1.73667 0 0 0 0
1.74333 0 0 0 0
1.75 0 0 0 0
1.75667 0 0 0 0
1.76333 0 0 0 0
1.77 0 0 0 0
1.77667 0 0 0 0
1.78333 0 0 0 0
1.79 0 0 0 0
1.79667 0 0 0 0
1.80333 0 0 0 0
1.81 0 0 0 0
1.81667 0 0 0 0
1.82333 0 0 0 0
1.83 0 0 0 0
1.83667 0 0 0 0
1.84333 0 0 0 0
1.85 0 0 0 0
1.85667 0 0 0 0
1.86333 0 0 0 0
1.87 0 0 0 0
1.87667 0 0 0 0
1.88333 0 0 0 0
1.89 0 0 0 0
1.89667 0 0 0 0
1.90333 0 0 0 0
1.91 0 0 0 0
1.91667 0 0 0 0
1.92333 0 0 0 0
1.93 0 0 0 0
1.93667 0 0 0 0
1.94333 0 0 0 0
1.95 0 0 0 0
1.95667 0 0 0 0
1.96333 0 0 0 0
1.97 0 0 0 0
1.97667 0 0 0 0
1.98333 0 0 0 0
1.99 0 0 0 0
1.99667 0 0 0 0
