0.00333333 68 16 3 1
0.01 58 20 1 1
0.0166667 81 21 4 0
0.0233333 64 36 2 3
0.03 81 23 1 1
0.0366667 79 40 2 0
0.0433333 116 44 4 0
0.05 151 60 7 1
0.0566667 179 79 5 4
0.0633333 227 95 5 1
0.07 216 110 5 4
0.0766667 220 84 4 5
0.0833333 239 97 9 0
0.09 237 83 4 2
0.0966667 239 92 7 3
0.103333 218 85 9 3
0.11 241 85 10 3
0.116667 234 74 9 1
0.123333 254 82 8 5
0.13 208 77 10 3
0.136667 246 70 5 2
0.143333 185 62 4 4
0.15 222 76 9 3
0.156667 196 70 3 0
0.163333 177 50 5 1
0.17 211 61 8 3
0.176667 199 57 2 1
0.183333 174 50 6 2
0.19 183 61 3 3
0.196667 228 55 7 0
0.203333 181 55 3 2
0.21 163 48 5 2
0.216667 133 52 7 2
0.223333 169 45 4 0
0.23 161 34 4 1
0.236667 144 41 5 4
0.243333 153 39 6 1
0.25 138 45 7 3
0.256667 132 36 3 3
0.263333 135 33 3 0
0.27 119 41 2 0
0.276667 123 35 6 3
0.283333 130 42 7 3
0.29 120 38 2 2
0.296667 127 38 3 1
0.303333 103 36 2 1
0.31 84 35 0 1
0.316667 101 29 6 2
0.323333 110 23 7 0
0.33 93 30 1 1
0.336667 95 28 1 2
0.343333 83 28 1 2
0.35 92 28 3 1
0.356667 102 21 3 2
0.363333 91 28 3 0
0.37 80 21 2 1
0.376667 69 30 3 0
0.383333 89 21 3 1
0.39 77 24 6 0
0.396667 82 25 2 2
0.403333 72 33 2 1
0.41 69 27 1 1
0.416667 83 18 3 1
0.423333 74 18 1 1
0.43 82 26 2 2
0.436667 76 18 3 1
0.443333 85 27 5 1
0.45 73 15 0 1
0.456667 70 18 4 1
0.463333 78 23 1 0
0.47 79 23 5 0
0.476667 56 19 0 0
0.483333 32 14 3 1
0.49 48 12 1 0
0.496667 38 12 0 0
0.503333 38 17 2 0
0.51 49 11 3 1
0.516667 32 15 1 1
0.523333 37 11 2 0
0.53 34 15 0 2
0.536667 36 18 0 0
0.543333 42 19 3 1
0.55 41 10 2 1
0.556667 33 12 2 0
0.563333 23 12 1 1
0.57 38 10 1 1
0.576667 37 15 1 0
0.583333 41 12 2 2
0.59 45 9 0 2
0.596667 34 11 3 0
0.603333 31 8 0 0
0.61 34 14 1 0
0.616667 35 8 2 1
0.623333 25 12 3 1
0.63 29 11 0 0
0.636667 45 9 3 0
0.643333 34 13 0 4
0.65 29 6 1 0
0.656667 23 11 0 1
0.663333 2184 387 28 14
0.67 0 0 0 0
0.676667 0 0 0 0
0.683333 0 0 0 0
0.69 0 0 0 0
0.696667 0 0 0 0
0.703333 0 0 0 0
0.71 0 0 0 0
0.716667 0 0 0 0
0.723333 0 0 0 0
0.73 0 0 0 0
0.736667 0 0 0 0
0.743333 0 0 0 0
0.75 0 0 0 0
0.756667 0 0 0 0
0.763333 0 0 0 0
0.77 0 0 0 0
0.776667 0 0 0 0
0.783333 0 0 0 0
0.79 0 0 0 0
0.796667 0 0 0 0
0.803333 0 0 0 0
0.81 0 0 0 0
0.816667 0 0 0 0
0.823333 0 0 0 0
0.83 0 0 0 0
0.836667 0 0 0 0
0.843333 0 0 0 0
0.85 0 0 0 0
0.856667 0 0 0 0
0.863333 0 0 0 0
0.87 0 0 0 0
0.876667 0 0 0 0
0.883333 0 0 0 0
0.89 0 0 0 0
0.896667 0 0 0 0
0.903333 0 0 0 0
0.91 0 0 0 0
0.916667 0 0 0 0
0.923333 0 0 0 0
0.93 0 0 0 0
0.936667 0 0 0 0
0.943333 0 0 0 0
0.95 0 0 0 0
0.956667 0 0 0 0
0.963333 0 0 0 0
0.97 0 0 0 0
0.976667 0 0 0 0
0.983333 0 0 0 0
0.99 0 0 0 0
0.996667 0 0 0 0
1.00333 0 0 0 0
1.01 0 0 0 0
1.01667 0 0 0 0
1.02333 0 0 0 0
1.03 0 0 0 0
1.03667 0 0 0 0
1.04333 0 0 0 0
1.05 0 0 0 0
1.05667 0 0 0 0
1.06333 0 0 0 0
1.07 0 0 0 0
1.07667 0 0 0 0
1.08333 0 0 0 0
1.09 0 0 0 0
1.09667 0 0 0 0
1.10333 0 0 0 0
1.11 0 0 0 0
1.11667 0 0 0 0
1.12333 0 0 0 0
1.13 0 0 0 0
1.13667 0 0 0 0
1.14333 0 0 0 0
1.15 0 0 0 0
1.15667 0 0 0 0
1.16333 0 0 0 0
1.17 0 0 0 0
1.17667 0 0 0 0
1.18333 0 0 0 0
1.19 0 0 0 0
1.19667 0 0 0 0
1.20333 0 0 0 0
1.21 0 0 0 0
1.21667 0 0 0 0
1.22333 0 0 0 0
1.23 0 0 0 0
1.23667 0 0 0 0
1.24333 0 0 0 0
1.25 0 0 0 0
1.25667 0 0 0 0
1.26333 0 0 0 0
1.27 0 0 0 0
1.27667 0 0 0 0
1.28333 0 0 0 0
1.29 0 0 0 0
1.29667 0 0 0 0
1.30333 0 0 0 0
1.31 0 0 0 0
1.31667 0 0 0 0
1.32333 0 0 0 0
1.33 0 0 0 0
1.33667 0 0 0 0
1.34333 0 0 0 0
1.35 0 0 0 0
1.35667 0 0 0 0
1.36333 0 0 0 0
1.37 0 0 0 0
1.37667 0 0 0 0
1.38333 0 0 0 0
1.39 0 0 0 0
1.39667 0 0 0 0
1.40333 0 0 0 0
1.41 0 0 0 0
1.41667 0 0 0 0
1.42333 0 0 0 0
1.43 0 0 0 0
1.43667 0 0 0 0
1.44333 0 0 0 0
1.45 0 0 0 0
1.45667 0 0 0 0
1.46333 0 0 0 0
1.47 0 0 0 0
1.47667 0 0 0 0
1.48333 0 0 0 0
1.49 0 0 0 0
1.49667 0 0 0 0
1.50333 0 0 0 0
1.51 0 0 0 0
1.51667 0 0 0 0
1.52333 0 0 0 0
1.53 0 0 0 0
1.53667 0 0 0 0
1.54333 0 0 0 0
1.55 0 0 0 0
1.55667 0 0 0 0
1.56333 0 0 0 0
1.57 0 0 0 0
1.57667 0 0 0 0
1.58333 0 0 0 0
1.59 0 0 0 0
1.59667 0 0 0 0
1.60333 0 0 0 0
1.61 0 0 0 0
1.61667 0 0 0 0
1.62333 0 0 0 0
1.63 0 0 0 0
1.63667 0 0 0 0
1.64333 0 0 0 0
1.65 0 0 0 0
1.65667 0 0 0 0
1.66333 0 0 0 0
1.67 0 0 0 0
1.67667 0 0 0 0
1.68333 0 0 0 0
1.69 0 0 0 0
1.69667 0 0 0 0
1.70333 0 0 0 0
1.71 0 0 0 0
1.71667 0 0 0 0
1.72333 0 0 0 0
1.73 0 0 0 0
1.73667 0 0 0 0
1.74333 0 0 0 0
1.75 0 0 0 0
1.75667 0 0 0 0
1.76333 0 0 0 0
1.77 0 0 0 0
1.77667 0 0 0 0
1.78333 0 0 0 0
1.79 0 0 0 0
1.79667 0 0 0 0
1.80333 0 0 0 0
1.81 0 0 0 0
1.81667 0 0 0 0
1.82333 0 0 0 0
1.83 0 0 0 0
1.83667 0 0 0 0
1.84333 0 0 0 0
1.85 0 0 0 0
1.85667 0 0 0 0
1.86333 0 0 0 0
1.87 0 0 0 0
1.87667 0 0 0 0
1.88333 0 0 0 0
1.89 0 0 0 0
1.89667 0 0 0 0
1.90333 0 0 0 0
1.91 0 0 0 0
1.91667 0 0 0 0
1.92333 0 0 0 0
1.93 0 0 0 0
1.93667 0 0 0 0
1.94333 0 0 0 0
1.95 0 0 0 0
1.95667 0 0 0 0
1.96333 0 0 0 0
1.97 0 0 0 0
1.97667 0 0 0 0
1.98333 0 0 0 0
1.99 0 0 0 0
1.99667 0 0 0 0
