0.00333333 4 9 87 6
0.01 2 22 97 19
0.0166667 4 17 103 10
0.0233333 4 23 109 14
0.03 2 18 124 20
0.0366667 4 22 122 15
0.0433333 6 41 171 32
0.05 10 34 213 42
0.0566667 3 31 238 38
0.0633333 8 55 265 42
0.07 13 51 280 62
0.0766667 8 59 331 51
0.0833333 8 55 327 39
0.09 6 62 322 41
0.0966667 4 44 292 39
0.103333 9 48 295 45
0.11 11 43 366 39
0.116667 7 65 341 42
0.123333 9 47 329 49
0.13 15 39 309 41
0.136667 7 43 327 26
0.143333 6 59 310 35
0.15 4 39 320 27
0.156667 5 43 299 17
0.163333 5 47 300 29
0.17 6 30 320 24
0.176667 0 34 296 36
0.183333 5 42 304 30
0.19 3 44 332 24
0.196667 6 46 346 26
0.203333 3 37 331 23
0.21 7 46 309 31
0.216667 4 30 301 16
0.223333 3 22 292 16
0.23 6 34 247 19
0.236667 2 34 243 17
0.243333 6 36 223 20
0.25 4 15 245 15
0.256667 6 29 209 17
0.263333 6 32 170 20
0.27 4 29 158 20
0.276667 4 31 166 10
0.283333 2 22 161 18
0.29 4 31 139 13
0.296667 3 22 173 17
0.303333 1 21 150 21
0.31 3 31 152 15
0.316667 1 18 147 11
0.323333 4 21 160 15
0.33 5 13 145 17
0.336667 2 22 124 9
0.343333 2 19 133 18
0.35 0 23 148 11
0.356667 3 11 110 16
0.363333 2 20 113 11
0.37 3 26 102 21
0.376667 2 14 123 13
0.383333 4 18 135 13
0.39 2 21 117 15
0.396667 4 14 124 8
0.403333 3 13 91 11
0.41 1 17 91 13
0.416667 2 18 130 10
0.423333 2 15 106 14
0.43 0 18 127 15
0.436667 4 14 98 7
0.443333 2 15 114 8
0.45 2 17 112 6
0.456667 3 17 117 15
0.463333 2 15 107 7
0.47 5 20 104 10
0.476667 2 11 97 7
0.483333 0 8 65 9
0.49 0 6 64 8
0.496667 1 9 64 6
0.503333 5 9 70 9
0.51 0 15 68 8
0.516667 0 12 63 6
0.523333 1 11 54 7
0.53 4 4 51 11
0.536667 0 9 44 11
0.543333 2 8 46 3
0.55 1 8 46 6
0.556667 4 13 40 9
0.563333 2 13 43 6
0.57 2 3 49 6
0.576667 1 12 39 6
0.583333 3 11 37 6
0.59 1 5 48 5
0.596667 2 11 38 12
0.603333 2 6 39 4
0.61 1 12 40 9
0.616667 4 9 35 6
0.623333 3 5 38 2
0.63 5 7 37 5
0.636667 1 10 44 6
0.643333 1 11 41 6
0.65 3 11 30 9
0.656667 1 5 36 3
0.663333 23 362 4264 157
0.67 0 0 0 0
0.676667 0 0 0 0
0.683333 0 0 0 0
0.69 0 0 0 0
0.696667 0 0 0 0
0.703333 0 0 0 0
0.71 0 0 0 0
0.716667 0 0 0 0
0.723333 0 0 0 0
0.73 0 0 0 0
0.736667 0 0 0 0
0.743333 0 0 0 0
0.75 0 0 0 0
0.756667 0 0 0 0
0.763333 0 0 0 0
0.77 0 0 0 0
0.776667 0 0 0 0
0.783333 0 0 0 0
0.79 0 0 0 0
0.796667 0 0 0 0
0.803333 0 0 0 0
0.81 0 0 0 0
0.816667 0 0 0 0
0.823333 0 0 0 0
0.83 0 0 0 0
0.836667 0 0 0 0
0.843333 0 0 0 0
0.85 0 0 0 0
0.856667 0 0 0 0
0.863333 0 0 0 0
0.87 0 0 0 0
0.876667 0 0 0 0
0.883333 0 0 0 0
0.89 0 0 0 0
0.896667 0 0 0 0
0.903333 0 0 0 0
0.91 0 0 0 0
0.916667 0 0 0 0
0.923333 0 0 0 0
0.93 0 0 0 0
0.936667 0 0 0 0
0.943333 0 0 0 0
0.95 0 0 0 0
0.956667 0 0 0 0
0.963333 0 0 0 0
0.97 0 0 0 0
0.976667 0 0 0 0
0.983333 0 0 0 0
0.99 0 0 0 0
0.996667 0 0 0 0
1.00333 0 0 0 0
1.01 0 0 0 0
1.01667 0 0 0 0
1.02333 0 0 0 0
1.03 0 0 0 0
1.03667 0 0 0 0
1.04333 0 0 0 0
1.05 0 0 0 0
1.05667 0 0 0 0
1.06333 0 0 0 0
1.07 0 0 0 0
1.07667 0 0 0 0
1.08333 0 0 0 0
1.09 0 0 0 0
1.09667 0 0 0 0
1.10333 0 0 0 0
1.11 0 0 0 0
1.11667 0 0 0 0
1.12333 0 0 0 0
1.13 0 0 0 0
1.13667 0 0 0 0
1.14333 0 0 0 0
1.15 0 0 0 0
1.15667 0 0 0 0
1.16333 0 0 0 0
1.17 0 0 0 0
1.17667 0 0 0 0
1.18333 0 0 0 0
1.19 0 0 0 0
1.19667 0 0 0 0
1.20333 0 0 0 0
1.21 0 0 0 0
1.21667 0 0 0 0
1.22333 0 0 0 0
1.23 0 0 0 0
1.23667 0 0 0 0
1.24333 0 0 0 0
1.25 0 0 0 0
1.25667 0 0 0 0
1.26333 0 0 0 0
1.27 0 0 0 0
1.27667 0 0 0 0
1.28333 0 0 0 0
1.29 0 0 0 0
1.29667 0 0 0 0
1.30333 0 0 0 0
1.31 0 0 0 0
1.31667 0 0 0 0
1.32333 0 0 0 0
1.33 0 0 0 0
1.33667 0 0 0 0
1.34333 0 0 0 0
1.35 0 0 0 0
1.35667 0 0 0 0
1.36333 0 0 0 0
1.37 0 0 0 0
1.37667 0 0 0 0
1.38333 0 0 0 0
1.39 0 0 0 0
1.39667 0 0 0 0
1.40333 0 0 0 0
1.41 0 0 0 0
1.41667 0 0 0 0
1.42333 0 0 0 0
1.43 0 0 0 0
1.43667 0 0 0 0
1.44333 0 0 0 0
1.45 0 0 0 0
1.45667 0 0 0 0
1.46333 0 0 0 0
1.47 0 0 0 0
1.47667 0 0 0 0
1.48333 0 0 0 0
1.49 0 0 0 0
1.49667 0 0 0 0
1.50333 0 0 0 0
1.51 0 0 0 0
1.51667 0 0 0 0
1.52333 0 0 0 0
1.53 0 0 0 0
1.53667 0 0 0 0
1.54333 0 0 0 0
1.55 0 0 0 0
1.55667 0 0 0 0
1.56333 0 0 0 0
1.57 0 0 0 0
1.57667 0 0 0 0
1.58333 0 0 0 0
1.59 0 0 0 0
1.59667 0 0 0 0
1.60333 0 0 0 0
1.61 0 0 0 0
1.61667 0 0 0 0
1.62333 0 0 0 0
1.63 0 0 0 0
1.63667 0 0 0 0
1.64333 0 0 0 0
1.65 0 0 0 0
1.65667 0 0 0 0
1.66333 0 0 0 0
1.67 0 0 0 0
1.67667 0 0 0 0
1.68333 0 0 0 0
1.69 0 0 0 0
1.69667 0 0 0 0
1.70333 0 0 0 0
1.71 0 0 0 0
1.71667 0 0 0 0
1.72333 0 0 0 0
1.73 0 0 0 0
1.73667 0 0 0 0
1.74333 0 0 0 0
1.75 0 0 0 0
1.75667 0 0 0 0
1.76333 0 0 0 0
1.77 0 0 0 0
1.77667 0 0 0 0
1.78333 0 0 0 0
1.79 0 0 0 0
1.79667 0 0 0 0
1.80333 0 0 0 0
1.81 0 0 0 0
1.81667 0 0 0 0
1.82333 0 0 0 0
1.83 0 0 0 0
1.83667 0 0 0 0
1.84333 0 0 0 0
1.85 0 0 0 0
1.85667 0 0 0 0
1.86333 0 0 0 0
1.87 0 0 0 0
1.87667 0 0 0 0
1.88333 0 0 0 0
1.89 0 0 0 0
1.89667 0 0 0 0
1.90333 0 0 0 0
1.91 0 0 0 0
1.91667 0 0 0 0
1.92333 0 0 0 0
1.93 0 0 0 0
1.93667 0 0 0 0
1.94333 0 0 0 0
1.95 0 0 0 0
1.95667 0 0 0 0
1.96333 0 0 0 0
1.97 0 0 0 0
1.97667 0 0 0 0
1.98333 0 0 0 0
1.99 0 0 0 0
1.99667 0 0 0 0
