0.00333333 42 119 5 3
0.01 42 132 4 5
0.0166667 39 149 4 4
0.0233333 39 132 6 3
0.03 43 166 3 1
0.0366667 67 148 3 3
0.0433333 85 233 8 2
0.05 81 239 13 5
0.0566667 107 242 14 5
0.0633333 120 286 12 10
0.07 119 322 13 4
0.0766667 144 340 15 12
0.0833333 138 344 21 7
0.09 133 386 10 4
0.0966667 136 373 16 7
0.103333 141 334 7 11
0.11 133 373 9 12
0.116667 144 404 13 6
0.123333 139 422 11 3
0.13 140 404 13 12
0.136667 125 399 18 6
0.143333 124 365 7 3
0.15 126 380 16 6
0.156667 121 363 15 5
0.163333 132 375 13 6
0.17 129 363 13 6
0.176667 99 343 8 9
0.183333 113 396 13 6
0.19 131 492 12 6
0.196667 131 451 14 9
0.203333 112 402 10 3
0.21 132 424 12 5
0.216667 110 434 11 1
0.223333 105 351 5 9
0.23 80 360 11 4
0.236667 100 367 10 4
0.243333 74 318 5 2
0.25 77 277 4 2
0.256667 81 261 7 3
0.263333 85 260 5 5
0.27 80 255 7 4
0.276667 78 253 6 1
0.283333 74 203 3 4
0.29 78 228 1 0
0.296667 66 196 4 5
0.303333 63 201 10 5
0.31 65 190 4 1
0.316667 64 154 3 3
0.323333 58 173 5 5
0.33 38 182 3 6
0.336667 61 160 7 3
0.343333 60 162 5 3
0.35 59 173 8 3
0.356667 54 177 6 0
0.363333 68 166 4 1
0.37 58 163 6 1
0.376667 56 146 10 2
0.383333 56 159 6 3
0.39 45 154 4 0
0.396667 53 139 3 2
0.403333 58 142 4 3
0.41 50 154 3 0
0.416667 40 140 4 4
0.423333 54 149 5 3
0.43 51 139 8 2
0.436667 63 138 5 5
0.443333 43 135 5 4
0.45 45 154 7 2
0.456667 60 155 1 4
0.463333 47 161 6 3
0.47 55 143 6 3
0.476667 44 126 4 4
0.483333 32 82 2 5
0.49 36 91 1 3
0.496667 30 68 6 1
0.503333 20 75 4 3
0.51 29 70 5 2
0.516667 25 62 1 2
0.523333 26 80 3 1
0.53 23 52 2 0
0.536667 29 66 1 2
0.543333 24 63 4 1
0.55 25 56 5 1
0.556667 28 60 5 3
0.563333 27 54 3 0
0.57 21 45 3 4
0.576667 30 54 3 1
0.583333 22 57 0 1
0.59 21 56 1 1
0.596667 18 41 4 2
0.603333 20 58 2 3
0.61 21 59 0 3
0.616667 22 50 3 3
0.623333 22 43 2 6
0.63 17 57 0 0
0.636667 32 61 0 3
0.643333 23 30 1 1
0.65 29 29 2 1
0.656667 9 43 3 3
0.663333 1485 6485 67 98
0.67 0 0 0 0
0.676667 0 0 0 0
0.683333 0 0 0 0
0.69 0 0 0 0
0.696667 0 0 0 0
0.703333 0 0 0 0
0.71 0 0 0 0
0.716667 0 0 0 0
0.723333 0 0 0 0
0.73 0 0 0 0
0.736667 0 0 0 0
0.743333 0 0 0 0
0.75 0 0 0 0
0.756667 0 0 0 0
0.763333 0 0 0 0
0.77 0 0 0 0
0.776667 0 0 0 0
0.783333 0 0 0 0
0.79 0 0 0 0
0.796667 0 0 0 0
0.803333 0 0 0 0
0.81 0 0 0 0
0.816667 0 0 0 0
0.823333 0 0 0 0
0.83 0 0 0 0
0.836667 0 0 0 0
0.843333 0 0 0 0
0.85 0 0 0 0
0.856667 0 0 0 0
0.863333 0 0 0 0
0.87 0 0 0 0
0.876667 0 0 0 0
0.883333 0 0 0 0
0.89 0 0 0 0
0.896667 0 0 0 0
0.903333 0 0 0 0
0.91 0 0 0 0
0.916667 0 0 0 0
0.923333 0 0 0 0
0.93 0 0 0 0
0.936667 0 0 0 0
0.943333 0 0 0 0
0.95 0 0 0 0
0.956667 0 0 0 0
0.963333 0 0 0 0
0.97 0 0 0 0
0.976667 0 0 0 0
0.983333 0 0 0 0
0.99 0 0 0 0
0.996667 0 0 0 0
1.00333 0 0 0 0
1.01 0 0 0 0
1.01667 0 0 0 0
1.02333 0 0 0 0
1.03 0 0 0 0
1.03667 0 0 0 0
1.04333 0 0 0 0
1.05 0 0 0 0
1.05667 0 0 0 0
1.06333 0 0 0 0
1.07 0 0 0 0
1.07667 0 0 0 0
1.08333 0 0 0 0
1.09 0 0 0 0
1.09667 0 0 0 0
1.10333 0 0 0 0
1.11 0 0 0 0
1.11667 0 0 0 0
1.12333 0 0 0 0
1.13 0 0 0 0
1.13667 0 0 0 0
1.14333 0 0 0 0
1.15 0 0 0 0
1.15667 0 0 0 0
1.16333 0 0 0 0
1.17 0 0 0 0
1.17667 0 0 0 0
1.18333 0 0 0 0
1.19 0 0 0 0
1.19667 0 0 0 0
1.20333 0 0 0 0
1.21 0 0 0 0
1.21667 0 0 0 0
1.22333 0 0 0 0
1.23 0 0 0 0
1.23667 0 0 0 0
1.24333 0 0 0 0
1.25 0 0 0 0
1.25667 0 0 0 0
1.26333 0 0 0 0
1.27 0 0 0 0
1.27667 0 0 0 0
1.28333 0 0 0 0
1.29 0 0 0 0
1.29667 0 0 0 0
1.30333 0 0 0 0
1.31 0 0 0 0
1.31667 0 0 0 0
1.32333 0 0 0 0
1.33 0 0 0 0
1.33667 0 0 0 0
1.34333 0 0 0 0
1.35 0 0 0 0
1.35667 0 0 0 0
1.36333 0 0 0 0
1.37 0 0 0 0
1.37667 0 0 0 0
1.38333 0 0 0 0
1.39 0 0 0 0
1.39667 0 0 0 0
1.40333 0 0 0 0
1.41 0 0 0 0
1.41667 0 0 0 0
1.42333 0 0 0 0
1.43 0 0 0 0
1.43667 0 0 0 0
1.44333 0 0 0 0
1.45 0 0 0 0
1.45667 0 0 0 0
1.46333 0 0 0 0
1.47 0 0 0 0
1.47667 0 0 0 0
1.48333 0 0 0 0
1.49 0 0 0 0
1.49667 0 0 0 0
1.50333 0 0 0 0
1.51 0 0 0 0
1.51667 0 0 0 0
1.52333 0 0 0 0
1.53 0 0 0 0
1.53667 0 0 0 0
1.54333 0 0 0 0
1.55 0 0 0 0
1.55667 0 0 0 0
1.56333 0 0 0 0
1.57 0 0 0 0
1.57667 0 0 0 0
1.58333 0 0 0 0
1.59 0 0 0 0
1.59667 0 0 0 0
1.60333 0 0 0 0
1.61 0 0 0 0
1.61667 0 0 0 0
1.62333 0 0 0 0
1.63 0 0 0 0
1.63667 0 0 0 0
1.64333 0 0 0 0
1.65 0 0 0 0
1.65667 0 0 0 0
1.66333 0 0 0 0
1.67 0 0 0 0
1.67667 0 0 0 0
1.68333 0 0 0 0
1.69 0 0 0 0
1.69667 0 0 0 0
1.70333 0 0 0 0
1.71 0 0 0 0
1.71667 0 0 0 0
1.72333 0 0 0 0
1.73 0 0 0 0
1.73667 0 0 0 0
1.74333 0 0 0 0
1.75 0 0 0 0
1.75667 0 0 0 0
1.76333 0 0 0 0
1.77 0 0 0 0
1.77667 0 0 0 0
1.78333 0 0 0 0
1.79 0 0 0 0
1.79667 0 0 0 0
1.80333 0 0 0 0
1.81 0 0 0 0
1.81667 0 0 0 0
1.82333 0 0 0 0
1.83 0 0 0 0
1.83667 0 0 0 0
1.84333 0 0 0 0
1.85 0 0 0 0
1.85667 0 0 0 0
1.86333 0 0 0 0
1.87 0 0 0 0
1.87667 0 0 0 0
1.88333 0 0 0 0
1.89 0 0 0 0
1.89667 0 0 0 0
1.90333 0 0 0 0
1.91 0 0 0 0
1.91667 0 0 0 0
1.92333 0 0 0 0
1.93 0 0 0 0
1.93667 0 0 0 0
1.94333 0 0 0 0
1.95 0 0 0 0
1.95667 0 0 0 0
1.96333 0 0 0 0
1.97 0 0 0 0
1.97667 0 0 0 0
1.98333 0 0 0 0
1.99 0 0 0 0
1.99667 0 0 0 0
