0.00333333 13 33 10 3
0.01 15 52 21 4
0.0166667 19 54 28 5
0.0233333 10 67 27 6
0.03 19 68 33 6
0.0366667 12 72 30 9
0.0433333 20 103 57 9
0.05 26 113 58 15
0.0566667 44 149 57 15
0.0633333 42 138 81 19
0.07 32 167 90 20
0.0766667 36 178 92 23
0.0833333 48 183 78 14
0.09 37 177 73 27
0.0966667 38 176 92 20
0.103333 41 158 81 23
0.11 42 149 82 23
0.116667 38 185 83 23
0.123333 44 171 82 20
0.13 31 178 63 25
0.136667 37 141 59 30
0.143333 45 158 55 10
0.15 44 147 60 18
0.156667 30 124 68 22
0.163333 32 136 63 16
0.17 26 124 49 17
0.176667 25 139 55 14
0.183333 34 133 35 12
0.19 26 142 50 17
0.196667 42 144 62 15
0.203333 22 148 51 18
0.21 19 129 40 9
0.216667 26 117 42 21
0.223333 27 111 37 17
0.23 23 107 42 15
0.236667 27 118 41 15
0.243333 28 90 41 20
0.25 39 114 36 11
0.256667 24 85 34 15
0.263333 20 84 34 15
0.27 16 91 42 8
0.276667 17 91 33 8
0.283333 19 55 29 13
0.29 16 77 30 8
0.296667 18 69 20 6
0.303333 14 67 20 15
0.31 18 61 19 8
0.316667 19 60 24 9
0.323333 13 71 19 6
0.33 16 68 27 13
0.336667 9 70 31 7
0.343333 9 60 16 3
0.35 9 56 22 7
0.356667 23 65 25 8
0.363333 14 40 29 12
0.37 15 58 23 8
0.376667 15 59 18 10
0.383333 15 53 19 4
0.39 12 54 13 9
0.396667 9 52 21 6
0.403333 8 53 22 13
0.41 10 44 15 3
0.416667 16 52 30 7
0.423333 14 40 19 7
0.43 8 49 11 6
0.436667 13 58 18 6
0.443333 15 43 7 11
0.45 9 54 24 5
0.456667 14 45 16 12
0.463333 16 41 25 10
0.47 17 52 20 8
0.476667 6 29 21 9
0.483333 9 37 13 4
0.49 7 39 4 6
0.496667 12 20 15 5
0.503333 12 34 11 6
0.51 9 23 12 6
0.516667 5 29 9 9
0.523333 7 21 12 2
0.53 7 28 10 3
0.536667 9 24 13 5
0.543333 6 21 16 4
0.55 4 21 15 8
0.556667 3 27 13 0
0.563333 11 24 2 7
0.57 3 28 11 3
0.576667 12 23 7 4
0.583333 14 25 15 6
0.59 5 23 9 4
0.596667 7 22 16 5
0.603333 6 21 14 4
0.61 9 17 13 3
0.616667 10 16 4 4
0.623333 2 19 8 4
0.63 7 23 6 3
0.636667 4 26 9 5
0.643333 4 11 10 4
0.65 6 30 10 2
0.656667 6 23 5 6
0.663333 255 1222 381 128
0.67 0 0 0 0
0.676667 0 0 0 0
0.683333 0 0 0 0
0.69 0 0 0 0
0.696667 0 0 0 0
0.703333 0 0 0 0
0.71 0 0 0 0
0.716667 0 0 0 0
0.723333 0 0 0 0
0.73 0 0 0 0
0.736667 0 0 0 0
0.743333 0 0 0 0
0.75 0 0 0 0
0.756667 0 0 0 0
0.763333 0 0 0 0
0.77 0 0 0 0
0.776667 0 0 0 0
0.783333 0 0 0 0
0.79 0 0 0 0
0.796667 0 0 0 0
0.803333 0 0 0 0
0.81 0 0 0 0
0.816667 0 0 0 0
0.823333 0 0 0 0
0.83 0 0 0 0
0.836667 0 0 0 0
0.843333 0 0 0 0
0.85 0 0 0 0
0.856667 0 0 0 0
0.863333 0 0 0 0
0.87 0 0 0 0
0.876667 0 0 0 0
0.883333 0 0 0 0
0.89 0 0 0 0
0.896667 0 0 0 0
0.903333 0 0 0 0
0.91 0 0 0 0
0.916667 0 0 0 0
0.923333 0 0 0 0
0.93 0 0 0 0
0.936667 0 0 0 0
0.943333 0 0 0 0
0.95 0 0 0 0
0.956667 0 0 0 0
0.963333 0 0 0 0
0.97 0 0 0 0
0.976667 0 0 0 0
0.983333 0 0 0 0
0.99 0 0 0 0
0.996667 0 0 0 0
1.00333 0 0 0 0
1.01 0 0 0 0
1.01667 0 0 0 0
1.02333 0 0 0 0
1.03 0 0 0 0
1.03667 0 0 0 0
1.04333 0 0 0 0
1.05 0 0 0 0
1.05667 0 0 0 0
1.06333 0 0 0 0
1.07 0 0 0 0
1.07667 0 0 0 0
1.08333 0 0 0 0
1.09 0 0 0 0
1.09667 0 0 0 0
1.10333 0 0 0 0
1.11 0 0 0 0
1.11667 0 0 0 0
1.12333 0 0 0 0
1.13 0 0 0 0
1.13667 0 0 0 0
1.14333 0 0 0 0
1.15 0 0 0 0
1.15667 0 0 0 0
1.16333 0 0 0 0
1.17 0 0 0 0
1.17667 0 0 0 0
1.18333 0 0 0 0
1.19 0 0 0 0
1.19667 0 0 0 0
1.20333 0 0 0 0
1.21 0 0 0 0
1.21667 0 0 0 0
1.22333 0 0 0 0
1.23 0 0 0 0
1.23667 0 0 0 0
1.24333 0 0 0 0
1.25 0 0 0 0
1.25667 0 0 0 0
1.26333 0 0 0 0
1.27 0 0 0 0
1.27667 0 0 0 0
1.28333 0 0 0 0
1.29 0 0 0 0
1.29667 0 0 0 0
1.30333 0 0 0 0
1.31 0 0 0 0
1.31667 0 0 0 0
1.32333 0 0 0 0
1.33 0 0 0 0
1.33667 0 0 0 0
1.34333 0 0 0 0
1.35 0 0 0 0
1.35667 0 0 0 0
1.36333 0 0 0 0
1.37 0 0 0 0
1.37667 0 0 0 0
1.38333 0 0 0 0
1.39 0 0 0 0
1.39667 0 0 0 0
1.40333 0 0 0 0
1.41 0 0 0 0
1.41667 0 0 0 0
1.42333 0 0 0 0
1.43 0 0 0 0
1.43667 0 0 0 0
1.44333 0 0 0 0
1.45 0 0 0 0
1.45667 0 0 0 0
1.46333 0 0 0 0
1.47 0 0 0 0
1.47667 0 0 0 0
1.48333 0 0 0 0
1.49 0 0 0 0
1.49667 0 0 0 0
1.50333 0 0 0 0
1.51 0 0 0 0
1.51667 0 0 0 0
1.52333 0 0 0 0
1.53 0 0 0 0
1.53667 0 0 0 0
1.54333 0 0 0 0
1.55 0 0 0 0
1.55667 0 0 0 0
1.56333 0 0 0 0
1.57 0 0 0 0
1.57667 0 0 0 0
1.58333 0 0 0 0
1.59 0 0 0 0
1.59667 0 0 0 0
1.60333 0 0 0 0
1.61 0 0 0 0
1.61667 0 0 0 0
1.62333 0 0 0 0
1.63 0 0 0 0
1.63667 0 0 0 0
1.64333 0 0 0 0
1.65 0 0 0 0
1.65667 0 0 0 0
1.66333 0 0 0 0
1.67 0 0 0 0
1.67667 0 0 0 0
1.68333 0 0 0 0
1.69 0 0 0 0
1.69667 0 0 0 0
1.70333 0 0 0 0
1.71 0 0 0 0
1.71667 0 0 0 0
1.72333 0 0 0 0
1.73 0 0 0 0
1.73667 0 0 0 0
1.74333 0 0 0 0
1.75 0 0 0 0
1.75667 0 0 0 0
1.76333 0 0 0 0
1.77 0 0 0 0
1.77667 0 0 0 0
1.78333 0 0 0 0
1.79 0 0 0 0
1.79667 0 0 0 0
1.80333 0 0 0 0
1.81 0 0 0 0
1.81667 0 0 0 0
1.82333 0 0 0 0
1.83 0 0 0 0
1.83667 0 0 0 0
1.84333 0 0 0 0
1.85 0 0 0 0
1.85667 0 0 0 0
1.86333 0 0 0 0
1.87 0 0 0 0
1.87667 0 0 0 0
1.88333 0 0 0 0
1.89 0 0 0 0
1.89667 0 0 0 0
1.90333 0 0 0 0
1.91 0 0 0 0
1.91667 0 0 0 0
1.92333 0 0 0 0
1.93 0 0 0 0
1.93667 0 0 0 0
1.94333 0 0 0 0
1.95 0 0 0 0
1.95667 0 0 0 0
1.96333 0 0 0 0
1.97 0 0 0 0
1.97667 0 0 0 0
1.98333 0 0 0 0
1.99 0 0 0 0
1.99667 0 0 0 0
