0.00333333 1 10 42 6
0.01 4 26 44 16
0.0166667 2 23 54 18
0.0233333 4 26 69 14
0.03 3 19 72 20
0.0366667 3 24 88 31
0.0433333 6 33 115 33
0.05 8 44 125 40
0.0566667 10 49 171 36
0.0633333 12 63 179 48
0.07 5 54 168 57
0.0766667 11 54 212 49
0.0833333 7 56 198 48
0.09 12 57 188 57
0.0966667 5 52 182 48
0.103333 5 68 185 46
0.11 7 62 188 42
0.116667 14 54 165 54
0.123333 7 65 152 50
0.13 9 79 177 39
0.136667 7 58 151 39
0.143333 8 71 159 49
0.15 7 61 147 43
0.156667 6 51 149 40
0.163333 4 51 152 52
0.17 10 49 132 46
0.176667 2 52 155 39
0.183333 7 51 136 46
0.19 9 67 156 38
0.196667 6 67 152 34
0.203333 5 55 133 41
0.21 12 54 138 30
0.216667 5 44 123 28
0.223333 1 38 124 25
0.23 11 47 122 27
0.236667 3 42 113 43
0.243333 7 35 93 24
0.25 9 31 102 26
0.256667 7 37 105 28
0.263333 4 35 90 28
0.27 5 31 91 30
0.276667 2 25 96 35
0.283333 2 39 74 27
0.29 3 23 87 19
0.296667 4 30 82 25
0.303333 4 27 89 30
0.31 5 45 64 28
0.316667 7 35 77 23
0.323333 3 44 65 21
0.33 6 23 58 16
0.336667 3 27 64 20
0.343333 4 16 65 17
0.35 3 20 85 13
0.356667 4 32 59 23
0.363333 1 32 61 24
0.37 2 29 51 17
0.376667 2 30 59 16
0.383333 3 23 63 21
0.39 1 33 72 23
0.396667 5 22 51 28
0.403333 3 28 63 12
0.41 3 19 57 17
0.416667 2 32 67 17
0.423333 1 26 59 23
0.43 2 20 62 14
0.436667 3 21 45 11
0.443333 6 29 54 14
0.45 4 21 54 17
0.456667 2 21 56 14
0.463333 1 29 39 15
0.47 2 21 63 11
0.476667 1 27 55 17
0.483333 1 14 37 9
0.49 1 16 23 15
0.496667 0 13 32 11
0.503333 2 20 39 11
0.51 0 16 33 11
0.516667 2 13 38 11
0.523333 3 12 36 11
0.53 1 15 26 9
0.536667 2 11 23 6
0.543333 5 13 36 6
0.55 2 9 26 13
0.556667 4 8 31 14
0.563333 4 8 26 8
0.57 2 9 41 12
0.576667 4 8 34 11
0.583333 3 14 29 13
0.59 1 11 23 9
0.596667 2 15 19 11
0.603333 1 17 19 7
0.61 1 10 15 12
0.616667 3 10 16 6
0.623333 4 11 25 6
0.63 2 5 24 11
0.636667 3 7 35 13
0.643333 2 12 41 7
0.65 3 9 27 9
0.656667 2 14 22 4
0.663333 45 769 1496 340
0.67 0 0 0 0
0.676667 0 0 0 0
0.683333 0 0 0 0
0.69 0 0 0 0
0.696667 0 0 0 0
0.703333 0 0 0 0
0.71 0 0 0 0
0.716667 0 0 0 0
0.723333 0 0 0 0
0.73 0 0 0 0
0.736667 0 0 0 0
0.743333 0 0 0 0
0.75 0 0 0 0
0.756667 0 0 0 0
0.763333 0 0 0 0
0.77 0 0 0 0
0.776667 0 0 0 0
0.783333 0 0 0 0
0.79 0 0 0 0
0.796667 0 0 0 0
0.803333 0 0 0 0
0.81 0 0 0 0
0.816667 0 0 0 0
0.823333 0 0 0 0
0.83 0 0 0 0
0.836667 0 0 0 0
0.843333 0 0 0 0
0.85 0 0 0 0
0.856667 0 0 0 0
0.863333 0 0 0 0
0.87 0 0 0 0
0.876667 0 0 0 0
0.883333 0 0 0 0
0.89 0 0 0 0
0.896667 0 0 0 0
0.903333 0 0 0 0
0.91 0 0 0 0
0.916667 0 0 0 0
0.923333 0 0 0 0
0.93 0 0 0 0
0.936667 0 0 0 0
0.943333 0 0 0 0
0.95 0 0 0 0
0.956667 0 0 0 0
0.963333 0 0 0 0
0.97 0 0 0 0
0.976667 0 0 0 0
0.983333 0 0 0 0
0.99 0 0 0 0
0.996667 0 0 0 0
1.00333 0 0 0 0
1.01 0 0 0 0
1.01667 0 0 0 0
1.02333 0 0 0 0
1.03 0 0 0 0
1.03667 0 0 0 0
1.04333 0 0 0 0
1.05 0 0 0 0
1.05667 0 0 0 0
1.06333 0 0 0 0
1.07 0 0 0 0
1.07667 0 0 0 0
1.08333 0 0 0 0
1.09 0 0 0 0
1.09667 0 0 0 0
1.10333 0 0 0 0
1.11 0 0 0 0
1.11667 0 0 0 0
1.12333 0 0 0 0
1.13 0 0 0 0
1.13667 0 0 0 0
1.14333 0 0 0 0
1.15 0 0 0 0
1.15667 0 0 0 0
1.16333 0 0 0 0
1.17 0 0 0 0
1.17667 0 0 0 0
1.18333 0 0 0 0
1.19 0 0 0 0
1.19667 0 0 0 0
1.20333 0 0 0 0
1.21 0 0 0 0
1.21667 0 0 0 0
1.22333 0 0 0 0
1.23 0 0 0 0
1.23667 0 0 0 0
1.24333 0 0 0 0
1.25 0 0 0 0
1.25667 0 0 0 0
1.26333 0 0 0 0
1.27 0 0 0 0
1.27667 0 0 0 0
1.28333 0 0 0 0
1.29 0 0 0 0
1.29667 0 0 0 0
1.30333 0 0 0 0
1.31 0 0 0 0
1.31667 0 0 0 0
1.32333 0 0 0 0
1.33 0 0 0 0
1.33667 0 0 0 0
1.34333 0 0 0 0
1.35 0 0 0 0
1.35667 0 0 0 0
1.36333 0 0 0 0
1.37 0 0 0 0
1.37667 0 0 0 0
1.38333 0 0 0 0
1.39 0 0 0 0
1.39667 0 0 0 0
1.40333 0 0 0 0
1.41 0 0 0 0
1.41667 0 0 0 0
1.42333 0 0 0 0
1.43 0 0 0 0
1.43667 0 0 0 0
1.44333 0 0 0 0
1.45 0 0 0 0
1.45667 0 0 0 0
1.46333 0 0 0 0
1.47 0 0 0 0
1.47667 0 0 0 0
1.48333 0 0 0 0
1.49 0 0 0 0
1.49667 0 0 0 0
1.50333 0 0 0 0
1.51 0 0 0 0
1.51667 0 0 0 0
1.52333 0 0 0 0
1.53 0 0 0 0
1.53667 0 0 0 0
1.54333 0 0 0 0
1.55 0 0 0 0
1.55667 0 0 0 0
1.56333 0 0 0 0
1.57 0 0 0 0
1.57667 0 0 0 0
1.58333 0 0 0 0
1.59 0 0 0 0
1.59667 0 0 0 0
1.60333 0 0 0 0
1.61 0 0 0 0
1.61667 0 0 0 0
1.62333 0 0 0 0
1.63 0 0 0 0
1.63667 0 0 0 0
1.64333 0 0 0 0
1.65 0 0 0 0
1.65667 0 0 0 0
1.66333 0 0 0 0
1.67 0 0 0 0
1.67667 0 0 0 0
1.68333 0 0 0 0
1.69 0 0 0 0
1.69667 0 0 0 0
1.70333 0 0 0 0
1.71 0 0 0 0
1.71667 0 0 0 0
1.72333 0 0 0 0
1.73 0 0 0 0
1.73667 0 0 0 0
1.74333 0 0 0 0
1.75 0 0 0 0
1.75667 0 0 0 0
1.76333 0 0 0 0
1.77 0 0 0 0
1.77667 0 0 0 0
1.78333 0 0 0 0
1.79 0 0 0 0
1.79667 0 0 0 0
1.80333 0 0 0 0
1.81 0 0 0 0
1.81667 0 0 0 0
1.82333 0 0 0 0
1.83 0 0 0 0
1.83667 0 0 0 0
1.84333 0 0 0 0
1.85 0 0 0 0
1.85667 0 0 0 0
1.86333 0 0 0 0
1.87 0 0 0 0
1.87667 0 0 0 0
1.88333 0 0 0 0
1.89 0 0 0 0
1.89667 0 0 0 0
1.90333 0 0 0 0
1.91 0 0 0 0
1.91667 0 0 0 0
1.92333 0 0 0 0
1.93 0 0 0 0
1.93667 0 0 0 0
1.94333 0 0 0 0
1.95 0 0 0 0
1.95667 0 0 0 0
1.96333 0 0 0 0
1.97 0 0 0 0
1.97667 0 0 0 0
1.98333 0 0 0 0
1.99 0 0 0 0
1.99667 0 0 0 0
