0.00333333 7 5 21 37
0.01 3 9 28 46
0.0166667 8 8 24 41
0.0233333 8 11 26 43
0.03 5 9 38 46
0.0366667 7 8 40 50
0.0433333 13 9 54 64
0.05 8 13 91 80
0.0566667 9 16 106 61
0.0633333 9 17 92 85
0.07 13 26 103 76
0.0766667 11 13 85 84
0.0833333 7 25 102 101
0.09 15 32 93 88
0.0966667 18 18 86 104
0.103333 12 25 105 104
0.11 7 14 104 100
0.116667 20 21 103 119
0.123333 11 19 92 108
0.13 9 13 78 128
0.136667 10 16 60 100
0.143333 7 18 63 110
0.15 8 14 57 83
0.156667 8 15 64 112
0.163333 9 14 63 88
0.17 9 19 55 80
0.176667 7 15 60 89
0.183333 19 12 60 106
0.19 16 13 66 117
0.196667 18 14 62 94
0.203333 14 11 79 113
0.21 12 14 58 110
0.216667 8 10 57 103
0.223333 14 10 47 86
0.23 8 13 46 81
0.236667 6 12 55 80
0.243333 11 11 56 69
0.25 7 14 44 83
0.256667 7 4 41 82
0.263333 7 12 53 78
0.27 6 10 32 71
0.276667 6 14 38 53
0.283333 5 6 45 62
0.29 11 8 52 64
0.296667 9 7 41 71
0.303333 8 7 27 77
0.31 7 9 42 44
0.316667 5 9 38 42
0.323333 9 12 38 57
0.33 11 9 34 54
0.336667 9 8 37 64
0.343333 5 7 31 67
0.35 6 5 35 40
0.356667 10 9 32 60
0.363333 9 12 40 40
0.37 4 8 36 45
0.376667 7 8 27 55
0.383333 4 7 38 49
0.39 6 5 31 50
0.396667 4 11 21 50
0.403333 6 8 34 44
0.41 6 5 25 41
0.416667 7 8 26 41
0.423333 8 8 31 41
0.43 8 4 24 37
0.436667 7 2 17 33
0.443333 5 5 21 42
0.45 8 9 28 42
0.456667 3 5 16 41
0.463333 12 6 29 38
0.47 8 16 27 39
0.476667 8 7 27 47
0.483333 10 7 24 23
0.49 6 8 24 23
0.496667 6 4 23 33
0.503333 7 6 15 20
0.51 5 1 9 24
0.516667 3 5 19 22
0.523333 5 7 11 17
0.53 3 5 19 23
0.536667 2 5 12 18
0.543333 3 4 17 20
0.55 1 11 12 18
0.556667 3 8 14 12
0.563333 2 5 21 14
0.57 5 4 22 22
0.576667 4 4 7 14
0.583333 5 4 11 17
0.59 5 7 4 17
0.596667 2 1 20 11
0.603333 6 4 17 14
0.61 4 1 16 16
0.616667 4 3 7 14
0.623333 3 3 9 12
0.63 5 7 21 18
0.636667 2 4 9 15
0.643333 3 7 23 16
0.65 5 5 18 15
0.656667 4 8 17 10
0.663333 243 118 464 1668
0.67 0 0 0 0
0.676667 0 0 0 0
0.683333 0 0 0 0
0.69 0 0 0 0
0.696667 0 0 0 0
0.703333 0 0 0 0
0.71 0 0 0 0
0.716667 0 0 0 0
0.723333 0 0 0 0
0.73 0 0 0 0
0.736667 0 0 0 0
0.743333 0 0 0 0
0.75 0 0 0 0
0.756667 0 0 0 0
0.763333 0 0 0 0
0.77 0 0 0 0
0.776667 0 0 0 0
0.783333 0 0 0 0
0.79 0 0 0 0
0.796667 0 0 0 0
0.803333 0 0 0 0
0.81 0 0 0 0
0.816667 0 0 0 0
0.823333 0 0 0 0
0.83 0 0 0 0
0.836667 0 0 0 0
0.843333 0 0 0 0
0.85 0 0 0 0
0.856667 0 0 0 0
0.863333 0 0 0 0
0.87 0 0 0 0
0.876667 0 0 0 0
0.883333 0 0 0 0
0.89 0 0 0 0
0.896667 0 0 0 0
0.903333 0 0 0 0
0.91 0 0 0 0
0.916667 0 0 0 0
0.923333 0 0 0 0
0.93 0 0 0 0
0.936667 0 0 0 0
0.943333 0 0 0 0
0.95 0 0 0 0
0.956667 0 0 0 0
0.963333 0 0 0 0
0.97 0 0 0 0
0.976667 0 0 0 0
0.983333 0 0 0 0
0.99 0 0 0 0
0.996667 0 0 0 0
1.00333 0 0 0 0
1.01 0 0 0 0
1.01667 0 0 0 0
1.02333 0 0 0 0
1.03 0 0 0 0
1.03667 0 0 0 0
1.04333 0 0 0 0
1.05 0 0 0 0
1.05667 0 0 0 0
1.06333 0 0 0 0
1.07 0 0 0 0
1.07667 0 0 0 0
1.08333 0 0 0 0
1.09 0 0 0 0
1.09667 0 0 0 0
1.10333 0 0 0 0
1.11 0 0 0 0
1.11667 0 0 0 0
1.12333 0 0 0 0
1.13 0 0 0 0
1.13667 0 0 0 0
1.14333 0 0 0 0
1.15 0 0 0 0
1.15667 0 0 0 0
1.16333 0 0 0 0
1.17 0 0 0 0
1.17667 0 0 0 0
1.18333 0 0 0 0
1.19 0 0 0 0
1.19667 0 0 0 0
1.20333 0 0 0 0
1.21 0 0 0 0
1.21667 0 0 0 0
1.22333 0 0 0 0
1.23 0 0 0 0
1.23667 0 0 0 0
1.24333 0 0 0 0
1.25 0 0 0 0
1.25667 0 0 0 0
1.26333 0 0 0 0
1.27 0 0 0 0
1.27667 0 0 0 0
1.28333 0 0 0 0
1.29 0 0 0 0
1.29667 0 0 0 0
1.30333 0 0 0 0
1.31 0 0 0 0
1.31667 0 0 0 0
1.32333 0 0 0 0
1.33 0 0 0 0
1.33667 0 0 0 0
1.34333 0 0 0 0
1.35 0 0 0 0
1.35667 0 0 0 0
1.36333 0 0 0 0
1.37 0 0 0 0
1.37667 0 0 0 0
1.38333 0 0 0 0
1.39 0 0 0 0
1.39667 0 0 0 0
1.40333 0 0 0 0
1.41 0 0 0 0
1.41667 0 0 0 0
1.42333 0 0 0 0
1.43 0 0 0 0
1.43667 0 0 0 0
1.44333 0 0 0 0
1.45 0 0 0 0
1.45667 0 0 0 0
1.46333 0 0 0 0
1.47 0 0 0 0
1.47667 0 0 0 0
1.48333 0 0 0 0
1.49 0 0 0 0
1.49667 0 0 0 0
1.50333 0 0 0 0
1.51 0 0 0 0
1.51667 0 0 0 0
1.52333 0 0 0 0
1.53 0 0 0 0
1.53667 0 0 0 0
1.54333 0 0 0 0
1.55 0 0 0 0
1.55667 0 0 0 0
1.56333 0 0 0 0
1.57 0 0 0 0
1.57667 0 0 0 0
1.58333 0 0 0 0
1.59 0 0 0 0
1.59667 0 0 0 0
1.60333 0 0 0 0
1.61 0 0 0 0
1.61667 0 0 0 0
1.62333 0 0 0 0
1.63 0 0 0 0
1.63667 0 0 0 0
1.64333 0 0 0 0
1.65 0 0 0 0
1.65667 0 0 0 0
1.66333 0 0 0 0
1.67 0 0 0 0
1.67667 0 0 0 0
1.68333 0 0 0 0
1.69 0 0 0 0
1.69667 0 0 0 0
1.70333 0 0 0 0
1.71 0 0 0 0
1.71667 0 0 0 0
1.72333 0 0 0 0
1.73 0 0 0 0
1.73667 0 0 0 0
1.74333 0 0 0 0
1.75 0 0 0 0
1.75667 0 0 0 0
1.76333 0 0 0 0
1.77 0 0 0 0
1.77667 0 0 0 0
1.78333 0 0 0 0
1.79 0 0 0 0
1.79667 0 0 0 0
1.80333 0 0 0 0
1.81 0 0 0 0
1.81667 0 0 0 0
1.82333 0 0 0 0
1.83 0 0 0 0
1.83667 0 0 0 0
1.84333 0 0 0 0
1.85 0 0 0 0
1.85667 0 0 0 0
1.86333 0 0 0 0
1.87 0 0 0 0
1.87667 0 0 0 0
1.88333 0 0 0 0
1.89 0 0 0 0
1.89667 0 0 0 0
1.90333 0 0 0 0
1.91 0 0 0 0
1.91667 0 0 0 0
1.92333 0 0 0 0
1.93 0 0 0 0
1.93667 0 0 0 0
1.94333 0 0 0 0
1.95 0 0 0 0
1.95667 0 0 0 0
1.96333 0 0 0 0
1.97 0 0 0 0
1.97667 0 0 0 0
1.98333 0 0 0 0
1.99 0 0 0 0
1.99667 0 0 0 0
