0.00333333 6 53 32 1
0.01 5 57 33 7
0.0166667 3 56 37 3
0.0233333 10 72 36 7
0.03 14 77 34 5
0.0366667 18 67 47 5
0.0433333 19 92 56 5
0.05 22 135 74 9
0.0566667 33 143 78 11
0.0633333 31 141 84 8
0.07 28 163 121 9
0.0766667 23 181 106 16
0.0833333 28 174 106 15
0.09 24 184 101 10
0.0966667 23 179 92 16
0.103333 29 157 100 18
0.11 30 167 105 9
0.116667 31 195 109 11
0.123333 21 164 101 11
0.13 16 184 84 7
0.136667 16 147 85 14
0.143333 27 147 98 10
0.15 20 143 85 9
0.156667 13 153 94 8
0.163333 13 124 103 11
0.17 13 130 69 9
0.176667 16 156 64 15
0.183333 24 159 77 6
0.19 19 172 98 9
0.196667 22 164 97 6
0.203333 13 144 84 6
0.21 13 132 74 4
0.216667 10 141 67 8
0.223333 20 108 68 7
0.23 16 124 64 6
0.236667 12 116 74 7
0.243333 12 115 54 1
0.25 17 99 63 6
0.256667 14 98 67 6
0.263333 13 87 48 4
0.27 14 86 66 8
0.276667 18 83 61 8
0.283333 12 85 53 7
0.29 8 85 51 4
0.296667 13 80 34 10
0.303333 4 89 44 3
0.31 11 87 54 4
0.316667 13 81 38 4
0.323333 7 77 41 5
0.33 8 77 28 5
0.336667 6 73 49 3
0.343333 6 69 35 5
0.35 5 71 48 2
0.356667 9 68 33 8
0.363333 11 79 46 2
0.37 5 61 39 2
0.376667 7 49 45 8
0.383333 4 54 30 4
0.39 9 59 50 5
0.396667 9 68 32 1
0.403333 6 56 31 2
0.41 12 57 38 1
0.416667 9 52 28 4
0.423333 7 53 41 2
0.43 7 55 34 6
0.436667 8 55 40 3
0.443333 6 44 33 4
0.45 5 56 40 3
0.456667 8 45 30 5
0.463333 9 55 36 3
0.47 6 50 26 3
0.476667 7 40 35 5
0.483333 9 33 22 4
0.49 6 42 22 4
0.496667 8 26 19 5
0.503333 7 31 18 2
0.51 4 27 18 0
0.516667 4 26 23 3
0.523333 3 31 9 1
0.53 7 35 17 2
0.536667 6 26 10 2
0.543333 5 20 20 1
0.55 4 34 16 0
0.556667 4 26 11 1
0.563333 6 18 20 0
0.57 3 25 13 3
0.576667 3 24 20 4
0.583333 4 37 14 0
0.59 2 23 18 4
0.596667 5 32 8 3
0.603333 3 17 13 0
0.61 2 32 10 1
0.616667 5 26 15 5
0.623333 5 21 9 1
0.63 6 17 9 1
0.636667 4 29 9 4
0.643333 2 32 8 1
0.65 1 27 20 2
0.656667 5 24 14 0
0.663333 120 1564 1004 54
0.67 0 0 0 0
0.676667 0 0 0 0
0.683333 0 0 0 0
0.69 0 0 0 0
0.696667 0 0 0 0
0.703333 0 0 0 0
0.71 0 0 0 0
0.716667 0 0 0 0
0.723333 0 0 0 0
0.73 0 0 0 0
0.736667 0 0 0 0
0.743333 0 0 0 0
0.75 0 0 0 0
0.756667 0 0 0 0
0.763333 0 0 0 0
0.77 0 0 0 0
0.776667 0 0 0 0
0.783333 0 0 0 0
0.79 0 0 0 0
0.796667 0 0 0 0
0.803333 0 0 0 0
0.81 0 0 0 0
0.816667 0 0 0 0
0.823333 0 0 0 0
0.83 0 0 0 0
0.836667 0 0 0 0
0.843333 0 0 0 0
0.85 0 0 0 0
0.856667 0 0 0 0
0.863333 0 0 0 0
0.87 0 0 0 0
0.876667 0 0 0 0
0.883333 0 0 0 0
0.89 0 0 0 0
0.896667 0 0 0 0
0.903333 0 0 0 0
0.91 0 0 0 0
0.916667 0 0 0 0
0.923333 0 0 0 0
0.93 0 0 0 0
0.936667 0 0 0 0
0.943333 0 0 0 0
0.95 0 0 0 0
0.956667 0 0 0 0
0.963333 0 0 0 0
0.97 0 0 0 0
0.976667 0 0 0 0
0.983333 0 0 0 0
0.99 0 0 0 0
0.996667 0 0 0 0
1.00333 0 0 0 0
1.01 0 0 0 0
1.01667 0 0 0 0
1.02333 0 0 0 0
1.03 0 0 0 0
1.03667 0 0 0 0
1.04333 0 0 0 0
1.05 0 0 0 0
1.05667 0 0 0 0
1.06333 0 0 0 0
1.07 0 0 0 0
1.07667 0 0 0 0
1.08333 0 0 0 0
1.09 0 0 0 0
1.09667 0 0 0 0
1.10333 0 0 0 0
1.11 0 0 0 0
1.11667 0 0 0 0
1.12333 0 0 0 0
1.13 0 0 0 0
1.13667 0 0 0 0
1.14333 0 0 0 0
1.15 0 0 0 0
1.15667 0 0 0 0
1.16333 0 0 0 0
1.17 0 0 0 0
1.17667 0 0 0 0
1.18333 0 0 0 0
1.19 0 0 0 0
1.19667 0 0 0 0
1.20333 0 0 0 0
1.21 0 0 0 0
1.21667 0 0 0 0
1.22333 0 0 0 0
1.23 0 0 0 0
1.23667 0 0 0 0
1.24333 0 0 0 0
1.25 0 0 0 0
1.25667 0 0 0 0
1.26333 0 0 0 0
1.27 0 0 0 0
1.27667 0 0 0 0
1.28333 0 0 0 0
1.29 0 0 0 0
1.29667 0 0 0 0
1.30333 0 0 0 0
1.31 0 0 0 0
1.31667 0 0 0 0
1.32333 0 0 0 0
1.33 0 0 0 0
1.33667 0 0 0 0
1.34333 0 0 0 0
1.35 0 0 0 0
1.35667 0 0 0 0
1.36333 0 0 0 0
1.37 0 0 0 0
1.37667 0 0 0 0
1.38333 0 0 0 0
1.39 0 0 0 0
1.39667 0 0 0 0
1.40333 0 0 0 0
1.41 0 0 0 0
1.41667 0 0 0 0
1.42333 0 0 0 0
1.43 0 0 0 0
1.43667 0 0 0 0
1.44333 0 0 0 0
1.45 0 0 0 0
1.45667 0 0 0 0
1.46333 0 0 0 0
1.47 0 0 0 0
1.47667 0 0 0 0
1.48333 0 0 0 0
1.49 0 0 0 0
1.49667 0 0 0 0
1.50333 0 0 0 0
1.51 0 0 0 0
1.51667 0 0 0 0
1.52333 0 0 0 0
1.53 0 0 0 0
1.53667 0 0 0 0
1.54333 0 0 0 0
1.55 0 0 0 0
1.55667 0 0 0 0
1.56333 0 0 0 0
1.57 0 0 0 0
1.57667 0 0 0 0
1.58333 0 0 0 0
1.59 0 0 0 0
1.59667 0 0 0 0
1.60333 0 0 0 0
1.61 0 0 0 0
1.61667 0 0 0 0
1.62333 0 0 0 0
1.63 0 0 0 0
1.63667 0 0 0 0
1.64333 0 0 0 0
1.65 0 0 0 0
1.65667 0 0 0 0
1.66333 0 0 0 0
1.67 0 0 0 0
1.67667 0 0 0 0
1.68333 0 0 0 0
1.69 0 0 0 0
1.69667 0 0 0 0
1.70333 0 0 0 0
1.71 0 0 0 0
1.71667 0 0 0 0
1.72333 0 0 0 0
1.73 0 0 0 0
1.73667 0 0 0 0
1.74333 0 0 0 0
1.75 0 0 0 0
1.75667 0 0 0 0
1.76333 0 0 0 0
1.77 0 0 0 0
1.77667 0 0 0 0
1.78333 0 0 0 0
1.79 0 0 0 0
1.79667 0 0 0 0
1.80333 0 0 0 0
1.81 0 0 0 0
1.81667 0 0 0 0
1.82333 0 0 0 0
1.83 0 0 0 0
1.83667 0 0 0 0
1.84333 0 0 0 0
1.85 0 0 0 0
1.85667 0 0 0 0
1.86333 0 0 0 0
1.87 0 0 0 0
1.87667 0 0 0 0
1.88333 0 0 0 0
1.89 0 0 0 0
1.89667 0 0 0 0
1.90333 0 0 0 0
1.91 0 0 0 0
1.91667 0 0 0 0
1.92333 0 0 0 0
1.93 0 0 0 0
1.93667 0 0 0 0
1.94333 0 0 0 0
1.95 0 0 0 0
1.95667 0 0 0 0
1.96333 0 0 0 0
1.97 0 0 0 0
1.97667 0 0 0 0
1.98333 0 0 0 0
1.99 0 0 0 0
1.99667 0 0 0 0
