0.00333333 5 46 29 0
0.01 4 48 38 3
0.0166667 6 55 39 2
0.0233333 12 57 42 5
0.03 9 65 39 5
0.0366667 8 67 51 7
0.0433333 14 95 55 6
0.05 24 115 69 8
0.0566667 30 163 86 15
0.0633333 40 144 88 12
0.07 29 162 116 8
0.0766667 22 170 100 15
0.0833333 32 168 98 15
0.09 34 185 100 14
0.0966667 21 170 96 14
0.103333 29 159 86 12
0.11 30 162 97 14
0.116667 28 173 114 17
0.123333 27 150 107 8
0.13 23 174 99 6
0.136667 14 155 86 13
0.143333 18 127 90 12
0.15 23 114 85 9
0.156667 26 129 96 11
0.163333 11 110 75 11
0.17 19 117 80 10
0.176667 16 109 71 12
0.183333 19 132 84 9
0.19 15 125 95 7
0.196667 20 135 97 11
0.203333 17 121 95 5
0.21 13 125 78 7
0.216667 12 120 70 3
0.223333 17 109 77 5
0.23 22 93 70 6
0.236667 13 81 72 5
0.243333 11 91 49 3
0.25 15 95 46 8
0.256667 17 90 69 3
0.263333 15 80 55 5
0.27 10 70 47 8
0.276667 19 70 50 8
0.283333 9 65 47 6
0.29 12 78 36 1
0.296667 10 76 35 12
0.303333 4 79 48 6
0.31 9 88 38 3
0.316667 12 56 42 5
0.323333 8 60 46 5
0.33 11 79 42 4
0.336667 11 46 48 5
0.343333 6 54 39 2
0.35 10 56 39 4
0.356667 6 56 28 9
0.363333 10 49 52 1
0.37 6 53 37 3
0.376667 7 52 50 4
0.383333 7 57 29 1
0.39 4 54 42 3
0.396667 10 62 35 2
0.403333 10 46 30 3
0.41 10 56 34 2
0.416667 12 50 28 2
0.423333 6 48 31 2
0.43 7 47 32 3
0.436667 7 47 46 7
0.443333 8 35 27 2
0.45 11 41 32 4
0.456667 8 37 28 4
0.463333 7 49 35 2
0.47 6 39 27 4
0.476667 6 28 32 2
0.483333 9 29 20 4
0.49 8 26 24 4
0.496667 6 16 24 7
0.503333 6 24 18 2
0.51 6 28 21 1
0.516667 7 25 16 4
0.523333 1 26 8 1
0.53 2 32 15 1
0.536667 8 26 11 3
0.543333 7 22 20 3
0.55 6 27 15 1
0.556667 3 30 11 1
0.563333 5 16 22 0
0.57 3 19 16 3
0.576667 4 15 15 3
0.583333 4 26 19 0
0.59 2 20 17 4
0.596667 5 23 16 3
0.603333 3 16 13 0
0.61 2 22 9 1
0.616667 4 14 16 5
0.623333 4 18 11 1
0.63 5 22 13 1
0.636667 3 19 11 3
0.643333 0 27 11 0
0.65 2 28 14 1
0.656667 3 32 14 0
0.663333 124 1265 994 48
0.67 0 0 0 0
0.676667 0 0 0 0
0.683333 0 0 0 0
0.69 0 0 0 0
0.696667 0 0 0 0
0.703333 0 0 0 0
0.71 0 0 0 0
0.716667 0 0 0 0
0.723333 0 0 0 0
0.73 0 0 0 0
0.736667 0 0 0 0
0.743333 0 0 0 0
0.75 0 0 0 0
0.756667 0 0 0 0
0.763333 0 0 0 0
0.77 0 0 0 0
0.776667 0 0 0 0
0.783333 0 0 0 0
0.79 0 0 0 0
0.796667 0 0 0 0
0.803333 0 0 0 0
0.81 0 0 0 0
0.816667 0 0 0 0
0.823333 0 0 0 0
0.83 0 0 0 0
0.836667 0 0 0 0
0.843333 0 0 0 0
0.85 0 0 0 0
0.856667 0 0 0 0
0.863333 0 0 0 0
0.87 0 0 0 0
0.876667 0 0 0 0
0.883333 0 0 0 0
0.89 0 0 0 0
0.896667 0 0 0 0
0.903333 0 0 0 0
0.91 0 0 0 0
0.916667 0 0 0 0
0.923333 0 0 0 0
0.93 0 0 0 0
0.936667 0 0 0 0
0.943333 0 0 0 0
0.95 0 0 0 0
0.956667 0 0 0 0
0.963333 0 0 0 0
0.97 0 0 0 0
0.976667 0 0 0 0
0.983333 0 0 0 0
0.99 0 0 0 0
0.996667 0 0 0 0
1.00333 0 0 0 0
1.01 0 0 0 0
1.01667 0 0 0 0
1.02333 0 0 0 0
1.03 0 0 0 0
1.03667 0 0 0 0
1.04333 0 0 0 0
1.05 0 0 0 0
1.05667 0 0 0 0
1.06333 0 0 0 0
1.07 0 0 0 0
1.07667 0 0 0 0
1.08333 0 0 0 0
1.09 0 0 0 0
1.09667 0 0 0 0
1.10333 0 0 0 0
1.11 0 0 0 0
1.11667 0 0 0 0
1.12333 0 0 0 0
1.13 0 0 0 0
1.13667 0 0 0 0
1.14333 0 0 0 0
1.15 0 0 0 0
1.15667 0 0 0 0
1.16333 0 0 0 0
1.17 0 0 0 0
1.17667 0 0 0 0
1.18333 0 0 0 0
1.19 0 0 0 0
1.19667 0 0 0 0
1.20333 0 0 0 0
1.21 0 0 0 0
1.21667 0 0 0 0
1.22333 0 0 0 0
1.23 0 0 0 0
1.23667 0 0 0 0
1.24333 0 0 0 0
1.25 0 0 0 0
1.25667 0 0 0 0
1.26333 0 0 0 0
1.27 0 0 0 0
1.27667 0 0 0 0
1.28333 0 0 0 0
1.29 0 0 0 0
1.29667 0 0 0 0
1.30333 0 0 0 0
1.31 0 0 0 0
1.31667 0 0 0 0
1.32333 0 0 0 0
1.33 0 0 0 0
1.33667 0 0 0 0
1.34333 0 0 0 0
1.35 0 0 0 0
1.35667 0 0 0 0
1.36333 0 0 0 0
1.37 0 0 0 0
1.37667 0 0 0 0
1.38333 0 0 0 0
1.39 0 0 0 0
1.39667 0 0 0 0
1.40333 0 0 0 0
1.41 0 0 0 0
1.41667 0 0 0 0
1.42333 0 0 0 0
1.43 0 0 0 0
1.43667 0 0 0 0
1.44333 0 0 0 0
1.45 0 0 0 0
1.45667 0 0 0 0
1.46333 0 0 0 0
1.47 0 0 0 0
1.47667 0 0 0 0
1.48333 0 0 0 0
1.49 0 0 0 0
1.49667 0 0 0 0
1.50333 0 0 0 0
1.51 0 0 0 0
1.51667 0 0 0 0
1.52333 0 0 0 0
1.53 0 0 0 0
1.53667 0 0 0 0
1.54333 0 0 0 0
1.55 0 0 0 0
1.55667 0 0 0 0
1.56333 0 0 0 0
1.57 0 0 0 0
1.57667 0 0 0 0
1.58333 0 0 0 0
1.59 0 0 0 0
1.59667 0 0 0 0
1.60333 0 0 0 0
1.61 0 0 0 0
1.61667 0 0 0 0
1.62333 0 0 0 0
1.63 0 0 0 0
1.63667 0 0 0 0
1.64333 0 0 0 0
1.65 0 0 0 0
1.65667 0 0 0 0
1.66333 0 0 0 0
1.67 0 0 0 0
1.67667 0 0 0 0
1.68333 0 0 0 0
1.69 0 0 0 0
1.69667 0 0 0 0
1.70333 0 0 0 0
1.71 0 0 0 0
1.71667 0 0 0 0
1.72333 0 0 0 0
1.73 0 0 0 0
1.73667 0 0 0 0
1.74333 0 0 0 0
1.75 0 0 0 0
1.75667 0 0 0 0
1.76333 0 0 0 0
1.77 0 0 0 0
1.77667 0 0 0 0
1.78333 0 0 0 0
1.79 0 0 0 0
1.79667 0 0 0 0
1.80333 0 0 0 0
1.81 0 0 0 0
1.81667 0 0 0 0
1.82333 0 0 0 0
1.83 0 0 0 0
1.83667 0 0 0 0
1.84333 0 0 0 0
1.85 0 0 0 0
1.85667 0 0 0 0
1.86333 0 0 0 0
1.87 0 0 0 0
1.87667 0 0 0 0
1.88333 0 0 0 0
1.89 0 0 0 0
1.89667 0 0 0 0
1.90333 0 0 0 0
1.91 0 0 0 0
1.91667 0 0 0 0
1.92333 0 0 0 0
1.93 0 0 0 0
1.93667 0 0 0 0
1.94333 0 0 0 0
1.95 0 0 0 0
1.95667 0 0 0 0
1.96333 0 0 0 0
1.97 0 0 0 0
1.97667 0 0 0 0
1.98333 0 0 0 0
1.99 0 0 0 0
1.99667 0 0 0 0
