0.00333333 30 141 3 3
0.01 25 155 5 2
0.0166667 32 186 6 6
0.0233333 40 148 6 2
0.03 33 187 7 3
0.0366667 42 206 9 2
0.0433333 61 241 15 3
0.05 73 264 17 8
0.0566667 75 265 24 8
0.0633333 89 312 12 2
0.07 98 351 20 4
0.0766667 98 354 16 12
0.0833333 105 377 28 11
0.09 107 390 18 5
0.0966667 102 416 17 5
0.103333 118 388 11 11
0.11 108 421 7 9
0.116667 97 433 15 6
0.123333 100 424 20 5
0.13 108 450 11 4
0.136667 92 466 17 6
0.143333 89 442 9 3
0.15 89 425 13 11
0.156667 103 383 16 4
0.163333 93 388 14 2
0.17 97 355 12 6
0.176667 64 405 12 7
0.183333 85 463 16 7
0.19 88 564 15 7
0.196667 102 574 9 7
0.203333 83 509 11 4
0.21 94 522 11 6
0.216667 92 483 14 4
0.223333 73 408 8 6
0.23 62 418 11 5
0.236667 64 382 14 9
0.243333 58 353 8 5
0.25 57 342 6 4
0.256667 67 299 7 2
0.263333 73 296 11 6
0.27 58 272 10 7
0.276667 61 295 7 3
0.283333 55 232 7 3
0.29 55 250 12 1
0.296667 45 224 4 2
0.303333 50 225 7 3
0.31 45 210 7 4
0.316667 49 181 6 3
0.323333 48 226 6 4
0.33 39 192 7 6
0.336667 44 191 6 4
0.343333 44 186 4 8
0.35 39 195 8 5
0.356667 49 169 5 0
0.363333 47 195 9 4
0.37 47 182 9 3
0.376667 39 181 11 2
0.383333 45 172 9 4
0.39 28 181 5 3
0.396667 42 155 5 5
0.403333 37 188 2 4
0.41 31 163 3 3
0.416667 40 159 6 1
0.423333 47 171 6 4
0.43 30 152 9 1
0.436667 51 182 1 4
0.443333 35 166 5 7
0.45 36 172 7 1
0.456667 38 178 2 3
0.463333 31 190 7 5
0.47 50 151 2 3
0.476667 35 154 6 5
0.483333 21 93 5 6
0.49 24 82 1 4
0.496667 21 82 6 1
0.503333 20 92 2 2
0.51 23 80 6 1
0.516667 19 73 1 2
0.523333 22 78 2 1
0.53 19 76 2 0
0.536667 17 68 3 3
0.543333 26 56 4 2
0.55 21 66 5 1
0.556667 29 47 2 1
0.563333 30 62 3 2
0.57 16 65 3 4
0.576667 26 68 6 0
0.583333 22 63 2 2
0.59 21 58 1 4
0.596667 12 56 4 3
0.603333 17 59 2 2
0.61 16 51 0 2
0.616667 14 46 1 4
0.623333 17 57 1 2
0.63 18 58 1 0
0.636667 23 72 0 2
0.643333 13 31 0 1
0.65 23 44 2 2
0.656667 12 46 6 2
0.663333 1118 8531 83 80
0.67 0 0 0 0
0.676667 0 0 0 0
0.683333 0 0 0 0
0.69 0 0 0 0
0.696667 0 0 0 0
0.703333 0 0 0 0
0.71 0 0 0 0
0.716667 0 0 0 0
0.723333 0 0 0 0
0.73 0 0 0 0
0.736667 0 0 0 0
0.743333 0 0 0 0
0.75 0 0 0 0
0.756667 0 0 0 0
0.763333 0 0 0 0
0.77 0 0 0 0
0.776667 0 0 0 0
0.783333 0 0 0 0
0.79 0 0 0 0
0.796667 0 0 0 0
0.803333 0 0 0 0
0.81 0 0 0 0
0.816667 0 0 0 0
0.823333 0 0 0 0
0.83 0 0 0 0
0.836667 0 0 0 0
0.843333 0 0 0 0
0.85 0 0 0 0
0.856667 0 0 0 0
0.863333 0 0 0 0
0.87 0 0 0 0
0.876667 0 0 0 0
0.883333 0 0 0 0
0.89 0 0 0 0
0.896667 0 0 0 0
0.903333 0 0 0 0
0.91 0 0 0 0
0.916667 0 0 0 0
0.923333 0 0 0 0
0.93 0 0 0 0
0.936667 0 0 0 0
0.943333 0 0 0 0
0.95 0 0 0 0
0.956667 0 0 0 0
0.963333 0 0 0 0
0.97 0 0 0 0
0.976667 0 0 0 0
0.983333 0 0 0 0
0.99 0 0 0 0
0.996667 0 0 0 0
1.00333 0 0 0 0
1.01 0 0 0 0
1.01667 0 0 0 0
1.02333 0 0 0 0
1.03 0 0 0 0
1.03667 0 0 0 0
1.04333 0 0 0 0
1.05 0 0 0 0
1.05667 0 0 0 0
1.06333 0 0 0 0
1.07 0 0 0 0
1.07667 0 0 0 0
1.08333 0 0 0 0
1.09 0 0 0 0
1.09667 0 0 0 0
1.10333 0 0 0 0
1.11 0 0 0 0
1.11667 0 0 0 0
1.12333 0 0 0 0
1.13 0 0 0 0
1.13667 0 0 0 0
1.14333 0 0 0 0
1.15 0 0 0 0
1.15667 0 0 0 0
1.16333 0 0 0 0
1.17 0 0 0 0
1.17667 0 0 0 0
1.18333 0 0 0 0
1.19 0 0 0 0
1.19667 0 0 0 0
1.20333 0 0 0 0
1.21 0 0 0 0
1.21667 0 0 0 0
1.22333 0 0 0 0
1.23 0 0 0 0
1.23667 0 0 0 0
1.24333 0 0 0 0
1.25 0 0 0 0
1.25667 0 0 0 0
1.26333 0 0 0 0
1.27 0 0 0 0
1.27667 0 0 0 0
1.28333 0 0 0 0
1.29 0 0 0 0
1.29667 0 0 0 0
1.30333 0 0 0 0
1.31 0 0 0 0
1.31667 0 0 0 0
1.32333 0 0 0 0
1.33 0 0 0 0
1.33667 0 0 0 0
1.34333 0 0 0 0
1.35 0 0 0 0
1.35667 0 0 0 0
1.36333 0 0 0 0
1.37 0 0 0 0
1.37667 0 0 0 0
1.38333 0 0 0 0
1.39 0 0 0 0
1.39667 0 0 0 0
1.40333 0 0 0 0
1.41 0 0 0 0
1.41667 0 0 0 0
1.42333 0 0 0 0
1.43 0 0 0 0
1.43667 0 0 0 0
1.44333 0 0 0 0
1.45 0 0 0 0
1.45667 0 0 0 0
1.46333 0 0 0 0
1.47 0 0 0 0
1.47667 0 0 0 0
1.48333 0 0 0 0
1.49 0 0 0 0
1.49667 0 0 0 0
1.50333 0 0 0 0
1.51 0 0 0 0
1.51667 0 0 0 0
1.52333 0 0 0 0
1.53 0 0 0 0
1.53667 0 0 0 0
1.54333 0 0 0 0
1.55 0 0 0 0
1.55667 0 0 0 0
1.56333 0 0 0 0
1.57 0 0 0 0
1.57667 0 0 0 0
1.58333 0 0 0 0
1.59 0 0 0 0
1.59667 0 0 0 0
1.60333 0 0 0 0
1.61 0 0 0 0
1.61667 0 0 0 0
1.62333 0 0 0 0
1.63 0 0 0 0
1.63667 0 0 0 0
1.64333 0 0 0 0
1.65 0 0 0 0
1.65667 0 0 0 0
1.66333 0 0 0 0
1.67 0 0 0 0
1.67667 0 0 0 0
1.68333 0 0 0 0
1.69 0 0 0 0
1.69667 0 0 0 0
1.70333 0 0 0 0
1.71 0 0 0 0
1.71667 0 0 0 0
1.72333 0 0 0 0
1.73 0 0 0 0
1.73667 0 0 0 0
1.74333 0 0 0 0
1.75 0 0 0 0
1.75667 0 0 0 0
1.76333 0 0 0 0
1.77 0 0 0 0
1.77667 0 0 0 0
1.78333 0 0 0 0
1.79 0 0 0 0
1.79667 0 0 0 0
1.80333 0 0 0 0
1.81 0 0 0 0
1.81667 0 0 0 0
1.82333 0 0 0 0
1.83 0 0 0 0
1.83667 0 0 0 0
1.84333 0 0 0 0
1.85 0 0 0 0
1.85667 0 0 0 0
1.86333 0 0 0 0
1.87 0 0 0 0
1.87667 0 0 0 0
1.88333 0 0 0 0
1.89 0 0 0 0
1.89667 0 0 0 0
1.90333 0 0 0 0
1.91 0 0 0 0
1.91667 0 0 0 0
1.92333 0 0 0 0
1.93 0 0 0 0
1.93667 0 0 0 0
1.94333 0 0 0 0
1.95 0 0 0 0
1.95667 0 0 0 0
1.96333 0 0 0 0
1.97 0 0 0 0
1.97667 0 0 0 0
1.98333 0 0 0 0
1.99 0 0 0 0
1.99667 0 0 0 0
