0.00333333 14 45 10 1
0.01 22 60 15 3
0.0166667 16 62 12 2
0.0233333 19 74 15 3
0.03 21 74 13 3
0.0366667 39 102 11 2
0.0433333 50 135 26 2
0.05 54 149 25 6
0.0566667 87 195 37 7
0.0633333 83 217 35 7
0.07 88 227 33 6
0.0766667 71 257 39 8
0.0833333 86 224 41 4
0.09 73 211 37 8
0.0966667 74 229 40 6
0.103333 77 232 37 11
0.11 73 206 31 6
0.116667 67 217 48 6
0.123333 58 218 38 4
0.13 60 229 28 8
0.136667 56 205 37 6
0.143333 54 194 42 1
0.15 47 184 39 7
0.156667 46 179 38 5
0.163333 47 167 30 3
0.17 50 181 40 2
0.176667 49 171 35 6
0.183333 39 152 33 5
0.19 46 173 38 4
0.196667 48 191 37 7
0.203333 34 163 37 4
0.21 36 149 31 6
0.216667 26 158 27 1
0.223333 46 130 34 3
0.23 45 148 31 4
0.236667 46 130 32 5
0.243333 49 131 24 2
0.25 32 129 24 7
0.256667 30 132 19 6
0.263333 37 129 14 2
0.27 27 110 16 6
0.276667 31 107 17 2
0.283333 31 95 12 2
0.29 29 95 19 2
0.296667 21 93 12 3
0.303333 24 93 13 1
0.31 39 108 18 2
0.316667 31 90 16 0
0.323333 24 82 11 3
0.33 24 89 21 2
0.336667 15 83 16 1
0.343333 27 79 19 2
0.35 22 81 16 3
0.356667 24 69 13 5
0.363333 30 61 10 1
0.37 27 76 16 5
0.376667 20 66 20 7
0.383333 18 71 10 3
0.39 20 58 12 4
0.396667 22 68 13 3
0.403333 15 63 15 2
0.41 21 57 15 1
0.416667 17 54 11 1
0.423333 17 51 8 0
0.43 19 66 21 1
0.436667 16 66 10 1
0.443333 20 51 7 1
0.45 16 56 18 0
0.456667 17 53 14 7
0.463333 15 54 10 2
0.47 13 63 12 2
0.476667 19 57 9 1
0.483333 14 40 6 1
0.49 15 52 13 3
0.496667 6 35 4 1
0.503333 12 38 11 1
0.51 14 31 7 0
0.516667 11 23 15 2
0.523333 11 24 7 0
0.53 14 34 8 0
0.536667 15 24 4 1
0.543333 12 41 12 4
0.55 10 32 8 1
0.556667 10 25 7 0
0.563333 11 34 5 2
0.57 10 24 8 2
0.576667 9 29 12 2
0.583333 14 34 7 4
0.59 8 38 5 0
0.596667 12 28 8 0
0.603333 6 30 12 1
0.61 12 29 7 1
0.616667 9 27 14 1
0.623333 9 33 11 0
0.63 9 33 5 1
0.636667 11 19 7 1
0.643333 6 26 4 0
0.65 9 33 7 2
0.656667 13 46 8 0
0.663333 338 1615 323 18
0.67 0 0 0 0
0.676667 0 0 0 0
0.683333 0 0 0 0
0.69 0 0 0 0
0.696667 0 0 0 0
0.703333 0 0 0 0
0.71 0 0 0 0
0.716667 0 0 0 0
0.723333 0 0 0 0
0.73 0 0 0 0
0.736667 0 0 0 0
0.743333 0 0 0 0
0.75 0 0 0 0
0.756667 0 0 0 0
0.763333 0 0 0 0
0.77 0 0 0 0
0.776667 0 0 0 0
0.783333 0 0 0 0
0.79 0 0 0 0
0.796667 0 0 0 0
0.803333 0 0 0 0
0.81 0 0 0 0
0.816667 0 0 0 0
0.823333 0 0 0 0
0.83 0 0 0 0
0.836667 0 0 0 0
0.843333 0 0 0 0
0.85 0 0 0 0
0.856667 0 0 0 0
0.863333 0 0 0 0
0.87 0 0 0 0
0.876667 0 0 0 0
0.883333 0 0 0 0
0.89 0 0 0 0
0.896667 0 0 0 0
0.903333 0 0 0 0
0.91 0 0 0 0
0.916667 0 0 0 0
0.923333 0 0 0 0
0.93 0 0 0 0
0.936667 0 0 0 0
0.943333 0 0 0 0
0.95 0 0 0 0
0.956667 0 0 0 0
0.963333 0 0 0 0
0.97 0 0 0 0
0.976667 0 0 0 0
0.983333 0 0 0 0
0.99 0 0 0 0
0.996667 0 0 0 0
1.00333 0 0 0 0
1.01 0 0 0 0
1.01667 0 0 0 0
1.02333 0 0 0 0
1.03 0 0 0 0
1.03667 0 0 0 0
1.04333 0 0 0 0
1.05 0 0 0 0
1.05667 0 0 0 0
1.06333 0 0 0 0
1.07 0 0 0 0
1.07667 0 0 0 0
1.08333 0 0 0 0
1.09 0 0 0 0
1.09667 0 0 0 0
1.10333 0 0 0 0
1.11 0 0 0 0
1.11667 0 0 0 0
1.12333 0 0 0 0
1.13 0 0 0 0
1.13667 0 0 0 0
1.14333 0 0 0 0
1.15 0 0 0 0
1.15667 0 0 0 0
1.16333 0 0 0 0
1.17 0 0 0 0
1.17667 0 0 0 0
1.18333 0 0 0 0
1.19 0 0 0 0
1.19667 0 0 0 0
1.20333 0 0 0 0
1.21 0 0 0 0
1.21667 0 0 0 0
1.22333 0 0 0 0
1.23 0 0 0 0
1.23667 0 0 0 0
1.24333 0 0 0 0
1.25 0 0 0 0
1.25667 0 0 0 0
1.26333 0 0 0 0
1.27 0 0 0 0
1.27667 0 0 0 0
1.28333 0 0 0 0
1.29 0 0 0 0
1.29667 0 0 0 0
1.30333 0 0 0 0
1.31 0 0 0 0
1.31667 0 0 0 0
1.32333 0 0 0 0
1.33 0 0 0 0
1.33667 0 0 0 0
1.34333 0 0 0 0
1.35 0 0 0 0
1.35667 0 0 0 0
1.36333 0 0 0 0
1.37 0 0 0 0
1.37667 0 0 0 0
1.38333 0 0 0 0
1.39 0 0 0 0
1.39667 0 0 0 0
1.40333 0 0 0 0
1.41 0 0 0 0
1.41667 0 0 0 0
1.42333 0 0 0 0
1.43 0 0 0 0
1.43667 0 0 0 0
1.44333 0 0 0 0
1.45 0 0 0 0
1.45667 0 0 0 0
1.46333 0 0 0 0
1.47 0 0 0 0
1.47667 0 0 0 0
1.48333 0 0 0 0
1.49 0 0 0 0
1.49667 0 0 0 0
1.50333 0 0 0 0
1.51 0 0 0 0
1.51667 0 0 0 0
1.52333 0 0 0 0
1.53 0 0 0 0
1.53667 0 0 0 0
1.54333 0 0 0 0
1.55 0 0 0 0
1.55667 0 0 0 0
1.56333 0 0 0 0
1.57 0 0 0 0
1.57667 0 0 0 0
1.58333 0 0 0 0
1.59 0 0 0 0
1.59667 0 0 0 0
1.60333 0 0 0 0
1.61 0 0 0 0
1.61667 0 0 0 0
1.62333 0 0 0 0
1.63 0 0 0 0
1.63667 0 0 0 0
1.64333 0 0 0 0
1.65 0 0 0 0
1.65667 0 0 0 0
1.66333 0 0 0 0
1.67 0 0 0 0
1.67667 0 0 0 0
1.68333 0 0 0 0
1.69 0 0 0 0
1.69667 0 0 0 0
1.70333 0 0 0 0
1.71 0 0 0 0
1.71667 0 0 0 0
1.72333 0 0 0 0
1.73 0 0 0 0
1.73667 0 0 0 0
1.74333 0 0 0 0
1.75 0 0 0 0
1.75667 0 0 0 0
1.76333 0 0 0 0
1.77 0 0 0 0
1.77667 0 0 0 0
1.78333 0 0 0 0
1.79 0 0 0 0
1.79667 0 0 0 0
1.80333 0 0 0 0
1.81 0 0 0 0
1.81667 0 0 0 0
1.82333 0 0 0 0
1.83 0 0 0 0
1.83667 0 0 0 0
1.84333 0 0 0 0
1.85 0 0 0 0
1.85667 0 0 0 0
1.86333 0 0 0 0
1.87 0 0 0 0
1.87667 0 0 0 0
1.88333 0 0 0 0
1.89 0 0 0 0
1.89667 0 0 0 0
1.90333 0 0 0 0
1.91 0 0 0 0
1.91667 0 0 0 0
1.92333 0 0 0 0
1.93 0 0 0 0
1.93667 0 0 0 0
1.94333 0 0 0 0
1.95 0 0 0 0
1.95667 0 0 0 0
1.96333 0 0 0 0
1.97 0 0 0 0
1.97667 0 0 0 0
1.98333 0 0 0 0
1.99 0 0 0 0
1.99667 0 0 0 0
