0.00333333 34 114 4 3
0.01 34 122 3 5
0.0166667 35 143 8 4
0.0233333 41 128 8 5
0.03 38 153 9 1
0.0366667 44 177 6 3
0.0433333 72 225 10 3
0.05 70 245 14 7
0.0566667 92 239 16 5
0.0633333 119 300 12 11
0.07 119 341 19 2
0.0766667 136 333 16 13
0.0833333 129 336 28 9
0.09 127 395 10 8
0.0966667 135 367 16 8
0.103333 129 347 7 12
0.11 134 382 8 10
0.116667 113 419 18 5
0.123333 122 406 10 4
0.13 133 409 13 12
0.136667 104 419 18 6
0.143333 121 384 10 4
0.15 112 391 17 6
0.156667 110 352 18 6
0.163333 120 372 14 8
0.17 107 335 15 5
0.176667 91 374 10 9
0.183333 97 388 17 6
0.19 117 478 14 9
0.196667 107 455 14 10
0.203333 92 398 12 3
0.21 104 433 10 6
0.216667 103 406 15 3
0.223333 91 350 10 9
0.23 81 335 11 4
0.236667 77 365 8 5
0.243333 62 312 8 2
0.25 65 317 5 4
0.256667 72 276 8 5
0.263333 76 257 9 5
0.27 75 256 10 6
0.276667 74 256 5 1
0.283333 70 203 2 2
0.29 72 232 3 1
0.296667 62 189 3 4
0.303333 58 199 11 5
0.31 52 191 9 3
0.316667 55 148 4 2
0.323333 50 186 8 6
0.33 42 180 5 6
0.336667 51 181 7 1
0.343333 52 159 3 4
0.35 57 160 8 5
0.356667 50 151 5 0
0.363333 60 192 5 1
0.37 66 154 6 1
0.376667 47 151 9 2
0.383333 49 147 10 2
0.39 38 137 5 0
0.396667 46 137 5 2
0.403333 49 135 4 3
0.41 38 152 3 1
0.416667 45 133 4 4
0.423333 46 136 6 2
0.43 52 155 9 3
0.436667 59 149 2 3
0.443333 37 136 6 5
0.45 42 168 9 2
0.456667 50 150 2 4
0.463333 44 179 5 5
0.47 60 147 2 4
0.476667 41 127 5 4
0.483333 31 82 1 5
0.49 35 81 4 2
0.496667 28 69 5 1
0.503333 17 73 5 3
0.51 29 64 6 2
0.516667 27 61 1 2
0.523333 23 78 3 1
0.53 22 52 1 0
0.536667 22 63 3 2
0.543333 25 69 4 2
0.55 24 55 6 1
0.556667 27 44 4 3
0.563333 24 60 3 1
0.57 16 59 4 3
0.576667 25 61 6 1
0.583333 21 49 1 1
0.59 21 47 0 1
0.596667 16 41 4 2
0.603333 17 60 3 2
0.61 14 59 0 2
0.616667 17 39 3 3
0.623333 23 45 2 3
0.63 15 56 1 0
0.636667 32 67 0 3
0.643333 18 29 1 1
0.65 30 27 1 1
0.656667 9 43 3 2
0.663333 1338 6400 69 102
0.67 0 0 0 0
0.676667 0 0 0 0
0.683333 0 0 0 0
0.69 0 0 0 0
0.696667 0 0 0 0
0.703333 0 0 0 0
0.71 0 0 0 0
0.716667 0 0 0 0
0.723333 0 0 0 0
0.73 0 0 0 0
0.736667 0 0 0 0
0.743333 0 0 0 0
0.75 0 0 0 0
0.756667 0 0 0 0
0.763333 0 0 0 0
0.77 0 0 0 0
0.776667 0 0 0 0
0.783333 0 0 0 0
0.79 0 0 0 0
0.796667 0 0 0 0
0.803333 0 0 0 0
0.81 0 0 0 0
0.816667 0 0 0 0
0.823333 0 0 0 0
0.83 0 0 0 0
0.836667 0 0 0 0
0.843333 0 0 0 0
0.85 0 0 0 0
0.856667 0 0 0 0
0.863333 0 0 0 0
0.87 0 0 0 0
0.876667 0 0 0 0
0.883333 0 0 0 0
0.89 0 0 0 0
0.896667 0 0 0 0
0.903333 0 0 0 0
0.91 0 0 0 0
0.916667 0 0 0 0
0.923333 0 0 0 0
0.93 0 0 0 0
0.936667 0 0 0 0
0.943333 0 0 0 0
0.95 0 0 0 0
0.956667 0 0 0 0
0.963333 0 0 0 0
0.97 0 0 0 0
0.976667 0 0 0 0
0.983333 0 0 0 0
0.99 0 0 0 0
0.996667 0 0 0 0
1.00333 0 0 0 0
1.01 0 0 0 0
1.01667 0 0 0 0
1.02333 0 0 0 0
1.03 0 0 0 0
1.03667 0 0 0 0
1.04333 0 0 0 0
1.05 0 0 0 0
1.05667 0 0 0 0
1.06333 0 0 0 0
1.07 0 0 0 0
1.07667 0 0 0 0
1.08333 0 0 0 0
1.09 0 0 0 0
1.09667 0 0 0 0
1.10333 0 0 0 0
1.11 0 0 0 0
1.11667 0 0 0 0
1.12333 0 0 0 0
1.13 0 0 0 0
1.13667 0 0 0 0
1.14333 0 0 0 0
1.15 0 0 0 0
1.15667 0 0 0 0
1.16333 0 0 0 0
1.17 0 0 0 0
1.17667 0 0 0 0
1.18333 0 0 0 0
1.19 0 0 0 0
1.19667 0 0 0 0
1.20333 0 0 0 0
1.21 0 0 0 0
1.21667 0 0 0 0
1.22333 0 0 0 0
1.23 0 0 0 0
1.23667 0 0 0 0
1.24333 0 0 0 0
1.25 0 0 0 0
1.25667 0 0 0 0
1.26333 0 0 0 0
1.27 0 0 0 0
1.27667 0 0 0 0
1.28333 0 0 0 0
1.29 0 0 0 0
1.29667 0 0 0 0
1.30333 0 0 0 0
1.31 0 0 0 0
1.31667 0 0 0 0
1.32333 0 0 0 0
1.33 0 0 0 0
1.33667 0 0 0 0
1.34333 0 0 0 0
1.35 0 0 0 0
1.35667 0 0 0 0
1.36333 0 0 0 0
1.37 0 0 0 0
1.37667 0 0 0 0
1.38333 0 0 0 0
1.39 0 0 0 0
1.39667 0 0 0 0
1.40333 0 0 0 0
1.41 0 0 0 0
1.41667 0 0 0 0
1.42333 0 0 0 0
1.43 0 0 0 0
1.43667 0 0 0 0
1.44333 0 0 0 0
1.45 0 0 0 0
1.45667 0 0 0 0
1.46333 0 0 0 0
1.47 0 0 0 0
1.47667 0 0 0 0
1.48333 0 0 0 0
1.49 0 0 0 0
1.49667 0 0 0 0
1.50333 0 0 0 0
1.51 0 0 0 0
1.51667 0 0 0 0
1.52333 0 0 0 0
1.53 0 0 0 0
1.53667 0 0 0 0
1.54333 0 0 0 0
1.55 0 0 0 0
1.55667 0 0 0 0
1.56333 0 0 0 0
1.57 0 0 0 0
1.57667 0 0 0 0
1.58333 0 0 0 0
1.59 0 0 0 0
1.59667 0 0 0 0
1.60333 0 0 0 0
1.61 0 0 0 0
1.61667 0 0 0 0
1.62333 0 0 0 0
1.63 0 0 0 0
1.63667 0 0 0 0
1.64333 0 0 0 0
1.65 0 0 0 0
1.65667 0 0 0 0
1.66333 0 0 0 0
1.67 0 0 0 0
1.67667 0 0 0 0
1.68333 0 0 0 0
1.69 0 0 0 0
1.69667 0 0 0 0
1.70333 0 0 0 0
1.71 0 0 0 0
1.71667 0 0 0 0
1.72333 0 0 0 0
1.73 0 0 0 0
1.73667 0 0 0 0
1.74333 0 0 0 0
1.75 0 0 0 0
1.75667 0 0 0 0
1.76333 0 0 0 0
1.77 0 0 0 0
1.77667 0 0 0 0
1.78333 0 0 0 0
1.79 0 0 0 0
1.79667 0 0 0 0
1.80333 0 0 0 0
1.81 0 0 0 0
1.81667 0 0 0 0
1.82333 0 0 0 0
1.83 0 0 0 0
1.83667 0 0 0 0
1.84333 0 0 0 0
1.85 0 0 0 0
1.85667 0 0 0 0
1.86333 0 0 0 0
1.87 0 0 0 0
1.87667 0 0 0 0
1.88333 0 0 0 0
1.89 0 0 0 0
1.89667 0 0 0 0
1.90333 0 0 0 0
1.91 0 0 0 0
1.91667 0 0 0 0
1.92333 0 0 0 0
1.93 0 0 0 0
1.93667 0 0 0 0
1.94333 0 0 0 0
1.95 0 0 0 0
1.95667 0 0 0 0
1.96333 0 0 0 0
1.97 0 0 0 0
1.97667 0 0 0 0
1.98333 0 0 0 0
1.99 0 0 0 0
1.99667 0 0 0 0
