0.00333333 16 53 15 4
0.01 13 72 11 5
0.0166667 30 83 12 3
0.0233333 22 76 14 4
0.03 29 94 26 6
0.0366667 31 111 21 3
0.0433333 45 145 25 5
0.05 51 189 41 8
0.0566667 41 235 39 15
0.0633333 73 247 49 13
0.07 75 297 50 12
0.0766667 54 271 50 15
0.0833333 58 264 52 13
0.09 63 264 52 14
0.0966667 70 303 52 12
0.103333 72 293 42 21
0.11 63 295 51 9
0.116667 69 321 61 8
0.123333 58 274 46 14
0.13 53 272 53 14
0.136667 66 269 38 17
0.143333 58 261 31 8
0.15 45 245 41 8
0.156667 53 220 35 11
0.163333 46 207 37 15
0.17 51 227 35 11
0.176667 52 220 36 7
0.183333 49 236 47 7
0.19 40 224 51 11
0.196667 44 238 32 5
0.203333 51 210 32 13
0.21 55 208 31 7
0.216667 35 207 31 15
0.223333 43 200 24 9
0.23 27 180 30 8
0.236667 27 189 26 9
0.243333 35 171 21 5
0.25 50 162 23 2
0.256667 35 171 19 3
0.263333 30 128 27 9
0.27 30 149 28 6
0.276667 41 157 22 9
0.283333 23 135 19 7
0.29 18 128 17 5
0.296667 30 134 14 7
0.303333 23 120 28 6
0.31 34 111 14 6
0.316667 29 102 8 4
0.323333 26 113 22 4
0.33 30 98 19 6
0.336667 16 111 16 3
0.343333 18 80 18 5
0.35 21 111 22 2
0.356667 17 94 15 6
0.363333 16 109 18 7
0.37 15 80 19 5
0.376667 23 82 16 4
0.383333 16 98 15 2
0.39 18 70 22 2
0.396667 25 99 13 4
0.403333 21 83 15 5
0.41 17 89 13 3
0.416667 19 82 19 6
0.423333 22 89 17 3
0.43 13 86 12 6
0.436667 22 84 8 1
0.443333 24 82 10 5
0.45 30 83 16 0
0.456667 14 69 15 5
0.463333 21 75 16 5
0.47 16 70 13 4
0.476667 18 56 16 8
0.483333 11 48 15 4
0.49 7 51 9 0
0.496667 16 50 11 3
0.503333 12 33 12 6
0.51 12 43 7 3
0.516667 11 48 10 3
0.523333 10 42 9 1
0.53 10 34 6 1
0.536667 14 42 4 5
0.543333 8 41 12 3
0.55 5 38 11 4
0.556667 10 42 9 1
0.563333 12 39 9 1
0.57 2 52 9 3
0.576667 7 35 5 4
0.583333 10 36 8 2
0.59 7 43 11 1
0.596667 10 44 13 1
0.603333 7 32 7 4
0.61 11 42 3 3
0.616667 6 34 3 4
0.623333 12 29 5 3
0.63 14 41 4 1
0.636667 10 43 4 4
0.643333 6 23 5 3
0.65 6 33 8 1
0.656667 5 28 11 3
0.663333 367 2411 245 66
0.67 0 0 0 0
0.676667 0 0 0 0
0.683333 0 0 0 0
0.69 0 0 0 0
0.696667 0 0 0 0
0.703333 0 0 0 0
0.71 0 0 0 0
0.716667 0 0 0 0
0.723333 0 0 0 0
0.73 0 0 0 0
0.736667 0 0 0 0
0.743333 0 0 0 0
0.75 0 0 0 0
0.756667 0 0 0 0
0.763333 0 0 0 0
0.77 0 0 0 0
0.776667 0 0 0 0
0.783333 0 0 0 0
0.79 0 0 0 0
0.796667 0 0 0 0
0.803333 0 0 0 0
0.81 0 0 0 0
0.816667 0 0 0 0
0.823333 0 0 0 0
0.83 0 0 0 0
0.836667 0 0 0 0
0.843333 0 0 0 0
0.85 0 0 0 0
0.856667 0 0 0 0
0.863333 0 0 0 0
0.87 0 0 0 0
0.876667 0 0 0 0
0.883333 0 0 0 0
0.89 0 0 0 0
0.896667 0 0 0 0
0.903333 0 0 0 0
0.91 0 0 0 0
0.916667 0 0 0 0
0.923333 0 0 0 0
0.93 0 0 0 0
0.936667 0 0 0 0
0.943333 0 0 0 0
0.95 0 0 0 0
0.956667 0 0 0 0
0.963333 0 0 0 0
0.97 0 0 0 0
0.976667 0 0 0 0
0.983333 0 0 0 0
0.99 0 0 0 0
0.996667 0 0 0 0
1.00333 0 0 0 0
1.01 0 0 0 0
1.01667 0 0 0 0
1.02333 0 0 0 0
1.03 0 0 0 0
1.03667 0 0 0 0
1.04333 0 0 0 0
1.05 0 0 0 0
1.05667 0 0 0 0
1.06333 0 0 0 0
1.07 0 0 0 0
1.07667 0 0 0 0
1.08333 0 0 0 0
1.09 0 0 0 0
1.09667 0 0 0 0
1.10333 0 0 0 0
1.11 0 0 0 0
1.11667 0 0 0 0
1.12333 0 0 0 0
1.13 0 0 0 0
1.13667 0 0 0 0
1.14333 0 0 0 0
1.15 0 0 0 0
1.15667 0 0 0 0
1.16333 0 0 0 0
1.17 0 0 0 0
1.17667 0 0 0 0
1.18333 0 0 0 0
1.19 0 0 0 0
1.19667 0 0 0 0
1.20333 0 0 0 0
1.21 0 0 0 0
1.21667 0 0 0 0
1.22333 0 0 0 0
1.23 0 0 0 0
1.23667 0 0 0 0
1.24333 0 0 0 0
1.25 0 0 0 0
1.25667 0 0 0 0
1.26333 0 0 0 0
1.27 0 0 0 0
1.27667 0 0 0 0
1.28333 0 0 0 0
1.29 0 0 0 0
1.29667 0 0 0 0
1.30333 0 0 0 0
1.31 0 0 0 0
1.31667 0 0 0 0
1.32333 0 0 0 0
1.33 0 0 0 0
1.33667 0 0 0 0
1.34333 0 0 0 0
1.35 0 0 0 0
1.35667 0 0 0 0
1.36333 0 0 0 0
1.37 0 0 0 0
1.37667 0 0 0 0
1.38333 0 0 0 0
1.39 0 0 0 0
1.39667 0 0 0 0
1.40333 0 0 0 0
1.41 0 0 0 0
1.41667 0 0 0 0
1.42333 0 0 0 0
1.43 0 0 0 0
1.43667 0 0 0 0
1.44333 0 0 0 0
1.45 0 0 0 0
1.45667 0 0 0 0
1.46333 0 0 0 0
1.47 0 0 0 0
1.47667 0 0 0 0
1.48333 0 0 0 0
1.49 0 0 0 0
1.49667 0 0 0 0
1.50333 0 0 0 0
1.51 0 0 0 0
1.51667 0 0 0 0
1.52333 0 0 0 0
1.53 0 0 0 0
1.53667 0 0 0 0
1.54333 0 0 0 0
1.55 0 0 0 0
1.55667 0 0 0 0
1.56333 0 0 0 0
1.57 0 0 0 0
1.57667 0 0 0 0
1.58333 0 0 0 0
1.59 0 0 0 0
1.59667 0 0 0 0
1.60333 0 0 0 0
1.61 0 0 0 0
1.61667 0 0 0 0
1.62333 0 0 0 0
1.63 0 0 0 0
1.63667 0 0 0 0
1.64333 0 0 0 0
1.65 0 0 0 0
1.65667 0 0 0 0
1.66333 0 0 0 0
1.67 0 0 0 0
1.67667 0 0 0 0
1.68333 0 0 0 0
1.69 0 0 0 0
1.69667 0 0 0 0
1.70333 0 0 0 0
1.71 0 0 0 0
1.71667 0 0 0 0
1.72333 0 0 0 0
1.73 0 0 0 0
1.73667 0 0 0 0
1.74333 0 0 0 0
1.75 0 0 0 0
1.75667 0 0 0 0
1.76333 0 0 0 0
1.77 0 0 0 0
1.77667 0 0 0 0
1.78333 0 0 0 0
1.79 0 0 0 0
1.79667 0 0 0 0
1.80333 0 0 0 0
1.81 0 0 0 0
1.81667 0 0 0 0
1.82333 0 0 0 0
1.83 0 0 0 0
1.83667 0 0 0 0
1.84333 0 0 0 0
1.85 0 0 0 0
1.85667 0 0 0 0
1.86333 0 0 0 0
1.87 0 0 0 0
1.87667 0 0 0 0
1.88333 0 0 0 0
1.89 0 0 0 0
1.89667 0 0 0 0
1.90333 0 0 0 0
1.91 0 0 0 0
1.91667 0 0 0 0
1.92333 0 0 0 0
1.93 0 0 0 0
1.93667 0 0 0 0
1.94333 0 0 0 0
1.95 0 0 0 0
1.95667 0 0 0 0
1.96333 0 0 0 0
1.97 0 0 0 0
1.97667 0 0 0 0
1.98333 0 0 0 0
1.99 0 0 0 0
1.99667 0 0 0 0
