0.00333333 65 79 2 1
0.01 71 94 2 3
0.0166667 73 92 4 1
0.0233333 69 100 4 4
0.03 81 106 4 5
0.0366667 92 118 5 2
0.0433333 120 138 10 1
0.05 148 210 11 8
0.0566667 153 217 7 10
0.0633333 173 246 9 5
0.07 197 252 8 3
0.0766667 181 256 7 4
0.0833333 210 280 9 3
0.09 225 307 15 3
0.0966667 240 332 10 3
0.103333 202 278 7 8
0.11 226 284 7 6
0.116667 214 286 13 8
0.123333 212 314 8 3
0.13 175 285 11 8
0.136667 208 280 13 5
0.143333 206 263 10 3
0.15 203 269 12 2
0.156667 177 250 11 3
0.163333 171 249 7 4
0.17 182 236 12 3
0.176667 181 259 11 9
0.183333 190 300 6 4
0.19 208 256 8 14
0.196667 183 294 7 7
0.203333 167 263 6 4
0.21 192 228 5 7
0.216667 144 213 4 6
0.223333 169 223 4 8
0.23 140 208 6 1
0.236667 130 197 8 3
0.243333 142 214 3 3
0.25 117 186 7 6
0.256667 122 156 5 5
0.263333 113 167 3 3
0.27 119 167 3 4
0.276667 132 151 5 3
0.283333 101 154 3 3
0.29 86 124 4 2
0.296667 97 149 3 2
0.303333 96 132 6 3
0.31 108 130 10 6
0.316667 95 115 3 7
0.323333 99 113 8 1
0.33 83 120 7 3
0.336667 96 114 5 2
0.343333 84 104 6 3
0.35 93 106 6 4
0.356667 59 107 3 2
0.363333 75 83 5 0
0.37 66 101 3 2
0.376667 70 126 9 6
0.383333 71 101 2 2
0.39 63 98 5 0
0.396667 79 99 2 2
0.403333 77 91 2 3
0.41 69 100 3 1
0.416667 55 84 1 4
0.423333 64 92 6 0
0.43 68 106 3 3
0.436667 69 90 2 3
0.443333 62 89 5 6
0.45 61 89 7 1
0.456667 73 114 5 5
0.463333 74 83 5 2
0.47 61 86 1 1
0.476667 62 85 3 3
0.483333 46 57 6 5
0.49 55 65 3 2
0.496667 39 55 6 0
0.503333 33 56 4 0
0.51 38 49 2 3
0.516667 31 46 2 2
0.523333 36 49 4 1
0.53 34 39 2 0
0.536667 34 52 1 1
0.543333 33 31 4 1
0.55 35 42 1 2
0.556667 35 30 4 3
0.563333 33 42 3 2
0.57 29 43 3 4
0.576667 26 45 4 1
0.583333 33 44 1 0
0.59 24 32 0 0
0.596667 35 40 1 2
0.603333 27 48 5 3
0.61 28 34 1 2
0.616667 31 35 6 3
0.623333 26 39 1 3
0.63 38 36 0 2
0.636667 30 43 0 1
0.643333 34 33 2 1
0.65 26 24 2 1
0.656667 21 31 5 6
0.663333 2162 3085 58 76
0.67 0 0 0 0
0.676667 0 0 0 0
0.683333 0 0 0 0
0.69 0 0 0 0
0.696667 0 0 0 0
0.703333 0 0 0 0
0.71 0 0 0 0
0.716667 0 0 0 0
0.723333 0 0 0 0
0.73 0 0 0 0
0.736667 0 0 0 0
0.743333 0 0 0 0
0.75 0 0 0 0
0.756667 0 0 0 0
0.763333 0 0 0 0
0.77 0 0 0 0
0.776667 0 0 0 0
0.783333 0 0 0 0
0.79 0 0 0 0
0.796667 0 0 0 0
0.803333 0 0 0 0
0.81 0 0 0 0
0.816667 0 0 0 0
0.823333 0 0 0 0
0.83 0 0 0 0
0.836667 0 0 0 0
0.843333 0 0 0 0
0.85 0 0 0 0
0.856667 0 0 0 0
0.863333 0 0 0 0
0.87 0 0 0 0
0.876667 0 0 0 0
0.883333 0 0 0 0
0.89 0 0 0 0
0.896667 0 0 0 0
0.903333 0 0 0 0
0.91 0 0 0 0
0.916667 0 0 0 0
0.923333 0 0 0 0
0.93 0 0 0 0
0.936667 0 0 0 0
0.943333 0 0 0 0
0.95 0 0 0 0
0.956667 0 0 0 0
0.963333 0 0 0 0
0.97 0 0 0 0
0.976667 0 0 0 0
0.983333 0 0 0 0
0.99 0 0 0 0
0.996667 0 0 0 0
1.00333 0 0 0 0
1.01 0 0 0 0
1.01667 0 0 0 0
1.02333 0 0 0 0
1.03 0 0 0 0
1.03667 0 0 0 0
1.04333 0 0 0 0
1.05 0 0 0 0
1.05667 0 0 0 0
1.06333 0 0 0 0
1.07 0 0 0 0
1.07667 0 0 0 0
1.08333 0 0 0 0
1.09 0 0 0 0
1.09667 0 0 0 0
1.10333 0 0 0 0
1.11 0 0 0 0
1.11667 0 0 0 0
1.12333 0 0 0 0
1.13 0 0 0 0
1.13667 0 0 0 0
1.14333 0 0 0 0
1.15 0 0 0 0
1.15667 0 0 0 0
1.16333 0 0 0 0
1.17 0 0 0 0
1.17667 0 0 0 0
1.18333 0 0 0 0
1.19 0 0 0 0
1.19667 0 0 0 0
1.20333 0 0 0 0
1.21 0 0 0 0
1.21667 0 0 0 0
1.22333 0 0 0 0
1.23 0 0 0 0
1.23667 0 0 0 0
1.24333 0 0 0 0
1.25 0 0 0 0
1.25667 0 0 0 0
1.26333 0 0 0 0
1.27 0 0 0 0
1.27667 0 0 0 0
1.28333 0 0 0 0
1.29 0 0 0 0
1.29667 0 0 0 0
1.30333 0 0 0 0
1.31 0 0 0 0
1.31667 0 0 0 0
1.32333 0 0 0 0
1.33 0 0 0 0
1.33667 0 0 0 0
1.34333 0 0 0 0
1.35 0 0 0 0
1.35667 0 0 0 0
1.36333 0 0 0 0
1.37 0 0 0 0
1.37667 0 0 0 0
1.38333 0 0 0 0
1.39 0 0 0 0
1.39667 0 0 0 0
1.40333 0 0 0 0
1.41 0 0 0 0
1.41667 0 0 0 0
1.42333 0 0 0 0
1.43 0 0 0 0
1.43667 0 0 0 0
1.44333 0 0 0 0
1.45 0 0 0 0
1.45667 0 0 0 0
1.46333 0 0 0 0
1.47 0 0 0 0
1.47667 0 0 0 0
1.48333 0 0 0 0
1.49 0 0 0 0
1.49667 0 0 0 0
1.50333 0 0 0 0
1.51 0 0 0 0
1.51667 0 0 0 0
1.52333 0 0 0 0
1.53 0 0 0 0
1.53667 0 0 0 0
1.54333 0 0 0 0
1.55 0 0 0 0
1.55667 0 0 0 0
1.56333 0 0 0 0
1.57 0 0 0 0
1.57667 0 0 0 0
1.58333 0 0 0 0
1.59 0 0 0 0
1.59667 0 0 0 0
1.60333 0 0 0 0
1.61 0 0 0 0
1.61667 0 0 0 0
1.62333 0 0 0 0
1.63 0 0 0 0
1.63667 0 0 0 0
1.64333 0 0 0 0
1.65 0 0 0 0
1.65667 0 0 0 0
1.66333 0 0 0 0
1.67 0 0 0 0
1.67667 0 0 0 0
1.68333 0 0 0 0
1.69 0 0 0 0
1.69667 0 0 0 0
1.70333 0 0 0 0
1.71 0 0 0 0
1.71667 0 0 0 0
1.72333 0 0 0 0
1.73 0 0 0 0
1.73667 0 0 0 0
1.74333 0 0 0 0
1.75 0 0 0 0
1.75667 0 0 0 0
1.76333 0 0 0 0
1.77 0 0 0 0
1.77667 0 0 0 0
1.78333 0 0 0 0
1.79 0 0 0 0
1.79667 0 0 0 0
1.80333 0 0 0 0
1.81 0 0 0 0
1.81667 0 0 0 0
1.82333 0 0 0 0
1.83 0 0 0 0
1.83667 0 0 0 0
1.84333 0 0 0 0
1.85 0 0 0 0
1.85667 0 0 0 0
1.86333 0 0 0 0
1.87 0 0 0 0
1.87667 0 0 0 0
1.88333 0 0 0 0
1.89 0 0 0 0
1.89667 0 0 0 0
1.90333 0 0 0 0
1.91 0 0 0 0
1.91667 0 0 0 0
1.92333 0 0 0 0
1.93 0 0 0 0
1.93667 0 0 0 0
1.94333 0 0 0 0
1.95 0 0 0 0
1.95667 0 0 0 0
1.96333 0 0 0 0
1.97 0 0 0 0
1.97667 0 0 0 0
1.98333 0 0 0 0
1.99 0 0 0 0
1.99667 0 0 0 0
