0.00333333 18 36 5 1
0.01 41 65 3 1
0.0166667 29 64 7 0
0.0233333 29 74 5 1
0.03 37 83 9 2
0.0366667 56 107 6 4
0.0433333 69 116 12 0
0.05 101 152 6 4
0.0566667 107 190 19 3
0.0633333 118 210 13 5
0.07 131 213 20 6
0.0766667 127 227 22 4
0.0833333 148 217 20 3
0.09 137 231 19 3
0.0966667 127 243 22 0
0.103333 123 227 16 5
0.11 129 213 13 1
0.116667 109 221 23 2
0.123333 115 214 23 2
0.13 114 194 19 7
0.136667 96 177 13 6
0.143333 98 181 24 0
0.15 91 167 11 6
0.156667 76 209 14 4
0.163333 92 161 13 6
0.17 90 173 20 0
0.176667 83 144 24 4
0.183333 84 175 22 4
0.19 91 164 17 0
0.196667 90 167 21 2
0.203333 69 163 14 6
0.21 78 136 12 3
0.216667 74 141 12 1
0.223333 73 139 19 4
0.23 65 142 6 1
0.236667 87 157 13 3
0.243333 80 123 16 2
0.25 57 117 17 2
0.256667 49 98 15 3
0.263333 60 101 7 1
0.27 49 101 11 2
0.276667 70 112 10 1
0.283333 47 104 13 3
0.29 52 73 12 1
0.296667 44 103 3 0
0.303333 53 86 9 3
0.31 41 102 10 1
0.316667 45 92 15 1
0.323333 54 66 6 0
0.33 51 74 10 2
0.336667 41 82 7 1
0.343333 52 67 6 1
0.35 36 73 9 2
0.356667 34 80 9 0
0.363333 33 89 9 0
0.37 36 73 11 2
0.376667 37 76 5 2
0.383333 32 72 10 0
0.39 33 70 7 2
0.396667 35 62 10 2
0.403333 24 64 3 1
0.41 39 77 9 1
0.416667 35 65 10 0
0.423333 31 71 2 3
0.43 32 56 9 1
0.436667 25 58 4 1
0.443333 36 53 10 0
0.45 29 53 13 0
0.456667 22 54 9 2
0.463333 33 59 4 4
0.47 29 53 5 1
0.476667 25 45 9 2
0.483333 17 37 3 0
0.49 31 41 6 2
0.496667 26 29 4 0
0.503333 24 34 7 1
0.51 23 28 3 0
0.516667 26 33 7 0
0.523333 18 39 4 0
0.53 26 29 7 0
0.536667 17 35 9 1
0.543333 18 39 5 1
0.55 18 22 4 0
0.556667 17 39 5 0
0.563333 24 24 3 0
0.57 21 38 4 0
0.576667 12 30 7 0
0.583333 15 29 3 1
0.59 10 29 6 2
0.596667 19 46 2 0
0.603333 13 36 7 2
0.61 11 22 5 1
0.616667 11 25 2 2
0.623333 18 24 7 0
0.63 21 29 4 1
0.636667 8 35 5 1
0.643333 15 33 5 1
0.65 15 34 8 2
0.656667 15 27 5 0
0.663333 610 1505 170 12
0.67 0 0 0 0
0.676667 0 0 0 0
0.683333 0 0 0 0
0.69 0 0 0 0
0.696667 0 0 0 0
0.703333 0 0 0 0
0.71 0 0 0 0
0.716667 0 0 0 0
0.723333 0 0 0 0
0.73 0 0 0 0
0.736667 0 0 0 0
0.743333 0 0 0 0
0.75 0 0 0 0
0.756667 0 0 0 0
0.763333 0 0 0 0
0.77 0 0 0 0
0.776667 0 0 0 0
0.783333 0 0 0 0
0.79 0 0 0 0
0.796667 0 0 0 0
0.803333 0 0 0 0
0.81 0 0 0 0
0.816667 0 0 0 0
0.823333 0 0 0 0
0.83 0 0 0 0
0.836667 0 0 0 0
0.843333 0 0 0 0
0.85 0 0 0 0
0.856667 0 0 0 0
0.863333 0 0 0 0
0.87 0 0 0 0
0.876667 0 0 0 0
0.883333 0 0 0 0
0.89 0 0 0 0
0.896667 0 0 0 0
0.903333 0 0 0 0
0.91 0 0 0 0
0.916667 0 0 0 0
0.923333 0 0 0 0
0.93 0 0 0 0
0.936667 0 0 0 0
0.943333 0 0 0 0
0.95 0 0 0 0
0.956667 0 0 0 0
0.963333 0 0 0 0
0.97 0 0 0 0
0.976667 0 0 0 0
0.983333 0 0 0 0
0.99 0 0 0 0
0.996667 0 0 0 0
1.00333 0 0 0 0
1.01 0 0 0 0
1.01667 0 0 0 0
1.02333 0 0 0 0
1.03 0 0 0 0
1.03667 0 0 0 0
1.04333 0 0 0 0
1.05 0 0 0 0
1.05667 0 0 0 0
1.06333 0 0 0 0
1.07 0 0 0 0
1.07667 0 0 0 0
1.08333 0 0 0 0
1.09 0 0 0 0
1.09667 0 0 0 0
1.10333 0 0 0 0
1.11 0 0 0 0
1.11667 0 0 0 0
1.12333 0 0 0 0
1.13 0 0 0 0
1.13667 0 0 0 0
1.14333 0 0 0 0
1.15 0 0 0 0
1.15667 0 0 0 0
1.16333 0 0 0 0
1.17 0 0 0 0
1.17667 0 0 0 0
1.18333 0 0 0 0
1.19 0 0 0 0
1.19667 0 0 0 0
1.20333 0 0 0 0
1.21 0 0 0 0
1.21667 0 0 0 0
1.22333 0 0 0 0
1.23 0 0 0 0
1.23667 0 0 0 0
1.24333 0 0 0 0
1.25 0 0 0 0
1.25667 0 0 0 0
1.26333 0 0 0 0
1.27 0 0 0 0
1.27667 0 0 0 0
1.28333 0 0 0 0
1.29 0 0 0 0
1.29667 0 0 0 0
1.30333 0 0 0 0
1.31 0 0 0 0
1.31667 0 0 0 0
1.32333 0 0 0 0
1.33 0 0 0 0
1.33667 0 0 0 0
1.34333 0 0 0 0
1.35 0 0 0 0
1.35667 0 0 0 0
1.36333 0 0 0 0
1.37 0 0 0 0
1.37667 0 0 0 0
1.38333 0 0 0 0
1.39 0 0 0 0
1.39667 0 0 0 0
1.40333 0 0 0 0
1.41 0 0 0 0
1.41667 0 0 0 0
1.42333 0 0 0 0
1.43 0 0 0 0
1.43667 0 0 0 0
1.44333 0 0 0 0
1.45 0 0 0 0
1.45667 0 0 0 0
1.46333 0 0 0 0
1.47 0 0 0 0
1.47667 0 0 0 0
1.48333 0 0 0 0
1.49 0 0 0 0
1.49667 0 0 0 0
1.50333 0 0 0 0
1.51 0 0 0 0
1.51667 0 0 0 0
1.52333 0 0 0 0
1.53 0 0 0 0
1.53667 0 0 0 0
1.54333 0 0 0 0
1.55 0 0 0 0
1.55667 0 0 0 0
1.56333 0 0 0 0
1.57 0 0 0 0
1.57667 0 0 0 0
1.58333 0 0 0 0
1.59 0 0 0 0
1.59667 0 0 0 0
1.60333 0 0 0 0
1.61 0 0 0 0
1.61667 0 0 0 0
1.62333 0 0 0 0
1.63 0 0 0 0
1.63667 0 0 0 0
1.64333 0 0 0 0
1.65 0 0 0 0
1.65667 0 0 0 0
1.66333 0 0 0 0
1.67 0 0 0 0
1.67667 0 0 0 0
1.68333 0 0 0 0
1.69 0 0 0 0
1.69667 0 0 0 0
1.70333 0 0 0 0
1.71 0 0 0 0
1.71667 0 0 0 0
1.72333 0 0 0 0
1.73 0 0 0 0
1.73667 0 0 0 0
1.74333 0 0 0 0
1.75 0 0 0 0
1.75667 0 0 0 0
1.76333 0 0 0 0
1.77 0 0 0 0
1.77667 0 0 0 0
1.78333 0 0 0 0
1.79 0 0 0 0
1.79667 0 0 0 0
1.80333 0 0 0 0
1.81 0 0 0 0
1.81667 0 0 0 0
1.82333 0 0 0 0
1.83 0 0 0 0
1.83667 0 0 0 0
1.84333 0 0 0 0
1.85 0 0 0 0
1.85667 0 0 0 0
1.86333 0 0 0 0
1.87 0 0 0 0
1.87667 0 0 0 0
1.88333 0 0 0 0
1.89 0 0 0 0
1.89667 0 0 0 0
1.90333 0 0 0 0
1.91 0 0 0 0
1.91667 0 0 0 0
1.92333 0 0 0 0
1.93 0 0 0 0
1.93667 0 0 0 0
1.94333 0 0 0 0
1.95 0 0 0 0
1.95667 0 0 0 0
1.96333 0 0 0 0
1.97 0 0 0 0
1.97667 0 0 0 0
1.98333 0 0 0 0
1.99 0 0 0 0
1.99667 0 0 0 0
