0.00333333 105 21 0 3
0.01 105 18 0 1
0.0166667 116 22 1 2
0.0233333 116 19 1 1
0.03 140 26 2 0
0.0366667 142 28 1 1
0.0433333 142 40 2 2
0.05 201 45 0 1
0.0566667 204 57 2 0
0.0633333 217 56 5 1
0.07 236 48 4 0
0.0766667 261 69 4 1
0.0833333 313 61 1 4
0.09 247 53 1 2
0.0966667 269 58 0 4
0.103333 267 58 1 4
0.11 300 59 3 2
0.116667 320 53 5 3
0.123333 338 58 2 2
0.13 317 67 3 4
0.136667 308 51 1 2
0.143333 286 58 0 3
0.15 283 53 0 1
0.156667 294 56 2 0
0.163333 290 45 0 1
0.17 270 47 1 1
0.176667 261 49 2 0
0.183333 283 48 0 2
0.19 383 50 0 2
0.196667 350 50 0 2
0.203333 325 56 1 2
0.21 302 35 1 1
0.216667 285 53 3 2
0.223333 277 38 3 1
0.23 301 38 1 2
0.236667 256 43 0 0
0.243333 259 44 3 4
0.25 261 49 1 1
0.256667 238 43 2 2
0.263333 222 41 4 2
0.27 214 41 2 1
0.276667 205 43 0 1
0.283333 198 36 0 1
0.29 218 23 3 1
0.296667 189 22 1 2
0.303333 181 32 2 3
0.31 180 31 1 0
0.316667 170 28 1 2
0.323333 129 28 2 2
0.33 148 37 1 1
0.336667 147 32 0 2
0.343333 143 24 1 1
0.35 158 27 3 1
0.356667 127 23 0 2
0.363333 141 16 2 1
0.37 119 21 3 2
0.376667 126 27 2 3
0.383333 125 27 3 0
0.39 119 31 0 2
0.396667 146 18 1 0
0.403333 125 24 0 0
0.41 135 23 0 3
0.416667 116 23 0 1
0.423333 127 20 3 2
0.43 117 20 2 4
0.436667 123 24 0 0
0.443333 149 20 1 3
0.45 120 21 1 3
0.456667 115 19 1 1
0.463333 130 23 0 2
0.47 136 25 0 1
0.476667 111 25 1 0
0.483333 67 13 1 2
0.49 63 11 2 3
0.496667 70 20 0 0
0.503333 76 12 2 3
0.51 71 20 2 0
0.516667 49 13 0 0
0.523333 63 13 0 2
0.53 54 18 0 1
0.536667 49 12 0 1
0.543333 48 21 1 1
0.55 54 13 0 1
0.556667 60 13 1 1
0.563333 45 8 0 1
0.57 38 12 3 0
0.576667 42 20 0 2
0.583333 54 16 0 0
0.59 47 17 0 0
0.596667 56 7 0 1
0.603333 45 19 1 0
0.61 46 11 1 1
0.616667 52 17 0 4
0.623333 48 5 0 2
0.63 46 15 0 1
0.636667 54 16 1 1
0.643333 51 11 0 0
0.65 37 17 1 1
0.656667 45 14 0 0
0.663333 5413 529 9 36
0.67 0 0 0 0
0.676667 0 0 0 0
0.683333 0 0 0 0
0.69 0 0 0 0
0.696667 0 0 0 0
0.703333 0 0 0 0
0.71 0 0 0 0
0.716667 0 0 0 0
0.723333 0 0 0 0
0.73 0 0 0 0
0.736667 0 0 0 0
0.743333 0 0 0 0
0.75 0 0 0 0
0.756667 0 0 0 0
0.763333 0 0 0 0
0.77 0 0 0 0
0.776667 0 0 0 0
0.783333 0 0 0 0
0.79 0 0 0 0
0.796667 0 0 0 0
0.803333 0 0 0 0
0.81 0 0 0 0
0.816667 0 0 0 0
0.823333 0 0 0 0
0.83 0 0 0 0
0.836667 0 0 0 0
0.843333 0 0 0 0
0.85 0 0 0 0
0.856667 0 0 0 0
0.863333 0 0 0 0
0.87 0 0 0 0
0.876667 0 0 0 0
0.883333 0 0 0 0
0.89 0 0 0 0
0.896667 0 0 0 0
0.903333 0 0 0 0
0.91 0 0 0 0
0.916667 0 0 0 0
0.923333 0 0 0 0
0.93 0 0 0 0
0.936667 0 0 0 0
0.943333 0 0 0 0
0.95 0 0 0 0
0.956667 0 0 0 0
0.963333 0 0 0 0
0.97 0 0 0 0
0.976667 0 0 0 0
0.983333 0 0 0 0
0.99 0 0 0 0
0.996667 0 0 0 0
1.00333 0 0 0 0
1.01 0 0 0 0
1.01667 0 0 0 0
1.02333 0 0 0 0
1.03 0 0 0 0
1.03667 0 0 0 0
1.04333 0 0 0 0
1.05 0 0 0 0
1.05667 0 0 0 0
1.06333 0 0 0 0
1.07 0 0 0 0
1.07667 0 0 0 0
1.08333 0 0 0 0
1.09 0 0 0 0
1.09667 0 0 0 0
1.10333 0 0 0 0
1.11 0 0 0 0
1.11667 0 0 0 0
1.12333 0 0 0 0
1.13 0 0 0 0
1.13667 0 0 0 0
1.14333 0 0 0 0
1.15 0 0 0 0
1.15667 0 0 0 0
1.16333 0 0 0 0
1.17 0 0 0 0
1.17667 0 0 0 0
1.18333 0 0 0 0
1.19 0 0 0 0
1.19667 0 0 0 0
1.20333 0 0 0 0
1.21 0 0 0 0
1.21667 0 0 0 0
1.22333 0 0 0 0
1.23 0 0 0 0
1.23667 0 0 0 0
1.24333 0 0 0 0
1.25 0 0 0 0
1.25667 0 0 0 0
1.26333 0 0 0 0
1.27 0 0 0 0
1.27667 0 0 0 0
1.28333 0 0 0 0
1.29 0 0 0 0
1.29667 0 0 0 0
1.30333 0 0 0 0
1.31 0 0 0 0
1.31667 0 0 0 0
1.32333 0 0 0 0
1.33 0 0 0 0
1.33667 0 0 0 0
1.34333 0 0 0 0
1.35 0 0 0 0
1.35667 0 0 0 0
1.36333 0 0 0 0
1.37 0 0 0 0
1.37667 0 0 0 0
1.38333 0 0 0 0
1.39 0 0 0 0
1.39667 0 0 0 0
1.40333 0 0 0 0
1.41 0 0 0 0
1.41667 0 0 0 0
1.42333 0 0 0 0
1.43 0 0 0 0
1.43667 0 0 0 0
1.44333 0 0 0 0
1.45 0 0 0 0
1.45667 0 0 0 0
1.46333 0 0 0 0
1.47 0 0 0 0
1.47667 0 0 0 0
1.48333 0 0 0 0
1.49 0 0 0 0
1.49667 0 0 0 0
1.50333 0 0 0 0
1.51 0 0 0 0
1.51667 0 0 0 0
1.52333 0 0 0 0
1.53 0 0 0 0
1.53667 0 0 0 0
1.54333 0 0 0 0
1.55 0 0 0 0
1.55667 0 0 0 0
1.56333 0 0 0 0
1.57 0 0 0 0
1.57667 0 0 0 0
1.58333 0 0 0 0
1.59 0 0 0 0
1.59667 0 0 0 0
1.60333 0 0 0 0
1.61 0 0 0 0
1.61667 0 0 0 0
1.62333 0 0 0 0
1.63 0 0 0 0
1.63667 0 0 0 0
1.64333 0 0 0 0
1.65 0 0 0 0
1.65667 0 0 0 0
1.66333 0 0 0 0
1.67 0 0 0 0
1.67667 0 0 0 0
1.68333 0 0 0 0
1.69 0 0 0 0
1.69667 0 0 0 0
1.70333 0 0 0 0
1.71 0 0 0 0
1.71667 0 0 0 0
1.72333 0 0 0 0
1.73 0 0 0 0
1.73667 0 0 0 0
1.74333 0 0 0 0
1.75 0 0 0 0
1.75667 0 0 0 0
1.76333 0 0 0 0
1.77 0 0 0 0
1.77667 0 0 0 0
1.78333 0 0 0 0
1.79 0 0 0 0
1.79667 0 0 0 0
1.80333 0 0 0 0
1.81 0 0 0 0
1.81667 0 0 0 0
1.82333 0 0 0 0
1.83 0 0 0 0
1.83667 0 0 0 0
1.84333 0 0 0 0
1.85 0 0 0 0
1.85667 0 0 0 0
1.86333 0 0 0 0
1.87 0 0 0 0
1.87667 0 0 0 0
1.88333 0 0 0 0
1.89 0 0 0 0
1.89667 0 0 0 0
1.90333 0 0 0 0
1.91 0 0 0 0
1.91667 0 0 0 0
1.92333 0 0 0 0
1.93 0 0 0 0
1.93667 0 0 0 0
1.94333 0 0 0 0
1.95 0 0 0 0
1.95667 0 0 0 0
1.96333 0 0 0 0
1.97 0 0 0 0
1.97667 0 0 0 0
1.98333 0 0 0 0
1.99 0 0 0 0
1.99667 0 0 0 0
