0.00333333 168 10 1 3
0.01 198 19 0 5
0.0166667 216 21 0 0
0.0233333 199 16 2 1
0.03 199 25 0 4
0.0366667 254 28 2 0
0.0433333 261 32 2 1
0.05 314 58 2 3
0.0566667 315 48 2 3
0.0633333 337 55 3 3
0.07 371 65 2 2
0.0766667 378 62 3 2
0.0833333 427 62 1 2
0.09 413 91 4 3
0.0966667 408 73 3 3
0.103333 440 59 3 6
0.11 441 71 2 7
0.116667 496 65 2 2
0.123333 494 48 1 2
0.13 504 72 3 0
0.136667 483 66 1 2
0.143333 472 54 2 5
0.15 497 58 2 4
0.156667 481 46 5 3
0.163333 446 63 2 4
0.17 477 55 2 1
0.176667 454 52 1 1
0.183333 551 44 3 3
0.19 676 49 4 7
0.196667 673 51 0 3
0.203333 652 52 3 3
0.21 559 40 2 4
0.216667 518 43 0 4
0.223333 537 41 1 2
0.23 516 38 4 4
0.236667 440 44 0 4
0.243333 414 42 2 3
0.25 378 55 0 1
0.256667 347 43 1 1
0.263333 306 33 1 1
0.27 334 43 2 3
0.276667 287 30 1 2
0.283333 301 34 1 6
0.29 296 32 0 3
0.296667 252 32 1 3
0.303333 271 24 3 3
0.31 262 32 1 2
0.316667 227 33 2 3
0.323333 216 32 1 2
0.33 229 39 1 2
0.336667 236 26 1 3
0.343333 257 34 1 3
0.35 220 21 1 4
0.356667 203 25 0 1
0.363333 227 31 3 1
0.37 200 30 4 4
0.376667 211 22 2 1
0.383333 201 19 1 2
0.39 196 24 1 3
0.396667 202 18 0 5
0.403333 195 25 3 1
0.41 187 30 1 1
0.416667 194 27 0 2
0.423333 200 20 3 0
0.43 167 24 1 3
0.436667 255 22 0 6
0.443333 200 18 0 4
0.45 210 22 3 2
0.456667 227 26 0 4
0.463333 214 18 0 0
0.47 242 23 0 1
0.476667 185 26 0 4
0.483333 111 21 1 1
0.49 107 15 0 0
0.496667 80 17 0 0
0.503333 102 19 1 1
0.51 83 11 3 2
0.516667 82 16 3 4
0.523333 61 17 1 2
0.53 64 15 0 2
0.536667 84 13 1 1
0.543333 58 9 1 1
0.55 72 7 1 0
0.556667 67 9 0 4
0.563333 69 14 1 2
0.57 81 15 0 1
0.576667 74 15 2 0
0.583333 63 15 2 2
0.59 67 11 0 0
0.596667 56 9 2 1
0.603333 63 13 1 0
0.61 64 6 2 5
0.616667 55 9 2 0
0.623333 47 7 0 2
0.63 75 11 0 0
0.636667 86 14 0 1
0.643333 34 12 1 0
0.65 49 18 2 1
0.656667 52 8 3 1
0.663333 11059 480 12 77
0.67 0 0 0 0
0.676667 0 0 0 0
0.683333 0 0 0 0
0.69 0 0 0 0
0.696667 0 0 0 0
0.703333 0 0 0 0
0.71 0 0 0 0
0.716667 0 0 0 0
0.723333 0 0 0 0
0.73 0 0 0 0
0.736667 0 0 0 0
0.743333 0 0 0 0
0.75 0 0 0 0
0.756667 0 0 0 0
0.763333 0 0 0 0
0.77 0 0 0 0
0.776667 0 0 0 0
0.783333 0 0 0 0
0.79 0 0 0 0
0.796667 0 0 0 0
0.803333 0 0 0 0
0.81 0 0 0 0
0.816667 0 0 0 0
0.823333 0 0 0 0
0.83 0 0 0 0
0.836667 0 0 0 0
0.843333 0 0 0 0
0.85 0 0 0 0
0.856667 0 0 0 0
0.863333 0 0 0 0
0.87 0 0 0 0
0.876667 0 0 0 0
0.883333 0 0 0 0
0.89 0 0 0 0
0.896667 0 0 0 0
0.903333 0 0 0 0
0.91 0 0 0 0
0.916667 0 0 0 0
0.923333 0 0 0 0
0.93 0 0 0 0
0.936667 0 0 0 0
0.943333 0 0 0 0
0.95 0 0 0 0
0.956667 0 0 0 0
0.963333 0 0 0 0
0.97 0 0 0 0
0.976667 0 0 0 0
0.983333 0 0 0 0
0.99 0 0 0 0
0.996667 0 0 0 0
1.00333 0 0 0 0
1.01 0 0 0 0
1.01667 0 0 0 0
1.02333 0 0 0 0
1.03 0 0 0 0
1.03667 0 0 0 0
1.04333 0 0 0 0
1.05 0 0 0 0
1.05667 0 0 0 0
1.06333 0 0 0 0
1.07 0 0 0 0
1.07667 0 0 0 0
1.08333 0 0 0 0
1.09 0 0 0 0
1.09667 0 0 0 0
1.10333 0 0 0 0
1.11 0 0 0 0
1.11667 0 0 0 0
1.12333 0 0 0 0
1.13 0 0 0 0
1.13667 0 0 0 0
1.14333 0 0 0 0
1.15 0 0 0 0
1.15667 0 0 0 0
1.16333 0 0 0 0
1.17 0 0 0 0
1.17667 0 0 0 0
1.18333 0 0 0 0
1.19 0 0 0 0
1.19667 0 0 0 0
1.20333 0 0 0 0
1.21 0 0 0 0
1.21667 0 0 0 0
1.22333 0 0 0 0
1.23 0 0 0 0
1.23667 0 0 0 0
1.24333 0 0 0 0
1.25 0 0 0 0
1.25667 0 0 0 0
1.26333 0 0 0 0
1.27 0 0 0 0
1.27667 0 0 0 0
1.28333 0 0 0 0
1.29 0 0 0 0
1.29667 0 0 0 0
1.30333 0 0 0 0
1.31 0 0 0 0
1.31667 0 0 0 0
1.32333 0 0 0 0
1.33 0 0 0 0
1.33667 0 0 0 0
1.34333 0 0 0 0
1.35 0 0 0 0
1.35667 0 0 0 0
1.36333 0 0 0 0
1.37 0 0 0 0
1.37667 0 0 0 0
1.38333 0 0 0 0
1.39 0 0 0 0
1.39667 0 0 0 0
1.40333 0 0 0 0
1.41 0 0 0 0
1.41667 0 0 0 0
1.42333 0 0 0 0
1.43 0 0 0 0
1.43667 0 0 0 0
1.44333 0 0 0 0
1.45 0 0 0 0
1.45667 0 0 0 0
1.46333 0 0 0 0
1.47 0 0 0 0
1.47667 0 0 0 0
1.48333 0 0 0 0
1.49 0 0 0 0
1.49667 0 0 0 0
1.50333 0 0 0 0
1.51 0 0 0 0
1.51667 0 0 0 0
1.52333 0 0 0 0
1.53 0 0 0 0
1.53667 0 0 0 0
1.54333 0 0 0 0
1.55 0 0 0 0
1.55667 0 0 0 0
1.56333 0 0 0 0
1.57 0 0 0 0
1.57667 0 0 0 0
1.58333 0 0 0 0
1.59 0 0 0 0
1.59667 0 0 0 0
1.60333 0 0 0 0
1.61 0 0 0 0
1.61667 0 0 0 0
1.62333 0 0 0 0
1.63 0 0 0 0
1.63667 0 0 0 0
1.64333 0 0 0 0
1.65 0 0 0 0
1.65667 0 0 0 0
1.66333 0 0 0 0
1.67 0 0 0 0
1.67667 0 0 0 0
1.68333 0 0 0 0
1.69 0 0 0 0
1.69667 0 0 0 0
1.70333 0 0 0 0
1.71 0 0 0 0
1.71667 0 0 0 0
1.72333 0 0 0 0
1.73 0 0 0 0
1.73667 0 0 0 0
1.74333 0 0 0 0
1.75 0 0 0 0
1.75667 0 0 0 0
1.76333 0 0 0 0
1.77 0 0 0 0
1.77667 0 0 0 0
1.78333 0 0 0 0
1.79 0 0 0 0
1.79667 0 0 0 0
1.80333 0 0 0 0
1.81 0 0 0 0
1.81667 0 0 0 0
1.82333 0 0 0 0
1.83 0 0 0 0
1.83667 0 0 0 0
1.84333 0 0 0 0
1.85 0 0 0 0
1.85667 0 0 0 0
1.86333 0 0 0 0
1.87 0 0 0 0
1.87667 0 0 0 0
1.88333 0 0 0 0
1.89 0 0 0 0
1.89667 0 0 0 0
1.90333 0 0 0 0
1.91 0 0 0 0
1.91667 0 0 0 0
1.92333 0 0 0 0
1.93 0 0 0 0
1.93667 0 0 0 0
1.94333 0 0 0 0
1.95 0 0 0 0
1.95667 0 0 0 0
1.96333 0 0 0 0
1.97 0 0 0 0
1.97667 0 0 0 0
1.98333 0 0 0 0
1.99 0 0 0 0
1.99667 0 0 0 0
