0.00333333 11 11 12 2
0.01 15 16 7 4
0.0166667 18 27 8 1
0.0233333 19 30 6 0
0.03 20 43 10 3
0.0366667 20 38 10 1
0.0433333 36 45 19 0
0.05 43 78 23 2
0.0566667 41 79 15 4
0.0633333 58 90 23 2
0.07 56 97 27 3
0.0766667 47 92 30 4
0.0833333 67 80 26 5
0.09 43 97 33 3
0.0966667 59 91 30 3
0.103333 53 90 27 4
0.11 51 88 24 4
0.116667 50 81 29 7
0.123333 49 88 25 7
0.13 37 99 24 4
0.136667 47 89 27 5
0.143333 55 86 24 3
0.15 38 59 14 5
0.156667 42 64 17 4
0.163333 31 58 13 4
0.17 45 79 15 4
0.176667 36 55 21 8
0.183333 29 59 23 6
0.19 36 55 25 4
0.196667 33 54 29 3
0.203333 32 49 32 2
0.21 34 56 19 1
0.216667 42 48 26 3
0.223333 41 51 16 6
0.23 32 45 23 5
0.236667 29 51 13 3
0.243333 30 40 15 5
0.25 31 61 16 4
0.256667 32 41 17 5
0.263333 25 54 11 4
0.27 20 41 14 3
0.276667 25 40 15 3
0.283333 29 37 12 5
0.29 30 41 10 1
0.296667 30 41 16 1
0.303333 28 33 6 4
0.31 28 38 12 4
0.316667 16 32 14 0
0.323333 21 31 17 2
0.33 28 32 13 4
0.336667 24 27 9 2
0.343333 15 36 13 3
0.35 19 36 12 3
0.356667 30 34 12 2
0.363333 26 31 7 0
0.37 14 40 12 0
0.376667 26 31 13 3
0.383333 20 29 6 3
0.39 22 28 9 0
0.396667 28 24 6 2
0.403333 12 26 13 2
0.41 10 39 8 2
0.416667 19 22 10 0
0.423333 10 32 6 2
0.43 13 25 6 2
0.436667 18 16 4 1
0.443333 13 14 10 0
0.45 13 22 4 4
0.456667 16 22 9 1
0.463333 15 26 4 4
0.47 17 19 13 5
0.476667 20 25 4 1
0.483333 14 13 4 1
0.49 16 15 11 2
0.496667 16 21 6 2
0.503333 14 15 9 1
0.51 10 13 8 0
0.516667 12 13 6 1
0.523333 7 14 4 3
0.53 14 13 6 2
0.536667 9 8 7 2
0.543333 11 18 4 2
0.55 6 11 5 0
0.556667 5 11 5 1
0.563333 9 16 5 0
0.57 9 8 8 2
0.576667 9 7 3 0
0.583333 12 16 5 3
0.59 9 15 3 2
0.596667 10 14 9 1
0.603333 14 9 4 2
0.61 7 12 5 6
0.616667 10 12 3 1
0.623333 12 18 9 0
0.63 15 12 7 0
0.636667 7 14 8 2
0.643333 8 12 6 0
0.65 7 15 8 1
0.656667 11 19 4 2
0.663333 365 435 206 39
0.67 0 0 0 0
0.676667 0 0 0 0
0.683333 0 0 0 0
0.69 0 0 0 0
0.696667 0 0 0 0
0.703333 0 0 0 0
0.71 0 0 0 0
0.716667 0 0 0 0
0.723333 0 0 0 0
0.73 0 0 0 0
0.736667 0 0 0 0
0.743333 0 0 0 0
0.75 0 0 0 0
0.756667 0 0 0 0
0.763333 0 0 0 0
0.77 0 0 0 0
0.776667 0 0 0 0
0.783333 0 0 0 0
0.79 0 0 0 0
0.796667 0 0 0 0
0.803333 0 0 0 0
0.81 0 0 0 0
0.816667 0 0 0 0
0.823333 0 0 0 0
0.83 0 0 0 0
0.836667 0 0 0 0
0.843333 0 0 0 0
0.85 0 0 0 0
0.856667 0 0 0 0
0.863333 0 0 0 0
0.87 0 0 0 0
0.876667 0 0 0 0
0.883333 0 0 0 0
0.89 0 0 0 0
0.896667 0 0 0 0
0.903333 0 0 0 0
0.91 0 0 0 0
0.916667 0 0 0 0
0.923333 0 0 0 0
0.93 0 0 0 0
0.936667 0 0 0 0
0.943333 0 0 0 0
0.95 0 0 0 0
0.956667 0 0 0 0
0.963333 0 0 0 0
0.97 0 0 0 0
0.976667 0 0 0 0
0.983333 0 0 0 0
0.99 0 0 0 0
0.996667 0 0 0 0
1.00333 0 0 0 0
1.01 0 0 0 0
1.01667 0 0 0 0
1.02333 0 0 0 0
1.03 0 0 0 0
1.03667 0 0 0 0
1.04333 0 0 0 0
1.05 0 0 0 0
1.05667 0 0 0 0
1.06333 0 0 0 0
1.07 0 0 0 0
1.07667 0 0 0 0
1.08333 0 0 0 0
1.09 0 0 0 0
1.09667 0 0 0 0
1.10333 0 0 0 0
1.11 0 0 0 0
1.11667 0 0 0 0
1.12333 0 0 0 0
1.13 0 0 0 0
1.13667 0 0 0 0
1.14333 0 0 0 0
1.15 0 0 0 0
1.15667 0 0 0 0
1.16333 0 0 0 0
1.17 0 0 0 0
1.17667 0 0 0 0
1.18333 0 0 0 0
1.19 0 0 0 0
1.19667 0 0 0 0
1.20333 0 0 0 0
1.21 0 0 0 0
1.21667 0 0 0 0
1.22333 0 0 0 0
1.23 0 0 0 0
1.23667 0 0 0 0
1.24333 0 0 0 0
1.25 0 0 0 0
1.25667 0 0 0 0
1.26333 0 0 0 0
1.27 0 0 0 0
1.27667 0 0 0 0
1.28333 0 0 0 0
1.29 0 0 0 0
1.29667 0 0 0 0
1.30333 0 0 0 0
1.31 0 0 0 0
1.31667 0 0 0 0
1.32333 0 0 0 0
1.33 0 0 0 0
1.33667 0 0 0 0
1.34333 0 0 0 0
1.35 0 0 0 0
1.35667 0 0 0 0
1.36333 0 0 0 0
1.37 0 0 0 0
1.37667 0 0 0 0
1.38333 0 0 0 0
1.39 0 0 0 0
1.39667 0 0 0 0
1.40333 0 0 0 0
1.41 0 0 0 0
1.41667 0 0 0 0
1.42333 0 0 0 0
1.43 0 0 0 0
1.43667 0 0 0 0
1.44333 0 0 0 0
1.45 0 0 0 0
1.45667 0 0 0 0
1.46333 0 0 0 0
1.47 0 0 0 0
1.47667 0 0 0 0
1.48333 0 0 0 0
1.49 0 0 0 0
1.49667 0 0 0 0
1.50333 0 0 0 0
1.51 0 0 0 0
1.51667 0 0 0 0
1.52333 0 0 0 0
1.53 0 0 0 0
1.53667 0 0 0 0
1.54333 0 0 0 0
1.55 0 0 0 0
1.55667 0 0 0 0
1.56333 0 0 0 0
1.57 0 0 0 0
1.57667 0 0 0 0
1.58333 0 0 0 0
1.59 0 0 0 0
1.59667 0 0 0 0
1.60333 0 0 0 0
1.61 0 0 0 0
1.61667 0 0 0 0
1.62333 0 0 0 0
1.63 0 0 0 0
1.63667 0 0 0 0
1.64333 0 0 0 0
1.65 0 0 0 0
1.65667 0 0 0 0
1.66333 0 0 0 0
1.67 0 0 0 0
1.67667 0 0 0 0
1.68333 0 0 0 0
1.69 0 0 0 0
1.69667 0 0 0 0
1.70333 0 0 0 0
1.71 0 0 0 0
1.71667 0 0 0 0
1.72333 0 0 0 0
1.73 0 0 0 0
1.73667 0 0 0 0
1.74333 0 0 0 0
1.75 0 0 0 0
1.75667 0 0 0 0
1.76333 0 0 0 0
1.77 0 0 0 0
1.77667 0 0 0 0
1.78333 0 0 0 0
1.79 0 0 0 0
1.79667 0 0 0 0
1.80333 0 0 0 0
1.81 0 0 0 0
1.81667 0 0 0 0
1.82333 0 0 0 0
1.83 0 0 0 0
1.83667 0 0 0 0
1.84333 0 0 0 0
1.85 0 0 0 0
1.85667 0 0 0 0
1.86333 0 0 0 0
1.87 0 0 0 0
1.87667 0 0 0 0
1.88333 0 0 0 0
1.89 0 0 0 0
1.89667 0 0 0 0
1.90333 0 0 0 0
1.91 0 0 0 0
1.91667 0 0 0 0
1.92333 0 0 0 0
1.93 0 0 0 0
1.93667 0 0 0 0
1.94333 0 0 0 0
1.95 0 0 0 0
1.95667 0 0 0 0
1.96333 0 0 0 0
1.97 0 0 0 0
1.97667 0 0 0 0
1.98333 0 0 0 0
1.99 0 0 0 0
1.99667 0 0 0 0
