0.00333333 26 70 2 0
0.01 47 100 1 2
0.0166667 29 86 1 0
0.0233333 51 99 3 0
0.03 49 103 2 0
0.0366667 60 111 1 1
0.0433333 82 137 5 0
0.05 102 130 2 1
0.0566667 103 172 2 2
0.0633333 120 177 7 0
0.07 142 196 5 1
0.0766667 131 215 5 1
0.0833333 138 199 9 2
0.09 151 223 6 0
0.0966667 153 228 7 7
0.103333 129 206 6 2
0.11 143 226 6 0
0.116667 140 215 5 2
0.123333 135 232 7 3
0.13 139 227 6 3
0.136667 133 228 8 4
0.143333 103 228 6 0
0.15 124 220 2 1
0.156667 96 234 10 0
0.163333 113 218 6 1
0.17 106 224 4 4
0.176667 83 206 12 3
0.183333 91 251 9 2
0.19 85 312 8 3
0.196667 104 273 9 1
0.203333 95 294 5 1
0.21 88 238 6 3
0.216667 98 226 5 1
0.223333 85 228 8 2
0.23 88 175 4 1
0.236667 70 211 9 0
0.243333 83 162 5 0
0.25 84 177 7 0
0.256667 70 202 5 0
0.263333 68 168 6 5
0.27 67 148 3 4
0.276667 62 149 2 2
0.283333 69 136 2 0
0.29 65 118 6 1
0.296667 53 143 7 1
0.303333 48 138 5 1
0.31 63 126 4 1
0.316667 64 123 5 0
0.323333 57 128 5 1
0.33 55 109 4 3
0.336667 64 113 1 2
0.343333 52 98 5 0
0.35 52 148 3 1
0.356667 48 89 5 1
0.363333 40 101 3 0
0.37 47 103 3 2
0.376667 40 109 3 0
0.383333 50 86 3 2
0.39 33 103 3 1
0.396667 37 107 6 1
0.403333 45 88 4 1
0.41 45 106 2 2
0.416667 39 82 4 1
0.423333 41 99 5 1
0.43 47 84 5 1
0.436667 39 81 3 1
0.443333 43 100 1 0
0.45 44 90 5 2
0.456667 40 97 2 1
0.463333 56 91 3 2
0.47 32 115 2 0
0.476667 30 64 1 1
0.483333 29 58 5 1
0.49 27 45 2 1
0.496667 32 37 2 2
0.503333 23 40 2 1
0.51 35 25 2 0
0.516667 29 32 6 0
0.523333 21 35 3 0
0.53 25 32 2 0
0.536667 27 37 1 0
0.543333 24 25 1 0
0.55 22 31 2 0
0.556667 26 34 1 1
0.563333 23 26 0 2
0.57 20 39 2 2
0.576667 21 33 1 0
0.583333 20 33 2 0
0.59 21 33 0 0
0.596667 17 31 3 1
0.603333 23 30 2 1
0.61 26 19 0 0
0.616667 23 29 2 0
0.623333 27 17 2 1
0.63 20 28 3 0
0.636667 30 41 3 0
0.643333 16 21 3 0
0.65 19 20 1 1
0.656667 20 21 0 0
0.663333 1039 4266 53 15
0.67 0 0 0 0
0.676667 0 0 0 0
0.683333 0 0 0 0
0.69 0 0 0 0
0.696667 0 0 0 0
0.703333 0 0 0 0
0.71 0 0 0 0
0.716667 0 0 0 0
0.723333 0 0 0 0
0.73 0 0 0 0
0.736667 0 0 0 0
0.743333 0 0 0 0
0.75 0 0 0 0
0.756667 0 0 0 0
0.763333 0 0 0 0
0.77 0 0 0 0
0.776667 0 0 0 0
0.783333 0 0 0 0
0.79 0 0 0 0
0.796667 0 0 0 0
0.803333 0 0 0 0
0.81 0 0 0 0
0.816667 0 0 0 0
0.823333 0 0 0 0
0.83 0 0 0 0
0.836667 0 0 0 0
0.843333 0 0 0 0
0.85 0 0 0 0
0.856667 0 0 0 0
0.863333 0 0 0 0
0.87 0 0 0 0
0.876667 0 0 0 0
0.883333 0 0 0 0
0.89 0 0 0 0
0.896667 0 0 0 0
0.903333 0 0 0 0
0.91 0 0 0 0
0.916667 0 0 0 0
0.923333 0 0 0 0
0.93 0 0 0 0
0.936667 0 0 0 0
0.943333 0 0 0 0
0.95 0 0 0 0
0.956667 0 0 0 0
0.963333 0 0 0 0
0.97 0 0 0 0
0.976667 0 0 0 0
0.983333 0 0 0 0
0.99 0 0 0 0
0.996667 0 0 0 0
1.00333 0 0 0 0
1.01 0 0 0 0
1.01667 0 0 0 0
1.02333 0 0 0 0
1.03 0 0 0 0
1.03667 0 0 0 0
1.04333 0 0 0 0
1.05 0 0 0 0
1.05667 0 0 0 0
1.06333 0 0 0 0
1.07 0 0 0 0
1.07667 0 0 0 0
1.08333 0 0 0 0
1.09 0 0 0 0
1.09667 0 0 0 0
1.10333 0 0 0 0
1.11 0 0 0 0
1.11667 0 0 0 0
1.12333 0 0 0 0
1.13 0 0 0 0
1.13667 0 0 0 0
1.14333 0 0 0 0
1.15 0 0 0 0
1.15667 0 0 0 0
1.16333 0 0 0 0
1.17 0 0 0 0
1.17667 0 0 0 0
1.18333 0 0 0 0
1.19 0 0 0 0
1.19667 0 0 0 0
1.20333 0 0 0 0
1.21 0 0 0 0
1.21667 0 0 0 0
1.22333 0 0 0 0
1.23 0 0 0 0
1.23667 0 0 0 0
1.24333 0 0 0 0
1.25 0 0 0 0
1.25667 0 0 0 0
1.26333 0 0 0 0
1.27 0 0 0 0
1.27667 0 0 0 0
1.28333 0 0 0 0
1.29 0 0 0 0
1.29667 0 0 0 0
1.30333 0 0 0 0
1.31 0 0 0 0
1.31667 0 0 0 0
1.32333 0 0 0 0
1.33 0 0 0 0
1.33667 0 0 0 0
1.34333 0 0 0 0
1.35 0 0 0 0
1.35667 0 0 0 0
1.36333 0 0 0 0
1.37 0 0 0 0
1.37667 0 0 0 0
1.38333 0 0 0 0
1.39 0 0 0 0
1.39667 0 0 0 0
1.40333 0 0 0 0
1.41 0 0 0 0
1.41667 0 0 0 0
1.42333 0 0 0 0
1.43 0 0 0 0
1.43667 0 0 0 0
1.44333 0 0 0 0
1.45 0 0 0 0
1.45667 0 0 0 0
1.46333 0 0 0 0
1.47 0 0 0 0
1.47667 0 0 0 0
1.48333 0 0 0 0
1.49 0 0 0 0
1.49667 0 0 0 0
1.50333 0 0 0 0
1.51 0 0 0 0
1.51667 0 0 0 0
1.52333 0 0 0 0
1.53 0 0 0 0
1.53667 0 0 0 0
1.54333 0 0 0 0
1.55 0 0 0 0
1.55667 0 0 0 0
1.56333 0 0 0 0
1.57 0 0 0 0
1.57667 0 0 0 0
1.58333 0 0 0 0
1.59 0 0 0 0
1.59667 0 0 0 0
1.60333 0 0 0 0
1.61 0 0 0 0
1.61667 0 0 0 0
1.62333 0 0 0 0
1.63 0 0 0 0
1.63667 0 0 0 0
1.64333 0 0 0 0
1.65 0 0 0 0
1.65667 0 0 0 0
1.66333 0 0 0 0
1.67 0 0 0 0
1.67667 0 0 0 0
1.68333 0 0 0 0
1.69 0 0 0 0
1.69667 0 0 0 0
1.70333 0 0 0 0
1.71 0 0 0 0
1.71667 0 0 0 0
1.72333 0 0 0 0
1.73 0 0 0 0
1.73667 0 0 0 0
1.74333 0 0 0 0
1.75 0 0 0 0
1.75667 0 0 0 0
1.76333 0 0 0 0
1.77 0 0 0 0
1.77667 0 0 0 0
1.78333 0 0 0 0
1.79 0 0 0 0
1.79667 0 0 0 0
1.80333 0 0 0 0
1.81 0 0 0 0
1.81667 0 0 0 0
1.82333 0 0 0 0
1.83 0 0 0 0
1.83667 0 0 0 0
1.84333 0 0 0 0
1.85 0 0 0 0
1.85667 0 0 0 0
1.86333 0 0 0 0
1.87 0 0 0 0
1.87667 0 0 0 0
1.88333 0 0 0 0
1.89 0 0 0 0
1.89667 0 0 0 0
1.90333 0 0 0 0
1.91 0 0 0 0
1.91667 0 0 0 0
1.92333 0 0 0 0
1.93 0 0 0 0
1.93667 0 0 0 0
1.94333 0 0 0 0
1.95 0 0 0 0
1.95667 0 0 0 0
1.96333 0 0 0 0
1.97 0 0 0 0
1.97667 0 0 0 0
1.98333 0 0 0 0
1.99 0 0 0 0
1.99667 0 0 0 0
