0.00333333 3 20 80 11
0.01 2 18 94 9
0.0166667 6 16 97 13
0.0233333 5 8 108 12
0.03 2 16 131 18
0.0366667 7 18 121 19
0.0433333 2 24 147 29
0.05 10 31 182 27
0.0566667 6 51 221 46
0.0633333 7 47 233 38
0.07 5 50 267 55
0.0766667 10 56 291 35
0.0833333 9 53 298 40
0.09 6 61 282 34
0.0966667 9 49 284 36
0.103333 8 44 284 39
0.11 5 58 324 35
0.116667 6 55 285 37
0.123333 10 54 322 42
0.13 16 50 293 31
0.136667 10 30 282 24
0.143333 7 44 310 36
0.15 6 34 287 23
0.156667 6 34 277 20
0.163333 4 46 263 31
0.17 11 42 263 20
0.176667 9 34 287 27
0.183333 7 48 250 27
0.19 8 33 349 20
0.196667 8 47 283 22
0.203333 5 40 300 18
0.21 4 35 280 20
0.216667 3 27 292 21
0.223333 8 28 232 21
0.23 4 20 236 24
0.236667 5 32 205 15
0.243333 2 38 204 16
0.25 6 27 205 14
0.256667 9 28 187 15
0.263333 2 27 179 16
0.27 7 12 166 18
0.276667 3 26 158 14
0.283333 4 13 154 17
0.29 5 28 148 14
0.296667 2 23 144 17
0.303333 2 21 133 23
0.31 2 24 149 16
0.316667 3 12 132 11
0.323333 3 28 134 13
0.33 6 15 113 13
0.336667 2 24 109 11
0.343333 2 15 124 16
0.35 1 21 113 10
0.356667 4 30 103 19
0.363333 1 13 115 13
0.37 2 22 99 11
0.376667 4 17 121 15
0.383333 4 17 99 8
0.39 4 15 108 11
0.396667 2 17 114 8
0.403333 1 14 110 12
0.41 1 8 96 9
0.416667 2 12 114 9
0.423333 2 14 96 13
0.43 0 13 105 15
0.436667 4 11 95 11
0.443333 1 21 95 9
0.45 1 13 105 9
0.456667 3 14 99 12
0.463333 2 14 84 5
0.47 2 20 97 9
0.476667 5 14 90 12
0.483333 4 11 64 5
0.49 1 8 55 7
0.496667 4 9 58 6
0.503333 2 7 62 8
0.51 1 14 45 7
0.516667 1 13 56 4
0.523333 2 10 40 5
0.53 4 8 48 8
0.536667 0 7 41 6
0.543333 3 2 38 1
0.55 1 9 41 3
0.556667 2 13 49 5
0.563333 2 14 45 5
0.57 2 10 38 7
0.576667 2 10 37 5
0.583333 2 12 40 5
0.59 2 5 39 5
0.596667 3 11 40 11
0.603333 1 7 42 1
0.61 1 11 35 7
0.616667 3 14 40 8
0.623333 1 13 33 3
0.63 4 8 33 4
0.636667 1 8 43 4
0.643333 1 11 38 9
0.65 4 4 28 7
0.656667 0 9 24 3
0.663333 32 293 3787 133
0.67 0 0 0 0
0.676667 0 0 0 0
0.683333 0 0 0 0
0.69 0 0 0 0
0.696667 0 0 0 0
0.703333 0 0 0 0
0.71 0 0 0 0
0.716667 0 0 0 0
0.723333 0 0 0 0
0.73 0 0 0 0
0.736667 0 0 0 0
0.743333 0 0 0 0
0.75 0 0 0 0
0.756667 0 0 0 0
0.763333 0 0 0 0
0.77 0 0 0 0
0.776667 0 0 0 0
0.783333 0 0 0 0
0.79 0 0 0 0
0.796667 0 0 0 0
0.803333 0 0 0 0
0.81 0 0 0 0
0.816667 0 0 0 0
0.823333 0 0 0 0
0.83 0 0 0 0
0.836667 0 0 0 0
0.843333 0 0 0 0
0.85 0 0 0 0
0.856667 0 0 0 0
0.863333 0 0 0 0
0.87 0 0 0 0
0.876667 0 0 0 0
0.883333 0 0 0 0
0.89 0 0 0 0
0.896667 0 0 0 0
0.903333 0 0 0 0
0.91 0 0 0 0
0.916667 0 0 0 0
0.923333 0 0 0 0
0.93 0 0 0 0
0.936667 0 0 0 0
0.943333 0 0 0 0
0.95 0 0 0 0
0.956667 0 0 0 0
0.963333 0 0 0 0
0.97 0 0 0 0
0.976667 0 0 0 0
0.983333 0 0 0 0
0.99 0 0 0 0
0.996667 0 0 0 0
1.00333 0 0 0 0
1.01 0 0 0 0
1.01667 0 0 0 0
1.02333 0 0 0 0
1.03 0 0 0 0
1.03667 0 0 0 0
1.04333 0 0 0 0
1.05 0 0 0 0
1.05667 0 0 0 0
1.06333 0 0 0 0
1.07 0 0 0 0
1.07667 0 0 0 0
1.08333 0 0 0 0
1.09 0 0 0 0
1.09667 0 0 0 0
1.10333 0 0 0 0
1.11 0 0 0 0
1.11667 0 0 0 0
1.12333 0 0 0 0
1.13 0 0 0 0
1.13667 0 0 0 0
1.14333 0 0 0 0
1.15 0 0 0 0
1.15667 0 0 0 0
1.16333 0 0 0 0
1.17 0 0 0 0
1.17667 0 0 0 0
1.18333 0 0 0 0
1.19 0 0 0 0
1.19667 0 0 0 0
1.20333 0 0 0 0
1.21 0 0 0 0
1.21667 0 0 0 0
1.22333 0 0 0 0
1.23 0 0 0 0
1.23667 0 0 0 0
1.24333 0 0 0 0
1.25 0 0 0 0
1.25667 0 0 0 0
1.26333 0 0 0 0
1.27 0 0 0 0
1.27667 0 0 0 0
1.28333 0 0 0 0
1.29 0 0 0 0
1.29667 0 0 0 0
1.30333 0 0 0 0
1.31 0 0 0 0
1.31667 0 0 0 0
1.32333 0 0 0 0
1.33 0 0 0 0
1.33667 0 0 0 0
1.34333 0 0 0 0
1.35 0 0 0 0
1.35667 0 0 0 0
1.36333 0 0 0 0
1.37 0 0 0 0
1.37667 0 0 0 0
1.38333 0 0 0 0
1.39 0 0 0 0
1.39667 0 0 0 0
1.40333 0 0 0 0
1.41 0 0 0 0
1.41667 0 0 0 0
1.42333 0 0 0 0
1.43 0 0 0 0
1.43667 0 0 0 0
1.44333 0 0 0 0
1.45 0 0 0 0
1.45667 0 0 0 0
1.46333 0 0 0 0
1.47 0 0 0 0
1.47667 0 0 0 0
1.48333 0 0 0 0
1.49 0 0 0 0
1.49667 0 0 0 0
1.50333 0 0 0 0
1.51 0 0 0 0
1.51667 0 0 0 0
1.52333 0 0 0 0
1.53 0 0 0 0
1.53667 0 0 0 0
1.54333 0 0 0 0
1.55 0 0 0 0
1.55667 0 0 0 0
1.56333 0 0 0 0
1.57 0 0 0 0
1.57667 0 0 0 0
1.58333 0 0 0 0
1.59 0 0 0 0
1.59667 0 0 0 0
1.60333 0 0 0 0
1.61 0 0 0 0
1.61667 0 0 0 0
1.62333 0 0 0 0
1.63 0 0 0 0
1.63667 0 0 0 0
1.64333 0 0 0 0
1.65 0 0 0 0
1.65667 0 0 0 0
1.66333 0 0 0 0
1.67 0 0 0 0
1.67667 0 0 0 0
1.68333 0 0 0 0
1.69 0 0 0 0
1.69667 0 0 0 0
1.70333 0 0 0 0
1.71 0 0 0 0
1.71667 0 0 0 0
1.72333 0 0 0 0
1.73 0 0 0 0
1.73667 0 0 0 0
1.74333 0 0 0 0
1.75 0 0 0 0
1.75667 0 0 0 0
1.76333 0 0 0 0
1.77 0 0 0 0
1.77667 0 0 0 0
1.78333 0 0 0 0
1.79 0 0 0 0
1.79667 0 0 0 0
1.80333 0 0 0 0
1.81 0 0 0 0
1.81667 0 0 0 0
1.82333 0 0 0 0
1.83 0 0 0 0
1.83667 0 0 0 0
1.84333 0 0 0 0
1.85 0 0 0 0
1.85667 0 0 0 0
1.86333 0 0 0 0
1.87 0 0 0 0
1.87667 0 0 0 0
1.88333 0 0 0 0
1.89 0 0 0 0
1.89667 0 0 0 0
1.90333 0 0 0 0
1.91 0 0 0 0
1.91667 0 0 0 0
1.92333 0 0 0 0
1.93 0 0 0 0
1.93667 0 0 0 0
1.94333 0 0 0 0
1.95 0 0 0 0
1.95667 0 0 0 0
1.96333 0 0 0 0
1.97 0 0 0 0
1.97667 0 0 0 0
1.98333 0 0 0 0
1.99 0 0 0 0
1.99667 0 0 0 0
