0.00333333 17 162 2 0
0.01 21 193 7 3
0.0166667 33 194 5 2
0.0233333 29 210 4 1
0.03 19 198 8 1
0.0366667 35 192 6 0
0.0433333 43 244 9 0
0.05 51 241 10 0
0.0566667 71 274 10 1
0.0633333 50 282 12 1
0.07 84 322 16 1
0.0766667 68 301 7 5
0.0833333 81 330 20 3
0.09 87 343 9 0
0.0966667 74 369 16 2
0.103333 83 330 14 4
0.11 78 327 15 3
0.116667 70 366 9 1
0.123333 63 415 15 0
0.13 59 389 9 2
0.136667 62 368 8 2
0.143333 62 398 8 1
0.15 57 397 7 1
0.156667 46 420 9 0
0.163333 50 390 12 0
0.17 56 425 13 5
0.176667 47 413 15 3
0.183333 52 512 12 2
0.19 39 719 13 1
0.196667 52 640 19 2
0.203333 59 610 19 1
0.21 52 553 9 1
0.216667 51 494 10 2
0.223333 45 424 12 1
0.23 43 373 13 2
0.236667 61 373 12 3
0.243333 55 365 11 3
0.25 42 340 8 0
0.256667 43 287 10 0
0.263333 40 273 8 1
0.27 34 252 8 2
0.276667 34 280 10 0
0.283333 26 278 6 1
0.29 22 228 7 2
0.296667 31 238 14 1
0.303333 35 232 6 1
0.31 31 255 4 1
0.316667 39 225 3 0
0.323333 37 201 12 1
0.33 33 193 4 1
0.336667 44 190 9 1
0.343333 25 178 8 1
0.35 30 198 9 0
0.356667 33 197 4 0
0.363333 29 189 8 0
0.37 32 193 7 1
0.376667 34 198 6 3
0.383333 17 159 10 2
0.39 25 174 5 0
0.396667 18 182 7 1
0.403333 20 189 7 2
0.41 22 168 8 4
0.416667 27 196 6 2
0.423333 29 193 5 1
0.43 30 190 7 0
0.436667 30 186 7 1
0.443333 23 191 6 0
0.45 15 196 3 1
0.456667 27 199 6 0
0.463333 33 204 5 0
0.47 20 231 4 1
0.476667 21 166 4 0
0.483333 17 87 2 0
0.49 15 76 7 1
0.496667 20 75 3 0
0.503333 25 65 4 0
0.51 6 69 3 0
0.516667 13 53 2 0
0.523333 15 69 3 1
0.53 17 56 1 0
0.536667 15 51 4 0
0.543333 16 48 4 0
0.55 14 46 3 0
0.556667 21 45 4 1
0.563333 11 30 0 0
0.57 16 41 0 0
0.576667 15 43 4 0
0.583333 20 53 2 1
0.59 14 45 6 1
0.596667 8 30 5 0
0.603333 12 43 2 4
0.61 21 25 2 0
0.616667 12 35 1 0
0.623333 15 40 3 0
0.63 7 41 2 0
0.636667 10 59 3 1
0.643333 7 34 2 1
0.65 11 29 0 1
0.656667 17 33 3 0
0.663333 565 11561 144 11
0.67 0 0 0 0
0.676667 0 0 0 0
0.683333 0 0 0 0
0.69 0 0 0 0
0.696667 0 0 0 0
0.703333 0 0 0 0
0.71 0 0 0 0
0.716667 0 0 0 0
0.723333 0 0 0 0
0.73 0 0 0 0
0.736667 0 0 0 0
0.743333 0 0 0 0
0.75 0 0 0 0
0.756667 0 0 0 0
0.763333 0 0 0 0
0.77 0 0 0 0
0.776667 0 0 0 0
0.783333 0 0 0 0
0.79 0 0 0 0
0.796667 0 0 0 0
0.803333 0 0 0 0
0.81 0 0 0 0
0.816667 0 0 0 0
0.823333 0 0 0 0
0.83 0 0 0 0
0.836667 0 0 0 0
0.843333 0 0 0 0
0.85 0 0 0 0
0.856667 0 0 0 0
0.863333 0 0 0 0
0.87 0 0 0 0
0.876667 0 0 0 0
0.883333 0 0 0 0
0.89 0 0 0 0
0.896667 0 0 0 0
0.903333 0 0 0 0
0.91 0 0 0 0
0.916667 0 0 0 0
0.923333 0 0 0 0
0.93 0 0 0 0
0.936667 0 0 0 0
0.943333 0 0 0 0
0.95 0 0 0 0
0.956667 0 0 0 0
0.963333 0 0 0 0
0.97 0 0 0 0
0.976667 0 0 0 0
0.983333 0 0 0 0
0.99 0 0 0 0
0.996667 0 0 0 0
1.00333 0 0 0 0
1.01 0 0 0 0
1.01667 0 0 0 0
1.02333 0 0 0 0
1.03 0 0 0 0
1.03667 0 0 0 0
1.04333 0 0 0 0
1.05 0 0 0 0
1.05667 0 0 0 0
1.06333 0 0 0 0
1.07 0 0 0 0
1.07667 0 0 0 0
1.08333 0 0 0 0
1.09 0 0 0 0
1.09667 0 0 0 0
1.10333 0 0 0 0
1.11 0 0 0 0
1.11667 0 0 0 0
1.12333 0 0 0 0
1.13 0 0 0 0
1.13667 0 0 0 0
1.14333 0 0 0 0
1.15 0 0 0 0
1.15667 0 0 0 0
1.16333 0 0 0 0
1.17 0 0 0 0
1.17667 0 0 0 0
1.18333 0 0 0 0
1.19 0 0 0 0
1.19667 0 0 0 0
1.20333 0 0 0 0
1.21 0 0 0 0
1.21667 0 0 0 0
1.22333 0 0 0 0
1.23 0 0 0 0
1.23667 0 0 0 0
1.24333 0 0 0 0
1.25 0 0 0 0
1.25667 0 0 0 0
1.26333 0 0 0 0
1.27 0 0 0 0
1.27667 0 0 0 0
1.28333 0 0 0 0
1.29 0 0 0 0
1.29667 0 0 0 0
1.30333 0 0 0 0
1.31 0 0 0 0
1.31667 0 0 0 0
1.32333 0 0 0 0
1.33 0 0 0 0
1.33667 0 0 0 0
1.34333 0 0 0 0
1.35 0 0 0 0
1.35667 0 0 0 0
1.36333 0 0 0 0
1.37 0 0 0 0
1.37667 0 0 0 0
1.38333 0 0 0 0
1.39 0 0 0 0
1.39667 0 0 0 0
1.40333 0 0 0 0
1.41 0 0 0 0
1.41667 0 0 0 0
1.42333 0 0 0 0
1.43 0 0 0 0
1.43667 0 0 0 0
1.44333 0 0 0 0
1.45 0 0 0 0
1.45667 0 0 0 0
1.46333 0 0 0 0
1.47 0 0 0 0
1.47667 0 0 0 0
1.48333 0 0 0 0
1.49 0 0 0 0
1.49667 0 0 0 0
1.50333 0 0 0 0
1.51 0 0 0 0
1.51667 0 0 0 0
1.52333 0 0 0 0
1.53 0 0 0 0
1.53667 0 0 0 0
1.54333 0 0 0 0
1.55 0 0 0 0
1.55667 0 0 0 0
1.56333 0 0 0 0
1.57 0 0 0 0
1.57667 0 0 0 0
1.58333 0 0 0 0
1.59 0 0 0 0
1.59667 0 0 0 0
1.60333 0 0 0 0
1.61 0 0 0 0
1.61667 0 0 0 0
1.62333 0 0 0 0
1.63 0 0 0 0
1.63667 0 0 0 0
1.64333 0 0 0 0
1.65 0 0 0 0
1.65667 0 0 0 0
1.66333 0 0 0 0
1.67 0 0 0 0
1.67667 0 0 0 0
1.68333 0 0 0 0
1.69 0 0 0 0
1.69667 0 0 0 0
1.70333 0 0 0 0
1.71 0 0 0 0
1.71667 0 0 0 0
1.72333 0 0 0 0
1.73 0 0 0 0
1.73667 0 0 0 0
1.74333 0 0 0 0
1.75 0 0 0 0
1.75667 0 0 0 0
1.76333 0 0 0 0
1.77 0 0 0 0
1.77667 0 0 0 0
1.78333 0 0 0 0
1.79 0 0 0 0
1.79667 0 0 0 0
1.80333 0 0 0 0
1.81 0 0 0 0
1.81667 0 0 0 0
1.82333 0 0 0 0
1.83 0 0 0 0
1.83667 0 0 0 0
1.84333 0 0 0 0
1.85 0 0 0 0
1.85667 0 0 0 0
1.86333 0 0 0 0
1.87 0 0 0 0
1.87667 0 0 0 0
1.88333 0 0 0 0
1.89 0 0 0 0
1.89667 0 0 0 0
1.90333 0 0 0 0
1.91 0 0 0 0
1.91667 0 0 0 0
1.92333 0 0 0 0
1.93 0 0 0 0
1.93667 0 0 0 0
1.94333 0 0 0 0
1.95 0 0 0 0
1.95667 0 0 0 0
1.96333 0 0 0 0
1.97 0 0 0 0
1.97667 0 0 0 0
1.98333 0 0 0 0
1.99 0 0 0 0
1.99667 0 0 0 0
