0.00333333 10 106 18 1
0.01 15 105 9 4
0.0166667 13 112 16 0
0.0233333 14 127 20 4
0.03 14 121 12 4
0.0366667 20 124 21 6
0.0433333 31 157 39 9
0.05 28 189 34 8
0.0566667 34 255 46 7
0.0633333 38 256 42 13
0.07 39 281 53 4
0.0766667 39 258 46 8
0.0833333 44 282 52 8
0.09 43 317 54 9
0.0966667 40 281 55 9
0.103333 41 314 51 18
0.11 44 301 50 10
0.116667 37 327 46 9
0.123333 35 303 46 5
0.13 34 316 45 1
0.136667 31 295 42 7
0.143333 34 294 44 4
0.15 29 315 48 3
0.156667 33 267 44 9
0.163333 23 279 42 5
0.17 22 286 46 7
0.176667 35 304 50 9
0.183333 21 313 32 8
0.19 25 352 32 6
0.196667 29 342 49 5
0.203333 22 320 46 5
0.21 25 312 46 4
0.216667 22 321 28 8
0.223333 18 305 26 6
0.23 21 270 34 4
0.236667 18 253 38 3
0.243333 28 214 26 2
0.25 16 226 29 8
0.256667 17 209 24 1
0.263333 18 212 27 7
0.27 15 188 35 1
0.276667 30 178 30 6
0.283333 15 161 25 4
0.29 17 158 21 3
0.296667 18 192 20 6
0.303333 12 175 20 3
0.31 13 153 29 3
0.316667 19 149 29 6
0.323333 16 143 21 5
0.33 10 155 14 2
0.336667 12 138 29 2
0.343333 25 145 26 2
0.35 11 118 26 1
0.356667 12 133 26 2
0.363333 12 135 20 2
0.37 19 112 22 1
0.376667 12 114 14 3
0.383333 10 129 18 3
0.39 11 128 33 6
0.396667 15 115 16 1
0.403333 8 114 14 2
0.41 12 115 24 4
0.416667 11 117 15 2
0.423333 14 112 10 1
0.43 8 120 20 2
0.436667 4 106 19 0
0.443333 15 109 17 4
0.45 11 111 27 5
0.456667 8 109 12 2
0.463333 15 130 24 4
0.47 13 126 13 0
0.476667 9 104 17 2
0.483333 12 59 16 1
0.49 9 65 16 3
0.496667 10 56 12 5
0.503333 8 35 12 2
0.51 4 58 9 2
0.516667 5 53 13 0
0.523333 7 46 6 0
0.53 8 60 12 1
0.536667 8 43 8 3
0.543333 9 44 6 2
0.55 5 49 11 2
0.556667 6 41 7 1
0.563333 5 38 8 3
0.57 6 44 6 0
0.576667 9 32 11 0
0.583333 4 48 13 3
0.59 5 37 11 1
0.596667 5 45 10 2
0.603333 3 39 7 4
0.61 5 38 6 0
0.616667 5 44 7 2
0.623333 1 41 9 2
0.63 8 40 11 0
0.636667 10 47 8 4
0.643333 7 42 7 3
0.65 4 38 17 2
0.656667 9 34 10 0
0.663333 208 5032 444 32
0.67 0 0 0 0
0.676667 0 0 0 0
0.683333 0 0 0 0
0.69 0 0 0 0
0.696667 0 0 0 0
0.703333 0 0 0 0
0.71 0 0 0 0
0.716667 0 0 0 0
0.723333 0 0 0 0
0.73 0 0 0 0
0.736667 0 0 0 0
0.743333 0 0 0 0
0.75 0 0 0 0
0.756667 0 0 0 0
0.763333 0 0 0 0
0.77 0 0 0 0
0.776667 0 0 0 0
0.783333 0 0 0 0
0.79 0 0 0 0
0.796667 0 0 0 0
0.803333 0 0 0 0
0.81 0 0 0 0
0.816667 0 0 0 0
0.823333 0 0 0 0
0.83 0 0 0 0
0.836667 0 0 0 0
0.843333 0 0 0 0
0.85 0 0 0 0
0.856667 0 0 0 0
0.863333 0 0 0 0
0.87 0 0 0 0
0.876667 0 0 0 0
0.883333 0 0 0 0
0.89 0 0 0 0
0.896667 0 0 0 0
0.903333 0 0 0 0
0.91 0 0 0 0
0.916667 0 0 0 0
0.923333 0 0 0 0
0.93 0 0 0 0
0.936667 0 0 0 0
0.943333 0 0 0 0
0.95 0 0 0 0
0.956667 0 0 0 0
0.963333 0 0 0 0
0.97 0 0 0 0
0.976667 0 0 0 0
0.983333 0 0 0 0
0.99 0 0 0 0
0.996667 0 0 0 0
1.00333 0 0 0 0
1.01 0 0 0 0
1.01667 0 0 0 0
1.02333 0 0 0 0
1.03 0 0 0 0
1.03667 0 0 0 0
1.04333 0 0 0 0
1.05 0 0 0 0
1.05667 0 0 0 0
1.06333 0 0 0 0
1.07 0 0 0 0
1.07667 0 0 0 0
1.08333 0 0 0 0
1.09 0 0 0 0
1.09667 0 0 0 0
1.10333 0 0 0 0
1.11 0 0 0 0
1.11667 0 0 0 0
1.12333 0 0 0 0
1.13 0 0 0 0
1.13667 0 0 0 0
1.14333 0 0 0 0
1.15 0 0 0 0
1.15667 0 0 0 0
1.16333 0 0 0 0
1.17 0 0 0 0
1.17667 0 0 0 0
1.18333 0 0 0 0
1.19 0 0 0 0
1.19667 0 0 0 0
1.20333 0 0 0 0
1.21 0 0 0 0
1.21667 0 0 0 0
1.22333 0 0 0 0
1.23 0 0 0 0
1.23667 0 0 0 0
1.24333 0 0 0 0
1.25 0 0 0 0
1.25667 0 0 0 0
1.26333 0 0 0 0
1.27 0 0 0 0
1.27667 0 0 0 0
1.28333 0 0 0 0
1.29 0 0 0 0
1.29667 0 0 0 0
1.30333 0 0 0 0
1.31 0 0 0 0
1.31667 0 0 0 0
1.32333 0 0 0 0
1.33 0 0 0 0
1.33667 0 0 0 0
1.34333 0 0 0 0
1.35 0 0 0 0
1.35667 0 0 0 0
1.36333 0 0 0 0
1.37 0 0 0 0
1.37667 0 0 0 0
1.38333 0 0 0 0
1.39 0 0 0 0
1.39667 0 0 0 0
1.40333 0 0 0 0
1.41 0 0 0 0
1.41667 0 0 0 0
1.42333 0 0 0 0
1.43 0 0 0 0
1.43667 0 0 0 0
1.44333 0 0 0 0
1.45 0 0 0 0
1.45667 0 0 0 0
1.46333 0 0 0 0
1.47 0 0 0 0
1.47667 0 0 0 0
1.48333 0 0 0 0
1.49 0 0 0 0
1.49667 0 0 0 0
1.50333 0 0 0 0
1.51 0 0 0 0
1.51667 0 0 0 0
1.52333 0 0 0 0
1.53 0 0 0 0
1.53667 0 0 0 0
1.54333 0 0 0 0
1.55 0 0 0 0
1.55667 0 0 0 0
1.56333 0 0 0 0
1.57 0 0 0 0
1.57667 0 0 0 0
1.58333 0 0 0 0
1.59 0 0 0 0
1.59667 0 0 0 0
1.60333 0 0 0 0
1.61 0 0 0 0
1.61667 0 0 0 0
1.62333 0 0 0 0
1.63 0 0 0 0
1.63667 0 0 0 0
1.64333 0 0 0 0
1.65 0 0 0 0
1.65667 0 0 0 0
1.66333 0 0 0 0
1.67 0 0 0 0
1.67667 0 0 0 0
1.68333 0 0 0 0
1.69 0 0 0 0
1.69667 0 0 0 0
1.70333 0 0 0 0
1.71 0 0 0 0
1.71667 0 0 0 0
1.72333 0 0 0 0
1.73 0 0 0 0
1.73667 0 0 0 0
1.74333 0 0 0 0
1.75 0 0 0 0
1.75667 0 0 0 0
1.76333 0 0 0 0
1.77 0 0 0 0
1.77667 0 0 0 0
1.78333 0 0 0 0
1.79 0 0 0 0
1.79667 0 0 0 0
1.80333 0 0 0 0
1.81 0 0 0 0
1.81667 0 0 0 0
1.82333 0 0 0 0
1.83 0 0 0 0
1.83667 0 0 0 0
1.84333 0 0 0 0
1.85 0 0 0 0
1.85667 0 0 0 0
1.86333 0 0 0 0
1.87 0 0 0 0
1.87667 0 0 0 0
1.88333 0 0 0 0
1.89 0 0 0 0
1.89667 0 0 0 0
1.90333 0 0 0 0
1.91 0 0 0 0
1.91667 0 0 0 0
1.92333 0 0 0 0
1.93 0 0 0 0
1.93667 0 0 0 0
1.94333 0 0 0 0
1.95 0 0 0 0
1.95667 0 0 0 0
1.96333 0 0 0 0
1.97 0 0 0 0
1.97667 0 0 0 0
1.98333 0 0 0 0
1.99 0 0 0 0
1.99667 0 0 0 0
