0.00333333 23 22 10 7
0.01 24 20 11 2
0.0166667 18 24 12 4
0.0233333 26 32 10 4
0.03 20 31 9 5
0.0366667 21 47 15 7
0.0433333 40 50 22 5
0.05 45 71 14 6
0.0566667 62 92 13 10
0.0633333 61 92 21 8
0.07 56 107 26 13
0.0766667 63 94 34 10
0.0833333 50 104 19 7
0.09 62 110 23 13
0.0966667 68 115 32 11
0.103333 78 104 25 13
0.11 82 111 26 11
0.116667 65 89 27 11
0.123333 68 79 19 7
0.13 50 91 20 15
0.136667 53 73 25 8
0.143333 55 99 17 14
0.15 59 69 11 15
0.156667 64 75 12 8
0.163333 61 56 22 4
0.17 48 65 14 13
0.176667 61 54 18 5
0.183333 72 67 21 15
0.19 58 72 23 19
0.196667 64 52 15 15
0.203333 59 40 16 18
0.21 68 46 9 13
0.216667 67 57 11 10
0.223333 53 39 14 14
0.23 56 46 24 12
0.236667 48 40 11 5
0.243333 37 42 15 11
0.25 43 36 15 9
0.256667 43 50 13 6
0.263333 40 43 10 5
0.27 37 37 19 10
0.276667 54 43 18 8
0.283333 36 35 5 6
0.29 35 46 12 4
0.296667 41 37 16 2
0.303333 31 31 11 5
0.31 42 30 6 9
0.316667 44 36 5 5
0.323333 28 33 12 4
0.33 34 24 10 5
0.336667 34 44 8 6
0.343333 32 30 6 8
0.35 20 39 9 4
0.356667 22 41 15 7
0.363333 23 27 9 4
0.37 32 30 8 5
0.376667 27 23 10 3
0.383333 24 27 5 4
0.39 30 25 10 9
0.396667 25 33 9 9
0.403333 29 24 8 5
0.41 24 31 8 6
0.416667 27 22 10 4
0.423333 27 22 11 4
0.43 25 23 6 4
0.436667 26 23 5 2
0.443333 28 24 14 4
0.45 26 23 9 8
0.456667 22 23 8 11
0.463333 32 28 6 5
0.47 26 17 4 4
0.476667 18 28 11 10
0.483333 12 16 2 3
0.49 20 16 6 5
0.496667 10 18 8 3
0.503333 17 13 9 2
0.51 14 22 5 5
0.516667 12 13 6 3
0.523333 11 11 6 3
0.53 15 15 4 2
0.536667 15 14 3 5
0.543333 8 9 8 3
0.55 16 8 5 3
0.556667 13 14 2 4
0.563333 14 17 2 4
0.57 12 7 4 4
0.576667 14 17 4 2
0.583333 13 15 2 3
0.59 14 16 5 3
0.596667 16 10 4 4
0.603333 15 12 4 4
0.61 14 12 5 4
0.616667 12 19 5 3
0.623333 14 19 4 4
0.63 7 5 1 2
0.636667 15 21 6 5
0.643333 9 14 7 5
0.65 15 17 6 5
0.656667 13 4 2 3
0.663333 741 445 135 129
0.67 0 0 0 0
0.676667 0 0 0 0
0.683333 0 0 0 0
0.69 0 0 0 0
0.696667 0 0 0 0
0.703333 0 0 0 0
0.71 0 0 0 0
0.716667 0 0 0 0
0.723333 0 0 0 0
0.73 0 0 0 0
0.736667 0 0 0 0
0.743333 0 0 0 0
0.75 0 0 0 0
0.756667 0 0 0 0
0.763333 0 0 0 0
0.77 0 0 0 0
0.776667 0 0 0 0
0.783333 0 0 0 0
0.79 0 0 0 0
0.796667 0 0 0 0
0.803333 0 0 0 0
0.81 0 0 0 0
0.816667 0 0 0 0
0.823333 0 0 0 0
0.83 0 0 0 0
0.836667 0 0 0 0
0.843333 0 0 0 0
0.85 0 0 0 0
0.856667 0 0 0 0
0.863333 0 0 0 0
0.87 0 0 0 0
0.876667 0 0 0 0
0.883333 0 0 0 0
0.89 0 0 0 0
0.896667 0 0 0 0
0.903333 0 0 0 0
0.91 0 0 0 0
0.916667 0 0 0 0
0.923333 0 0 0 0
0.93 0 0 0 0
0.936667 0 0 0 0
0.943333 0 0 0 0
0.95 0 0 0 0
0.956667 0 0 0 0
0.963333 0 0 0 0
0.97 0 0 0 0
0.976667 0 0 0 0
0.983333 0 0 0 0
0.99 0 0 0 0
0.996667 0 0 0 0
1.00333 0 0 0 0
1.01 0 0 0 0
1.01667 0 0 0 0
1.02333 0 0 0 0
1.03 0 0 0 0
1.03667 0 0 0 0
1.04333 0 0 0 0
1.05 0 0 0 0
1.05667 0 0 0 0
1.06333 0 0 0 0
1.07 0 0 0 0
1.07667 0 0 0 0
1.08333 0 0 0 0
1.09 0 0 0 0
1.09667 0 0 0 0
1.10333 0 0 0 0
1.11 0 0 0 0
1.11667 0 0 0 0
1.12333 0 0 0 0
1.13 0 0 0 0
1.13667 0 0 0 0
1.14333 0 0 0 0
1.15 0 0 0 0
1.15667 0 0 0 0
1.16333 0 0 0 0
1.17 0 0 0 0
1.17667 0 0 0 0
1.18333 0 0 0 0
1.19 0 0 0 0
1.19667 0 0 0 0
1.20333 0 0 0 0
1.21 0 0 0 0
1.21667 0 0 0 0
1.22333 0 0 0 0
1.23 0 0 0 0
1.23667 0 0 0 0
1.24333 0 0 0 0
1.25 0 0 0 0
1.25667 0 0 0 0
1.26333 0 0 0 0
1.27 0 0 0 0
1.27667 0 0 0 0
1.28333 0 0 0 0
1.29 0 0 0 0
1.29667 0 0 0 0
1.30333 0 0 0 0
1.31 0 0 0 0
1.31667 0 0 0 0
1.32333 0 0 0 0
1.33 0 0 0 0
1.33667 0 0 0 0
1.34333 0 0 0 0
1.35 0 0 0 0
1.35667 0 0 0 0
1.36333 0 0 0 0
1.37 0 0 0 0
1.37667 0 0 0 0
1.38333 0 0 0 0
1.39 0 0 0 0
1.39667 0 0 0 0
1.40333 0 0 0 0
1.41 0 0 0 0
1.41667 0 0 0 0
1.42333 0 0 0 0
1.43 0 0 0 0
1.43667 0 0 0 0
1.44333 0 0 0 0
1.45 0 0 0 0
1.45667 0 0 0 0
1.46333 0 0 0 0
1.47 0 0 0 0
1.47667 0 0 0 0
1.48333 0 0 0 0
1.49 0 0 0 0
1.49667 0 0 0 0
1.50333 0 0 0 0
1.51 0 0 0 0
1.51667 0 0 0 0
1.52333 0 0 0 0
1.53 0 0 0 0
1.53667 0 0 0 0
1.54333 0 0 0 0
1.55 0 0 0 0
1.55667 0 0 0 0
1.56333 0 0 0 0
1.57 0 0 0 0
1.57667 0 0 0 0
1.58333 0 0 0 0
1.59 0 0 0 0
1.59667 0 0 0 0
1.60333 0 0 0 0
1.61 0 0 0 0
1.61667 0 0 0 0
1.62333 0 0 0 0
1.63 0 0 0 0
1.63667 0 0 0 0
1.64333 0 0 0 0
1.65 0 0 0 0
1.65667 0 0 0 0
1.66333 0 0 0 0
1.67 0 0 0 0
1.67667 0 0 0 0
1.68333 0 0 0 0
1.69 0 0 0 0
1.69667 0 0 0 0
1.70333 0 0 0 0
1.71 0 0 0 0
1.71667 0 0 0 0
1.72333 0 0 0 0
1.73 0 0 0 0
1.73667 0 0 0 0
1.74333 0 0 0 0
1.75 0 0 0 0
1.75667 0 0 0 0
1.76333 0 0 0 0
1.77 0 0 0 0
1.77667 0 0 0 0
1.78333 0 0 0 0
1.79 0 0 0 0
1.79667 0 0 0 0
1.80333 0 0 0 0
1.81 0 0 0 0
1.81667 0 0 0 0
1.82333 0 0 0 0
1.83 0 0 0 0
1.83667 0 0 0 0
1.84333 0 0 0 0
1.85 0 0 0 0
1.85667 0 0 0 0
1.86333 0 0 0 0
1.87 0 0 0 0
1.87667 0 0 0 0
1.88333 0 0 0 0
1.89 0 0 0 0
1.89667 0 0 0 0
1.90333 0 0 0 0
1.91 0 0 0 0
1.91667 0 0 0 0
1.92333 0 0 0 0
1.93 0 0 0 0
1.93667 0 0 0 0
1.94333 0 0 0 0
1.95 0 0 0 0
1.95667 0 0 0 0
1.96333 0 0 0 0
1.97 0 0 0 0
1.97667 0 0 0 0
1.98333 0 0 0 0
1.99 0 0 0 0
1.99667 0 0 0 0
