0.00333333 210 16 2 4
0.01 240 25 0 7
0.0166667 253 25 0 2
0.0233333 250 26 1 2
0.03 238 28 2 3
0.0366667 265 26 1 1
0.0433333 290 38 1 2
0.05 347 46 2 2
0.0566667 356 65 5 6
0.0633333 381 61 6 2
0.07 400 60 3 5
0.0766667 428 65 2 1
0.0833333 424 75 3 4
0.09 428 72 4 2
0.0966667 411 67 6 5
0.103333 446 61 3 5
0.11 493 64 2 9
0.116667 481 66 3 4
0.123333 531 61 1 3
0.13 561 57 2 3
0.136667 509 57 3 6
0.143333 498 47 1 3
0.15 556 47 2 4
0.156667 533 52 3 5
0.163333 530 49 1 6
0.17 524 44 2 2
0.176667 500 64 2 6
0.183333 666 49 2 4
0.19 890 42 3 9
0.196667 917 45 3 7
0.203333 793 48 3 6
0.21 723 44 2 1
0.216667 653 43 2 3
0.223333 610 51 2 6
0.23 573 41 1 3
0.236667 486 49 4 7
0.243333 449 38 1 4
0.25 433 51 0 5
0.256667 409 35 0 4
0.263333 369 43 1 2
0.27 385 35 0 3
0.276667 334 29 1 6
0.283333 373 26 3 6
0.29 330 40 2 7
0.296667 317 34 0 5
0.303333 307 20 3 2
0.31 273 33 3 4
0.316667 245 26 2 2
0.323333 275 28 3 2
0.33 278 32 1 3
0.336667 283 30 0 2
0.343333 266 27 3 7
0.35 261 19 2 3
0.356667 233 29 4 3
0.363333 263 28 2 2
0.37 267 37 2 4
0.376667 212 15 1 5
0.383333 232 26 2 4
0.39 241 21 2 1
0.396667 233 15 1 5
0.403333 253 20 2 2
0.41 229 25 1 1
0.416667 209 19 0 1
0.423333 213 22 3 1
0.43 220 28 2 0
0.436667 261 15 0 4
0.443333 244 17 0 2
0.45 265 20 1 3
0.456667 254 27 0 3
0.463333 273 23 0 1
0.47 288 18 0 4
0.476667 221 20 1 4
0.483333 137 16 2 2
0.49 104 16 0 2
0.496667 94 19 2 0
0.503333 91 19 2 0
0.51 85 11 3 2
0.516667 87 20 2 3
0.523333 65 13 0 1
0.53 52 6 0 0
0.536667 82 16 1 0
0.543333 65 11 1 4
0.55 68 14 1 0
0.556667 60 12 0 3
0.563333 55 14 1 2
0.57 69 21 0 1
0.576667 56 12 0 1
0.583333 81 17 1 0
0.59 68 12 0 1
0.596667 59 12 0 4
0.603333 68 8 1 1
0.61 61 10 4 5
0.616667 52 15 1 1
0.623333 51 9 0 2
0.63 64 16 1 1
0.636667 78 16 0 0
0.643333 33 14 0 1
0.65 48 20 1 2
0.656667 27 8 2 2
0.663333 15320 490 11 149
0.67 0 0 0 0
0.676667 0 0 0 0
0.683333 0 0 0 0
0.69 0 0 0 0
0.696667 0 0 0 0
0.703333 0 0 0 0
0.71 0 0 0 0
0.716667 0 0 0 0
0.723333 0 0 0 0
0.73 0 0 0 0
0.736667 0 0 0 0
0.743333 0 0 0 0
0.75 0 0 0 0
0.756667 0 0 0 0
0.763333 0 0 0 0
0.77 0 0 0 0
0.776667 0 0 0 0
0.783333 0 0 0 0
0.79 0 0 0 0
0.796667 0 0 0 0
0.803333 0 0 0 0
0.81 0 0 0 0
0.816667 0 0 0 0
0.823333 0 0 0 0
0.83 0 0 0 0
0.836667 0 0 0 0
0.843333 0 0 0 0
0.85 0 0 0 0
0.856667 0 0 0 0
0.863333 0 0 0 0
0.87 0 0 0 0
0.876667 0 0 0 0
0.883333 0 0 0 0
0.89 0 0 0 0
0.896667 0 0 0 0
0.903333 0 0 0 0
0.91 0 0 0 0
0.916667 0 0 0 0
0.923333 0 0 0 0
0.93 0 0 0 0
0.936667 0 0 0 0
0.943333 0 0 0 0
0.95 0 0 0 0
0.956667 0 0 0 0
0.963333 0 0 0 0
0.97 0 0 0 0
0.976667 0 0 0 0
0.983333 0 0 0 0
0.99 0 0 0 0
0.996667 0 0 0 0
1.00333 0 0 0 0
1.01 0 0 0 0
1.01667 0 0 0 0
1.02333 0 0 0 0
1.03 0 0 0 0
1.03667 0 0 0 0
1.04333 0 0 0 0
1.05 0 0 0 0
1.05667 0 0 0 0
1.06333 0 0 0 0
1.07 0 0 0 0
1.07667 0 0 0 0
1.08333 0 0 0 0
1.09 0 0 0 0
1.09667 0 0 0 0
1.10333 0 0 0 0
1.11 0 0 0 0
1.11667 0 0 0 0
1.12333 0 0 0 0
1.13 0 0 0 0
1.13667 0 0 0 0
1.14333 0 0 0 0
1.15 0 0 0 0
1.15667 0 0 0 0
1.16333 0 0 0 0
1.17 0 0 0 0
1.17667 0 0 0 0
1.18333 0 0 0 0
1.19 0 0 0 0
1.19667 0 0 0 0
1.20333 0 0 0 0
1.21 0 0 0 0
1.21667 0 0 0 0
1.22333 0 0 0 0
1.23 0 0 0 0
1.23667 0 0 0 0
1.24333 0 0 0 0
1.25 0 0 0 0
1.25667 0 0 0 0
1.26333 0 0 0 0
1.27 0 0 0 0
1.27667 0 0 0 0
1.28333 0 0 0 0
1.29 0 0 0 0
1.29667 0 0 0 0
1.30333 0 0 0 0
1.31 0 0 0 0
1.31667 0 0 0 0
1.32333 0 0 0 0
1.33 0 0 0 0
1.33667 0 0 0 0
1.34333 0 0 0 0
1.35 0 0 0 0
1.35667 0 0 0 0
1.36333 0 0 0 0
1.37 0 0 0 0
1.37667 0 0 0 0
1.38333 0 0 0 0
1.39 0 0 0 0
1.39667 0 0 0 0
1.40333 0 0 0 0
1.41 0 0 0 0
1.41667 0 0 0 0
1.42333 0 0 0 0
1.43 0 0 0 0
1.43667 0 0 0 0
1.44333 0 0 0 0
1.45 0 0 0 0
1.45667 0 0 0 0
1.46333 0 0 0 0
1.47 0 0 0 0
1.47667 0 0 0 0
1.48333 0 0 0 0
1.49 0 0 0 0
1.49667 0 0 0 0
1.50333 0 0 0 0
1.51 0 0 0 0
1.51667 0 0 0 0
1.52333 0 0 0 0
1.53 0 0 0 0
1.53667 0 0 0 0
1.54333 0 0 0 0
1.55 0 0 0 0
1.55667 0 0 0 0
1.56333 0 0 0 0
1.57 0 0 0 0
1.57667 0 0 0 0
1.58333 0 0 0 0
1.59 0 0 0 0
1.59667 0 0 0 0
1.60333 0 0 0 0
1.61 0 0 0 0
1.61667 0 0 0 0
1.62333 0 0 0 0
1.63 0 0 0 0
1.63667 0 0 0 0
1.64333 0 0 0 0
1.65 0 0 0 0
1.65667 0 0 0 0
1.66333 0 0 0 0
1.67 0 0 0 0
1.67667 0 0 0 0
1.68333 0 0 0 0
1.69 0 0 0 0
1.69667 0 0 0 0
1.70333 0 0 0 0
1.71 0 0 0 0
1.71667 0 0 0 0
1.72333 0 0 0 0
1.73 0 0 0 0
1.73667 0 0 0 0
1.74333 0 0 0 0
1.75 0 0 0 0
1.75667 0 0 0 0
1.76333 0 0 0 0
1.77 0 0 0 0
1.77667 0 0 0 0
1.78333 0 0 0 0
1.79 0 0 0 0
1.79667 0 0 0 0
1.80333 0 0 0 0
1.81 0 0 0 0
1.81667 0 0 0 0
1.82333 0 0 0 0
1.83 0 0 0 0
1.83667 0 0 0 0
1.84333 0 0 0 0
1.85 0 0 0 0
1.85667 0 0 0 0
1.86333 0 0 0 0
1.87 0 0 0 0
1.87667 0 0 0 0
1.88333 0 0 0 0
1.89 0 0 0 0
1.89667 0 0 0 0
1.90333 0 0 0 0
1.91 0 0 0 0
1.91667 0 0 0 0
1.92333 0 0 0 0
1.93 0 0 0 0
1.93667 0 0 0 0
1.94333 0 0 0 0
1.95 0 0 0 0
1.95667 0 0 0 0
1.96333 0 0 0 0
1.97 0 0 0 0
1.97667 0 0 0 0
1.98333 0 0 0 0
1.99 0 0 0 0
1.99667 0 0 0 0
