0.00333333 6 26 15 2
0.01 20 53 14 1
0.0166667 25 51 14 2
0.0233333 18 47 22 2
0.03 23 49 17 6
0.0366667 30 73 20 8
0.0433333 36 109 32 3
0.05 44 146 50 10
0.0566667 43 156 46 9
0.0633333 57 168 46 14
0.07 73 191 51 10
0.0766667 65 170 48 12
0.0833333 65 207 50 10
0.09 63 203 56 17
0.0966667 65 198 48 7
0.103333 53 191 43 9
0.11 51 170 52 11
0.116667 48 160 65 11
0.123333 46 157 45 5
0.13 37 165 44 8
0.136667 49 161 37 14
0.143333 40 146 31 9
0.15 44 131 48 9
0.156667 42 134 39 14
0.163333 47 112 42 7
0.17 56 108 32 4
0.176667 54 133 45 9
0.183333 40 127 35 10
0.19 32 114 27 8
0.196667 39 117 49 6
0.203333 44 104 43 9
0.21 42 109 38 14
0.216667 33 107 28 12
0.223333 29 109 46 5
0.23 31 92 26 2
0.236667 34 98 36 6
0.243333 23 78 27 3
0.25 25 73 24 2
0.256667 19 88 31 5
0.263333 16 75 21 6
0.27 25 61 23 8
0.276667 19 84 28 3
0.283333 21 71 21 7
0.29 24 77 22 5
0.296667 21 85 17 3
0.303333 25 64 20 5
0.31 20 66 31 4
0.316667 23 70 24 3
0.323333 20 61 15 1
0.33 21 50 21 3
0.336667 28 60 24 4
0.343333 19 67 17 2
0.35 19 67 21 3
0.356667 21 57 22 4
0.363333 15 57 15 1
0.37 20 55 25 5
0.376667 26 36 16 10
0.383333 23 56 20 1
0.39 8 58 12 4
0.396667 18 47 9 3
0.403333 23 49 18 2
0.41 21 33 20 3
0.416667 15 43 13 3
0.423333 11 46 18 5
0.43 11 46 15 5
0.436667 15 35 11 7
0.443333 20 42 13 1
0.45 16 36 8 1
0.456667 19 37 19 8
0.463333 18 54 17 4
0.47 11 35 16 4
0.476667 16 33 16 2
0.483333 14 38 10 6
0.49 7 28 18 3
0.496667 12 27 12 0
0.503333 10 25 10 2
0.51 10 26 9 1
0.516667 6 34 9 0
0.523333 9 21 8 2
0.53 13 25 8 0
0.536667 9 31 9 3
0.543333 8 28 7 4
0.55 9 23 13 4
0.556667 10 16 7 3
0.563333 10 23 9 3
0.57 5 24 15 1
0.576667 14 28 6 4
0.583333 2 16 7 4
0.59 12 18 4 2
0.596667 5 24 12 2
0.603333 7 25 7 3
0.61 9 27 7 4
0.616667 6 27 11 2
0.623333 13 23 1 4
0.63 11 19 8 6
0.636667 8 23 10 4
0.643333 11 20 5 2
0.65 9 26 5 3
0.656667 2 24 11 2
0.663333 317 921 288 45
0.67 0 0 0 0
0.676667 0 0 0 0
0.683333 0 0 0 0
0.69 0 0 0 0
0.696667 0 0 0 0
0.703333 0 0 0 0
0.71 0 0 0 0
0.716667 0 0 0 0
0.723333 0 0 0 0
0.73 0 0 0 0
0.736667 0 0 0 0
0.743333 0 0 0 0
0.75 0 0 0 0
0.756667 0 0 0 0
0.763333 0 0 0 0
0.77 0 0 0 0
0.776667 0 0 0 0
0.783333 0 0 0 0
0.79 0 0 0 0
0.796667 0 0 0 0
0.803333 0 0 0 0
0.81 0 0 0 0
0.816667 0 0 0 0
0.823333 0 0 0 0
0.83 0 0 0 0
0.836667 0 0 0 0
0.843333 0 0 0 0
0.85 0 0 0 0
0.856667 0 0 0 0
0.863333 0 0 0 0
0.87 0 0 0 0
0.876667 0 0 0 0
0.883333 0 0 0 0
0.89 0 0 0 0
0.896667 0 0 0 0
0.903333 0 0 0 0
0.91 0 0 0 0
0.916667 0 0 0 0
0.923333 0 0 0 0
0.93 0 0 0 0
0.936667 0 0 0 0
0.943333 0 0 0 0
0.95 0 0 0 0
0.956667 0 0 0 0
0.963333 0 0 0 0
0.97 0 0 0 0
0.976667 0 0 0 0
0.983333 0 0 0 0
0.99 0 0 0 0
0.996667 0 0 0 0
1.00333 0 0 0 0
1.01 0 0 0 0
1.01667 0 0 0 0
1.02333 0 0 0 0
1.03 0 0 0 0
1.03667 0 0 0 0
1.04333 0 0 0 0
1.05 0 0 0 0
1.05667 0 0 0 0
1.06333 0 0 0 0
1.07 0 0 0 0
1.07667 0 0 0 0
1.08333 0 0 0 0
1.09 0 0 0 0
1.09667 0 0 0 0
1.10333 0 0 0 0
1.11 0 0 0 0
1.11667 0 0 0 0
1.12333 0 0 0 0
1.13 0 0 0 0
1.13667 0 0 0 0
1.14333 0 0 0 0
1.15 0 0 0 0
1.15667 0 0 0 0
1.16333 0 0 0 0
1.17 0 0 0 0
1.17667 0 0 0 0
1.18333 0 0 0 0
1.19 0 0 0 0
1.19667 0 0 0 0
1.20333 0 0 0 0
1.21 0 0 0 0
1.21667 0 0 0 0
1.22333 0 0 0 0
1.23 0 0 0 0
1.23667 0 0 0 0
1.24333 0 0 0 0
1.25 0 0 0 0
1.25667 0 0 0 0
1.26333 0 0 0 0
1.27 0 0 0 0
1.27667 0 0 0 0
1.28333 0 0 0 0
1.29 0 0 0 0
1.29667 0 0 0 0
1.30333 0 0 0 0
1.31 0 0 0 0
1.31667 0 0 0 0
1.32333 0 0 0 0
1.33 0 0 0 0
1.33667 0 0 0 0
1.34333 0 0 0 0
1.35 0 0 0 0
1.35667 0 0 0 0
1.36333 0 0 0 0
1.37 0 0 0 0
1.37667 0 0 0 0
1.38333 0 0 0 0
1.39 0 0 0 0
1.39667 0 0 0 0
1.40333 0 0 0 0
1.41 0 0 0 0
1.41667 0 0 0 0
1.42333 0 0 0 0
1.43 0 0 0 0
1.43667 0 0 0 0
1.44333 0 0 0 0
1.45 0 0 0 0
1.45667 0 0 0 0
1.46333 0 0 0 0
1.47 0 0 0 0
1.47667 0 0 0 0
1.48333 0 0 0 0
1.49 0 0 0 0
1.49667 0 0 0 0
1.50333 0 0 0 0
1.51 0 0 0 0
1.51667 0 0 0 0
1.52333 0 0 0 0
1.53 0 0 0 0
1.53667 0 0 0 0
1.54333 0 0 0 0
1.55 0 0 0 0
1.55667 0 0 0 0
1.56333 0 0 0 0
1.57 0 0 0 0
1.57667 0 0 0 0
1.58333 0 0 0 0
1.59 0 0 0 0
1.59667 0 0 0 0
1.60333 0 0 0 0
1.61 0 0 0 0
1.61667 0 0 0 0
1.62333 0 0 0 0
1.63 0 0 0 0
1.63667 0 0 0 0
1.64333 0 0 0 0
1.65 0 0 0 0
1.65667 0 0 0 0
1.66333 0 0 0 0
1.67 0 0 0 0
1.67667 0 0 0 0
1.68333 0 0 0 0
1.69 0 0 0 0
1.69667 0 0 0 0
1.70333 0 0 0 0
1.71 0 0 0 0
1.71667 0 0 0 0
1.72333 0 0 0 0
1.73 0 0 0 0
1.73667 0 0 0 0
1.74333 0 0 0 0
1.75 0 0 0 0
1.75667 0 0 0 0
1.76333 0 0 0 0
1.77 0 0 0 0
1.77667 0 0 0 0
1.78333 0 0 0 0
1.79 0 0 0 0
1.79667 0 0 0 0
1.80333 0 0 0 0
1.81 0 0 0 0
1.81667 0 0 0 0
1.82333 0 0 0 0
1.83 0 0 0 0
1.83667 0 0 0 0
1.84333 0 0 0 0
1.85 0 0 0 0
1.85667 0 0 0 0
1.86333 0 0 0 0
1.87 0 0 0 0
1.87667 0 0 0 0
1.88333 0 0 0 0
1.89 0 0 0 0
1.89667 0 0 0 0
1.90333 0 0 0 0
1.91 0 0 0 0
1.91667 0 0 0 0
1.92333 0 0 0 0
1.93 0 0 0 0
1.93667 0 0 0 0
1.94333 0 0 0 0
1.95 0 0 0 0
1.95667 0 0 0 0
1.96333 0 0 0 0
1.97 0 0 0 0
1.97667 0 0 0 0
1.98333 0 0 0 0
1.99 0 0 0 0
1.99667 0 0 0 0
