0.00333333 40 31 2 7
0.01 36 42 5 9
0.0166667 51 48 8 5
0.0233333 54 48 4 6
0.03 42 56 10 6
0.0366667 47 68 9 5
0.0433333 68 89 7 5
0.05 69 85 11 8
0.0566667 97 160 19 15
0.0633333 103 148 24 7
0.07 92 130 29 8
0.0766667 105 169 19 9
0.0833333 107 148 13 6
0.09 119 171 22 8
0.0966667 106 155 23 13
0.103333 112 155 21 13
0.11 125 157 26 11
0.116667 132 162 13 13
0.123333 138 145 11 10
0.13 113 139 17 20
0.136667 100 138 25 12
0.143333 110 129 13 12
0.15 130 113 14 11
0.156667 123 113 8 6
0.163333 90 109 10 15
0.17 103 113 11 10
0.176667 122 115 17 6
0.183333 131 122 13 7
0.19 149 109 12 23
0.196667 124 113 13 15
0.203333 100 96 12 16
0.21 104 98 14 10
0.216667 86 91 12 15
0.223333 88 87 8 10
0.23 77 105 12 15
0.236667 103 88 14 12
0.243333 75 87 11 9
0.25 78 94 13 5
0.256667 66 89 12 13
0.263333 74 81 6 7
0.27 77 90 10 5
0.276667 77 77 8 5
0.283333 62 53 8 14
0.29 64 63 8 8
0.296667 54 48 10 7
0.303333 58 59 6 5
0.31 62 74 10 9
0.316667 41 53 11 8
0.323333 58 65 14 7
0.33 67 63 8 8
0.336667 66 38 11 1
0.343333 43 46 5 6
0.35 47 59 8 4
0.356667 44 45 9 8
0.363333 51 54 1 3
0.37 37 48 5 7
0.376667 40 44 9 6
0.383333 52 50 1 9
0.39 54 57 8 11
0.396667 53 42 7 6
0.403333 42 42 8 4
0.41 37 38 5 4
0.416667 56 50 8 6
0.423333 38 41 9 2
0.43 54 53 5 6
0.436667 44 48 5 5
0.443333 42 50 4 14
0.45 40 49 6 6
0.456667 35 43 10 7
0.463333 44 39 10 6
0.47 43 43 4 8
0.476667 39 40 8 5
0.483333 23 41 0 4
0.49 14 27 2 6
0.496667 27 35 4 2
0.503333 24 22 4 4
0.51 32 29 5 4
0.516667 21 29 4 6
0.523333 24 25 6 0
0.53 18 25 7 4
0.536667 17 16 0 6
0.543333 21 17 1 4
0.55 19 31 2 3
0.556667 16 18 6 4
0.563333 14 26 3 1
0.57 11 22 5 4
0.576667 13 26 7 4
0.583333 25 33 4 7
0.59 10 12 2 4
0.596667 13 21 8 4
0.603333 16 22 3 2
0.61 19 11 6 8
0.616667 23 26 3 0
0.623333 18 19 2 1
0.63 21 19 2 2
0.636667 14 32 4 5
0.643333 16 23 4 3
0.65 11 17 3 5
0.656667 13 17 3 6
0.663333 1684 1014 72 216
0.67 0 0 0 0
0.676667 0 0 0 0
0.683333 0 0 0 0
0.69 0 0 0 0
0.696667 0 0 0 0
0.703333 0 0 0 0
0.71 0 0 0 0
0.716667 0 0 0 0
0.723333 0 0 0 0
0.73 0 0 0 0
0.736667 0 0 0 0
0.743333 0 0 0 0
0.75 0 0 0 0
0.756667 0 0 0 0
0.763333 0 0 0 0
0.77 0 0 0 0
0.776667 0 0 0 0
0.783333 0 0 0 0
0.79 0 0 0 0
0.796667 0 0 0 0
0.803333 0 0 0 0
0.81 0 0 0 0
0.816667 0 0 0 0
0.823333 0 0 0 0
0.83 0 0 0 0
0.836667 0 0 0 0
0.843333 0 0 0 0
0.85 0 0 0 0
0.856667 0 0 0 0
0.863333 0 0 0 0
0.87 0 0 0 0
0.876667 0 0 0 0
0.883333 0 0 0 0
0.89 0 0 0 0
0.896667 0 0 0 0
0.903333 0 0 0 0
0.91 0 0 0 0
0.916667 0 0 0 0
0.923333 0 0 0 0
0.93 0 0 0 0
0.936667 0 0 0 0
0.943333 0 0 0 0
0.95 0 0 0 0
0.956667 0 0 0 0
0.963333 0 0 0 0
0.97 0 0 0 0
0.976667 0 0 0 0
0.983333 0 0 0 0
0.99 0 0 0 0
0.996667 0 0 0 0
1.00333 0 0 0 0
1.01 0 0 0 0
1.01667 0 0 0 0
1.02333 0 0 0 0
1.03 0 0 0 0
1.03667 0 0 0 0
1.04333 0 0 0 0
1.05 0 0 0 0
1.05667 0 0 0 0
1.06333 0 0 0 0
1.07 0 0 0 0
1.07667 0 0 0 0
1.08333 0 0 0 0
1.09 0 0 0 0
1.09667 0 0 0 0
1.10333 0 0 0 0
1.11 0 0 0 0
1.11667 0 0 0 0
1.12333 0 0 0 0
1.13 0 0 0 0
1.13667 0 0 0 0
1.14333 0 0 0 0
1.15 0 0 0 0
1.15667 0 0 0 0
1.16333 0 0 0 0
1.17 0 0 0 0
1.17667 0 0 0 0
1.18333 0 0 0 0
1.19 0 0 0 0
1.19667 0 0 0 0
1.20333 0 0 0 0
1.21 0 0 0 0
1.21667 0 0 0 0
1.22333 0 0 0 0
1.23 0 0 0 0
1.23667 0 0 0 0
1.24333 0 0 0 0
1.25 0 0 0 0
1.25667 0 0 0 0
1.26333 0 0 0 0
1.27 0 0 0 0
1.27667 0 0 0 0
1.28333 0 0 0 0
1.29 0 0 0 0
1.29667 0 0 0 0
1.30333 0 0 0 0
1.31 0 0 0 0
1.31667 0 0 0 0
1.32333 0 0 0 0
1.33 0 0 0 0
1.33667 0 0 0 0
1.34333 0 0 0 0
1.35 0 0 0 0
1.35667 0 0 0 0
1.36333 0 0 0 0
1.37 0 0 0 0
1.37667 0 0 0 0
1.38333 0 0 0 0
1.39 0 0 0 0
1.39667 0 0 0 0
1.40333 0 0 0 0
1.41 0 0 0 0
1.41667 0 0 0 0
1.42333 0 0 0 0
1.43 0 0 0 0
1.43667 0 0 0 0
1.44333 0 0 0 0
1.45 0 0 0 0
1.45667 0 0 0 0
1.46333 0 0 0 0
1.47 0 0 0 0
1.47667 0 0 0 0
1.48333 0 0 0 0
1.49 0 0 0 0
1.49667 0 0 0 0
1.50333 0 0 0 0
1.51 0 0 0 0
1.51667 0 0 0 0
1.52333 0 0 0 0
1.53 0 0 0 0
1.53667 0 0 0 0
1.54333 0 0 0 0
1.55 0 0 0 0
1.55667 0 0 0 0
1.56333 0 0 0 0
1.57 0 0 0 0
1.57667 0 0 0 0
1.58333 0 0 0 0
1.59 0 0 0 0
1.59667 0 0 0 0
1.60333 0 0 0 0
1.61 0 0 0 0
1.61667 0 0 0 0
1.62333 0 0 0 0
1.63 0 0 0 0
1.63667 0 0 0 0
1.64333 0 0 0 0
1.65 0 0 0 0
1.65667 0 0 0 0
1.66333 0 0 0 0
1.67 0 0 0 0
1.67667 0 0 0 0
1.68333 0 0 0 0
1.69 0 0 0 0
1.69667 0 0 0 0
1.70333 0 0 0 0
1.71 0 0 0 0
1.71667 0 0 0 0
1.72333 0 0 0 0
1.73 0 0 0 0
1.73667 0 0 0 0
1.74333 0 0 0 0
1.75 0 0 0 0
1.75667 0 0 0 0
1.76333 0 0 0 0
1.77 0 0 0 0
1.77667 0 0 0 0
1.78333 0 0 0 0
1.79 0 0 0 0
1.79667 0 0 0 0
1.80333 0 0 0 0
1.81 0 0 0 0
1.81667 0 0 0 0
1.82333 0 0 0 0
1.83 0 0 0 0
1.83667 0 0 0 0
1.84333 0 0 0 0
1.85 0 0 0 0
1.85667 0 0 0 0
1.86333 0 0 0 0
1.87 0 0 0 0
1.87667 0 0 0 0
1.88333 0 0 0 0
1.89 0 0 0 0
1.89667 0 0 0 0
1.90333 0 0 0 0
1.91 0 0 0 0
1.91667 0 0 0 0
1.92333 0 0 0 0
1.93 0 0 0 0
1.93667 0 0 0 0
1.94333 0 0 0 0
1.95 0 0 0 0
1.95667 0 0 0 0
1.96333 0 0 0 0
1.97 0 0 0 0
1.97667 0 0 0 0
1.98333 0 0 0 0
1.99 0 0 0 0
1.99667 0 0 0 0
