0.00333333 28 100 5 4
0.01 21 142 5 3
0.0166667 30 133 6 1
0.0233333 24 157 7 3
0.03 38 175 15 3
0.0366667 29 188 6 3
0.0433333 46 238 12 3
0.05 70 260 30 5
0.0566667 75 292 24 8
0.0633333 82 327 23 4
0.07 97 316 24 8
0.0766667 86 364 24 7
0.0833333 108 370 31 6
0.09 103 412 25 5
0.0966667 88 412 20 4
0.103333 103 401 23 13
0.11 89 387 27 11
0.116667 101 406 8 4
0.123333 84 419 20 5
0.13 79 430 24 10
0.136667 60 450 22 3
0.143333 65 423 19 9
0.15 89 412 19 10
0.156667 94 368 20 6
0.163333 77 367 17 7
0.17 76 335 19 5
0.176667 73 380 24 9
0.183333 71 417 22 5
0.19 68 486 17 10
0.196667 71 453 16 8
0.203333 63 430 19 4
0.21 72 427 16 5
0.216667 69 424 17 5
0.223333 65 419 11 2
0.23 48 341 16 12
0.236667 56 351 14 6
0.243333 54 310 9 4
0.25 48 310 12 2
0.256667 49 295 12 1
0.263333 63 254 14 7
0.27 47 262 11 6
0.276667 43 261 10 2
0.283333 35 211 7 8
0.29 41 246 8 3
0.296667 47 200 3 2
0.303333 38 189 8 4
0.31 38 200 9 3
0.316667 47 194 6 4
0.323333 48 185 6 5
0.33 38 166 10 5
0.336667 38 181 6 5
0.343333 31 152 13 10
0.35 43 161 9 4
0.356667 34 161 8 4
0.363333 30 161 7 2
0.37 32 141 8 4
0.376667 34 155 9 3
0.383333 32 154 10 1
0.39 32 140 7 4
0.396667 29 137 9 3
0.403333 33 144 2 1
0.41 31 146 4 4
0.416667 23 160 8 2
0.423333 42 170 7 3
0.43 23 140 13 3
0.436667 32 143 4 4
0.443333 31 136 9 6
0.45 34 164 11 3
0.456667 29 148 5 3
0.463333 26 155 10 1
0.47 32 154 7 1
0.476667 23 127 9 6
0.483333 16 86 5 5
0.49 26 83 5 4
0.496667 19 60 8 3
0.503333 18 77 5 2
0.51 17 69 8 1
0.516667 16 82 4 0
0.523333 20 67 5 1
0.53 12 76 2 0
0.536667 23 52 3 4
0.543333 18 67 1 1
0.55 10 54 5 2
0.556667 18 56 5 3
0.563333 19 60 5 2
0.57 11 59 2 3
0.576667 14 62 7 2
0.583333 11 58 4 2
0.59 10 39 2 4
0.596667 12 49 4 4
0.603333 13 49 4 2
0.61 12 53 1 1
0.616667 16 40 2 6
0.623333 15 47 4 0
0.63 12 57 2 1
0.636667 23 71 4 2
0.643333 11 49 1 1
0.65 18 48 3 3
0.656667 7 41 5 1
0.663333 769 6686 116 62
0.67 0 0 0 0
0.676667 0 0 0 0
0.683333 0 0 0 0
0.69 0 0 0 0
0.696667 0 0 0 0
0.703333 0 0 0 0
0.71 0 0 0 0
0.716667 0 0 0 0
0.723333 0 0 0 0
0.73 0 0 0 0
0.736667 0 0 0 0
0.743333 0 0 0 0
0.75 0 0 0 0
0.756667 0 0 0 0
0.763333 0 0 0 0
0.77 0 0 0 0
0.776667 0 0 0 0
0.783333 0 0 0 0
0.79 0 0 0 0
0.796667 0 0 0 0
0.803333 0 0 0 0
0.81 0 0 0 0
0.816667 0 0 0 0
0.823333 0 0 0 0
0.83 0 0 0 0
0.836667 0 0 0 0
0.843333 0 0 0 0
0.85 0 0 0 0
0.856667 0 0 0 0
0.863333 0 0 0 0
0.87 0 0 0 0
0.876667 0 0 0 0
0.883333 0 0 0 0
0.89 0 0 0 0
0.896667 0 0 0 0
0.903333 0 0 0 0
0.91 0 0 0 0
0.916667 0 0 0 0
0.923333 0 0 0 0
0.93 0 0 0 0
0.936667 0 0 0 0
0.943333 0 0 0 0
0.95 0 0 0 0
0.956667 0 0 0 0
0.963333 0 0 0 0
0.97 0 0 0 0
0.976667 0 0 0 0
0.983333 0 0 0 0
0.99 0 0 0 0
0.996667 0 0 0 0
1.00333 0 0 0 0
1.01 0 0 0 0
1.01667 0 0 0 0
1.02333 0 0 0 0
1.03 0 0 0 0
1.03667 0 0 0 0
1.04333 0 0 0 0
1.05 0 0 0 0
1.05667 0 0 0 0
1.06333 0 0 0 0
1.07 0 0 0 0
1.07667 0 0 0 0
1.08333 0 0 0 0
1.09 0 0 0 0
1.09667 0 0 0 0
1.10333 0 0 0 0
1.11 0 0 0 0
1.11667 0 0 0 0
1.12333 0 0 0 0
1.13 0 0 0 0
1.13667 0 0 0 0
1.14333 0 0 0 0
1.15 0 0 0 0
1.15667 0 0 0 0
1.16333 0 0 0 0
1.17 0 0 0 0
1.17667 0 0 0 0
1.18333 0 0 0 0
1.19 0 0 0 0
1.19667 0 0 0 0
1.20333 0 0 0 0
1.21 0 0 0 0
1.21667 0 0 0 0
1.22333 0 0 0 0
1.23 0 0 0 0
1.23667 0 0 0 0
1.24333 0 0 0 0
1.25 0 0 0 0
1.25667 0 0 0 0
1.26333 0 0 0 0
1.27 0 0 0 0
1.27667 0 0 0 0
1.28333 0 0 0 0
1.29 0 0 0 0
1.29667 0 0 0 0
1.30333 0 0 0 0
1.31 0 0 0 0
1.31667 0 0 0 0
1.32333 0 0 0 0
1.33 0 0 0 0
1.33667 0 0 0 0
1.34333 0 0 0 0
1.35 0 0 0 0
1.35667 0 0 0 0
1.36333 0 0 0 0
1.37 0 0 0 0
1.37667 0 0 0 0
1.38333 0 0 0 0
1.39 0 0 0 0
1.39667 0 0 0 0
1.40333 0 0 0 0
1.41 0 0 0 0
1.41667 0 0 0 0
1.42333 0 0 0 0
1.43 0 0 0 0
1.43667 0 0 0 0
1.44333 0 0 0 0
1.45 0 0 0 0
1.45667 0 0 0 0
1.46333 0 0 0 0
1.47 0 0 0 0
1.47667 0 0 0 0
1.48333 0 0 0 0
1.49 0 0 0 0
1.49667 0 0 0 0
1.50333 0 0 0 0
1.51 0 0 0 0
1.51667 0 0 0 0
1.52333 0 0 0 0
1.53 0 0 0 0
1.53667 0 0 0 0
1.54333 0 0 0 0
1.55 0 0 0 0
1.55667 0 0 0 0
1.56333 0 0 0 0
1.57 0 0 0 0
1.57667 0 0 0 0
1.58333 0 0 0 0
1.59 0 0 0 0
1.59667 0 0 0 0
1.60333 0 0 0 0
1.61 0 0 0 0
1.61667 0 0 0 0
1.62333 0 0 0 0
1.63 0 0 0 0
1.63667 0 0 0 0
1.64333 0 0 0 0
1.65 0 0 0 0
1.65667 0 0 0 0
1.66333 0 0 0 0
1.67 0 0 0 0
1.67667 0 0 0 0
1.68333 0 0 0 0
1.69 0 0 0 0
1.69667 0 0 0 0
1.70333 0 0 0 0
1.71 0 0 0 0
1.71667 0 0 0 0
1.72333 0 0 0 0
1.73 0 0 0 0
1.73667 0 0 0 0
1.74333 0 0 0 0
1.75 0 0 0 0
1.75667 0 0 0 0
1.76333 0 0 0 0
1.77 0 0 0 0
1.77667 0 0 0 0
1.78333 0 0 0 0
1.79 0 0 0 0
1.79667 0 0 0 0
1.80333 0 0 0 0
1.81 0 0 0 0
1.81667 0 0 0 0
1.82333 0 0 0 0
1.83 0 0 0 0
1.83667 0 0 0 0
1.84333 0 0 0 0
1.85 0 0 0 0
1.85667 0 0 0 0
1.86333 0 0 0 0
1.87 0 0 0 0
1.87667 0 0 0 0
1.88333 0 0 0 0
1.89 0 0 0 0
1.89667 0 0 0 0
1.90333 0 0 0 0
1.91 0 0 0 0
1.91667 0 0 0 0
1.92333 0 0 0 0
1.93 0 0 0 0
1.93667 0 0 0 0
1.94333 0 0 0 0
1.95 0 0 0 0
1.95667 0 0 0 0
1.96333 0 0 0 0
1.97 0 0 0 0
1.97667 0 0 0 0
1.98333 0 0 0 0
1.99 0 0 0 0
1.99667 0 0 0 0
