0.00333333 29 83 4 7
0.01 21 116 6 2
0.0166667 42 117 9 1
0.0233333 39 123 11 3
0.03 58 155 16 3
0.0366667 36 165 12 5
0.0433333 48 200 12 3
0.05 72 229 17 4
0.0566667 90 275 30 10
0.0633333 98 310 17 5
0.07 111 300 25 6
0.0766667 116 321 19 4
0.0833333 107 332 39 11
0.09 93 371 23 8
0.0966667 110 377 22 9
0.103333 131 364 23 11
0.11 113 341 20 12
0.116667 122 359 19 7
0.123333 98 350 28 4
0.13 100 393 16 10
0.136667 91 378 25 10
0.143333 95 360 18 4
0.15 98 330 18 9
0.156667 101 325 19 3
0.163333 83 331 20 8
0.17 91 278 23 9
0.176667 95 307 19 8
0.183333 95 341 21 12
0.19 97 375 18 5
0.196667 78 311 14 7
0.203333 80 329 15 3
0.21 90 347 16 5
0.216667 77 312 11 6
0.223333 76 311 10 14
0.23 48 261 13 6
0.236667 58 267 19 10
0.243333 50 255 6 8
0.25 65 233 17 7
0.256667 51 211 12 5
0.263333 57 215 14 7
0.27 57 189 7 5
0.276667 63 223 4 4
0.283333 48 159 13 3
0.29 43 195 9 1
0.296667 53 170 7 2
0.303333 61 160 13 2
0.31 43 167 7 5
0.316667 46 144 8 9
0.323333 51 163 8 5
0.33 45 136 6 4
0.336667 44 131 9 1
0.343333 33 129 10 7
0.35 51 138 9 8
0.356667 39 139 11 1
0.363333 45 138 9 1
0.37 50 122 8 5
0.376667 43 111 12 5
0.383333 38 125 11 3
0.39 26 119 10 3
0.396667 35 112 5 1
0.403333 38 103 7 3
0.41 46 112 5 6
0.416667 33 120 9 4
0.423333 37 133 9 2
0.43 27 102 8 4
0.436667 35 120 5 2
0.443333 34 96 9 3
0.45 37 135 7 3
0.456667 26 105 4 3
0.463333 27 98 9 2
0.47 33 118 4 3
0.476667 30 113 7 2
0.483333 16 66 7 5
0.49 24 64 4 5
0.496667 27 59 6 0
0.503333 19 66 8 4
0.51 17 64 8 4
0.516667 22 49 2 3
0.523333 17 58 2 0
0.53 18 58 1 2
0.536667 22 45 3 2
0.543333 19 52 7 0
0.55 15 52 4 0
0.556667 11 41 6 3
0.563333 20 40 4 1
0.57 9 53 5 1
0.576667 21 51 6 4
0.583333 21 48 3 1
0.59 17 37 2 2
0.596667 19 35 4 4
0.603333 21 38 4 2
0.61 17 49 1 2
0.616667 23 41 2 5
0.623333 20 48 5 2
0.63 18 52 1 0
0.636667 23 48 1 0
0.643333 8 47 1 1
0.65 18 31 4 5
0.656667 10 44 6 4
0.663333 891 4435 117 80
0.67 0 0 0 0
0.676667 0 0 0 0
0.683333 0 0 0 0
0.69 0 0 0 0
0.696667 0 0 0 0
0.703333 0 0 0 0
0.71 0 0 0 0
0.716667 0 0 0 0
0.723333 0 0 0 0
0.73 0 0 0 0
0.736667 0 0 0 0
0.743333 0 0 0 0
0.75 0 0 0 0
0.756667 0 0 0 0
0.763333 0 0 0 0
0.77 0 0 0 0
0.776667 0 0 0 0
0.783333 0 0 0 0
0.79 0 0 0 0
0.796667 0 0 0 0
0.803333 0 0 0 0
0.81 0 0 0 0
0.816667 0 0 0 0
0.823333 0 0 0 0
0.83 0 0 0 0
0.836667 0 0 0 0
0.843333 0 0 0 0
0.85 0 0 0 0
0.856667 0 0 0 0
0.863333 0 0 0 0
0.87 0 0 0 0
0.876667 0 0 0 0
0.883333 0 0 0 0
0.89 0 0 0 0
0.896667 0 0 0 0
0.903333 0 0 0 0
0.91 0 0 0 0
0.916667 0 0 0 0
0.923333 0 0 0 0
0.93 0 0 0 0
0.936667 0 0 0 0
0.943333 0 0 0 0
0.95 0 0 0 0
0.956667 0 0 0 0
0.963333 0 0 0 0
0.97 0 0 0 0
0.976667 0 0 0 0
0.983333 0 0 0 0
0.99 0 0 0 0
0.996667 0 0 0 0
1.00333 0 0 0 0
1.01 0 0 0 0
1.01667 0 0 0 0
1.02333 0 0 0 0
1.03 0 0 0 0
1.03667 0 0 0 0
1.04333 0 0 0 0
1.05 0 0 0 0
1.05667 0 0 0 0
1.06333 0 0 0 0
1.07 0 0 0 0
1.07667 0 0 0 0
1.08333 0 0 0 0
1.09 0 0 0 0
1.09667 0 0 0 0
1.10333 0 0 0 0
1.11 0 0 0 0
1.11667 0 0 0 0
1.12333 0 0 0 0
1.13 0 0 0 0
1.13667 0 0 0 0
1.14333 0 0 0 0
1.15 0 0 0 0
1.15667 0 0 0 0
1.16333 0 0 0 0
1.17 0 0 0 0
1.17667 0 0 0 0
1.18333 0 0 0 0
1.19 0 0 0 0
1.19667 0 0 0 0
1.20333 0 0 0 0
1.21 0 0 0 0
1.21667 0 0 0 0
1.22333 0 0 0 0
1.23 0 0 0 0
1.23667 0 0 0 0
1.24333 0 0 0 0
1.25 0 0 0 0
1.25667 0 0 0 0
1.26333 0 0 0 0
1.27 0 0 0 0
1.27667 0 0 0 0
1.28333 0 0 0 0
1.29 0 0 0 0
1.29667 0 0 0 0
1.30333 0 0 0 0
1.31 0 0 0 0
1.31667 0 0 0 0
1.32333 0 0 0 0
1.33 0 0 0 0
1.33667 0 0 0 0
1.34333 0 0 0 0
1.35 0 0 0 0
1.35667 0 0 0 0
1.36333 0 0 0 0
1.37 0 0 0 0
1.37667 0 0 0 0
1.38333 0 0 0 0
1.39 0 0 0 0
1.39667 0 0 0 0
1.40333 0 0 0 0
1.41 0 0 0 0
1.41667 0 0 0 0
1.42333 0 0 0 0
1.43 0 0 0 0
1.43667 0 0 0 0
1.44333 0 0 0 0
1.45 0 0 0 0
1.45667 0 0 0 0
1.46333 0 0 0 0
1.47 0 0 0 0
1.47667 0 0 0 0
1.48333 0 0 0 0
1.49 0 0 0 0
1.49667 0 0 0 0
1.50333 0 0 0 0
1.51 0 0 0 0
1.51667 0 0 0 0
1.52333 0 0 0 0
1.53 0 0 0 0
1.53667 0 0 0 0
1.54333 0 0 0 0
1.55 0 0 0 0
1.55667 0 0 0 0
1.56333 0 0 0 0
1.57 0 0 0 0
1.57667 0 0 0 0
1.58333 0 0 0 0
1.59 0 0 0 0
1.59667 0 0 0 0
1.60333 0 0 0 0
1.61 0 0 0 0
1.61667 0 0 0 0
1.62333 0 0 0 0
1.63 0 0 0 0
1.63667 0 0 0 0
1.64333 0 0 0 0
1.65 0 0 0 0
1.65667 0 0 0 0
1.66333 0 0 0 0
1.67 0 0 0 0
1.67667 0 0 0 0
1.68333 0 0 0 0
1.69 0 0 0 0
1.69667 0 0 0 0
1.70333 0 0 0 0
1.71 0 0 0 0
1.71667 0 0 0 0
1.72333 0 0 0 0
1.73 0 0 0 0
1.73667 0 0 0 0
1.74333 0 0 0 0
1.75 0 0 0 0
1.75667 0 0 0 0
1.76333 0 0 0 0
1.77 0 0 0 0
1.77667 0 0 0 0
1.78333 0 0 0 0
1.79 0 0 0 0
1.79667 0 0 0 0
1.80333 0 0 0 0
1.81 0 0 0 0
1.81667 0 0 0 0
1.82333 0 0 0 0
1.83 0 0 0 0
1.83667 0 0 0 0
1.84333 0 0 0 0
1.85 0 0 0 0
1.85667 0 0 0 0
1.86333 0 0 0 0
1.87 0 0 0 0
1.87667 0 0 0 0
1.88333 0 0 0 0
1.89 0 0 0 0
1.89667 0 0 0 0
1.90333 0 0 0 0
1.91 0 0 0 0
1.91667 0 0 0 0
1.92333 0 0 0 0
1.93 0 0 0 0
1.93667 0 0 0 0
1.94333 0 0 0 0
1.95 0 0 0 0
1.95667 0 0 0 0
1.96333 0 0 0 0
1.97 0 0 0 0
1.97667 0 0 0 0
1.98333 0 0 0 0
1.99 0 0 0 0
1.99667 0 0 0 0
