0.00333333 7 70 32 0
0.01 8 71 23 7
0.0166667 3 60 28 3
0.0233333 14 86 28 4
0.03 10 86 18 5
0.0366667 15 93 39 4
0.0433333 21 109 56 6
0.05 25 139 66 10
0.0566667 36 174 64 8
0.0633333 37 167 71 7
0.07 28 192 92 7
0.0766667 30 199 85 10
0.0833333 38 185 79 17
0.09 27 207 82 12
0.0966667 30 235 84 13
0.103333 33 180 74 12
0.11 31 196 88 9
0.116667 43 217 90 10
0.123333 24 187 85 9
0.13 21 230 79 7
0.136667 18 170 68 12
0.143333 25 183 82 7
0.15 19 178 81 9
0.156667 20 181 64 8
0.163333 13 143 89 9
0.17 18 176 64 8
0.176667 25 177 60 14
0.183333 22 174 63 4
0.19 17 202 85 5
0.196667 24 162 81 6
0.203333 16 185 66 7
0.21 19 161 72 4
0.216667 13 163 58 3
0.223333 27 144 53 7
0.23 14 162 54 5
0.236667 13 158 59 7
0.243333 14 130 45 1
0.25 13 128 55 4
0.256667 11 112 51 6
0.263333 22 98 43 3
0.27 17 84 54 5
0.276667 16 99 44 9
0.283333 7 87 38 4
0.29 11 88 44 2
0.296667 14 88 30 8
0.303333 9 84 32 1
0.31 14 103 51 4
0.316667 16 88 30 3
0.323333 8 79 41 2
0.33 12 88 26 3
0.336667 11 67 41 4
0.343333 6 80 27 4
0.35 5 72 53 3
0.356667 8 81 30 10
0.363333 14 78 36 3
0.37 8 73 34 4
0.376667 12 57 36 8
0.383333 6 66 23 1
0.39 9 68 38 5
0.396667 10 79 27 2
0.403333 10 61 32 1
0.41 13 72 32 1
0.416667 13 67 21 2
0.423333 6 58 34 3
0.43 7 59 28 4
0.436667 8 68 30 2
0.443333 8 65 24 3
0.45 8 67 32 4
0.456667 5 54 26 1
0.463333 10 72 38 2
0.47 8 64 24 3
0.476667 5 56 31 4
0.483333 10 42 18 3
0.49 4 45 19 3
0.496667 7 30 14 6
0.503333 6 33 14 0
0.51 3 42 20 0
0.516667 3 27 16 2
0.523333 1 33 7 1
0.53 6 37 11 1
0.536667 6 28 6 2
0.543333 5 28 14 0
0.55 5 36 15 0
0.556667 7 33 6 0
0.563333 6 30 18 0
0.57 3 27 11 2
0.576667 6 20 13 4
0.583333 3 38 14 0
0.59 2 29 13 3
0.596667 4 31 13 4
0.603333 1 22 13 0
0.61 2 31 14 2
0.616667 6 25 10 5
0.623333 7 31 8 1
0.63 6 23 11 1
0.636667 9 35 13 2
0.643333 3 34 4 3
0.65 0 31 15 2
0.656667 5 29 15 0
0.663333 130 1991 806 33
0.67 0 0 0 0
0.676667 0 0 0 0
0.683333 0 0 0 0
0.69 0 0 0 0
0.696667 0 0 0 0
0.703333 0 0 0 0
0.71 0 0 0 0
0.716667 0 0 0 0
0.723333 0 0 0 0
0.73 0 0 0 0
0.736667 0 0 0 0
0.743333 0 0 0 0
0.75 0 0 0 0
0.756667 0 0 0 0
0.763333 0 0 0 0
0.77 0 0 0 0
0.776667 0 0 0 0
0.783333 0 0 0 0
0.79 0 0 0 0
0.796667 0 0 0 0
0.803333 0 0 0 0
0.81 0 0 0 0
0.816667 0 0 0 0
0.823333 0 0 0 0
0.83 0 0 0 0
0.836667 0 0 0 0
0.843333 0 0 0 0
0.85 0 0 0 0
0.856667 0 0 0 0
0.863333 0 0 0 0
0.87 0 0 0 0
0.876667 0 0 0 0
0.883333 0 0 0 0
0.89 0 0 0 0
0.896667 0 0 0 0
0.903333 0 0 0 0
0.91 0 0 0 0
0.916667 0 0 0 0
0.923333 0 0 0 0
0.93 0 0 0 0
0.936667 0 0 0 0
0.943333 0 0 0 0
0.95 0 0 0 0
0.956667 0 0 0 0
0.963333 0 0 0 0
0.97 0 0 0 0
0.976667 0 0 0 0
0.983333 0 0 0 0
0.99 0 0 0 0
0.996667 0 0 0 0
1.00333 0 0 0 0
1.01 0 0 0 0
1.01667 0 0 0 0
1.02333 0 0 0 0
1.03 0 0 0 0
1.03667 0 0 0 0
1.04333 0 0 0 0
1.05 0 0 0 0
1.05667 0 0 0 0
1.06333 0 0 0 0
1.07 0 0 0 0
1.07667 0 0 0 0
1.08333 0 0 0 0
1.09 0 0 0 0
1.09667 0 0 0 0
1.10333 0 0 0 0
1.11 0 0 0 0
1.11667 0 0 0 0
1.12333 0 0 0 0
1.13 0 0 0 0
1.13667 0 0 0 0
1.14333 0 0 0 0
1.15 0 0 0 0
1.15667 0 0 0 0
1.16333 0 0 0 0
1.17 0 0 0 0
1.17667 0 0 0 0
1.18333 0 0 0 0
1.19 0 0 0 0
1.19667 0 0 0 0
1.20333 0 0 0 0
1.21 0 0 0 0
1.21667 0 0 0 0
1.22333 0 0 0 0
1.23 0 0 0 0
1.23667 0 0 0 0
1.24333 0 0 0 0
1.25 0 0 0 0
1.25667 0 0 0 0
1.26333 0 0 0 0
1.27 0 0 0 0
1.27667 0 0 0 0
1.28333 0 0 0 0
1.29 0 0 0 0
1.29667 0 0 0 0
1.30333 0 0 0 0
1.31 0 0 0 0
1.31667 0 0 0 0
1.32333 0 0 0 0
1.33 0 0 0 0
1.33667 0 0 0 0
1.34333 0 0 0 0
1.35 0 0 0 0
1.35667 0 0 0 0
1.36333 0 0 0 0
1.37 0 0 0 0
1.37667 0 0 0 0
1.38333 0 0 0 0
1.39 0 0 0 0
1.39667 0 0 0 0
1.40333 0 0 0 0
1.41 0 0 0 0
1.41667 0 0 0 0
1.42333 0 0 0 0
1.43 0 0 0 0
1.43667 0 0 0 0
1.44333 0 0 0 0
1.45 0 0 0 0
1.45667 0 0 0 0
1.46333 0 0 0 0
1.47 0 0 0 0
1.47667 0 0 0 0
1.48333 0 0 0 0
1.49 0 0 0 0
1.49667 0 0 0 0
1.50333 0 0 0 0
1.51 0 0 0 0
1.51667 0 0 0 0
1.52333 0 0 0 0
1.53 0 0 0 0
1.53667 0 0 0 0
1.54333 0 0 0 0
1.55 0 0 0 0
1.55667 0 0 0 0
1.56333 0 0 0 0
1.57 0 0 0 0
1.57667 0 0 0 0
1.58333 0 0 0 0
1.59 0 0 0 0
1.59667 0 0 0 0
1.60333 0 0 0 0
1.61 0 0 0 0
1.61667 0 0 0 0
1.62333 0 0 0 0
1.63 0 0 0 0
1.63667 0 0 0 0
1.64333 0 0 0 0
1.65 0 0 0 0
1.65667 0 0 0 0
1.66333 0 0 0 0
1.67 0 0 0 0
1.67667 0 0 0 0
1.68333 0 0 0 0
1.69 0 0 0 0
1.69667 0 0 0 0
1.70333 0 0 0 0
1.71 0 0 0 0
1.71667 0 0 0 0
1.72333 0 0 0 0
1.73 0 0 0 0
1.73667 0 0 0 0
1.74333 0 0 0 0
1.75 0 0 0 0
1.75667 0 0 0 0
1.76333 0 0 0 0
1.77 0 0 0 0
1.77667 0 0 0 0
1.78333 0 0 0 0
1.79 0 0 0 0
1.79667 0 0 0 0
1.80333 0 0 0 0
1.81 0 0 0 0
1.81667 0 0 0 0
1.82333 0 0 0 0
1.83 0 0 0 0
1.83667 0 0 0 0
1.84333 0 0 0 0
1.85 0 0 0 0
1.85667 0 0 0 0
1.86333 0 0 0 0
1.87 0 0 0 0
1.87667 0 0 0 0
1.88333 0 0 0 0
1.89 0 0 0 0
1.89667 0 0 0 0
1.90333 0 0 0 0
1.91 0 0 0 0
1.91667 0 0 0 0
1.92333 0 0 0 0
1.93 0 0 0 0
1.93667 0 0 0 0
1.94333 0 0 0 0
1.95 0 0 0 0
1.95667 0 0 0 0
1.96333 0 0 0 0
1.97 0 0 0 0
1.97667 0 0 0 0
1.98333 0 0 0 0
1.99 0 0 0 0
1.99667 0 0 0 0
