0.00333333 1 16 25 9
0.01 9 23 29 6
0.0166667 11 37 23 1
0.0233333 8 31 48 6
0.03 8 29 33 7
0.0366667 8 38 45 10
0.0433333 18 57 55 7
0.05 16 64 73 11
0.0566667 21 86 85 14
0.0633333 26 101 98 14
0.07 33 99 95 22
0.0766667 41 87 94 20
0.0833333 23 96 100 16
0.09 19 80 102 20
0.0966667 31 86 100 18
0.103333 31 85 103 18
0.11 23 68 91 20
0.116667 20 89 112 17
0.123333 17 85 97 10
0.13 22 76 97 13
0.136667 24 77 114 8
0.143333 20 72 87 12
0.15 26 84 81 14
0.156667 18 58 78 7
0.163333 17 48 79 15
0.17 22 62 83 16
0.176667 15 57 69 13
0.183333 21 54 69 7
0.19 27 63 83 18
0.196667 19 54 82 8
0.203333 15 55 65 11
0.21 21 43 89 4
0.216667 10 51 58 10
0.223333 14 64 69 15
0.23 19 43 58 8
0.236667 11 48 46 12
0.243333 18 33 53 10
0.25 13 43 65 10
0.256667 6 37 58 8
0.263333 11 30 50 8
0.27 8 39 43 8
0.276667 15 47 43 5
0.283333 5 26 48 9
0.29 12 32 53 5
0.296667 15 35 39 6
0.303333 6 37 52 10
0.31 20 34 56 4
0.316667 8 36 45 9
0.323333 9 32 51 11
0.33 7 34 38 6
0.336667 13 34 45 12
0.343333 5 27 35 11
0.35 4 33 30 8
0.356667 6 22 33 7
0.363333 7 14 30 9
0.37 15 23 28 7
0.376667 5 18 35 6
0.383333 9 32 32 10
0.39 11 20 27 6
0.396667 6 22 20 4
0.403333 5 29 30 7
0.41 9 14 34 3
0.416667 11 26 35 6
0.423333 8 22 40 4
0.43 6 17 27 6
0.436667 7 21 25 5
0.443333 9 23 37 2
0.45 7 17 31 3
0.456667 6 16 30 4
0.463333 11 22 30 7
0.47 9 21 33 1
0.476667 10 10 31 4
0.483333 8 11 19 4
0.49 6 14 23 1
0.496667 1 12 20 5
0.503333 1 10 22 3
0.51 3 15 20 2
0.516667 4 11 20 4
0.523333 4 7 21 1
0.53 4 10 19 2
0.536667 2 11 25 2
0.543333 3 12 19 3
0.55 3 17 15 3
0.556667 4 8 15 4
0.563333 7 12 20 4
0.57 4 11 18 2
0.576667 8 6 17 3
0.583333 5 9 10 6
0.59 8 11 10 3
0.596667 7 8 22 2
0.603333 4 11 18 5
0.61 1 12 16 4
0.616667 6 13 17 3
0.623333 6 5 18 1
0.63 4 16 12 3
0.636667 5 14 17 6
0.643333 5 6 20 4
0.65 7 10 10 6
0.656667 1 11 11 2
0.663333 129 346 757 67
0.67 0 0 0 0
0.676667 0 0 0 0
0.683333 0 0 0 0
0.69 0 0 0 0
0.696667 0 0 0 0
0.703333 0 0 0 0
0.71 0 0 0 0
0.716667 0 0 0 0
0.723333 0 0 0 0
0.73 0 0 0 0
0.736667 0 0 0 0
0.743333 0 0 0 0
0.75 0 0 0 0
0.756667 0 0 0 0
0.763333 0 0 0 0
0.77 0 0 0 0
0.776667 0 0 0 0
0.783333 0 0 0 0
0.79 0 0 0 0
0.796667 0 0 0 0
0.803333 0 0 0 0
0.81 0 0 0 0
0.816667 0 0 0 0
0.823333 0 0 0 0
0.83 0 0 0 0
0.836667 0 0 0 0
0.843333 0 0 0 0
0.85 0 0 0 0
0.856667 0 0 0 0
0.863333 0 0 0 0
0.87 0 0 0 0
0.876667 0 0 0 0
0.883333 0 0 0 0
0.89 0 0 0 0
0.896667 0 0 0 0
0.903333 0 0 0 0
0.91 0 0 0 0
0.916667 0 0 0 0
0.923333 0 0 0 0
0.93 0 0 0 0
0.936667 0 0 0 0
0.943333 0 0 0 0
0.95 0 0 0 0
0.956667 0 0 0 0
0.963333 0 0 0 0
0.97 0 0 0 0
0.976667 0 0 0 0
0.983333 0 0 0 0
0.99 0 0 0 0
0.996667 0 0 0 0
1.00333 0 0 0 0
1.01 0 0 0 0
1.01667 0 0 0 0
1.02333 0 0 0 0
1.03 0 0 0 0
1.03667 0 0 0 0
1.04333 0 0 0 0
1.05 0 0 0 0
1.05667 0 0 0 0
1.06333 0 0 0 0
1.07 0 0 0 0
1.07667 0 0 0 0
1.08333 0 0 0 0
1.09 0 0 0 0
1.09667 0 0 0 0
1.10333 0 0 0 0
1.11 0 0 0 0
1.11667 0 0 0 0
1.12333 0 0 0 0
1.13 0 0 0 0
1.13667 0 0 0 0
1.14333 0 0 0 0
1.15 0 0 0 0
1.15667 0 0 0 0
1.16333 0 0 0 0
1.17 0 0 0 0
1.17667 0 0 0 0
1.18333 0 0 0 0
1.19 0 0 0 0
1.19667 0 0 0 0
1.20333 0 0 0 0
1.21 0 0 0 0
1.21667 0 0 0 0
1.22333 0 0 0 0
1.23 0 0 0 0
1.23667 0 0 0 0
1.24333 0 0 0 0
1.25 0 0 0 0
1.25667 0 0 0 0
1.26333 0 0 0 0
1.27 0 0 0 0
1.27667 0 0 0 0
1.28333 0 0 0 0
1.29 0 0 0 0
1.29667 0 0 0 0
1.30333 0 0 0 0
1.31 0 0 0 0
1.31667 0 0 0 0
1.32333 0 0 0 0
1.33 0 0 0 0
1.33667 0 0 0 0
1.34333 0 0 0 0
1.35 0 0 0 0
1.35667 0 0 0 0
1.36333 0 0 0 0
1.37 0 0 0 0
1.37667 0 0 0 0
1.38333 0 0 0 0
1.39 0 0 0 0
1.39667 0 0 0 0
1.40333 0 0 0 0
1.41 0 0 0 0
1.41667 0 0 0 0
1.42333 0 0 0 0
1.43 0 0 0 0
1.43667 0 0 0 0
1.44333 0 0 0 0
1.45 0 0 0 0
1.45667 0 0 0 0
1.46333 0 0 0 0
1.47 0 0 0 0
1.47667 0 0 0 0
1.48333 0 0 0 0
1.49 0 0 0 0
1.49667 0 0 0 0
1.50333 0 0 0 0
1.51 0 0 0 0
1.51667 0 0 0 0
1.52333 0 0 0 0
1.53 0 0 0 0
1.53667 0 0 0 0
1.54333 0 0 0 0
1.55 0 0 0 0
1.55667 0 0 0 0
1.56333 0 0 0 0
1.57 0 0 0 0
1.57667 0 0 0 0
1.58333 0 0 0 0
1.59 0 0 0 0
1.59667 0 0 0 0
1.60333 0 0 0 0
1.61 0 0 0 0
1.61667 0 0 0 0
1.62333 0 0 0 0
1.63 0 0 0 0
1.63667 0 0 0 0
1.64333 0 0 0 0
1.65 0 0 0 0
1.65667 0 0 0 0
1.66333 0 0 0 0
1.67 0 0 0 0
1.67667 0 0 0 0
1.68333 0 0 0 0
1.69 0 0 0 0
1.69667 0 0 0 0
1.70333 0 0 0 0
1.71 0 0 0 0
1.71667 0 0 0 0
1.72333 0 0 0 0
1.73 0 0 0 0
1.73667 0 0 0 0
1.74333 0 0 0 0
1.75 0 0 0 0
1.75667 0 0 0 0
1.76333 0 0 0 0
1.77 0 0 0 0
1.77667 0 0 0 0
1.78333 0 0 0 0
1.79 0 0 0 0
1.79667 0 0 0 0
1.80333 0 0 0 0
1.81 0 0 0 0
1.81667 0 0 0 0
1.82333 0 0 0 0
1.83 0 0 0 0
1.83667 0 0 0 0
1.84333 0 0 0 0
1.85 0 0 0 0
1.85667 0 0 0 0
1.86333 0 0 0 0
1.87 0 0 0 0
1.87667 0 0 0 0
1.88333 0 0 0 0
1.89 0 0 0 0
1.89667 0 0 0 0
1.90333 0 0 0 0
1.91 0 0 0 0
1.91667 0 0 0 0
1.92333 0 0 0 0
1.93 0 0 0 0
1.93667 0 0 0 0
1.94333 0 0 0 0
1.95 0 0 0 0
1.95667 0 0 0 0
1.96333 0 0 0 0
1.97 0 0 0 0
1.97667 0 0 0 0
1.98333 0 0 0 0
1.99 0 0 0 0
1.99667 0 0 0 0
