0.00333333 3 25 59 5
0.01 0 36 94 3
0.0166667 2 31 88 7
0.0233333 3 30 71 6
0.03 2 32 82 9
0.0366667 5 34 94 7
0.0433333 5 43 94 12
0.05 6 59 107 19
0.0566667 5 56 140 17
0.0633333 7 52 134 16
0.07 10 61 149 17
0.0766667 5 66 170 10
0.0833333 6 65 171 20
0.09 4 77 176 12
0.0966667 6 68 183 14
0.103333 2 77 167 19
0.11 8 75 172 17
0.116667 5 72 188 25
0.123333 7 73 163 17
0.13 7 68 184 17
0.136667 6 78 189 19
0.143333 3 75 149 15
0.15 1 61 147 14
0.156667 2 62 179 12
0.163333 8 69 153 15
0.17 4 77 154 12
0.176667 6 57 160 18
0.183333 4 70 171 8
0.19 6 70 219 12
0.196667 2 94 213 13
0.203333 5 83 190 21
0.21 3 88 176 15
0.216667 5 63 163 11
0.223333 2 54 178 7
0.23 5 65 164 7
0.236667 3 56 155 16
0.243333 6 51 164 11
0.25 1 56 139 8
0.256667 3 58 153 7
0.263333 2 52 128 11
0.27 2 47 116 4
0.276667 3 47 107 8
0.283333 4 57 99 12
0.29 2 48 102 4
0.296667 6 47 85 8
0.303333 3 37 91 10
0.31 4 49 96 12
0.316667 2 45 112 7
0.323333 3 49 87 8
0.33 6 50 94 7
0.336667 3 34 95 5
0.343333 4 44 96 4
0.35 1 37 91 7
0.356667 1 52 101 11
0.363333 3 25 86 8
0.37 1 49 87 10
0.376667 2 29 83 10
0.383333 5 31 81 12
0.39 2 28 86 9
0.396667 4 43 87 9
0.403333 3 26 66 6
0.41 6 41 81 5
0.416667 1 28 99 3
0.423333 3 33 84 7
0.43 2 32 74 8
0.436667 2 32 72 3
0.443333 2 25 85 4
0.45 2 39 69 4
0.456667 3 34 66 7
0.463333 3 40 88 5
0.47 0 32 86 6
0.476667 3 24 68 3
0.483333 2 25 48 9
0.49 4 22 39 2
0.496667 1 25 28 6
0.503333 1 18 52 3
0.51 2 12 48 2
0.516667 0 18 33 4
0.523333 0 14 41 6
0.53 0 17 35 2
0.536667 4 17 29 2
0.543333 3 12 40 6
0.55 0 16 27 1
0.556667 0 10 43 4
0.563333 1 15 27 6
0.57 1 17 27 2
0.576667 1 20 34 5
0.583333 1 20 35 3
0.59 1 12 27 3
0.596667 0 14 22 8
0.603333 3 11 17 5
0.61 1 14 26 6
0.616667 1 9 28 1
0.623333 1 12 32 5
0.63 0 13 40 3
0.636667 3 22 40 2
0.643333 1 15 19 8
0.65 1 10 28 7
0.656667 1 12 27 1
0.663333 40 1410 3230 82
0.67 0 0 0 0
0.676667 0 0 0 0
0.683333 0 0 0 0
0.69 0 0 0 0
0.696667 0 0 0 0
0.703333 0 0 0 0
0.71 0 0 0 0
0.716667 0 0 0 0
0.723333 0 0 0 0
0.73 0 0 0 0
0.736667 0 0 0 0
0.743333 0 0 0 0
0.75 0 0 0 0
0.756667 0 0 0 0
0.763333 0 0 0 0
0.77 0 0 0 0
0.776667 0 0 0 0
0.783333 0 0 0 0
0.79 0 0 0 0
0.796667 0 0 0 0
0.803333 0 0 0 0
0.81 0 0 0 0
0.816667 0 0 0 0
0.823333 0 0 0 0
0.83 0 0 0 0
0.836667 0 0 0 0
0.843333 0 0 0 0
0.85 0 0 0 0
0.856667 0 0 0 0
0.863333 0 0 0 0
0.87 0 0 0 0
0.876667 0 0 0 0
0.883333 0 0 0 0
0.89 0 0 0 0
0.896667 0 0 0 0
0.903333 0 0 0 0
0.91 0 0 0 0
0.916667 0 0 0 0
0.923333 0 0 0 0
0.93 0 0 0 0
0.936667 0 0 0 0
0.943333 0 0 0 0
0.95 0 0 0 0
0.956667 0 0 0 0
0.963333 0 0 0 0
0.97 0 0 0 0
0.976667 0 0 0 0
0.983333 0 0 0 0
0.99 0 0 0 0
0.996667 0 0 0 0
1.00333 0 0 0 0
1.01 0 0 0 0
1.01667 0 0 0 0
1.02333 0 0 0 0
1.03 0 0 0 0
1.03667 0 0 0 0
1.04333 0 0 0 0
1.05 0 0 0 0
1.05667 0 0 0 0
1.06333 0 0 0 0
1.07 0 0 0 0
1.07667 0 0 0 0
1.08333 0 0 0 0
1.09 0 0 0 0
1.09667 0 0 0 0
1.10333 0 0 0 0
1.11 0 0 0 0
1.11667 0 0 0 0
1.12333 0 0 0 0
1.13 0 0 0 0
1.13667 0 0 0 0
1.14333 0 0 0 0
1.15 0 0 0 0
1.15667 0 0 0 0
1.16333 0 0 0 0
1.17 0 0 0 0
1.17667 0 0 0 0
1.18333 0 0 0 0
1.19 0 0 0 0
1.19667 0 0 0 0
1.20333 0 0 0 0
1.21 0 0 0 0
1.21667 0 0 0 0
1.22333 0 0 0 0
1.23 0 0 0 0
1.23667 0 0 0 0
1.24333 0 0 0 0
1.25 0 0 0 0
1.25667 0 0 0 0
1.26333 0 0 0 0
1.27 0 0 0 0
1.27667 0 0 0 0
1.28333 0 0 0 0
1.29 0 0 0 0
1.29667 0 0 0 0
1.30333 0 0 0 0
1.31 0 0 0 0
1.31667 0 0 0 0
1.32333 0 0 0 0
1.33 0 0 0 0
1.33667 0 0 0 0
1.34333 0 0 0 0
1.35 0 0 0 0
1.35667 0 0 0 0
1.36333 0 0 0 0
1.37 0 0 0 0
1.37667 0 0 0 0
1.38333 0 0 0 0
1.39 0 0 0 0
1.39667 0 0 0 0
1.40333 0 0 0 0
1.41 0 0 0 0
1.41667 0 0 0 0
1.42333 0 0 0 0
1.43 0 0 0 0
1.43667 0 0 0 0
1.44333 0 0 0 0
1.45 0 0 0 0
1.45667 0 0 0 0
1.46333 0 0 0 0
1.47 0 0 0 0
1.47667 0 0 0 0
1.48333 0 0 0 0
1.49 0 0 0 0
1.49667 0 0 0 0
1.50333 0 0 0 0
1.51 0 0 0 0
1.51667 0 0 0 0
1.52333 0 0 0 0
1.53 0 0 0 0
1.53667 0 0 0 0
1.54333 0 0 0 0
1.55 0 0 0 0
1.55667 0 0 0 0
1.56333 0 0 0 0
1.57 0 0 0 0
1.57667 0 0 0 0
1.58333 0 0 0 0
1.59 0 0 0 0
1.59667 0 0 0 0
1.60333 0 0 0 0
1.61 0 0 0 0
1.61667 0 0 0 0
1.62333 0 0 0 0
1.63 0 0 0 0
1.63667 0 0 0 0
1.64333 0 0 0 0
1.65 0 0 0 0
1.65667 0 0 0 0
1.66333 0 0 0 0
1.67 0 0 0 0
1.67667 0 0 0 0
1.68333 0 0 0 0
1.69 0 0 0 0
1.69667 0 0 0 0
1.70333 0 0 0 0
1.71 0 0 0 0
1.71667 0 0 0 0
1.72333 0 0 0 0
1.73 0 0 0 0
1.73667 0 0 0 0
1.74333 0 0 0 0
1.75 0 0 0 0
1.75667 0 0 0 0
1.76333 0 0 0 0
1.77 0 0 0 0
1.77667 0 0 0 0
1.78333 0 0 0 0
1.79 0 0 0 0
1.79667 0 0 0 0
1.80333 0 0 0 0
1.81 0 0 0 0
1.81667 0 0 0 0
1.82333 0 0 0 0
1.83 0 0 0 0
1.83667 0 0 0 0
1.84333 0 0 0 0
1.85 0 0 0 0
1.85667 0 0 0 0
1.86333 0 0 0 0
1.87 0 0 0 0
1.87667 0 0 0 0
1.88333 0 0 0 0
1.89 0 0 0 0
1.89667 0 0 0 0
1.90333 0 0 0 0
1.91 0 0 0 0
1.91667 0 0 0 0
1.92333 0 0 0 0
1.93 0 0 0 0
1.93667 0 0 0 0
1.94333 0 0 0 0
1.95 0 0 0 0
1.95667 0 0 0 0
1.96333 0 0 0 0
1.97 0 0 0 0
1.97667 0 0 0 0
1.98333 0 0 0 0
1.99 0 0 0 0
1.99667 0 0 0 0
