0.00333333 5 14 14 9
0.01 3 15 26 18
0.0166667 10 20 31 13
0.0233333 16 11 27 18
0.03 7 17 42 17
0.0366667 7 8 47 30
0.0433333 13 18 63 32
0.05 15 44 80 36
0.0566667 9 50 103 44
0.0633333 21 51 86 43
0.07 14 45 117 48
0.0766667 19 46 111 44
0.0833333 17 45 110 60
0.09 20 52 103 53
0.0966667 19 54 123 58
0.103333 13 58 97 66
0.11 25 51 128 38
0.116667 18 47 101 58
0.123333 12 44 109 54
0.13 16 35 105 50
0.136667 16 32 95 44
0.143333 22 37 105 39
0.15 15 42 89 35
0.156667 16 39 69 39
0.163333 13 34 77 55
0.17 16 32 72 45
0.176667 15 38 71 38
0.183333 15 35 64 52
0.19 18 35 70 38
0.196667 28 32 89 48
0.203333 15 29 76 48
0.21 12 32 40 41
0.216667 16 35 57 38
0.223333 23 26 52 34
0.23 10 27 73 29
0.236667 13 25 53 33
0.243333 17 20 68 25
0.25 13 17 48 18
0.256667 13 17 40 27
0.263333 9 23 51 36
0.27 8 24 52 30
0.276667 10 26 55 22
0.283333 9 19 49 27
0.29 7 20 39 31
0.296667 8 21 38 30
0.303333 8 20 34 26
0.31 9 15 46 24
0.316667 8 17 49 28
0.323333 8 18 42 27
0.33 6 16 37 26
0.336667 11 19 41 25
0.343333 6 17 45 29
0.35 8 13 37 26
0.356667 8 16 37 19
0.363333 8 27 32 16
0.37 8 16 31 18
0.376667 10 19 34 21
0.383333 6 9 28 19
0.39 9 19 36 16
0.396667 12 11 35 22
0.403333 8 18 32 23
0.41 6 20 29 17
0.416667 8 10 30 17
0.423333 2 18 25 16
0.43 8 23 23 12
0.436667 9 10 36 20
0.443333 10 12 28 13
0.45 3 11 34 21
0.456667 6 9 26 19
0.463333 5 13 33 18
0.47 1 16 26 23
0.476667 9 18 23 22
0.483333 2 18 21 11
0.49 7 14 19 8
0.496667 2 9 17 13
0.503333 8 8 17 5
0.51 2 10 17 15
0.516667 7 15 19 10
0.523333 3 5 15 14
0.53 4 4 16 3
0.536667 4 8 19 7
0.543333 2 7 16 15
0.55 5 12 9 6
0.556667 4 10 13 8
0.563333 4 5 23 6
0.57 3 12 10 15
0.576667 12 8 14 7
0.583333 6 4 11 10
0.59 5 11 6 8
0.596667 5 8 14 8
0.603333 6 5 17 8
0.61 6 7 12 11
0.616667 10 5 16 7
0.623333 3 5 13 7
0.63 3 5 10 5
0.636667 3 6 15 9
0.643333 5 7 9 11
0.65 5 5 15 10
0.656667 1 7 7 12
0.663333 179 206 521 448
0.67 0 0 0 0
0.676667 0 0 0 0
0.683333 0 0 0 0
0.69 0 0 0 0
0.696667 0 0 0 0
0.703333 0 0 0 0
0.71 0 0 0 0
0.716667 0 0 0 0
0.723333 0 0 0 0
0.73 0 0 0 0
0.736667 0 0 0 0
0.743333 0 0 0 0
0.75 0 0 0 0
0.756667 0 0 0 0
0.763333 0 0 0 0
0.77 0 0 0 0
0.776667 0 0 0 0
0.783333 0 0 0 0
0.79 0 0 0 0
0.796667 0 0 0 0
0.803333 0 0 0 0
0.81 0 0 0 0
0.816667 0 0 0 0
0.823333 0 0 0 0
0.83 0 0 0 0
0.836667 0 0 0 0
0.843333 0 0 0 0
0.85 0 0 0 0
0.856667 0 0 0 0
0.863333 0 0 0 0
0.87 0 0 0 0
0.876667 0 0 0 0
0.883333 0 0 0 0
0.89 0 0 0 0
0.896667 0 0 0 0
0.903333 0 0 0 0
0.91 0 0 0 0
0.916667 0 0 0 0
0.923333 0 0 0 0
0.93 0 0 0 0
0.936667 0 0 0 0
0.943333 0 0 0 0
0.95 0 0 0 0
0.956667 0 0 0 0
0.963333 0 0 0 0
0.97 0 0 0 0
0.976667 0 0 0 0
0.983333 0 0 0 0
0.99 0 0 0 0
0.996667 0 0 0 0
1.00333 0 0 0 0
1.01 0 0 0 0
1.01667 0 0 0 0
1.02333 0 0 0 0
1.03 0 0 0 0
1.03667 0 0 0 0
1.04333 0 0 0 0
1.05 0 0 0 0
1.05667 0 0 0 0
1.06333 0 0 0 0
1.07 0 0 0 0
1.07667 0 0 0 0
1.08333 0 0 0 0
1.09 0 0 0 0
1.09667 0 0 0 0
1.10333 0 0 0 0
1.11 0 0 0 0
1.11667 0 0 0 0
1.12333 0 0 0 0
1.13 0 0 0 0
1.13667 0 0 0 0
1.14333 0 0 0 0
1.15 0 0 0 0
1.15667 0 0 0 0
1.16333 0 0 0 0
1.17 0 0 0 0
1.17667 0 0 0 0
1.18333 0 0 0 0
1.19 0 0 0 0
1.19667 0 0 0 0
1.20333 0 0 0 0
1.21 0 0 0 0
1.21667 0 0 0 0
1.22333 0 0 0 0
1.23 0 0 0 0
1.23667 0 0 0 0
1.24333 0 0 0 0
1.25 0 0 0 0
1.25667 0 0 0 0
1.26333 0 0 0 0
1.27 0 0 0 0
1.27667 0 0 0 0
1.28333 0 0 0 0
1.29 0 0 0 0
1.29667 0 0 0 0
1.30333 0 0 0 0
1.31 0 0 0 0
1.31667 0 0 0 0
1.32333 0 0 0 0
1.33 0 0 0 0
1.33667 0 0 0 0
1.34333 0 0 0 0
1.35 0 0 0 0
1.35667 0 0 0 0
1.36333 0 0 0 0
1.37 0 0 0 0
1.37667 0 0 0 0
1.38333 0 0 0 0
1.39 0 0 0 0
1.39667 0 0 0 0
1.40333 0 0 0 0
1.41 0 0 0 0
1.41667 0 0 0 0
1.42333 0 0 0 0
1.43 0 0 0 0
1.43667 0 0 0 0
1.44333 0 0 0 0
1.45 0 0 0 0
1.45667 0 0 0 0
1.46333 0 0 0 0
1.47 0 0 0 0
1.47667 0 0 0 0
1.48333 0 0 0 0
1.49 0 0 0 0
1.49667 0 0 0 0
1.50333 0 0 0 0
1.51 0 0 0 0
1.51667 0 0 0 0
1.52333 0 0 0 0
1.53 0 0 0 0
1.53667 0 0 0 0
1.54333 0 0 0 0
1.55 0 0 0 0
1.55667 0 0 0 0
1.56333 0 0 0 0
1.57 0 0 0 0
1.57667 0 0 0 0
1.58333 0 0 0 0
1.59 0 0 0 0
1.59667 0 0 0 0
1.60333 0 0 0 0
1.61 0 0 0 0
1.61667 0 0 0 0
1.62333 0 0 0 0
1.63 0 0 0 0
1.63667 0 0 0 0
1.64333 0 0 0 0
1.65 0 0 0 0
1.65667 0 0 0 0
1.66333 0 0 0 0
1.67 0 0 0 0
1.67667 0 0 0 0
1.68333 0 0 0 0
1.69 0 0 0 0
1.69667 0 0 0 0
1.70333 0 0 0 0
1.71 0 0 0 0
1.71667 0 0 0 0
1.72333 0 0 0 0
1.73 0 0 0 0
1.73667 0 0 0 0
1.74333 0 0 0 0
1.75 0 0 0 0
1.75667 0 0 0 0
1.76333 0 0 0 0
1.77 0 0 0 0
1.77667 0 0 0 0
1.78333 0 0 0 0
1.79 0 0 0 0
1.79667 0 0 0 0
1.80333 0 0 0 0
1.81 0 0 0 0
1.81667 0 0 0 0
1.82333 0 0 0 0
1.83 0 0 0 0
1.83667 0 0 0 0
1.84333 0 0 0 0
1.85 0 0 0 0
1.85667 0 0 0 0
1.86333 0 0 0 0
1.87 0 0 0 0
1.87667 0 0 0 0
1.88333 0 0 0 0
1.89 0 0 0 0
1.89667 0 0 0 0
1.90333 0 0 0 0
1.91 0 0 0 0
1.91667 0 0 0 0
1.92333 0 0 0 0
1.93 0 0 0 0
1.93667 0 0 0 0
1.94333 0 0 0 0
1.95 0 0 0 0
1.95667 0 0 0 0
1.96333 0 0 0 0
1.97 0 0 0 0
1.97667 0 0 0 0
1.98333 0 0 0 0
1.99 0 0 0 0
1.99667 0 0 0 0
