0.00333333 1 0 60 32
0.01 1 2 62 44
0.0166667 4 7 66 53
0.0233333 0 10 87 37
0.03 1 6 99 65
0.0366667 2 8 92 57
0.0433333 1 9 174 82
0.05 5 12 184 103
0.0566667 5 14 212 123
0.0633333 6 15 273 146
0.07 7 36 238 151
0.0766667 6 15 282 172
0.0833333 4 22 268 165
0.09 4 15 271 158
0.0966667 4 18 271 161
0.103333 6 23 279 158
0.11 4 23 241 160
0.116667 5 26 235 130
0.123333 3 18 232 152
0.13 9 16 226 127
0.136667 5 15 249 118
0.143333 7 16 218 151
0.15 5 14 186 101
0.156667 2 10 220 118
0.163333 5 13 210 123
0.17 4 16 193 113
0.176667 4 12 194 94
0.183333 3 12 185 119
0.19 3 15 240 138
0.196667 2 16 203 95
0.203333 2 9 182 92
0.21 2 10 165 112
0.216667 5 14 180 107
0.223333 6 6 160 104
0.23 2 20 149 79
0.236667 3 11 149 85
0.243333 3 5 129 86
0.25 5 11 150 91
0.256667 2 8 127 67
0.263333 4 5 126 90
0.27 1 14 117 80
0.276667 3 8 122 56
0.283333 3 10 119 80
0.29 0 5 110 73
0.296667 3 10 93 76
0.303333 2 3 94 52
0.31 4 9 105 66
0.316667 1 10 96 61
0.323333 6 9 78 55
0.33 3 9 70 60
0.336667 3 7 89 48
0.343333 2 8 97 61
0.35 2 10 88 60
0.356667 1 5 73 50
0.363333 2 8 73 30
0.37 2 9 91 51
0.376667 4 7 81 43
0.383333 2 7 67 61
0.39 1 9 73 41
0.396667 4 7 73 37
0.403333 3 8 65 31
0.41 1 6 64 57
0.416667 1 6 78 46
0.423333 1 5 71 41
0.43 0 7 55 44
0.436667 3 9 68 26
0.443333 4 2 65 51
0.45 2 6 72 32
0.456667 0 9 67 31
0.463333 2 3 61 40
0.47 2 6 64 45
0.476667 0 6 57 32
0.483333 0 9 44 28
0.49 1 4 36 21
0.496667 1 4 37 32
0.503333 1 5 36 41
0.51 1 7 39 29
0.516667 2 4 38 34
0.523333 1 2 31 28
0.53 1 3 45 15
0.536667 0 3 43 25
0.543333 1 5 30 27
0.55 1 4 31 31
0.556667 1 4 27 27
0.563333 0 4 43 15
0.57 1 3 28 20
0.576667 3 5 30 26
0.583333 1 7 27 19
0.59 6 3 31 21
0.596667 0 3 28 17
0.603333 0 4 28 13
0.61 0 3 40 25
0.616667 2 2 33 19
0.623333 2 3 25 20
0.63 0 8 28 16
0.636667 1 6 36 20
0.643333 0 1 27 17
0.65 1 1 22 15
0.656667 0 5 25 16
0.663333 29 84 1871 937
0.67 0 0 0 0
0.676667 0 0 0 0
0.683333 0 0 0 0
0.69 0 0 0 0
0.696667 0 0 0 0
0.703333 0 0 0 0
0.71 0 0 0 0
0.716667 0 0 0 0
0.723333 0 0 0 0
0.73 0 0 0 0
0.736667 0 0 0 0
0.743333 0 0 0 0
0.75 0 0 0 0
0.756667 0 0 0 0
0.763333 0 0 0 0
0.77 0 0 0 0
0.776667 0 0 0 0
0.783333 0 0 0 0
0.79 0 0 0 0
0.796667 0 0 0 0
0.803333 0 0 0 0
0.81 0 0 0 0
0.816667 0 0 0 0
0.823333 0 0 0 0
0.83 0 0 0 0
0.836667 0 0 0 0
0.843333 0 0 0 0
0.85 0 0 0 0
0.856667 0 0 0 0
0.863333 0 0 0 0
0.87 0 0 0 0
0.876667 0 0 0 0
0.883333 0 0 0 0
0.89 0 0 0 0
0.896667 0 0 0 0
0.903333 0 0 0 0
0.91 0 0 0 0
0.916667 0 0 0 0
0.923333 0 0 0 0
0.93 0 0 0 0
0.936667 0 0 0 0
0.943333 0 0 0 0
0.95 0 0 0 0
0.956667 0 0 0 0
0.963333 0 0 0 0
0.97 0 0 0 0
0.976667 0 0 0 0
0.983333 0 0 0 0
0.99 0 0 0 0
0.996667 0 0 0 0
1.00333 0 0 0 0
1.01 0 0 0 0
1.01667 0 0 0 0
1.02333 0 0 0 0
1.03 0 0 0 0
1.03667 0 0 0 0
1.04333 0 0 0 0
1.05 0 0 0 0
1.05667 0 0 0 0
1.06333 0 0 0 0
1.07 0 0 0 0
1.07667 0 0 0 0
1.08333 0 0 0 0
1.09 0 0 0 0
1.09667 0 0 0 0
1.10333 0 0 0 0
1.11 0 0 0 0
1.11667 0 0 0 0
1.12333 0 0 0 0
1.13 0 0 0 0
1.13667 0 0 0 0
1.14333 0 0 0 0
1.15 0 0 0 0
1.15667 0 0 0 0
1.16333 0 0 0 0
1.17 0 0 0 0
1.17667 0 0 0 0
1.18333 0 0 0 0
1.19 0 0 0 0
1.19667 0 0 0 0
1.20333 0 0 0 0
1.21 0 0 0 0
1.21667 0 0 0 0
1.22333 0 0 0 0
1.23 0 0 0 0
1.23667 0 0 0 0
1.24333 0 0 0 0
1.25 0 0 0 0
1.25667 0 0 0 0
1.26333 0 0 0 0
1.27 0 0 0 0
1.27667 0 0 0 0
1.28333 0 0 0 0
1.29 0 0 0 0
1.29667 0 0 0 0
1.30333 0 0 0 0
1.31 0 0 0 0
1.31667 0 0 0 0
1.32333 0 0 0 0
1.33 0 0 0 0
1.33667 0 0 0 0
1.34333 0 0 0 0
1.35 0 0 0 0
1.35667 0 0 0 0
1.36333 0 0 0 0
1.37 0 0 0 0
1.37667 0 0 0 0
1.38333 0 0 0 0
1.39 0 0 0 0
1.39667 0 0 0 0
1.40333 0 0 0 0
1.41 0 0 0 0
1.41667 0 0 0 0
1.42333 0 0 0 0
1.43 0 0 0 0
1.43667 0 0 0 0
1.44333 0 0 0 0
1.45 0 0 0 0
1.45667 0 0 0 0
1.46333 0 0 0 0
1.47 0 0 0 0
1.47667 0 0 0 0
1.48333 0 0 0 0
1.49 0 0 0 0
1.49667 0 0 0 0
1.50333 0 0 0 0
1.51 0 0 0 0
1.51667 0 0 0 0
1.52333 0 0 0 0
1.53 0 0 0 0
1.53667 0 0 0 0
1.54333 0 0 0 0
1.55 0 0 0 0
1.55667 0 0 0 0
1.56333 0 0 0 0
1.57 0 0 0 0
1.57667 0 0 0 0
1.58333 0 0 0 0
1.59 0 0 0 0
1.59667 0 0 0 0
1.60333 0 0 0 0
1.61 0 0 0 0
1.61667 0 0 0 0
1.62333 0 0 0 0
1.63 0 0 0 0
1.63667 0 0 0 0
1.64333 0 0 0 0
1.65 0 0 0 0
1.65667 0 0 0 0
1.66333 0 0 0 0
1.67 0 0 0 0
1.67667 0 0 0 0
1.68333 0 0 0 0
1.69 0 0 0 0
1.69667 0 0 0 0
1.70333 0 0 0 0
1.71 0 0 0 0
1.71667 0 0 0 0
1.72333 0 0 0 0
1.73 0 0 0 0
1.73667 0 0 0 0
1.74333 0 0 0 0
1.75 0 0 0 0
1.75667 0 0 0 0
1.76333 0 0 0 0
1.77 0 0 0 0
1.77667 0 0 0 0
1.78333 0 0 0 0
1.79 0 0 0 0
1.79667 0 0 0 0
1.80333 0 0 0 0
1.81 0 0 0 0
1.81667 0 0 0 0
1.82333 0 0 0 0
1.83 0 0 0 0
1.83667 0 0 0 0
1.84333 0 0 0 0
1.85 0 0 0 0
1.85667 0 0 0 0
1.86333 0 0 0 0
1.87 0 0 0 0
1.87667 0 0 0 0
1.88333 0 0 0 0
1.89 0 0 0 0
1.89667 0 0 0 0
1.90333 0 0 0 0
1.91 0 0 0 0
1.91667 0 0 0 0
1.92333 0 0 0 0
1.93 0 0 0 0
1.93667 0 0 0 0
1.94333 0 0 0 0
1.95 0 0 0 0
1.95667 0 0 0 0
1.96333 0 0 0 0
1.97 0 0 0 0
1.97667 0 0 0 0
1.98333 0 0 0 0
1.99 0 0 0 0
1.99667 0 0 0 0
