0.00333333 14 35 7 1
0.01 18 26 11 1
0.0166667 24 34 5 7
0.0233333 22 38 11 7
0.03 21 46 15 2
0.0366667 25 61 19 4
0.0433333 44 89 24 7
0.05 45 103 45 3
0.0566667 54 130 40 11
0.0633333 67 153 44 5
0.07 70 147 31 17
0.0766667 80 175 34 18
0.0833333 84 152 35 18
0.09 84 164 42 11
0.0966667 72 150 34 18
0.103333 67 153 44 11
0.11 80 155 44 15
0.116667 73 111 48 7
0.123333 70 148 28 9
0.13 62 115 34 12
0.136667 52 118 18 10
0.143333 69 135 28 12
0.15 63 113 26 9
0.156667 66 122 19 5
0.163333 60 96 31 13
0.17 62 107 25 4
0.176667 48 102 26 6
0.183333 64 100 21 12
0.19 55 97 24 20
0.196667 49 92 26 6
0.203333 52 83 25 5
0.21 54 87 29 6
0.216667 38 98 22 10
0.223333 47 86 32 8
0.23 61 68 15 6
0.236667 40 81 21 5
0.243333 42 87 20 11
0.25 41 62 15 7
0.256667 32 81 15 7
0.263333 34 75 15 11
0.27 39 55 19 3
0.276667 26 65 21 7
0.283333 27 48 16 9
0.29 25 56 16 4
0.296667 40 69 18 4
0.303333 23 49 15 5
0.31 32 43 23 3
0.316667 29 46 20 6
0.323333 27 48 15 5
0.33 21 51 15 4
0.336667 16 56 10 7
0.343333 23 52 4 3
0.35 29 52 9 2
0.356667 23 49 24 3
0.363333 22 49 15 1
0.37 30 49 15 5
0.376667 26 42 14 6
0.383333 26 42 11 3
0.39 28 38 19 3
0.396667 20 30 4 6
0.403333 24 40 13 10
0.41 28 42 6 2
0.416667 18 35 5 1
0.423333 19 36 13 2
0.43 16 38 15 1
0.436667 15 37 11 5
0.443333 26 31 12 5
0.45 27 40 10 3
0.456667 20 39 11 10
0.463333 21 37 5 4
0.47 29 35 8 2
0.476667 19 30 14 7
0.483333 10 30 7 5
0.49 12 21 9 0
0.496667 15 22 8 4
0.503333 16 33 14 1
0.51 11 26 9 4
0.516667 16 19 8 3
0.523333 14 22 10 2
0.53 9 20 8 2
0.536667 11 20 7 4
0.543333 13 25 7 7
0.55 7 15 4 1
0.556667 9 17 9 2
0.563333 16 22 4 4
0.57 8 13 11 5
0.576667 14 26 1 3
0.583333 4 15 9 4
0.59 8 13 4 1
0.596667 10 20 11 2
0.603333 11 15 5 3
0.61 7 19 4 3
0.616667 12 22 6 1
0.623333 16 22 3 2
0.63 11 14 4 1
0.636667 11 26 6 4
0.643333 6 14 4 3
0.65 11 17 3 4
0.656667 6 17 6 4
0.663333 509 734 208 67
0.67 0 0 0 0
0.676667 0 0 0 0
0.683333 0 0 0 0
0.69 0 0 0 0
0.696667 0 0 0 0
0.703333 0 0 0 0
0.71 0 0 0 0
0.716667 0 0 0 0
0.723333 0 0 0 0
0.73 0 0 0 0
0.736667 0 0 0 0
0.743333 0 0 0 0
0.75 0 0 0 0
0.756667 0 0 0 0
0.763333 0 0 0 0
0.77 0 0 0 0
0.776667 0 0 0 0
0.783333 0 0 0 0
0.79 0 0 0 0
0.796667 0 0 0 0
0.803333 0 0 0 0
0.81 0 0 0 0
0.816667 0 0 0 0
0.823333 0 0 0 0
0.83 0 0 0 0
0.836667 0 0 0 0
0.843333 0 0 0 0
0.85 0 0 0 0
0.856667 0 0 0 0
0.863333 0 0 0 0
0.87 0 0 0 0
0.876667 0 0 0 0
0.883333 0 0 0 0
0.89 0 0 0 0
0.896667 0 0 0 0
0.903333 0 0 0 0
0.91 0 0 0 0
0.916667 0 0 0 0
0.923333 0 0 0 0
0.93 0 0 0 0
0.936667 0 0 0 0
0.943333 0 0 0 0
0.95 0 0 0 0
0.956667 0 0 0 0
0.963333 0 0 0 0
0.97 0 0 0 0
0.976667 0 0 0 0
0.983333 0 0 0 0
0.99 0 0 0 0
0.996667 0 0 0 0
1.00333 0 0 0 0
1.01 0 0 0 0
1.01667 0 0 0 0
1.02333 0 0 0 0
1.03 0 0 0 0
1.03667 0 0 0 0
1.04333 0 0 0 0
1.05 0 0 0 0
1.05667 0 0 0 0
1.06333 0 0 0 0
1.07 0 0 0 0
1.07667 0 0 0 0
1.08333 0 0 0 0
1.09 0 0 0 0
1.09667 0 0 0 0
1.10333 0 0 0 0
1.11 0 0 0 0
1.11667 0 0 0 0
1.12333 0 0 0 0
1.13 0 0 0 0
1.13667 0 0 0 0
1.14333 0 0 0 0
1.15 0 0 0 0
1.15667 0 0 0 0
1.16333 0 0 0 0
1.17 0 0 0 0
1.17667 0 0 0 0
1.18333 0 0 0 0
1.19 0 0 0 0
1.19667 0 0 0 0
1.20333 0 0 0 0
1.21 0 0 0 0
1.21667 0 0 0 0
1.22333 0 0 0 0
1.23 0 0 0 0
1.23667 0 0 0 0
1.24333 0 0 0 0
1.25 0 0 0 0
1.25667 0 0 0 0
1.26333 0 0 0 0
1.27 0 0 0 0
1.27667 0 0 0 0
1.28333 0 0 0 0
1.29 0 0 0 0
1.29667 0 0 0 0
1.30333 0 0 0 0
1.31 0 0 0 0
1.31667 0 0 0 0
1.32333 0 0 0 0
1.33 0 0 0 0
1.33667 0 0 0 0
1.34333 0 0 0 0
1.35 0 0 0 0
1.35667 0 0 0 0
1.36333 0 0 0 0
1.37 0 0 0 0
1.37667 0 0 0 0
1.38333 0 0 0 0
1.39 0 0 0 0
1.39667 0 0 0 0
1.40333 0 0 0 0
1.41 0 0 0 0
1.41667 0 0 0 0
1.42333 0 0 0 0
1.43 0 0 0 0
1.43667 0 0 0 0
1.44333 0 0 0 0
1.45 0 0 0 0
1.45667 0 0 0 0
1.46333 0 0 0 0
1.47 0 0 0 0
1.47667 0 0 0 0
1.48333 0 0 0 0
1.49 0 0 0 0
1.49667 0 0 0 0
1.50333 0 0 0 0
1.51 0 0 0 0
1.51667 0 0 0 0
1.52333 0 0 0 0
1.53 0 0 0 0
1.53667 0 0 0 0
1.54333 0 0 0 0
1.55 0 0 0 0
1.55667 0 0 0 0
1.56333 0 0 0 0
1.57 0 0 0 0
1.57667 0 0 0 0
1.58333 0 0 0 0
1.59 0 0 0 0
1.59667 0 0 0 0
1.60333 0 0 0 0
1.61 0 0 0 0
1.61667 0 0 0 0
1.62333 0 0 0 0
1.63 0 0 0 0
1.63667 0 0 0 0
1.64333 0 0 0 0
1.65 0 0 0 0
1.65667 0 0 0 0
1.66333 0 0 0 0
1.67 0 0 0 0
1.67667 0 0 0 0
1.68333 0 0 0 0
1.69 0 0 0 0
1.69667 0 0 0 0
1.70333 0 0 0 0
1.71 0 0 0 0
1.71667 0 0 0 0
1.72333 0 0 0 0
1.73 0 0 0 0
1.73667 0 0 0 0
1.74333 0 0 0 0
1.75 0 0 0 0
1.75667 0 0 0 0
1.76333 0 0 0 0
1.77 0 0 0 0
1.77667 0 0 0 0
1.78333 0 0 0 0
1.79 0 0 0 0
1.79667 0 0 0 0
1.80333 0 0 0 0
1.81 0 0 0 0
1.81667 0 0 0 0
1.82333 0 0 0 0
1.83 0 0 0 0
1.83667 0 0 0 0
1.84333 0 0 0 0
1.85 0 0 0 0
1.85667 0 0 0 0
1.86333 0 0 0 0
1.87 0 0 0 0
1.87667 0 0 0 0
1.88333 0 0 0 0
1.89 0 0 0 0
1.89667 0 0 0 0
1.90333 0 0 0 0
1.91 0 0 0 0
1.91667 0 0 0 0
1.92333 0 0 0 0
1.93 0 0 0 0
1.93667 0 0 0 0
1.94333 0 0 0 0
1.95 0 0 0 0
1.95667 0 0 0 0
1.96333 0 0 0 0
1.97 0 0 0 0
1.97667 0 0 0 0
1.98333 0 0 0 0
1.99 0 0 0 0
1.99667 0 0 0 0
