0.00333333 0 2 26 51
0.01 3 2 32 57
0.0166667 1 9 39 71
0.0233333 5 4 48 80
0.03 4 4 57 77
0.0366667 0 8 61 96
0.0433333 1 9 110 118
0.05 5 15 109 126
0.0566667 2 3 132 164
0.0633333 8 19 171 189
0.07 1 18 159 206
0.0766667 7 17 173 223
0.0833333 4 15 180 210
0.09 4 20 171 214
0.0966667 6 17 169 205
0.103333 8 24 156 172
0.11 5 15 171 208
0.116667 5 15 147 211
0.123333 6 13 153 227
0.13 6 20 154 221
0.136667 8 15 136 171
0.143333 5 15 117 212
0.15 4 7 119 162
0.156667 3 9 134 200
0.163333 3 11 118 177
0.17 4 13 120 161
0.176667 5 9 115 167
0.183333 2 14 104 168
0.19 7 10 126 205
0.196667 6 10 112 194
0.203333 8 16 98 167
0.21 3 10 85 181
0.216667 5 8 108 177
0.223333 7 6 95 192
0.23 5 16 89 170
0.236667 5 10 79 134
0.243333 6 6 92 159
0.25 4 5 81 141
0.256667 2 6 88 114
0.263333 5 8 74 129
0.27 6 5 56 102
0.276667 2 9 69 95
0.283333 4 11 52 104
0.29 2 6 57 122
0.296667 7 8 64 112
0.303333 2 7 70 96
0.31 0 3 71 87
0.316667 2 8 54 94
0.323333 5 5 46 108
0.33 2 8 48 90
0.336667 3 4 52 79
0.343333 3 9 54 98
0.35 2 5 51 83
0.356667 1 9 59 87
0.363333 2 7 45 60
0.37 2 7 54 77
0.376667 4 8 50 70
0.383333 2 5 30 77
0.39 2 10 40 67
0.396667 5 7 42 63
0.403333 2 5 37 61
0.41 3 7 35 76
0.416667 3 7 43 56
0.423333 3 6 35 63
0.43 1 5 33 48
0.436667 1 2 44 50
0.443333 2 1 42 67
0.45 0 7 50 60
0.456667 3 6 35 55
0.463333 3 5 30 55
0.47 4 2 40 70
0.476667 3 5 38 60
0.483333 1 6 31 38
0.49 0 3 29 31
0.496667 0 3 26 44
0.503333 2 1 29 34
0.51 2 2 25 41
0.516667 3 4 23 34
0.523333 3 2 13 45
0.53 2 4 22 36
0.536667 2 5 20 30
0.543333 3 4 24 26
0.55 2 2 15 25
0.556667 1 5 17 34
0.563333 0 4 24 35
0.57 5 4 15 28
0.576667 2 4 20 32
0.583333 3 5 11 29
0.59 2 1 15 29
0.596667 3 5 16 28
0.603333 1 6 19 32
0.61 1 2 21 26
0.616667 1 5 25 27
0.623333 4 2 17 24
0.63 0 4 16 26
0.636667 2 5 19 36
0.643333 1 4 21 29
0.65 1 5 12 27
0.656667 1 2 17 22
0.663333 48 81 807 2056
0.67 0 0 0 0
0.676667 0 0 0 0
0.683333 0 0 0 0
0.69 0 0 0 0
0.696667 0 0 0 0
0.703333 0 0 0 0
0.71 0 0 0 0
0.716667 0 0 0 0
0.723333 0 0 0 0
0.73 0 0 0 0
0.736667 0 0 0 0
0.743333 0 0 0 0
0.75 0 0 0 0
0.756667 0 0 0 0
0.763333 0 0 0 0
0.77 0 0 0 0
0.776667 0 0 0 0
0.783333 0 0 0 0
0.79 0 0 0 0
0.796667 0 0 0 0
0.803333 0 0 0 0
0.81 0 0 0 0
0.816667 0 0 0 0
0.823333 0 0 0 0
0.83 0 0 0 0
0.836667 0 0 0 0
0.843333 0 0 0 0
0.85 0 0 0 0
0.856667 0 0 0 0
0.863333 0 0 0 0
0.87 0 0 0 0
0.876667 0 0 0 0
0.883333 0 0 0 0
0.89 0 0 0 0
0.896667 0 0 0 0
0.903333 0 0 0 0
0.91 0 0 0 0
0.916667 0 0 0 0
0.923333 0 0 0 0
0.93 0 0 0 0
0.936667 0 0 0 0
0.943333 0 0 0 0
0.95 0 0 0 0
0.956667 0 0 0 0
0.963333 0 0 0 0
0.97 0 0 0 0
0.976667 0 0 0 0
0.983333 0 0 0 0
0.99 0 0 0 0
0.996667 0 0 0 0
1.00333 0 0 0 0
1.01 0 0 0 0
1.01667 0 0 0 0
1.02333 0 0 0 0
1.03 0 0 0 0
1.03667 0 0 0 0
1.04333 0 0 0 0
1.05 0 0 0 0
1.05667 0 0 0 0
1.06333 0 0 0 0
1.07 0 0 0 0
1.07667 0 0 0 0
1.08333 0 0 0 0
1.09 0 0 0 0
1.09667 0 0 0 0
1.10333 0 0 0 0
1.11 0 0 0 0
1.11667 0 0 0 0
1.12333 0 0 0 0
1.13 0 0 0 0
1.13667 0 0 0 0
1.14333 0 0 0 0
1.15 0 0 0 0
1.15667 0 0 0 0
1.16333 0 0 0 0
1.17 0 0 0 0
1.17667 0 0 0 0
1.18333 0 0 0 0
1.19 0 0 0 0
1.19667 0 0 0 0
1.20333 0 0 0 0
1.21 0 0 0 0
1.21667 0 0 0 0
1.22333 0 0 0 0
1.23 0 0 0 0
1.23667 0 0 0 0
1.24333 0 0 0 0
1.25 0 0 0 0
1.25667 0 0 0 0
1.26333 0 0 0 0
1.27 0 0 0 0
1.27667 0 0 0 0
1.28333 0 0 0 0
1.29 0 0 0 0
1.29667 0 0 0 0
1.30333 0 0 0 0
1.31 0 0 0 0
1.31667 0 0 0 0
1.32333 0 0 0 0
1.33 0 0 0 0
1.33667 0 0 0 0
1.34333 0 0 0 0
1.35 0 0 0 0
1.35667 0 0 0 0
1.36333 0 0 0 0
1.37 0 0 0 0
1.37667 0 0 0 0
1.38333 0 0 0 0
1.39 0 0 0 0
1.39667 0 0 0 0
1.40333 0 0 0 0
1.41 0 0 0 0
1.41667 0 0 0 0
1.42333 0 0 0 0
1.43 0 0 0 0
1.43667 0 0 0 0
1.44333 0 0 0 0
1.45 0 0 0 0
1.45667 0 0 0 0
1.46333 0 0 0 0
1.47 0 0 0 0
1.47667 0 0 0 0
1.48333 0 0 0 0
1.49 0 0 0 0
1.49667 0 0 0 0
1.50333 0 0 0 0
1.51 0 0 0 0
1.51667 0 0 0 0
1.52333 0 0 0 0
1.53 0 0 0 0
1.53667 0 0 0 0
1.54333 0 0 0 0
1.55 0 0 0 0
1.55667 0 0 0 0
1.56333 0 0 0 0
1.57 0 0 0 0
1.57667 0 0 0 0
1.58333 0 0 0 0
1.59 0 0 0 0
1.59667 0 0 0 0
1.60333 0 0 0 0
1.61 0 0 0 0
1.61667 0 0 0 0
1.62333 0 0 0 0
1.63 0 0 0 0
1.63667 0 0 0 0
1.64333 0 0 0 0
1.65 0 0 0 0
1.65667 0 0 0 0
1.66333 0 0 0 0
1.67 0 0 0 0
1.67667 0 0 0 0
1.68333 0 0 0 0
1.69 0 0 0 0
1.69667 0 0 0 0
1.70333 0 0 0 0
1.71 0 0 0 0
1.71667 0 0 0 0
1.72333 0 0 0 0
1.73 0 0 0 0
1.73667 0 0 0 0
1.74333 0 0 0 0
1.75 0 0 0 0
1.75667 0 0 0 0
1.76333 0 0 0 0
1.77 0 0 0 0
1.77667 0 0 0 0
1.78333 0 0 0 0
1.79 0 0 0 0
1.79667 0 0 0 0
1.80333 0 0 0 0
1.81 0 0 0 0
1.81667 0 0 0 0
1.82333 0 0 0 0
1.83 0 0 0 0
1.83667 0 0 0 0
1.84333 0 0 0 0
1.85 0 0 0 0
1.85667 0 0 0 0
1.86333 0 0 0 0
1.87 0 0 0 0
1.87667 0 0 0 0
1.88333 0 0 0 0
1.89 0 0 0 0
1.89667 0 0 0 0
1.90333 0 0 0 0
1.91 0 0 0 0
1.91667 0 0 0 0
1.92333 0 0 0 0
1.93 0 0 0 0
1.93667 0 0 0 0
1.94333 0 0 0 0
1.95 0 0 0 0
1.95667 0 0 0 0
1.96333 0 0 0 0
1.97 0 0 0 0
1.97667 0 0 0 0
1.98333 0 0 0 0
1.99 0 0 0 0
1.99667 0 0 0 0
