0.00333333 146 14 1 6
0.01 203 20 1 6
0.0166667 193 23 1 0
0.0233333 228 14 1 1
0.03 202 28 1 3
0.0366667 212 31 1 1
0.0433333 234 28 0 3
0.05 235 38 1 3
0.0566667 232 43 1 4
0.0633333 278 74 3 4
0.07 316 40 1 2
0.0766667 323 44 3 3
0.0833333 366 53 2 2
0.09 320 50 1 2
0.0966667 362 47 1 1
0.103333 342 47 4 6
0.11 337 45 3 3
0.116667 384 62 2 4
0.123333 418 51 1 4
0.13 438 50 1 3
0.136667 396 47 1 2
0.143333 410 47 2 3
0.15 412 47 2 2
0.156667 419 44 2 4
0.163333 394 30 1 2
0.17 407 39 0 4
0.176667 397 40 0 7
0.183333 482 45 1 5
0.19 706 38 0 6
0.196667 625 35 2 7
0.203333 590 32 2 5
0.21 559 35 2 1
0.216667 519 36 1 2
0.223333 502 40 3 4
0.23 504 36 1 7
0.236667 433 34 1 6
0.243333 404 32 0 3
0.25 376 37 2 1
0.256667 327 40 1 5
0.263333 318 29 3 2
0.27 301 46 2 2
0.276667 290 27 1 6
0.283333 292 30 1 3
0.29 264 27 0 7
0.296667 259 19 0 4
0.303333 257 15 1 5
0.31 242 31 1 2
0.316667 228 29 1 2
0.323333 222 28 3 4
0.33 213 34 0 1
0.336667 220 31 1 2
0.343333 227 25 1 2
0.35 225 24 1 4
0.356667 202 22 1 3
0.363333 186 25 1 1
0.37 199 27 2 3
0.376667 203 25 2 3
0.383333 181 24 4 4
0.39 210 25 2 1
0.396667 190 23 2 2
0.403333 194 26 0 5
0.41 198 20 2 6
0.416667 210 22 0 2
0.423333 164 17 2 1
0.43 181 22 0 3
0.436667 223 25 0 7
0.443333 222 14 0 5
0.45 190 17 2 3
0.456667 220 19 0 2
0.463333 206 18 0 1
0.47 205 24 0 4
0.476667 153 18 1 3
0.483333 106 13 1 1
0.49 95 9 0 3
0.496667 82 15 0 0
0.503333 91 9 2 2
0.51 65 14 2 2
0.516667 60 18 2 4
0.523333 68 8 1 1
0.53 77 20 0 3
0.536667 69 12 1 1
0.543333 51 8 0 2
0.55 61 10 2 0
0.556667 58 7 0 1
0.563333 57 8 0 2
0.57 60 10 1 3
0.576667 52 13 1 0
0.583333 73 18 0 0
0.59 52 19 0 0
0.596667 43 9 0 1
0.603333 55 13 1 1
0.61 52 8 2 1
0.616667 45 10 0 1
0.623333 35 10 0 2
0.63 62 14 0 0
0.636667 70 14 1 1
0.643333 41 14 1 1
0.65 46 10 0 1
0.656667 35 9 2 3
0.663333 11907 469 8 143
0.67 0 0 0 0
0.676667 0 0 0 0
0.683333 0 0 0 0
0.69 0 0 0 0
0.696667 0 0 0 0
0.703333 0 0 0 0
0.71 0 0 0 0
0.716667 0 0 0 0
0.723333 0 0 0 0
0.73 0 0 0 0
0.736667 0 0 0 0
0.743333 0 0 0 0
0.75 0 0 0 0
0.756667 0 0 0 0
0.763333 0 0 0 0
0.77 0 0 0 0
0.776667 0 0 0 0
0.783333 0 0 0 0
0.79 0 0 0 0
0.796667 0 0 0 0
0.803333 0 0 0 0
0.81 0 0 0 0
0.816667 0 0 0 0
0.823333 0 0 0 0
0.83 0 0 0 0
0.836667 0 0 0 0
0.843333 0 0 0 0
0.85 0 0 0 0
0.856667 0 0 0 0
0.863333 0 0 0 0
0.87 0 0 0 0
0.876667 0 0 0 0
0.883333 0 0 0 0
0.89 0 0 0 0
0.896667 0 0 0 0
0.903333 0 0 0 0
0.91 0 0 0 0
0.916667 0 0 0 0
0.923333 0 0 0 0
0.93 0 0 0 0
0.936667 0 0 0 0
0.943333 0 0 0 0
0.95 0 0 0 0
0.956667 0 0 0 0
0.963333 0 0 0 0
0.97 0 0 0 0
0.976667 0 0 0 0
0.983333 0 0 0 0
0.99 0 0 0 0
0.996667 0 0 0 0
1.00333 0 0 0 0
1.01 0 0 0 0
1.01667 0 0 0 0
1.02333 0 0 0 0
1.03 0 0 0 0
1.03667 0 0 0 0
1.04333 0 0 0 0
1.05 0 0 0 0
1.05667 0 0 0 0
1.06333 0 0 0 0
1.07 0 0 0 0
1.07667 0 0 0 0
1.08333 0 0 0 0
1.09 0 0 0 0
1.09667 0 0 0 0
1.10333 0 0 0 0
1.11 0 0 0 0
1.11667 0 0 0 0
1.12333 0 0 0 0
1.13 0 0 0 0
1.13667 0 0 0 0
1.14333 0 0 0 0
1.15 0 0 0 0
1.15667 0 0 0 0
1.16333 0 0 0 0
1.17 0 0 0 0
1.17667 0 0 0 0
1.18333 0 0 0 0
1.19 0 0 0 0
1.19667 0 0 0 0
1.20333 0 0 0 0
1.21 0 0 0 0
1.21667 0 0 0 0
1.22333 0 0 0 0
1.23 0 0 0 0
1.23667 0 0 0 0
1.24333 0 0 0 0
1.25 0 0 0 0
1.25667 0 0 0 0
1.26333 0 0 0 0
1.27 0 0 0 0
1.27667 0 0 0 0
1.28333 0 0 0 0
1.29 0 0 0 0
1.29667 0 0 0 0
1.30333 0 0 0 0
1.31 0 0 0 0
1.31667 0 0 0 0
1.32333 0 0 0 0
1.33 0 0 0 0
1.33667 0 0 0 0
1.34333 0 0 0 0
1.35 0 0 0 0
1.35667 0 0 0 0
1.36333 0 0 0 0
1.37 0 0 0 0
1.37667 0 0 0 0
1.38333 0 0 0 0
1.39 0 0 0 0
1.39667 0 0 0 0
1.40333 0 0 0 0
1.41 0 0 0 0
1.41667 0 0 0 0
1.42333 0 0 0 0
1.43 0 0 0 0
1.43667 0 0 0 0
1.44333 0 0 0 0
1.45 0 0 0 0
1.45667 0 0 0 0
1.46333 0 0 0 0
1.47 0 0 0 0
1.47667 0 0 0 0
1.48333 0 0 0 0
1.49 0 0 0 0
1.49667 0 0 0 0
1.50333 0 0 0 0
1.51 0 0 0 0
1.51667 0 0 0 0
1.52333 0 0 0 0
1.53 0 0 0 0
1.53667 0 0 0 0
1.54333 0 0 0 0
1.55 0 0 0 0
1.55667 0 0 0 0
1.56333 0 0 0 0
1.57 0 0 0 0
1.57667 0 0 0 0
1.58333 0 0 0 0
1.59 0 0 0 0
1.59667 0 0 0 0
1.60333 0 0 0 0
1.61 0 0 0 0
1.61667 0 0 0 0
1.62333 0 0 0 0
1.63 0 0 0 0
1.63667 0 0 0 0
1.64333 0 0 0 0
1.65 0 0 0 0
1.65667 0 0 0 0
1.66333 0 0 0 0
1.67 0 0 0 0
1.67667 0 0 0 0
1.68333 0 0 0 0
1.69 0 0 0 0
1.69667 0 0 0 0
1.70333 0 0 0 0
1.71 0 0 0 0
1.71667 0 0 0 0
1.72333 0 0 0 0
1.73 0 0 0 0
1.73667 0 0 0 0
1.74333 0 0 0 0
1.75 0 0 0 0
1.75667 0 0 0 0
1.76333 0 0 0 0
1.77 0 0 0 0
1.77667 0 0 0 0
1.78333 0 0 0 0
1.79 0 0 0 0
1.79667 0 0 0 0
1.80333 0 0 0 0
1.81 0 0 0 0
1.81667 0 0 0 0
1.82333 0 0 0 0
1.83 0 0 0 0
1.83667 0 0 0 0
1.84333 0 0 0 0
1.85 0 0 0 0
1.85667 0 0 0 0
1.86333 0 0 0 0
1.87 0 0 0 0
1.87667 0 0 0 0
1.88333 0 0 0 0
1.89 0 0 0 0
1.89667 0 0 0 0
1.90333 0 0 0 0
1.91 0 0 0 0
1.91667 0 0 0 0
1.92333 0 0 0 0
1.93 0 0 0 0
1.93667 0 0 0 0
1.94333 0 0 0 0
1.95 0 0 0 0
1.95667 0 0 0 0
1.96333 0 0 0 0
1.97 0 0 0 0
1.97667 0 0 0 0
1.98333 0 0 0 0
1.99 0 0 0 0
1.99667 0 0 0 0
