0.00333333 3 27 39 10
0.01 5 25 43 10
0.0166667 13 36 44 9
0.0233333 10 34 50 8
0.03 10 27 57 11
0.0366667 7 39 57 20
0.0433333 13 61 75 15
0.05 19 69 90 20
0.0566667 23 71 104 27
0.0633333 23 85 123 21
0.07 21 112 108 22
0.0766667 33 86 144 23
0.0833333 26 103 140 17
0.09 15 101 136 26
0.0966667 22 96 126 28
0.103333 26 98 142 20
0.11 25 93 121 24
0.116667 20 93 120 26
0.123333 15 116 117 11
0.13 20 97 132 14
0.136667 20 72 125 12
0.143333 15 71 120 11
0.15 15 73 95 22
0.156667 20 63 112 15
0.163333 12 63 88 11
0.17 19 78 102 17
0.176667 9 57 110 19
0.183333 18 56 84 14
0.19 18 59 112 21
0.196667 17 64 86 21
0.203333 16 60 99 10
0.21 17 61 82 11
0.216667 9 60 84 13
0.223333 17 63 97 19
0.23 17 56 74 9
0.236667 11 51 75 12
0.243333 10 39 78 11
0.25 14 53 72 8
0.256667 6 41 73 12
0.263333 6 37 53 14
0.27 8 47 55 15
0.276667 7 50 63 6
0.283333 11 28 53 9
0.29 15 34 54 6
0.296667 11 40 53 17
0.303333 7 39 55 11
0.31 9 47 58 8
0.316667 7 35 59 6
0.323333 9 28 62 15
0.33 12 30 44 5
0.336667 11 32 48 10
0.343333 8 32 44 13
0.35 6 22 54 7
0.356667 6 27 41 8
0.363333 7 32 37 7
0.37 9 26 34 6
0.376667 5 26 50 11
0.383333 12 26 31 8
0.39 10 22 45 9
0.396667 9 25 25 12
0.403333 7 34 44 8
0.41 6 15 43 4
0.416667 14 32 41 7
0.423333 9 18 37 7
0.43 3 28 43 9
0.436667 8 25 33 9
0.443333 7 28 37 2
0.45 3 19 27 5
0.456667 6 16 36 5
0.463333 8 19 32 3
0.47 8 24 32 6
0.476667 4 19 27 3
0.483333 8 15 23 8
0.49 7 17 37 3
0.496667 3 12 29 7
0.503333 7 17 21 5
0.51 4 13 23 3
0.516667 3 13 17 4
0.523333 5 11 18 3
0.53 6 11 20 7
0.536667 5 15 19 2
0.543333 4 13 16 7
0.55 4 15 24 2
0.556667 2 13 19 5
0.563333 3 9 22 8
0.57 5 20 16 3
0.576667 8 13 22 3
0.583333 1 10 14 5
0.59 3 11 15 4
0.596667 6 13 23 2
0.603333 1 10 19 2
0.61 2 8 19 4
0.616667 3 11 21 5
0.623333 3 10 14 2
0.63 5 11 15 3
0.636667 4 12 22 5
0.643333 5 12 19 4
0.65 4 13 15 4
0.656667 2 9 19 3
0.663333 101 449 922 102
0.67 0 0 0 0
0.676667 0 0 0 0
0.683333 0 0 0 0
0.69 0 0 0 0
0.696667 0 0 0 0
0.703333 0 0 0 0
0.71 0 0 0 0
0.716667 0 0 0 0
0.723333 0 0 0 0
0.73 0 0 0 0
0.736667 0 0 0 0
0.743333 0 0 0 0
0.75 0 0 0 0
0.756667 0 0 0 0
0.763333 0 0 0 0
0.77 0 0 0 0
0.776667 0 0 0 0
0.783333 0 0 0 0
0.79 0 0 0 0
0.796667 0 0 0 0
0.803333 0 0 0 0
0.81 0 0 0 0
0.816667 0 0 0 0
0.823333 0 0 0 0
0.83 0 0 0 0
0.836667 0 0 0 0
0.843333 0 0 0 0
0.85 0 0 0 0
0.856667 0 0 0 0
0.863333 0 0 0 0
0.87 0 0 0 0
0.876667 0 0 0 0
0.883333 0 0 0 0
0.89 0 0 0 0
0.896667 0 0 0 0
0.903333 0 0 0 0
0.91 0 0 0 0
0.916667 0 0 0 0
0.923333 0 0 0 0
0.93 0 0 0 0
0.936667 0 0 0 0
0.943333 0 0 0 0
0.95 0 0 0 0
0.956667 0 0 0 0
0.963333 0 0 0 0
0.97 0 0 0 0
0.976667 0 0 0 0
0.983333 0 0 0 0
0.99 0 0 0 0
0.996667 0 0 0 0
1.00333 0 0 0 0
1.01 0 0 0 0
1.01667 0 0 0 0
1.02333 0 0 0 0
1.03 0 0 0 0
1.03667 0 0 0 0
1.04333 0 0 0 0
1.05 0 0 0 0
1.05667 0 0 0 0
1.06333 0 0 0 0
1.07 0 0 0 0
1.07667 0 0 0 0
1.08333 0 0 0 0
1.09 0 0 0 0
1.09667 0 0 0 0
1.10333 0 0 0 0
1.11 0 0 0 0
1.11667 0 0 0 0
1.12333 0 0 0 0
1.13 0 0 0 0
1.13667 0 0 0 0
1.14333 0 0 0 0
1.15 0 0 0 0
1.15667 0 0 0 0
1.16333 0 0 0 0
1.17 0 0 0 0
1.17667 0 0 0 0
1.18333 0 0 0 0
1.19 0 0 0 0
1.19667 0 0 0 0
1.20333 0 0 0 0
1.21 0 0 0 0
1.21667 0 0 0 0
1.22333 0 0 0 0
1.23 0 0 0 0
1.23667 0 0 0 0
1.24333 0 0 0 0
1.25 0 0 0 0
1.25667 0 0 0 0
1.26333 0 0 0 0
1.27 0 0 0 0
1.27667 0 0 0 0
1.28333 0 0 0 0
1.29 0 0 0 0
1.29667 0 0 0 0
1.30333 0 0 0 0
1.31 0 0 0 0
1.31667 0 0 0 0
1.32333 0 0 0 0
1.33 0 0 0 0
1.33667 0 0 0 0
1.34333 0 0 0 0
1.35 0 0 0 0
1.35667 0 0 0 0
1.36333 0 0 0 0
1.37 0 0 0 0
1.37667 0 0 0 0
1.38333 0 0 0 0
1.39 0 0 0 0
1.39667 0 0 0 0
1.40333 0 0 0 0
1.41 0 0 0 0
1.41667 0 0 0 0
1.42333 0 0 0 0
1.43 0 0 0 0
1.43667 0 0 0 0
1.44333 0 0 0 0
1.45 0 0 0 0
1.45667 0 0 0 0
1.46333 0 0 0 0
1.47 0 0 0 0
1.47667 0 0 0 0
1.48333 0 0 0 0
1.49 0 0 0 0
1.49667 0 0 0 0
1.50333 0 0 0 0
1.51 0 0 0 0
1.51667 0 0 0 0
1.52333 0 0 0 0
1.53 0 0 0 0
1.53667 0 0 0 0
1.54333 0 0 0 0
1.55 0 0 0 0
1.55667 0 0 0 0
1.56333 0 0 0 0
1.57 0 0 0 0
1.57667 0 0 0 0
1.58333 0 0 0 0
1.59 0 0 0 0
1.59667 0 0 0 0
1.60333 0 0 0 0
1.61 0 0 0 0
1.61667 0 0 0 0
1.62333 0 0 0 0
1.63 0 0 0 0
1.63667 0 0 0 0
1.64333 0 0 0 0
1.65 0 0 0 0
1.65667 0 0 0 0
1.66333 0 0 0 0
1.67 0 0 0 0
1.67667 0 0 0 0
1.68333 0 0 0 0
1.69 0 0 0 0
1.69667 0 0 0 0
1.70333 0 0 0 0
1.71 0 0 0 0
1.71667 0 0 0 0
1.72333 0 0 0 0
1.73 0 0 0 0
1.73667 0 0 0 0
1.74333 0 0 0 0
1.75 0 0 0 0
1.75667 0 0 0 0
1.76333 0 0 0 0
1.77 0 0 0 0
1.77667 0 0 0 0
1.78333 0 0 0 0
1.79 0 0 0 0
1.79667 0 0 0 0
1.80333 0 0 0 0
1.81 0 0 0 0
1.81667 0 0 0 0
1.82333 0 0 0 0
1.83 0 0 0 0
1.83667 0 0 0 0
1.84333 0 0 0 0
1.85 0 0 0 0
1.85667 0 0 0 0
1.86333 0 0 0 0
1.87 0 0 0 0
1.87667 0 0 0 0
1.88333 0 0 0 0
1.89 0 0 0 0
1.89667 0 0 0 0
1.90333 0 0 0 0
1.91 0 0 0 0
1.91667 0 0 0 0
1.92333 0 0 0 0
1.93 0 0 0 0
1.93667 0 0 0 0
1.94333 0 0 0 0
1.95 0 0 0 0
1.95667 0 0 0 0
1.96333 0 0 0 0
1.97 0 0 0 0
1.97667 0 0 0 0
1.98333 0 0 0 0
1.99 0 0 0 0
1.99667 0 0 0 0
