0.00333333 36 78 3 3
0.01 39 102 4 1
0.0166667 42 112 8 4
0.0233333 38 132 13 1
0.03 42 130 7 3
0.0366667 61 159 12 6
0.0433333 69 193 15 3
0.05 110 213 17 5
0.0566667 91 260 14 6
0.0633333 129 314 29 6
0.07 141 354 17 5
0.0766667 139 347 24 7
0.0833333 134 347 26 6
0.09 140 401 18 8
0.0966667 155 361 22 3
0.103333 129 342 19 8
0.11 136 336 18 12
0.116667 128 351 27 7
0.123333 112 368 23 3
0.13 102 373 19 13
0.136667 112 374 22 11
0.143333 110 346 19 1
0.15 101 367 18 4
0.156667 94 333 18 8
0.163333 98 312 16 4
0.17 83 309 17 6
0.176667 110 336 17 6
0.183333 98 347 10 6
0.19 94 376 21 2
0.196667 100 344 12 3
0.203333 91 319 14 5
0.21 94 310 13 6
0.216667 73 310 14 8
0.223333 89 276 13 9
0.23 67 272 11 4
0.236667 73 275 17 5
0.243333 66 234 7 3
0.25 69 238 10 2
0.256667 57 233 7 2
0.263333 53 192 7 6
0.27 74 208 9 1
0.276667 78 183 8 2
0.283333 64 180 5 2
0.29 46 178 12 2
0.296667 48 163 9 3
0.303333 45 175 9 6
0.31 55 192 11 5
0.316667 56 144 6 2
0.323333 63 137 10 2
0.33 49 155 12 4
0.336667 49 141 10 2
0.343333 43 136 10 2
0.35 45 156 7 3
0.356667 38 123 4 1
0.363333 44 133 7 3
0.37 48 111 7 3
0.376667 44 125 10 1
0.383333 48 113 8 2
0.39 39 112 13 1
0.396667 46 146 6 2
0.403333 44 119 8 3
0.41 37 121 7 2
0.416667 30 109 6 5
0.423333 32 123 9 4
0.43 36 102 6 3
0.436667 33 130 10 3
0.443333 36 99 6 1
0.45 43 110 12 1
0.456667 45 130 7 5
0.463333 39 110 7 4
0.47 28 116 9 2
0.476667 35 101 9 1
0.483333 23 57 6 2
0.49 37 68 6 4
0.496667 19 73 6 1
0.503333 25 70 7 4
0.51 21 54 3 3
0.516667 19 61 5 1
0.523333 23 56 8 2
0.53 22 49 5 0
0.536667 25 57 2 2
0.543333 17 45 7 1
0.55 16 54 5 2
0.556667 23 43 3 2
0.563333 19 39 3 1
0.57 19 44 5 1
0.576667 17 62 7 1
0.583333 19 50 3 1
0.59 21 41 3 2
0.596667 16 38 1 2
0.603333 13 49 1 2
0.61 16 54 1 2
0.616667 20 35 3 2
0.623333 11 42 7 3
0.63 14 45 4 0
0.636667 19 50 3 3
0.643333 18 35 4 0
0.65 11 39 4 0
0.656667 13 47 5 0
0.663333 799 4171 109 36
0.67 0 0 0 0
0.676667 0 0 0 0
0.683333 0 0 0 0
0.69 0 0 0 0
0.696667 0 0 0 0
0.703333 0 0 0 0
0.71 0 0 0 0
0.716667 0 0 0 0
0.723333 0 0 0 0
0.73 0 0 0 0
0.736667 0 0 0 0
0.743333 0 0 0 0
0.75 0 0 0 0
0.756667 0 0 0 0
0.763333 0 0 0 0
0.77 0 0 0 0
0.776667 0 0 0 0
0.783333 0 0 0 0
0.79 0 0 0 0
0.796667 0 0 0 0
0.803333 0 0 0 0
0.81 0 0 0 0
0.816667 0 0 0 0
0.823333 0 0 0 0
0.83 0 0 0 0
0.836667 0 0 0 0
0.843333 0 0 0 0
0.85 0 0 0 0
0.856667 0 0 0 0
0.863333 0 0 0 0
0.87 0 0 0 0
0.876667 0 0 0 0
0.883333 0 0 0 0
0.89 0 0 0 0
0.896667 0 0 0 0
0.903333 0 0 0 0
0.91 0 0 0 0
0.916667 0 0 0 0
0.923333 0 0 0 0
0.93 0 0 0 0
0.936667 0 0 0 0
0.943333 0 0 0 0
0.95 0 0 0 0
0.956667 0 0 0 0
0.963333 0 0 0 0
0.97 0 0 0 0
0.976667 0 0 0 0
0.983333 0 0 0 0
0.99 0 0 0 0
0.996667 0 0 0 0
1.00333 0 0 0 0
1.01 0 0 0 0
1.01667 0 0 0 0
1.02333 0 0 0 0
1.03 0 0 0 0
1.03667 0 0 0 0
1.04333 0 0 0 0
1.05 0 0 0 0
1.05667 0 0 0 0
1.06333 0 0 0 0
1.07 0 0 0 0
1.07667 0 0 0 0
1.08333 0 0 0 0
1.09 0 0 0 0
1.09667 0 0 0 0
1.10333 0 0 0 0
1.11 0 0 0 0
1.11667 0 0 0 0
1.12333 0 0 0 0
1.13 0 0 0 0
1.13667 0 0 0 0
1.14333 0 0 0 0
1.15 0 0 0 0
1.15667 0 0 0 0
1.16333 0 0 0 0
1.17 0 0 0 0
1.17667 0 0 0 0
1.18333 0 0 0 0
1.19 0 0 0 0
1.19667 0 0 0 0
1.20333 0 0 0 0
1.21 0 0 0 0
1.21667 0 0 0 0
1.22333 0 0 0 0
1.23 0 0 0 0
1.23667 0 0 0 0
1.24333 0 0 0 0
1.25 0 0 0 0
1.25667 0 0 0 0
1.26333 0 0 0 0
1.27 0 0 0 0
1.27667 0 0 0 0
1.28333 0 0 0 0
1.29 0 0 0 0
1.29667 0 0 0 0
1.30333 0 0 0 0
1.31 0 0 0 0
1.31667 0 0 0 0
1.32333 0 0 0 0
1.33 0 0 0 0
1.33667 0 0 0 0
1.34333 0 0 0 0
1.35 0 0 0 0
1.35667 0 0 0 0
1.36333 0 0 0 0
1.37 0 0 0 0
1.37667 0 0 0 0
1.38333 0 0 0 0
1.39 0 0 0 0
1.39667 0 0 0 0
1.40333 0 0 0 0
1.41 0 0 0 0
1.41667 0 0 0 0
1.42333 0 0 0 0
1.43 0 0 0 0
1.43667 0 0 0 0
1.44333 0 0 0 0
1.45 0 0 0 0
1.45667 0 0 0 0
1.46333 0 0 0 0
1.47 0 0 0 0
1.47667 0 0 0 0
1.48333 0 0 0 0
1.49 0 0 0 0
1.49667 0 0 0 0
1.50333 0 0 0 0
1.51 0 0 0 0
1.51667 0 0 0 0
1.52333 0 0 0 0
1.53 0 0 0 0
1.53667 0 0 0 0
1.54333 0 0 0 0
1.55 0 0 0 0
1.55667 0 0 0 0
1.56333 0 0 0 0
1.57 0 0 0 0
1.57667 0 0 0 0
1.58333 0 0 0 0
1.59 0 0 0 0
1.59667 0 0 0 0
1.60333 0 0 0 0
1.61 0 0 0 0
1.61667 0 0 0 0
1.62333 0 0 0 0
1.63 0 0 0 0
1.63667 0 0 0 0
1.64333 0 0 0 0
1.65 0 0 0 0
1.65667 0 0 0 0
1.66333 0 0 0 0
1.67 0 0 0 0
1.67667 0 0 0 0
1.68333 0 0 0 0
1.69 0 0 0 0
1.69667 0 0 0 0
1.70333 0 0 0 0
1.71 0 0 0 0
1.71667 0 0 0 0
1.72333 0 0 0 0
1.73 0 0 0 0
1.73667 0 0 0 0
1.74333 0 0 0 0
1.75 0 0 0 0
1.75667 0 0 0 0
1.76333 0 0 0 0
1.77 0 0 0 0
1.77667 0 0 0 0
1.78333 0 0 0 0
1.79 0 0 0 0
1.79667 0 0 0 0
1.80333 0 0 0 0
1.81 0 0 0 0
1.81667 0 0 0 0
1.82333 0 0 0 0
1.83 0 0 0 0
1.83667 0 0 0 0
1.84333 0 0 0 0
1.85 0 0 0 0
1.85667 0 0 0 0
1.86333 0 0 0 0
1.87 0 0 0 0
1.87667 0 0 0 0
1.88333 0 0 0 0
1.89 0 0 0 0
1.89667 0 0 0 0
1.90333 0 0 0 0
1.91 0 0 0 0
1.91667 0 0 0 0
1.92333 0 0 0 0
1.93 0 0 0 0
1.93667 0 0 0 0
1.94333 0 0 0 0
1.95 0 0 0 0
1.95667 0 0 0 0
1.96333 0 0 0 0
1.97 0 0 0 0
1.97667 0 0 0 0
1.98333 0 0 0 0
1.99 0 0 0 0
1.99667 0 0 0 0
