0.00333333 7 37 21 4
0.01 6 35 24 4
0.0166667 15 30 27 1
0.0233333 7 47 21 3
0.03 6 45 38 3
0.0366667 22 59 45 0
0.0433333 26 70 52 3
0.05 23 71 43 11
0.0566667 23 105 58 5
0.0633333 26 136 57 9
0.07 24 128 53 2
0.0766667 21 124 81 12
0.0833333 31 122 82 8
0.09 26 152 61 10
0.0966667 31 106 64 7
0.103333 29 141 65 7
0.11 18 116 74 7
0.116667 29 126 80 5
0.123333 32 126 79 5
0.13 15 117 70 6
0.136667 18 111 73 3
0.143333 21 126 75 6
0.15 20 102 64 3
0.156667 16 109 56 1
0.163333 18 103 61 4
0.17 26 89 61 6
0.176667 19 66 68 5
0.183333 13 88 63 4
0.19 17 105 109 6
0.196667 27 90 93 5
0.203333 21 93 88 6
0.21 17 89 59 8
0.216667 12 85 72 5
0.223333 11 92 74 4
0.23 15 89 63 5
0.236667 16 81 44 3
0.243333 14 62 50 3
0.25 17 72 41 5
0.256667 6 77 66 3
0.263333 19 63 40 3
0.27 7 60 35 4
0.276667 18 67 47 5
0.283333 8 56 45 2
0.29 12 71 50 1
0.296667 9 60 45 4
0.303333 8 60 44 1
0.31 8 49 36 2
0.316667 12 54 49 2
0.323333 13 54 36 2
0.33 12 55 55 1
0.336667 10 49 39 1
0.343333 3 52 37 2
0.35 10 57 33 3
0.356667 5 49 39 1
0.363333 10 56 28 0
0.37 10 43 43 1
0.376667 10 50 36 2
0.383333 14 41 35 0
0.39 6 50 35 1
0.396667 7 46 30 0
0.403333 5 46 32 3
0.41 10 42 38 3
0.416667 7 49 38 4
0.423333 12 42 22 1
0.43 10 35 39 5
0.436667 12 47 29 2
0.443333 8 38 35 3
0.45 10 37 24 0
0.456667 11 41 32 4
0.463333 8 46 40 3
0.47 8 38 29 1
0.476667 3 27 20 1
0.483333 8 20 14 4
0.49 4 29 15 0
0.496667 4 29 13 0
0.503333 3 28 13 1
0.51 5 21 17 1
0.516667 3 23 15 3
0.523333 7 11 14 0
0.53 9 27 14 2
0.536667 5 23 9 0
0.543333 3 25 18 3
0.55 4 27 14 3
0.556667 3 23 25 1
0.563333 8 16 17 2
0.57 4 29 17 4
0.576667 6 20 8 1
0.583333 2 21 11 1
0.59 5 22 8 1
0.596667 2 19 10 0
0.603333 0 20 18 1
0.61 1 22 7 1
0.616667 3 22 14 2
0.623333 3 19 9 0
0.63 2 19 18 1
0.636667 2 26 12 0
0.643333 3 23 17 1
0.65 2 12 1 2
0.656667 8 16 8 0
0.663333 122 978 1325 23
0.67 0 0 0 0
0.676667 0 0 0 0
0.683333 0 0 0 0
0.69 0 0 0 0
0.696667 0 0 0 0
0.703333 0 0 0 0
0.71 0 0 0 0
0.716667 0 0 0 0
0.723333 0 0 0 0
0.73 0 0 0 0
0.736667 0 0 0 0
0.743333 0 0 0 0
0.75 0 0 0 0
0.756667 0 0 0 0
0.763333 0 0 0 0
0.77 0 0 0 0
0.776667 0 0 0 0
0.783333 0 0 0 0
0.79 0 0 0 0
0.796667 0 0 0 0
0.803333 0 0 0 0
0.81 0 0 0 0
0.816667 0 0 0 0
0.823333 0 0 0 0
0.83 0 0 0 0
0.836667 0 0 0 0
0.843333 0 0 0 0
0.85 0 0 0 0
0.856667 0 0 0 0
0.863333 0 0 0 0
0.87 0 0 0 0
0.876667 0 0 0 0
0.883333 0 0 0 0
0.89 0 0 0 0
0.896667 0 0 0 0
0.903333 0 0 0 0
0.91 0 0 0 0
0.916667 0 0 0 0
0.923333 0 0 0 0
0.93 0 0 0 0
0.936667 0 0 0 0
0.943333 0 0 0 0
0.95 0 0 0 0
0.956667 0 0 0 0
0.963333 0 0 0 0
0.97 0 0 0 0
0.976667 0 0 0 0
0.983333 0 0 0 0
0.99 0 0 0 0
0.996667 0 0 0 0
1.00333 0 0 0 0
1.01 0 0 0 0
1.01667 0 0 0 0
1.02333 0 0 0 0
1.03 0 0 0 0
1.03667 0 0 0 0
1.04333 0 0 0 0
1.05 0 0 0 0
1.05667 0 0 0 0
1.06333 0 0 0 0
1.07 0 0 0 0
1.07667 0 0 0 0
1.08333 0 0 0 0
1.09 0 0 0 0
1.09667 0 0 0 0
1.10333 0 0 0 0
1.11 0 0 0 0
1.11667 0 0 0 0
1.12333 0 0 0 0
1.13 0 0 0 0
1.13667 0 0 0 0
1.14333 0 0 0 0
1.15 0 0 0 0
1.15667 0 0 0 0
1.16333 0 0 0 0
1.17 0 0 0 0
1.17667 0 0 0 0
1.18333 0 0 0 0
1.19 0 0 0 0
1.19667 0 0 0 0
1.20333 0 0 0 0
1.21 0 0 0 0
1.21667 0 0 0 0
1.22333 0 0 0 0
1.23 0 0 0 0
1.23667 0 0 0 0
1.24333 0 0 0 0
1.25 0 0 0 0
1.25667 0 0 0 0
1.26333 0 0 0 0
1.27 0 0 0 0
1.27667 0 0 0 0
1.28333 0 0 0 0
1.29 0 0 0 0
1.29667 0 0 0 0
1.30333 0 0 0 0
1.31 0 0 0 0
1.31667 0 0 0 0
1.32333 0 0 0 0
1.33 0 0 0 0
1.33667 0 0 0 0
1.34333 0 0 0 0
1.35 0 0 0 0
1.35667 0 0 0 0
1.36333 0 0 0 0
1.37 0 0 0 0
1.37667 0 0 0 0
1.38333 0 0 0 0
1.39 0 0 0 0
1.39667 0 0 0 0
1.40333 0 0 0 0
1.41 0 0 0 0
1.41667 0 0 0 0
1.42333 0 0 0 0
1.43 0 0 0 0
1.43667 0 0 0 0
1.44333 0 0 0 0
1.45 0 0 0 0
1.45667 0 0 0 0
1.46333 0 0 0 0
1.47 0 0 0 0
1.47667 0 0 0 0
1.48333 0 0 0 0
1.49 0 0 0 0
1.49667 0 0 0 0
1.50333 0 0 0 0
1.51 0 0 0 0
1.51667 0 0 0 0
1.52333 0 0 0 0
1.53 0 0 0 0
1.53667 0 0 0 0
1.54333 0 0 0 0
1.55 0 0 0 0
1.55667 0 0 0 0
1.56333 0 0 0 0
1.57 0 0 0 0
1.57667 0 0 0 0
1.58333 0 0 0 0
1.59 0 0 0 0
1.59667 0 0 0 0
1.60333 0 0 0 0
1.61 0 0 0 0
1.61667 0 0 0 0
1.62333 0 0 0 0
1.63 0 0 0 0
1.63667 0 0 0 0
1.64333 0 0 0 0
1.65 0 0 0 0
1.65667 0 0 0 0
1.66333 0 0 0 0
1.67 0 0 0 0
1.67667 0 0 0 0
1.68333 0 0 0 0
1.69 0 0 0 0
1.69667 0 0 0 0
1.70333 0 0 0 0
1.71 0 0 0 0
1.71667 0 0 0 0
1.72333 0 0 0 0
1.73 0 0 0 0
1.73667 0 0 0 0
1.74333 0 0 0 0
1.75 0 0 0 0
1.75667 0 0 0 0
1.76333 0 0 0 0
1.77 0 0 0 0
1.77667 0 0 0 0
1.78333 0 0 0 0
1.79 0 0 0 0
1.79667 0 0 0 0
1.80333 0 0 0 0
1.81 0 0 0 0
1.81667 0 0 0 0
1.82333 0 0 0 0
1.83 0 0 0 0
1.83667 0 0 0 0
1.84333 0 0 0 0
1.85 0 0 0 0
1.85667 0 0 0 0
1.86333 0 0 0 0
1.87 0 0 0 0
1.87667 0 0 0 0
1.88333 0 0 0 0
1.89 0 0 0 0
1.89667 0 0 0 0
1.90333 0 0 0 0
1.91 0 0 0 0
1.91667 0 0 0 0
1.92333 0 0 0 0
1.93 0 0 0 0
1.93667 0 0 0 0
1.94333 0 0 0 0
1.95 0 0 0 0
1.95667 0 0 0 0
1.96333 0 0 0 0
1.97 0 0 0 0
1.97667 0 0 0 0
1.98333 0 0 0 0
1.99 0 0 0 0
1.99667 0 0 0 0
