0.00333333 0 3 107 21
0.01 2 7 110 26
0.0166667 4 4 116 31
0.0233333 1 4 125 32
0.03 2 8 144 39
0.0366667 2 15 168 53
0.0433333 1 14 208 44
0.05 5 12 231 69
0.0566667 8 17 295 80
0.0633333 2 16 301 79
0.07 2 22 342 98
0.0766667 4 24 351 97
0.0833333 5 25 388 93
0.09 4 22 375 94
0.0966667 3 18 374 102
0.103333 4 26 363 83
0.11 3 20 379 87
0.116667 5 18 373 82
0.123333 5 22 363 97
0.13 3 16 397 94
0.136667 1 16 368 68
0.143333 4 14 383 75
0.15 6 26 348 48
0.156667 1 20 342 64
0.163333 7 16 353 67
0.17 3 16 327 73
0.176667 4 18 326 68
0.183333 1 22 354 68
0.19 6 16 413 78
0.196667 4 26 381 57
0.203333 2 18 362 57
0.21 3 20 328 42
0.216667 4 19 328 48
0.223333 3 8 335 59
0.23 3 16 325 54
0.236667 0 17 299 40
0.243333 4 12 247 45
0.25 2 8 248 58
0.256667 0 8 231 33
0.263333 1 14 214 46
0.27 1 14 216 51
0.276667 3 12 192 37
0.283333 4 11 215 45
0.29 0 12 213 45
0.296667 2 8 173 31
0.303333 1 9 152 25
0.31 1 13 175 27
0.316667 5 9 171 34
0.323333 0 14 158 34
0.33 1 11 161 27
0.336667 4 14 150 21
0.343333 1 8 136 35
0.35 1 9 153 27
0.356667 1 8 126 26
0.363333 2 7 134 23
0.37 4 5 135 28
0.376667 1 11 138 26
0.383333 3 6 122 28
0.39 2 16 142 34
0.396667 0 6 135 21
0.403333 0 6 117 19
0.41 5 4 116 28
0.416667 2 7 125 27
0.423333 1 5 125 24
0.43 1 8 116 21
0.436667 1 8 129 18
0.443333 0 11 123 33
0.45 0 15 121 18
0.456667 3 7 131 26
0.463333 0 9 115 19
0.47 0 7 128 28
0.476667 2 7 108 17
0.483333 3 4 77 20
0.49 1 3 61 13
0.496667 0 3 75 13
0.503333 0 6 59 21
0.51 0 4 56 21
0.516667 3 9 63 11
0.523333 1 5 59 15
0.53 0 4 64 15
0.536667 0 5 59 7
0.543333 2 2 47 12
0.55 1 5 54 9
0.556667 0 2 42 16
0.563333 2 6 65 4
0.57 0 4 48 13
0.576667 4 3 42 13
0.583333 0 4 47 12
0.59 0 5 48 18
0.596667 1 7 54 7
0.603333 4 3 50 13
0.61 2 5 58 8
0.616667 0 2 37 9
0.623333 0 2 33 14
0.63 0 3 45 10
0.636667 0 4 49 14
0.643333 1 4 31 10
0.65 2 5 38 14
0.656667 0 3 45 12
0.663333 13 131 4843 449
0.67 0 0 0 0
0.676667 0 0 0 0
0.683333 0 0 0 0
0.69 0 0 0 0
0.696667 0 0 0 0
0.703333 0 0 0 0
0.71 0 0 0 0
0.716667 0 0 0 0
0.723333 0 0 0 0
0.73 0 0 0 0
0.736667 0 0 0 0
0.743333 0 0 0 0
0.75 0 0 0 0
0.756667 0 0 0 0
0.763333 0 0 0 0
0.77 0 0 0 0
0.776667 0 0 0 0
0.783333 0 0 0 0
0.79 0 0 0 0
0.796667 0 0 0 0
0.803333 0 0 0 0
0.81 0 0 0 0
0.816667 0 0 0 0
0.823333 0 0 0 0
0.83 0 0 0 0
0.836667 0 0 0 0
0.843333 0 0 0 0
0.85 0 0 0 0
0.856667 0 0 0 0
0.863333 0 0 0 0
0.87 0 0 0 0
0.876667 0 0 0 0
0.883333 0 0 0 0
0.89 0 0 0 0
0.896667 0 0 0 0
0.903333 0 0 0 0
0.91 0 0 0 0
0.916667 0 0 0 0
0.923333 0 0 0 0
0.93 0 0 0 0
0.936667 0 0 0 0
0.943333 0 0 0 0
0.95 0 0 0 0
0.956667 0 0 0 0
0.963333 0 0 0 0
0.97 0 0 0 0
0.976667 0 0 0 0
0.983333 0 0 0 0
0.99 0 0 0 0
0.996667 0 0 0 0
1.00333 0 0 0 0
1.01 0 0 0 0
1.01667 0 0 0 0
1.02333 0 0 0 0
1.03 0 0 0 0
1.03667 0 0 0 0
1.04333 0 0 0 0
1.05 0 0 0 0
1.05667 0 0 0 0
1.06333 0 0 0 0
1.07 0 0 0 0
1.07667 0 0 0 0
1.08333 0 0 0 0
1.09 0 0 0 0
1.09667 0 0 0 0
1.10333 0 0 0 0
1.11 0 0 0 0
1.11667 0 0 0 0
1.12333 0 0 0 0
1.13 0 0 0 0
1.13667 0 0 0 0
1.14333 0 0 0 0
1.15 0 0 0 0
1.15667 0 0 0 0
1.16333 0 0 0 0
1.17 0 0 0 0
1.17667 0 0 0 0
1.18333 0 0 0 0
1.19 0 0 0 0
1.19667 0 0 0 0
1.20333 0 0 0 0
1.21 0 0 0 0
1.21667 0 0 0 0
1.22333 0 0 0 0
1.23 0 0 0 0
1.23667 0 0 0 0
1.24333 0 0 0 0
1.25 0 0 0 0
1.25667 0 0 0 0
1.26333 0 0 0 0
1.27 0 0 0 0
1.27667 0 0 0 0
1.28333 0 0 0 0
1.29 0 0 0 0
1.29667 0 0 0 0
1.30333 0 0 0 0
1.31 0 0 0 0
1.31667 0 0 0 0
1.32333 0 0 0 0
1.33 0 0 0 0
1.33667 0 0 0 0
1.34333 0 0 0 0
1.35 0 0 0 0
1.35667 0 0 0 0
1.36333 0 0 0 0
1.37 0 0 0 0
1.37667 0 0 0 0
1.38333 0 0 0 0
1.39 0 0 0 0
1.39667 0 0 0 0
1.40333 0 0 0 0
1.41 0 0 0 0
1.41667 0 0 0 0
1.42333 0 0 0 0
1.43 0 0 0 0
1.43667 0 0 0 0
1.44333 0 0 0 0
1.45 0 0 0 0
1.45667 0 0 0 0
1.46333 0 0 0 0
1.47 0 0 0 0
1.47667 0 0 0 0
1.48333 0 0 0 0
1.49 0 0 0 0
1.49667 0 0 0 0
1.50333 0 0 0 0
1.51 0 0 0 0
1.51667 0 0 0 0
1.52333 0 0 0 0
1.53 0 0 0 0
1.53667 0 0 0 0
1.54333 0 0 0 0
1.55 0 0 0 0
1.55667 0 0 0 0
1.56333 0 0 0 0
1.57 0 0 0 0
1.57667 0 0 0 0
1.58333 0 0 0 0
1.59 0 0 0 0
1.59667 0 0 0 0
1.60333 0 0 0 0
1.61 0 0 0 0
1.61667 0 0 0 0
1.62333 0 0 0 0
1.63 0 0 0 0
1.63667 0 0 0 0
1.64333 0 0 0 0
1.65 0 0 0 0
1.65667 0 0 0 0
1.66333 0 0 0 0
1.67 0 0 0 0
1.67667 0 0 0 0
1.68333 0 0 0 0
1.69 0 0 0 0
1.69667 0 0 0 0
1.70333 0 0 0 0
1.71 0 0 0 0
1.71667 0 0 0 0
1.72333 0 0 0 0
1.73 0 0 0 0
1.73667 0 0 0 0
1.74333 0 0 0 0
1.75 0 0 0 0
1.75667 0 0 0 0
1.76333 0 0 0 0
1.77 0 0 0 0
1.77667 0 0 0 0
1.78333 0 0 0 0
1.79 0 0 0 0
1.79667 0 0 0 0
1.80333 0 0 0 0
1.81 0 0 0 0
1.81667 0 0 0 0
1.82333 0 0 0 0
1.83 0 0 0 0
1.83667 0 0 0 0
1.84333 0 0 0 0
1.85 0 0 0 0
1.85667 0 0 0 0
1.86333 0 0 0 0
1.87 0 0 0 0
1.87667 0 0 0 0
1.88333 0 0 0 0
1.89 0 0 0 0
1.89667 0 0 0 0
1.90333 0 0 0 0
1.91 0 0 0 0
1.91667 0 0 0 0
1.92333 0 0 0 0
1.93 0 0 0 0
1.93667 0 0 0 0
1.94333 0 0 0 0
1.95 0 0 0 0
1.95667 0 0 0 0
1.96333 0 0 0 0
1.97 0 0 0 0
1.97667 0 0 0 0
1.98333 0 0 0 0
1.99 0 0 0 0
1.99667 0 0 0 0
