0.00333333 15 122 4 3
0.01 19 137 8 1
0.0166667 36 151 10 5
0.0233333 17 135 11 4
0.03 26 162 17 8
0.0366667 22 166 15 3
0.0433333 43 170 22 4
0.05 45 211 17 10
0.0566667 43 208 25 7
0.0633333 64 226 19 7
0.07 61 264 36 8
0.0766667 60 257 27 15
0.0833333 68 312 41 9
0.09 63 310 29 10
0.0966667 56 340 22 14
0.103333 64 273 18 11
0.11 55 334 26 11
0.116667 62 306 20 8
0.123333 46 339 19 15
0.13 70 356 20 11
0.136667 54 349 23 11
0.143333 50 339 20 10
0.15 56 322 22 8
0.156667 57 323 23 8
0.163333 51 328 16 6
0.17 59 289 20 7
0.176667 51 336 20 12
0.183333 58 349 18 12
0.19 55 455 22 11
0.196667 49 400 22 5
0.203333 54 428 15 7
0.21 61 388 15 14
0.216667 40 356 17 10
0.223333 46 312 14 5
0.23 44 337 18 10
0.236667 41 305 23 12
0.243333 38 279 13 8
0.25 42 265 16 9
0.256667 39 219 14 8
0.263333 44 239 15 15
0.27 44 223 24 6
0.276667 24 227 13 5
0.283333 31 201 11 6
0.29 34 201 8 7
0.296667 44 187 5 5
0.303333 28 197 5 5
0.31 30 179 8 3
0.316667 35 161 10 1
0.323333 33 180 9 7
0.33 22 169 11 6
0.336667 19 154 8 4
0.343333 26 149 10 6
0.35 22 164 9 5
0.356667 29 126 6 3
0.363333 23 147 14 6
0.37 28 113 10 7
0.376667 24 151 9 4
0.383333 24 168 8 7
0.39 21 148 10 3
0.396667 22 131 7 6
0.403333 23 141 7 3
0.41 24 122 8 3
0.416667 19 139 5 3
0.423333 32 139 8 2
0.43 21 124 8 4
0.436667 31 150 5 2
0.443333 23 142 7 6
0.45 19 133 9 3
0.456667 23 141 8 4
0.463333 16 127 11 4
0.47 30 150 7 10
0.476667 18 108 8 5
0.483333 10 83 9 5
0.49 14 55 3 5
0.496667 19 69 6 3
0.503333 15 67 7 4
0.51 9 50 5 3
0.516667 8 66 4 2
0.523333 10 60 4 2
0.53 17 45 4 3
0.536667 10 54 3 3
0.543333 19 53 4 5
0.55 13 47 7 2
0.556667 16 37 5 4
0.563333 16 33 7 3
0.57 7 52 5 4
0.576667 11 41 4 2
0.583333 18 40 8 0
0.59 13 37 6 2
0.596667 9 37 4 2
0.603333 11 46 4 3
0.61 16 37 7 3
0.616667 11 30 1 2
0.623333 17 44 0 3
0.63 11 43 4 1
0.636667 19 46 5 2
0.643333 10 37 3 2
0.65 11 32 4 4
0.656667 11 29 7 3
0.663333 708 6866 130 115
0.67 0 0 0 0
0.676667 0 0 0 0
0.683333 0 0 0 0
0.69 0 0 0 0
0.696667 0 0 0 0
0.703333 0 0 0 0
0.71 0 0 0 0
0.716667 0 0 0 0
0.723333 0 0 0 0
0.73 0 0 0 0
0.736667 0 0 0 0
0.743333 0 0 0 0
0.75 0 0 0 0
0.756667 0 0 0 0
0.763333 0 0 0 0
0.77 0 0 0 0
0.776667 0 0 0 0
0.783333 0 0 0 0
0.79 0 0 0 0
0.796667 0 0 0 0
0.803333 0 0 0 0
0.81 0 0 0 0
0.816667 0 0 0 0
0.823333 0 0 0 0
0.83 0 0 0 0
0.836667 0 0 0 0
0.843333 0 0 0 0
0.85 0 0 0 0
0.856667 0 0 0 0
0.863333 0 0 0 0
0.87 0 0 0 0
0.876667 0 0 0 0
0.883333 0 0 0 0
0.89 0 0 0 0
0.896667 0 0 0 0
0.903333 0 0 0 0
0.91 0 0 0 0
0.916667 0 0 0 0
0.923333 0 0 0 0
0.93 0 0 0 0
0.936667 0 0 0 0
0.943333 0 0 0 0
0.95 0 0 0 0
0.956667 0 0 0 0
0.963333 0 0 0 0
0.97 0 0 0 0
0.976667 0 0 0 0
0.983333 0 0 0 0
0.99 0 0 0 0
0.996667 0 0 0 0
1.00333 0 0 0 0
1.01 0 0 0 0
1.01667 0 0 0 0
1.02333 0 0 0 0
1.03 0 0 0 0
1.03667 0 0 0 0
1.04333 0 0 0 0
1.05 0 0 0 0
1.05667 0 0 0 0
1.06333 0 0 0 0
1.07 0 0 0 0
1.07667 0 0 0 0
1.08333 0 0 0 0
1.09 0 0 0 0
1.09667 0 0 0 0
1.10333 0 0 0 0
1.11 0 0 0 0
1.11667 0 0 0 0
1.12333 0 0 0 0
1.13 0 0 0 0
1.13667 0 0 0 0
1.14333 0 0 0 0
1.15 0 0 0 0
1.15667 0 0 0 0
1.16333 0 0 0 0
1.17 0 0 0 0
1.17667 0 0 0 0
1.18333 0 0 0 0
1.19 0 0 0 0
1.19667 0 0 0 0
1.20333 0 0 0 0
1.21 0 0 0 0
1.21667 0 0 0 0
1.22333 0 0 0 0
1.23 0 0 0 0
1.23667 0 0 0 0
1.24333 0 0 0 0
1.25 0 0 0 0
1.25667 0 0 0 0
1.26333 0 0 0 0
1.27 0 0 0 0
1.27667 0 0 0 0
1.28333 0 0 0 0
1.29 0 0 0 0
1.29667 0 0 0 0
1.30333 0 0 0 0
1.31 0 0 0 0
1.31667 0 0 0 0
1.32333 0 0 0 0
1.33 0 0 0 0
1.33667 0 0 0 0
1.34333 0 0 0 0
1.35 0 0 0 0
1.35667 0 0 0 0
1.36333 0 0 0 0
1.37 0 0 0 0
1.37667 0 0 0 0
1.38333 0 0 0 0
1.39 0 0 0 0
1.39667 0 0 0 0
1.40333 0 0 0 0
1.41 0 0 0 0
1.41667 0 0 0 0
1.42333 0 0 0 0
1.43 0 0 0 0
1.43667 0 0 0 0
1.44333 0 0 0 0
1.45 0 0 0 0
1.45667 0 0 0 0
1.46333 0 0 0 0
1.47 0 0 0 0
1.47667 0 0 0 0
1.48333 0 0 0 0
1.49 0 0 0 0
1.49667 0 0 0 0
1.50333 0 0 0 0
1.51 0 0 0 0
1.51667 0 0 0 0
1.52333 0 0 0 0
1.53 0 0 0 0
1.53667 0 0 0 0
1.54333 0 0 0 0
1.55 0 0 0 0
1.55667 0 0 0 0
1.56333 0 0 0 0
1.57 0 0 0 0
1.57667 0 0 0 0
1.58333 0 0 0 0
1.59 0 0 0 0
1.59667 0 0 0 0
1.60333 0 0 0 0
1.61 0 0 0 0
1.61667 0 0 0 0
1.62333 0 0 0 0
1.63 0 0 0 0
1.63667 0 0 0 0
1.64333 0 0 0 0
1.65 0 0 0 0
1.65667 0 0 0 0
1.66333 0 0 0 0
1.67 0 0 0 0
1.67667 0 0 0 0
1.68333 0 0 0 0
1.69 0 0 0 0
1.69667 0 0 0 0
1.70333 0 0 0 0
1.71 0 0 0 0
1.71667 0 0 0 0
1.72333 0 0 0 0
1.73 0 0 0 0
1.73667 0 0 0 0
1.74333 0 0 0 0
1.75 0 0 0 0
1.75667 0 0 0 0
1.76333 0 0 0 0
1.77 0 0 0 0
1.77667 0 0 0 0
1.78333 0 0 0 0
1.79 0 0 0 0
1.79667 0 0 0 0
1.80333 0 0 0 0
1.81 0 0 0 0
1.81667 0 0 0 0
1.82333 0 0 0 0
1.83 0 0 0 0
1.83667 0 0 0 0
1.84333 0 0 0 0
1.85 0 0 0 0
1.85667 0 0 0 0
1.86333 0 0 0 0
1.87 0 0 0 0
1.87667 0 0 0 0
1.88333 0 0 0 0
1.89 0 0 0 0
1.89667 0 0 0 0
1.90333 0 0 0 0
1.91 0 0 0 0
1.91667 0 0 0 0
1.92333 0 0 0 0
1.93 0 0 0 0
1.93667 0 0 0 0
1.94333 0 0 0 0
1.95 0 0 0 0
1.95667 0 0 0 0
1.96333 0 0 0 0
1.97 0 0 0 0
1.97667 0 0 0 0
1.98333 0 0 0 0
1.99 0 0 0 0
1.99667 0 0 0 0
