0.00333333 2 1 20 105
0.01 1 2 28 134
0.0166667 1 3 39 123
0.0233333 2 5 44 137
0.03 2 2 26 138
0.0366667 2 4 48 159
0.0433333 0 2 44 195
0.05 6 9 74 269
0.0566667 6 6 85 277
0.0633333 2 14 100 304
0.07 5 9 103 323
0.0766667 5 8 108 334
0.0833333 5 9 99 353
0.09 3 7 110 328
0.0966667 2 5 93 346
0.103333 5 8 109 323
0.11 3 8 81 340
0.116667 1 6 102 396
0.123333 1 5 92 422
0.13 3 8 94 381
0.136667 3 7 78 411
0.143333 2 8 76 358
0.15 3 3 88 344
0.156667 0 6 67 360
0.163333 3 6 61 342
0.17 1 9 60 313
0.176667 4 7 61 320
0.183333 2 11 76 355
0.19 7 7 68 439
0.196667 5 2 58 424
0.203333 4 9 61 382
0.21 3 3 59 378
0.216667 7 7 51 325
0.223333 5 4 64 321
0.23 2 7 48 321
0.236667 3 1 50 303
0.243333 1 4 55 297
0.25 3 4 42 298
0.256667 3 0 42 243
0.263333 2 1 44 218
0.27 3 3 40 215
0.276667 2 4 39 223
0.283333 1 7 38 207
0.29 4 7 38 210
0.296667 3 3 29 196
0.303333 1 5 27 177
0.31 2 3 36 162
0.316667 1 8 38 158
0.323333 2 2 30 147
0.33 0 4 38 165
0.336667 0 5 40 154
0.343333 1 4 29 157
0.35 0 1 33 176
0.356667 1 3 37 139
0.363333 4 1 22 144
0.37 1 2 36 139
0.376667 2 2 24 135
0.383333 2 5 23 130
0.39 1 3 25 129
0.396667 0 3 26 144
0.403333 1 7 22 129
0.41 2 3 23 132
0.416667 5 9 28 135
0.423333 1 3 26 137
0.43 2 3 24 131
0.436667 5 0 23 145
0.443333 2 1 13 128
0.45 0 3 31 130
0.456667 1 3 25 136
0.463333 1 2 20 127
0.47 2 2 12 143
0.476667 1 4 21 118
0.483333 2 2 15 75
0.49 0 4 16 57
0.496667 2 1 10 76
0.503333 1 0 15 64
0.51 1 0 15 70
0.516667 3 3 12 58
0.523333 2 3 17 54
0.53 2 3 18 55
0.536667 0 0 10 49
0.543333 1 3 15 56
0.55 0 3 15 54
0.556667 2 5 14 58
0.563333 2 6 12 45
0.57 0 3 9 49
0.576667 2 2 10 41
0.583333 0 1 14 59
0.59 1 1 14 49
0.596667 0 2 15 36
0.603333 0 2 17 43
0.61 3 0 15 48
0.616667 0 1 14 42
0.623333 2 2 14 38
0.63 4 1 17 57
0.636667 1 1 17 62
0.643333 1 3 7 38
0.65 0 2 14 40
0.656667 3 1 11 37
0.663333 49 38 455 5630
0.67 0 0 0 0
0.676667 0 0 0 0
0.683333 0 0 0 0
0.69 0 0 0 0
0.696667 0 0 0 0
0.703333 0 0 0 0
0.71 0 0 0 0
0.716667 0 0 0 0
0.723333 0 0 0 0
0.73 0 0 0 0
0.736667 0 0 0 0
0.743333 0 0 0 0
0.75 0 0 0 0
0.756667 0 0 0 0
0.763333 0 0 0 0
0.77 0 0 0 0
0.776667 0 0 0 0
0.783333 0 0 0 0
0.79 0 0 0 0
0.796667 0 0 0 0
0.803333 0 0 0 0
0.81 0 0 0 0
0.816667 0 0 0 0
0.823333 0 0 0 0
0.83 0 0 0 0
0.836667 0 0 0 0
0.843333 0 0 0 0
0.85 0 0 0 0
0.856667 0 0 0 0
0.863333 0 0 0 0
0.87 0 0 0 0
0.876667 0 0 0 0
0.883333 0 0 0 0
0.89 0 0 0 0
0.896667 0 0 0 0
0.903333 0 0 0 0
0.91 0 0 0 0
0.916667 0 0 0 0
0.923333 0 0 0 0
0.93 0 0 0 0
0.936667 0 0 0 0
0.943333 0 0 0 0
0.95 0 0 0 0
0.956667 0 0 0 0
0.963333 0 0 0 0
0.97 0 0 0 0
0.976667 0 0 0 0
0.983333 0 0 0 0
0.99 0 0 0 0
0.996667 0 0 0 0
1.00333 0 0 0 0
1.01 0 0 0 0
1.01667 0 0 0 0
1.02333 0 0 0 0
1.03 0 0 0 0
1.03667 0 0 0 0
1.04333 0 0 0 0
1.05 0 0 0 0
1.05667 0 0 0 0
1.06333 0 0 0 0
1.07 0 0 0 0
1.07667 0 0 0 0
1.08333 0 0 0 0
1.09 0 0 0 0
1.09667 0 0 0 0
1.10333 0 0 0 0
1.11 0 0 0 0
1.11667 0 0 0 0
1.12333 0 0 0 0
1.13 0 0 0 0
1.13667 0 0 0 0
1.14333 0 0 0 0
1.15 0 0 0 0
1.15667 0 0 0 0
1.16333 0 0 0 0
1.17 0 0 0 0
1.17667 0 0 0 0
1.18333 0 0 0 0
1.19 0 0 0 0
1.19667 0 0 0 0
1.20333 0 0 0 0
1.21 0 0 0 0
1.21667 0 0 0 0
1.22333 0 0 0 0
1.23 0 0 0 0
1.23667 0 0 0 0
1.24333 0 0 0 0
1.25 0 0 0 0
1.25667 0 0 0 0
1.26333 0 0 0 0
1.27 0 0 0 0
1.27667 0 0 0 0
1.28333 0 0 0 0
1.29 0 0 0 0
1.29667 0 0 0 0
1.30333 0 0 0 0
1.31 0 0 0 0
1.31667 0 0 0 0
1.32333 0 0 0 0
1.33 0 0 0 0
1.33667 0 0 0 0
1.34333 0 0 0 0
1.35 0 0 0 0
1.35667 0 0 0 0
1.36333 0 0 0 0
1.37 0 0 0 0
1.37667 0 0 0 0
1.38333 0 0 0 0
1.39 0 0 0 0
1.39667 0 0 0 0
1.40333 0 0 0 0
1.41 0 0 0 0
1.41667 0 0 0 0
1.42333 0 0 0 0
1.43 0 0 0 0
1.43667 0 0 0 0
1.44333 0 0 0 0
1.45 0 0 0 0
1.45667 0 0 0 0
1.46333 0 0 0 0
1.47 0 0 0 0
1.47667 0 0 0 0
1.48333 0 0 0 0
1.49 0 0 0 0
1.49667 0 0 0 0
1.50333 0 0 0 0
1.51 0 0 0 0
1.51667 0 0 0 0
1.52333 0 0 0 0
1.53 0 0 0 0
1.53667 0 0 0 0
1.54333 0 0 0 0
1.55 0 0 0 0
1.55667 0 0 0 0
1.56333 0 0 0 0
1.57 0 0 0 0
1.57667 0 0 0 0
1.58333 0 0 0 0
1.59 0 0 0 0
1.59667 0 0 0 0
1.60333 0 0 0 0
1.61 0 0 0 0
1.61667 0 0 0 0
1.62333 0 0 0 0
1.63 0 0 0 0
1.63667 0 0 0 0
1.64333 0 0 0 0
1.65 0 0 0 0
1.65667 0 0 0 0
1.66333 0 0 0 0
1.67 0 0 0 0
1.67667 0 0 0 0
1.68333 0 0 0 0
1.69 0 0 0 0
1.69667 0 0 0 0
1.70333 0 0 0 0
1.71 0 0 0 0
1.71667 0 0 0 0
1.72333 0 0 0 0
1.73 0 0 0 0
1.73667 0 0 0 0
1.74333 0 0 0 0
1.75 0 0 0 0
1.75667 0 0 0 0
1.76333 0 0 0 0
1.77 0 0 0 0
1.77667 0 0 0 0
1.78333 0 0 0 0
1.79 0 0 0 0
1.79667 0 0 0 0
1.80333 0 0 0 0
1.81 0 0 0 0
1.81667 0 0 0 0
1.82333 0 0 0 0
1.83 0 0 0 0
1.83667 0 0 0 0
1.84333 0 0 0 0
1.85 0 0 0 0
1.85667 0 0 0 0
1.86333 0 0 0 0
1.87 0 0 0 0
1.87667 0 0 0 0
1.88333 0 0 0 0
1.89 0 0 0 0
1.89667 0 0 0 0
1.90333 0 0 0 0
1.91 0 0 0 0
1.91667 0 0 0 0
1.92333 0 0 0 0
1.93 0 0 0 0
1.93667 0 0 0 0
1.94333 0 0 0 0
1.95 0 0 0 0
1.95667 0 0 0 0
1.96333 0 0 0 0
1.97 0 0 0 0
1.97667 0 0 0 0
1.98333 0 0 0 0
1.99 0 0 0 0
1.99667 0 0 0 0
