0.00333333 3 4 7 78
0.01 2 5 18 77
0.0166667 5 1 22 68
0.0233333 3 0 16 68
0.03 5 2 21 75
0.0366667 3 3 20 79
0.0433333 6 5 31 90
0.05 5 3 42 106
0.0566667 2 2 46 103
0.0633333 4 5 47 101
0.07 10 5 47 103
0.0766667 7 7 46 116
0.0833333 4 3 42 107
0.09 6 5 50 126
0.0966667 4 4 52 135
0.103333 4 9 56 151
0.11 5 4 55 108
0.116667 8 12 53 142
0.123333 4 7 54 142
0.13 7 5 45 144
0.136667 4 3 43 124
0.143333 6 4 39 133
0.15 7 4 41 144
0.156667 8 6 39 130
0.163333 2 8 35 110
0.17 5 4 38 119
0.176667 2 6 37 137
0.183333 8 5 26 138
0.19 8 2 44 173
0.196667 7 7 32 159
0.203333 3 4 43 177
0.21 6 5 24 167
0.216667 10 3 26 128
0.223333 7 0 22 158
0.23 5 6 31 145
0.236667 6 2 22 126
0.243333 3 5 26 130
0.25 10 2 27 126
0.256667 4 2 27 133
0.263333 5 4 24 98
0.27 5 4 27 99
0.276667 8 3 31 102
0.283333 5 2 30 101
0.29 3 4 19 109
0.296667 3 1 16 111
0.303333 5 6 29 96
0.31 4 2 27 102
0.316667 6 1 28 93
0.323333 3 1 25 82
0.33 5 2 21 70
0.336667 4 1 15 95
0.343333 4 4 29 86
0.35 4 3 23 89
0.356667 2 4 20 92
0.363333 5 2 20 84
0.37 4 1 20 73
0.376667 3 1 26 80
0.383333 2 2 13 69
0.39 5 2 20 85
0.396667 7 2 27 78
0.403333 4 3 26 71
0.41 2 2 17 72
0.416667 5 4 17 73
0.423333 5 2 15 71
0.43 7 1 16 81
0.436667 4 0 11 80
0.443333 5 1 32 76
0.45 6 2 24 81
0.456667 2 1 12 91
0.463333 8 1 23 77
0.47 5 5 13 78
0.476667 10 3 14 71
0.483333 1 1 15 47
0.49 2 0 14 30
0.496667 0 3 8 49
0.503333 5 3 13 35
0.51 0 1 13 25
0.516667 2 3 8 33
0.523333 1 0 8 33
0.53 0 1 10 37
0.536667 2 0 6 33
0.543333 1 1 9 33
0.55 0 3 9 31
0.556667 1 0 11 31
0.563333 2 1 6 33
0.57 2 1 9 29
0.576667 3 1 17 23
0.583333 3 1 9 28
0.59 0 2 11 24
0.596667 1 0 10 22
0.603333 2 1 12 27
0.61 4 2 11 18
0.616667 2 1 14 16
0.623333 8 1 12 16
0.63 1 2 8 25
0.636667 3 0 10 26
0.643333 3 4 7 16
0.65 2 0 12 18
0.656667 2 1 7 18
0.663333 230 28 339 3804
0.67 0 0 0 0
0.676667 0 0 0 0
0.683333 0 0 0 0
0.69 0 0 0 0
0.696667 0 0 0 0
0.703333 0 0 0 0
0.71 0 0 0 0
0.716667 0 0 0 0
0.723333 0 0 0 0
0.73 0 0 0 0
0.736667 0 0 0 0
0.743333 0 0 0 0
0.75 0 0 0 0
0.756667 0 0 0 0
0.763333 0 0 0 0
0.77 0 0 0 0
0.776667 0 0 0 0
0.783333 0 0 0 0
0.79 0 0 0 0
0.796667 0 0 0 0
0.803333 0 0 0 0
0.81 0 0 0 0
0.816667 0 0 0 0
0.823333 0 0 0 0
0.83 0 0 0 0
0.836667 0 0 0 0
0.843333 0 0 0 0
0.85 0 0 0 0
0.856667 0 0 0 0
0.863333 0 0 0 0
0.87 0 0 0 0
0.876667 0 0 0 0
0.883333 0 0 0 0
0.89 0 0 0 0
0.896667 0 0 0 0
0.903333 0 0 0 0
0.91 0 0 0 0
0.916667 0 0 0 0
0.923333 0 0 0 0
0.93 0 0 0 0
0.936667 0 0 0 0
0.943333 0 0 0 0
0.95 0 0 0 0
0.956667 0 0 0 0
0.963333 0 0 0 0
0.97 0 0 0 0
0.976667 0 0 0 0
0.983333 0 0 0 0
0.99 0 0 0 0
0.996667 0 0 0 0
1.00333 0 0 0 0
1.01 0 0 0 0
1.01667 0 0 0 0
1.02333 0 0 0 0
1.03 0 0 0 0
1.03667 0 0 0 0
1.04333 0 0 0 0
1.05 0 0 0 0
1.05667 0 0 0 0
1.06333 0 0 0 0
1.07 0 0 0 0
1.07667 0 0 0 0
1.08333 0 0 0 0
1.09 0 0 0 0
1.09667 0 0 0 0
1.10333 0 0 0 0
1.11 0 0 0 0
1.11667 0 0 0 0
1.12333 0 0 0 0
1.13 0 0 0 0
1.13667 0 0 0 0
1.14333 0 0 0 0
1.15 0 0 0 0
1.15667 0 0 0 0
1.16333 0 0 0 0
1.17 0 0 0 0
1.17667 0 0 0 0
1.18333 0 0 0 0
1.19 0 0 0 0
1.19667 0 0 0 0
1.20333 0 0 0 0
1.21 0 0 0 0
1.21667 0 0 0 0
1.22333 0 0 0 0
1.23 0 0 0 0
1.23667 0 0 0 0
1.24333 0 0 0 0
1.25 0 0 0 0
1.25667 0 0 0 0
1.26333 0 0 0 0
1.27 0 0 0 0
1.27667 0 0 0 0
1.28333 0 0 0 0
1.29 0 0 0 0
1.29667 0 0 0 0
1.30333 0 0 0 0
1.31 0 0 0 0
1.31667 0 0 0 0
1.32333 0 0 0 0
1.33 0 0 0 0
1.33667 0 0 0 0
1.34333 0 0 0 0
1.35 0 0 0 0
1.35667 0 0 0 0
1.36333 0 0 0 0
1.37 0 0 0 0
1.37667 0 0 0 0
1.38333 0 0 0 0
1.39 0 0 0 0
1.39667 0 0 0 0
1.40333 0 0 0 0
1.41 0 0 0 0
1.41667 0 0 0 0
1.42333 0 0 0 0
1.43 0 0 0 0
1.43667 0 0 0 0
1.44333 0 0 0 0
1.45 0 0 0 0
1.45667 0 0 0 0
1.46333 0 0 0 0
1.47 0 0 0 0
1.47667 0 0 0 0
1.48333 0 0 0 0
1.49 0 0 0 0
1.49667 0 0 0 0
1.50333 0 0 0 0
1.51 0 0 0 0
1.51667 0 0 0 0
1.52333 0 0 0 0
1.53 0 0 0 0
1.53667 0 0 0 0
1.54333 0 0 0 0
1.55 0 0 0 0
1.55667 0 0 0 0
1.56333 0 0 0 0
1.57 0 0 0 0
1.57667 0 0 0 0
1.58333 0 0 0 0
1.59 0 0 0 0
1.59667 0 0 0 0
1.60333 0 0 0 0
1.61 0 0 0 0
1.61667 0 0 0 0
1.62333 0 0 0 0
1.63 0 0 0 0
1.63667 0 0 0 0
1.64333 0 0 0 0
1.65 0 0 0 0
1.65667 0 0 0 0
1.66333 0 0 0 0
1.67 0 0 0 0
1.67667 0 0 0 0
1.68333 0 0 0 0
1.69 0 0 0 0
1.69667 0 0 0 0
1.70333 0 0 0 0
1.71 0 0 0 0
1.71667 0 0 0 0
1.72333 0 0 0 0
1.73 0 0 0 0
1.73667 0 0 0 0
1.74333 0 0 0 0
1.75 0 0 0 0
1.75667 0 0 0 0
1.76333 0 0 0 0
1.77 0 0 0 0
1.77667 0 0 0 0
1.78333 0 0 0 0
1.79 0 0 0 0
1.79667 0 0 0 0
1.80333 0 0 0 0
1.81 0 0 0 0
1.81667 0 0 0 0
1.82333 0 0 0 0
1.83 0 0 0 0
1.83667 0 0 0 0
1.84333 0 0 0 0
1.85 0 0 0 0
1.85667 0 0 0 0
1.86333 0 0 0 0
1.87 0 0 0 0
1.87667 0 0 0 0
1.88333 0 0 0 0
1.89 0 0 0 0
1.89667 0 0 0 0
1.90333 0 0 0 0
1.91 0 0 0 0
1.91667 0 0 0 0
1.92333 0 0 0 0
1.93 0 0 0 0
1.93667 0 0 0 0
1.94333 0 0 0 0
1.95 0 0 0 0
1.95667 0 0 0 0
1.96333 0 0 0 0
1.97 0 0 0 0
1.97667 0 0 0 0
1.98333 0 0 0 0
1.99 0 0 0 0
1.99667 0 0 0 0
