0.00333333 0 1 24 68
0.01 0 0 33 77
0.0166667 1 1 21 81
0.0233333 1 0 30 90
0.03 1 4 29 95
0.0366667 1 5 34 108
0.0433333 1 3 48 145
0.05 1 3 74 152
0.0566667 1 6 84 181
0.0633333 0 4 91 212
0.07 1 6 91 225
0.0766667 0 6 104 214
0.0833333 5 5 95 243
0.09 1 4 110 269
0.0966667 4 7 84 238
0.103333 2 7 86 256
0.11 3 7 78 286
0.116667 2 6 81 246
0.123333 2 2 66 277
0.13 3 3 82 264
0.136667 1 4 66 251
0.143333 3 0 79 241
0.15 0 5 80 263
0.156667 3 1 58 204
0.163333 2 2 68 212
0.17 2 0 66 210
0.176667 2 6 64 214
0.183333 1 3 62 198
0.19 1 7 58 230
0.196667 2 1 65 248
0.203333 2 4 53 199
0.21 2 0 53 198
0.216667 0 3 57 203
0.223333 0 3 63 195
0.23 4 4 41 195
0.236667 1 1 54 179
0.243333 3 4 40 185
0.25 0 4 45 160
0.256667 0 2 42 140
0.263333 1 3 39 133
0.27 1 4 37 146
0.276667 3 2 40 150
0.283333 0 2 36 130
0.29 2 3 49 134
0.296667 2 0 29 127
0.303333 2 1 34 124
0.31 1 1 28 127
0.316667 0 2 29 119
0.323333 1 2 40 109
0.33 2 1 43 116
0.336667 1 2 38 121
0.343333 1 2 40 121
0.35 1 1 40 112
0.356667 0 4 26 90
0.363333 3 3 29 111
0.37 1 5 31 91
0.376667 1 1 37 100
0.383333 0 2 36 100
0.39 1 1 24 97
0.396667 1 3 24 96
0.403333 0 3 25 93
0.41 3 4 19 88
0.416667 0 2 28 91
0.423333 0 2 28 69
0.43 0 2 30 87
0.436667 2 1 30 91
0.443333 0 2 27 83
0.45 0 3 22 92
0.456667 0 2 22 109
0.463333 2 1 25 100
0.47 0 0 23 96
0.476667 0 1 14 69
0.483333 3 2 15 40
0.49 0 2 18 61
0.496667 0 2 17 50
0.503333 1 3 17 50
0.51 0 0 21 47
0.516667 1 0 16 49
0.523333 1 2 21 40
0.53 0 2 17 49
0.536667 1 0 14 61
0.543333 0 1 16 40
0.55 0 0 21 52
0.556667 1 1 12 43
0.563333 1 0 12 36
0.57 3 0 17 35
0.576667 0 1 12 24
0.583333 0 4 16 31
0.59 0 1 7 40
0.596667 1 0 7 32
0.603333 1 1 22 36
0.61 0 0 16 40
0.616667 0 0 13 44
0.623333 1 0 13 28
0.63 1 1 14 34
0.636667 1 0 16 44
0.643333 0 1 11 23
0.65 1 0 21 33
0.656667 4 0 11 29
0.663333 20 14 494 2847
0.67 0 0 0 0
0.676667 0 0 0 0
0.683333 0 0 0 0
0.69 0 0 0 0
0.696667 0 0 0 0
0.703333 0 0 0 0
0.71 0 0 0 0
0.716667 0 0 0 0
0.723333 0 0 0 0
0.73 0 0 0 0
0.736667 0 0 0 0
0.743333 0 0 0 0
0.75 0 0 0 0
0.756667 0 0 0 0
0.763333 0 0 0 0
0.77 0 0 0 0
0.776667 0 0 0 0
0.783333 0 0 0 0
0.79 0 0 0 0
0.796667 0 0 0 0
0.803333 0 0 0 0
0.81 0 0 0 0
0.816667 0 0 0 0
0.823333 0 0 0 0
0.83 0 0 0 0
0.836667 0 0 0 0
0.843333 0 0 0 0
0.85 0 0 0 0
0.856667 0 0 0 0
0.863333 0 0 0 0
0.87 0 0 0 0
0.876667 0 0 0 0
0.883333 0 0 0 0
0.89 0 0 0 0
0.896667 0 0 0 0
0.903333 0 0 0 0
0.91 0 0 0 0
0.916667 0 0 0 0
0.923333 0 0 0 0
0.93 0 0 0 0
0.936667 0 0 0 0
0.943333 0 0 0 0
0.95 0 0 0 0
0.956667 0 0 0 0
0.963333 0 0 0 0
0.97 0 0 0 0
0.976667 0 0 0 0
0.983333 0 0 0 0
0.99 0 0 0 0
0.996667 0 0 0 0
1.00333 0 0 0 0
1.01 0 0 0 0
1.01667 0 0 0 0
1.02333 0 0 0 0
1.03 0 0 0 0
1.03667 0 0 0 0
1.04333 0 0 0 0
1.05 0 0 0 0
1.05667 0 0 0 0
1.06333 0 0 0 0
1.07 0 0 0 0
1.07667 0 0 0 0
1.08333 0 0 0 0
1.09 0 0 0 0
1.09667 0 0 0 0
1.10333 0 0 0 0
1.11 0 0 0 0
1.11667 0 0 0 0
1.12333 0 0 0 0
1.13 0 0 0 0
1.13667 0 0 0 0
1.14333 0 0 0 0
1.15 0 0 0 0
1.15667 0 0 0 0
1.16333 0 0 0 0
1.17 0 0 0 0
1.17667 0 0 0 0
1.18333 0 0 0 0
1.19 0 0 0 0
1.19667 0 0 0 0
1.20333 0 0 0 0
1.21 0 0 0 0
1.21667 0 0 0 0
1.22333 0 0 0 0
1.23 0 0 0 0
1.23667 0 0 0 0
1.24333 0 0 0 0
1.25 0 0 0 0
1.25667 0 0 0 0
1.26333 0 0 0 0
1.27 0 0 0 0
1.27667 0 0 0 0
1.28333 0 0 0 0
1.29 0 0 0 0
1.29667 0 0 0 0
1.30333 0 0 0 0
1.31 0 0 0 0
1.31667 0 0 0 0
1.32333 0 0 0 0
1.33 0 0 0 0
1.33667 0 0 0 0
1.34333 0 0 0 0
1.35 0 0 0 0
1.35667 0 0 0 0
1.36333 0 0 0 0
1.37 0 0 0 0
1.37667 0 0 0 0
1.38333 0 0 0 0
1.39 0 0 0 0
1.39667 0 0 0 0
1.40333 0 0 0 0
1.41 0 0 0 0
1.41667 0 0 0 0
1.42333 0 0 0 0
1.43 0 0 0 0
1.43667 0 0 0 0
1.44333 0 0 0 0
1.45 0 0 0 0
1.45667 0 0 0 0
1.46333 0 0 0 0
1.47 0 0 0 0
1.47667 0 0 0 0
1.48333 0 0 0 0
1.49 0 0 0 0
1.49667 0 0 0 0
1.50333 0 0 0 0
1.51 0 0 0 0
1.51667 0 0 0 0
1.52333 0 0 0 0
1.53 0 0 0 0
1.53667 0 0 0 0
1.54333 0 0 0 0
1.55 0 0 0 0
1.55667 0 0 0 0
1.56333 0 0 0 0
1.57 0 0 0 0
1.57667 0 0 0 0
1.58333 0 0 0 0
1.59 0 0 0 0
1.59667 0 0 0 0
1.60333 0 0 0 0
1.61 0 0 0 0
1.61667 0 0 0 0
1.62333 0 0 0 0
1.63 0 0 0 0
1.63667 0 0 0 0
1.64333 0 0 0 0
1.65 0 0 0 0
1.65667 0 0 0 0
1.66333 0 0 0 0
1.67 0 0 0 0
1.67667 0 0 0 0
1.68333 0 0 0 0
1.69 0 0 0 0
1.69667 0 0 0 0
1.70333 0 0 0 0
1.71 0 0 0 0
1.71667 0 0 0 0
1.72333 0 0 0 0
1.73 0 0 0 0
1.73667 0 0 0 0
1.74333 0 0 0 0
1.75 0 0 0 0
1.75667 0 0 0 0
1.76333 0 0 0 0
1.77 0 0 0 0
1.77667 0 0 0 0
1.78333 0 0 0 0
1.79 0 0 0 0
1.79667 0 0 0 0
1.80333 0 0 0 0
1.81 0 0 0 0
1.81667 0 0 0 0
1.82333 0 0 0 0
1.83 0 0 0 0
1.83667 0 0 0 0
1.84333 0 0 0 0
1.85 0 0 0 0
1.85667 0 0 0 0
1.86333 0 0 0 0
1.87 0 0 0 0
1.87667 0 0 0 0
1.88333 0 0 0 0
1.89 0 0 0 0
1.89667 0 0 0 0
1.90333 0 0 0 0
1.91 0 0 0 0
1.91667 0 0 0 0
1.92333 0 0 0 0
1.93 0 0 0 0
1.93667 0 0 0 0
1.94333 0 0 0 0
1.95 0 0 0 0
1.95667 0 0 0 0
1.96333 0 0 0 0
1.97 0 0 0 0
1.97667 0 0 0 0
1.98333 0 0 0 0
1.99 0 0 0 0
1.99667 0 0 0 0
