0.00333333 2 3 39 35
0.01 4 7 39 53
0.0166667 3 9 38 60
0.0233333 6 6 52 56
0.03 3 2 68 67
0.0366667 0 8 83 87
0.0433333 3 11 143 102
0.05 2 23 135 125
0.0566667 3 10 156 129
0.0633333 7 13 201 155
0.07 5 28 196 191
0.0766667 5 17 187 197
0.0833333 6 21 212 182
0.09 3 18 199 195
0.0966667 10 18 197 175
0.103333 6 23 200 175
0.11 6 15 190 172
0.116667 15 17 176 182
0.123333 5 13 165 201
0.13 6 20 190 174
0.136667 7 15 167 146
0.143333 9 10 148 177
0.15 4 9 126 129
0.156667 6 13 174 169
0.163333 8 10 127 155
0.17 6 16 130 145
0.176667 3 8 126 116
0.183333 4 12 123 156
0.19 3 9 145 158
0.196667 6 14 130 154
0.203333 7 17 117 128
0.21 6 8 119 150
0.216667 1 6 125 139
0.223333 5 10 115 149
0.23 3 14 105 122
0.236667 5 8 94 103
0.243333 7 6 98 120
0.25 3 6 105 107
0.256667 2 4 100 96
0.263333 3 7 79 99
0.27 4 10 75 86
0.276667 3 11 90 84
0.283333 2 12 85 76
0.29 2 5 86 91
0.296667 5 10 68 84
0.303333 5 4 68 68
0.31 2 3 94 72
0.316667 3 7 70 85
0.323333 3 6 60 80
0.33 3 8 53 76
0.336667 1 6 70 59
0.343333 3 7 69 73
0.35 2 4 68 73
0.356667 3 8 44 71
0.363333 1 9 45 53
0.37 2 11 65 54
0.376667 3 9 50 59
0.383333 0 4 46 61
0.39 1 9 51 57
0.396667 3 6 52 58
0.403333 4 6 45 51
0.41 4 7 31 59
0.416667 1 6 54 54
0.423333 2 7 42 54
0.43 2 3 38 39
0.436667 1 3 45 35
0.443333 5 3 45 52
0.45 3 6 53 51
0.456667 1 4 49 46
0.463333 2 8 34 50
0.47 1 6 41 60
0.476667 2 6 39 44
0.483333 1 7 37 32
0.49 3 5 34 20
0.496667 1 3 30 35
0.503333 3 4 29 29
0.51 1 2 29 27
0.516667 0 2 25 33
0.523333 3 2 18 37
0.53 2 4 31 24
0.536667 1 4 24 22
0.543333 2 4 23 24
0.55 0 3 21 26
0.556667 2 7 20 20
0.563333 0 5 28 30
0.57 3 5 16 25
0.576667 3 4 25 18
0.583333 4 6 18 30
0.59 3 1 17 25
0.596667 3 4 20 26
0.603333 2 4 27 23
0.61 1 3 28 22
0.616667 2 3 24 26
0.623333 1 4 18 23
0.63 0 6 21 20
0.636667 3 5 27 19
0.643333 2 4 23 24
0.65 0 6 20 23
0.656667 0 3 19 19
0.663333 34 87 1088 1510
0.67 0 0 0 0
0.676667 0 0 0 0
0.683333 0 0 0 0
0.69 0 0 0 0
0.696667 0 0 0 0
0.703333 0 0 0 0
0.71 0 0 0 0
0.716667 0 0 0 0
0.723333 0 0 0 0
0.73 0 0 0 0
0.736667 0 0 0 0
0.743333 0 0 0 0
0.75 0 0 0 0
0.756667 0 0 0 0
0.763333 0 0 0 0
0.77 0 0 0 0
0.776667 0 0 0 0
0.783333 0 0 0 0
0.79 0 0 0 0
0.796667 0 0 0 0
0.803333 0 0 0 0
0.81 0 0 0 0
0.816667 0 0 0 0
0.823333 0 0 0 0
0.83 0 0 0 0
0.836667 0 0 0 0
0.843333 0 0 0 0
0.85 0 0 0 0
0.856667 0 0 0 0
0.863333 0 0 0 0
0.87 0 0 0 0
0.876667 0 0 0 0
0.883333 0 0 0 0
0.89 0 0 0 0
0.896667 0 0 0 0
0.903333 0 0 0 0
0.91 0 0 0 0
0.916667 0 0 0 0
0.923333 0 0 0 0
0.93 0 0 0 0
0.936667 0 0 0 0
0.943333 0 0 0 0
0.95 0 0 0 0
0.956667 0 0 0 0
0.963333 0 0 0 0
0.97 0 0 0 0
0.976667 0 0 0 0
0.983333 0 0 0 0
0.99 0 0 0 0
0.996667 0 0 0 0
1.00333 0 0 0 0
1.01 0 0 0 0
1.01667 0 0 0 0
1.02333 0 0 0 0
1.03 0 0 0 0
1.03667 0 0 0 0
1.04333 0 0 0 0
1.05 0 0 0 0
1.05667 0 0 0 0
1.06333 0 0 0 0
1.07 0 0 0 0
1.07667 0 0 0 0
1.08333 0 0 0 0
1.09 0 0 0 0
1.09667 0 0 0 0
1.10333 0 0 0 0
1.11 0 0 0 0
1.11667 0 0 0 0
1.12333 0 0 0 0
1.13 0 0 0 0
1.13667 0 0 0 0
1.14333 0 0 0 0
1.15 0 0 0 0
1.15667 0 0 0 0
1.16333 0 0 0 0
1.17 0 0 0 0
1.17667 0 0 0 0
1.18333 0 0 0 0
1.19 0 0 0 0
1.19667 0 0 0 0
1.20333 0 0 0 0
1.21 0 0 0 0
1.21667 0 0 0 0
1.22333 0 0 0 0
1.23 0 0 0 0
1.23667 0 0 0 0
1.24333 0 0 0 0
1.25 0 0 0 0
1.25667 0 0 0 0
1.26333 0 0 0 0
1.27 0 0 0 0
1.27667 0 0 0 0
1.28333 0 0 0 0
1.29 0 0 0 0
1.29667 0 0 0 0
1.30333 0 0 0 0
1.31 0 0 0 0
1.31667 0 0 0 0
1.32333 0 0 0 0
1.33 0 0 0 0
1.33667 0 0 0 0
1.34333 0 0 0 0
1.35 0 0 0 0
1.35667 0 0 0 0
1.36333 0 0 0 0
1.37 0 0 0 0
1.37667 0 0 0 0
1.38333 0 0 0 0
1.39 0 0 0 0
1.39667 0 0 0 0
1.40333 0 0 0 0
1.41 0 0 0 0
1.41667 0 0 0 0
1.42333 0 0 0 0
1.43 0 0 0 0
1.43667 0 0 0 0
1.44333 0 0 0 0
1.45 0 0 0 0
1.45667 0 0 0 0
1.46333 0 0 0 0
1.47 0 0 0 0
1.47667 0 0 0 0
1.48333 0 0 0 0
1.49 0 0 0 0
1.49667 0 0 0 0
1.50333 0 0 0 0
1.51 0 0 0 0
1.51667 0 0 0 0
1.52333 0 0 0 0
1.53 0 0 0 0
1.53667 0 0 0 0
1.54333 0 0 0 0
1.55 0 0 0 0
1.55667 0 0 0 0
1.56333 0 0 0 0
1.57 0 0 0 0
1.57667 0 0 0 0
1.58333 0 0 0 0
1.59 0 0 0 0
1.59667 0 0 0 0
1.60333 0 0 0 0
1.61 0 0 0 0
1.61667 0 0 0 0
1.62333 0 0 0 0
1.63 0 0 0 0
1.63667 0 0 0 0
1.64333 0 0 0 0
1.65 0 0 0 0
1.65667 0 0 0 0
1.66333 0 0 0 0
1.67 0 0 0 0
1.67667 0 0 0 0
1.68333 0 0 0 0
1.69 0 0 0 0
1.69667 0 0 0 0
1.70333 0 0 0 0
1.71 0 0 0 0
1.71667 0 0 0 0
1.72333 0 0 0 0
1.73 0 0 0 0
1.73667 0 0 0 0
1.74333 0 0 0 0
1.75 0 0 0 0
1.75667 0 0 0 0
1.76333 0 0 0 0
1.77 0 0 0 0
1.77667 0 0 0 0
1.78333 0 0 0 0
1.79 0 0 0 0
1.79667 0 0 0 0
1.80333 0 0 0 0
1.81 0 0 0 0
1.81667 0 0 0 0
1.82333 0 0 0 0
1.83 0 0 0 0
1.83667 0 0 0 0
1.84333 0 0 0 0
1.85 0 0 0 0
1.85667 0 0 0 0
1.86333 0 0 0 0
1.87 0 0 0 0
1.87667 0 0 0 0
1.88333 0 0 0 0
1.89 0 0 0 0
1.89667 0 0 0 0
1.90333 0 0 0 0
1.91 0 0 0 0
1.91667 0 0 0 0
1.92333 0 0 0 0
1.93 0 0 0 0
1.93667 0 0 0 0
1.94333 0 0 0 0
1.95 0 0 0 0
1.95667 0 0 0 0
1.96333 0 0 0 0
1.97 0 0 0 0
1.97667 0 0 0 0
1.98333 0 0 0 0
1.99 0 0 0 0
1.99667 0 0 0 0
