0.00333333 8 7 20 38
0.01 3 4 41 45
0.0166667 4 5 23 52
0.0233333 6 6 30 49
0.03 6 1 42 50
0.0366667 7 4 50 63
0.0433333 3 13 77 81
0.05 11 15 112 71
0.0566667 4 21 129 100
0.0633333 6 19 129 116
0.07 11 26 107 124
0.0766667 11 31 130 123
0.0833333 15 23 121 121
0.09 12 17 105 128
0.0966667 13 24 111 114
0.103333 16 20 109 136
0.11 9 26 116 136
0.116667 7 18 123 148
0.123333 15 22 123 128
0.13 12 16 107 133
0.136667 13 18 105 118
0.143333 10 14 90 133
0.15 8 17 78 117
0.156667 7 14 96 115
0.163333 5 16 72 109
0.17 13 19 71 103
0.176667 4 14 78 103
0.183333 11 18 80 117
0.19 20 19 82 134
0.196667 14 11 80 116
0.203333 9 13 74 138
0.21 7 15 78 99
0.216667 11 11 69 112
0.223333 11 13 68 98
0.23 6 10 59 94
0.236667 3 11 80 90
0.243333 6 11 71 88
0.25 6 14 56 86
0.256667 8 9 50 77
0.263333 8 13 57 75
0.27 5 6 38 62
0.276667 7 12 48 55
0.283333 2 10 56 62
0.29 7 5 53 48
0.296667 6 10 51 67
0.303333 6 11 45 63
0.31 5 6 47 56
0.316667 1 6 42 50
0.323333 9 11 46 62
0.33 3 9 38 55
0.336667 8 11 38 58
0.343333 6 9 44 66
0.35 3 8 42 55
0.356667 4 10 32 67
0.363333 5 10 39 41
0.37 5 10 39 59
0.376667 4 10 34 54
0.383333 9 8 44 52
0.39 8 9 29 47
0.396667 2 10 28 54
0.403333 2 5 39 44
0.41 4 4 33 44
0.416667 8 6 29 42
0.423333 5 11 42 40
0.43 2 11 29 31
0.436667 6 9 28 45
0.443333 6 7 30 50
0.45 8 4 32 44
0.456667 4 4 27 44
0.463333 6 9 34 55
0.47 2 8 29 46
0.476667 4 13 31 37
0.483333 3 4 17 26
0.49 1 7 20 29
0.496667 2 7 24 34
0.503333 6 3 21 20
0.51 2 1 14 23
0.516667 2 3 16 27
0.523333 5 6 20 19
0.53 3 2 19 21
0.536667 0 6 14 26
0.543333 2 4 18 26
0.55 4 10 25 22
0.556667 4 6 20 16
0.563333 4 2 22 18
0.57 3 5 28 20
0.576667 2 6 10 12
0.583333 4 2 13 24
0.59 3 7 7 22
0.596667 2 1 22 21
0.603333 3 2 18 13
0.61 3 2 21 16
0.616667 4 1 7 17
0.623333 4 7 13 16
0.63 6 8 16 14
0.636667 4 6 6 15
0.643333 1 4 20 14
0.65 5 2 15 25
0.656667 5 4 17 8
0.663333 145 109 607 1574
0.67 0 0 0 0
0.676667 0 0 0 0
0.683333 0 0 0 0
0.69 0 0 0 0
0.696667 0 0 0 0
0.703333 0 0 0 0
0.71 0 0 0 0
0.716667 0 0 0 0
0.723333 0 0 0 0
0.73 0 0 0 0
0.736667 0 0 0 0
0.743333 0 0 0 0
0.75 0 0 0 0
0.756667 0 0 0 0
0.763333 0 0 0 0
0.77 0 0 0 0
0.776667 0 0 0 0
0.783333 0 0 0 0
0.79 0 0 0 0
0.796667 0 0 0 0
0.803333 0 0 0 0
0.81 0 0 0 0
0.816667 0 0 0 0
0.823333 0 0 0 0
0.83 0 0 0 0
0.836667 0 0 0 0
0.843333 0 0 0 0
0.85 0 0 0 0
0.856667 0 0 0 0
0.863333 0 0 0 0
0.87 0 0 0 0
0.876667 0 0 0 0
0.883333 0 0 0 0
0.89 0 0 0 0
0.896667 0 0 0 0
0.903333 0 0 0 0
0.91 0 0 0 0
0.916667 0 0 0 0
0.923333 0 0 0 0
0.93 0 0 0 0
0.936667 0 0 0 0
0.943333 0 0 0 0
0.95 0 0 0 0
0.956667 0 0 0 0
0.963333 0 0 0 0
0.97 0 0 0 0
0.976667 0 0 0 0
0.983333 0 0 0 0
0.99 0 0 0 0
0.996667 0 0 0 0
1.00333 0 0 0 0
1.01 0 0 0 0
1.01667 0 0 0 0
1.02333 0 0 0 0
1.03 0 0 0 0
1.03667 0 0 0 0
1.04333 0 0 0 0
1.05 0 0 0 0
1.05667 0 0 0 0
1.06333 0 0 0 0
1.07 0 0 0 0
1.07667 0 0 0 0
1.08333 0 0 0 0
1.09 0 0 0 0
1.09667 0 0 0 0
1.10333 0 0 0 0
1.11 0 0 0 0
1.11667 0 0 0 0
1.12333 0 0 0 0
1.13 0 0 0 0
1.13667 0 0 0 0
1.14333 0 0 0 0
1.15 0 0 0 0
1.15667 0 0 0 0
1.16333 0 0 0 0
1.17 0 0 0 0
1.17667 0 0 0 0
1.18333 0 0 0 0
1.19 0 0 0 0
1.19667 0 0 0 0
1.20333 0 0 0 0
1.21 0 0 0 0
1.21667 0 0 0 0
1.22333 0 0 0 0
1.23 0 0 0 0
1.23667 0 0 0 0
1.24333 0 0 0 0
1.25 0 0 0 0
1.25667 0 0 0 0
1.26333 0 0 0 0
1.27 0 0 0 0
1.27667 0 0 0 0
1.28333 0 0 0 0
1.29 0 0 0 0
1.29667 0 0 0 0
1.30333 0 0 0 0
1.31 0 0 0 0
1.31667 0 0 0 0
1.32333 0 0 0 0
1.33 0 0 0 0
1.33667 0 0 0 0
1.34333 0 0 0 0
1.35 0 0 0 0
1.35667 0 0 0 0
1.36333 0 0 0 0
1.37 0 0 0 0
1.37667 0 0 0 0
1.38333 0 0 0 0
1.39 0 0 0 0
1.39667 0 0 0 0
1.40333 0 0 0 0
1.41 0 0 0 0
1.41667 0 0 0 0
1.42333 0 0 0 0
1.43 0 0 0 0
1.43667 0 0 0 0
1.44333 0 0 0 0
1.45 0 0 0 0
1.45667 0 0 0 0
1.46333 0 0 0 0
1.47 0 0 0 0
1.47667 0 0 0 0
1.48333 0 0 0 0
1.49 0 0 0 0
1.49667 0 0 0 0
1.50333 0 0 0 0
1.51 0 0 0 0
1.51667 0 0 0 0
1.52333 0 0 0 0
1.53 0 0 0 0
1.53667 0 0 0 0
1.54333 0 0 0 0
1.55 0 0 0 0
1.55667 0 0 0 0
1.56333 0 0 0 0
1.57 0 0 0 0
1.57667 0 0 0 0
1.58333 0 0 0 0
1.59 0 0 0 0
1.59667 0 0 0 0
1.60333 0 0 0 0
1.61 0 0 0 0
1.61667 0 0 0 0
1.62333 0 0 0 0
1.63 0 0 0 0
1.63667 0 0 0 0
1.64333 0 0 0 0
1.65 0 0 0 0
1.65667 0 0 0 0
1.66333 0 0 0 0
1.67 0 0 0 0
1.67667 0 0 0 0
1.68333 0 0 0 0
1.69 0 0 0 0
1.69667 0 0 0 0
1.70333 0 0 0 0
1.71 0 0 0 0
1.71667 0 0 0 0
1.72333 0 0 0 0
1.73 0 0 0 0
1.73667 0 0 0 0
1.74333 0 0 0 0
1.75 0 0 0 0
1.75667 0 0 0 0
1.76333 0 0 0 0
1.77 0 0 0 0
1.77667 0 0 0 0
1.78333 0 0 0 0
1.79 0 0 0 0
1.79667 0 0 0 0
1.80333 0 0 0 0
1.81 0 0 0 0
1.81667 0 0 0 0
1.82333 0 0 0 0
1.83 0 0 0 0
1.83667 0 0 0 0
1.84333 0 0 0 0
1.85 0 0 0 0
1.85667 0 0 0 0
1.86333 0 0 0 0
1.87 0 0 0 0
1.87667 0 0 0 0
1.88333 0 0 0 0
1.89 0 0 0 0
1.89667 0 0 0 0
1.90333 0 0 0 0
1.91 0 0 0 0
1.91667 0 0 0 0
1.92333 0 0 0 0
1.93 0 0 0 0
1.93667 0 0 0 0
1.94333 0 0 0 0
1.95 0 0 0 0
1.95667 0 0 0 0
1.96333 0 0 0 0
1.97 0 0 0 0
1.97667 0 0 0 0
1.98333 0 0 0 0
1.99 0 0 0 0
1.99667 0 0 0 0
