0.00333333 126 9 2 3
0.01 129 12 1 3
0.0166667 127 10 1 2
0.0233333 127 9 0 4
0.03 118 13 0 1
0.0366667 148 21 2 1
0.0433333 161 18 1 2
0.05 184 36 1 0
0.0566667 182 27 2 1
0.0633333 246 42 4 1
0.07 235 47 4 1
0.0766667 273 39 2 1
0.0833333 264 32 3 1
0.09 315 42 4 1
0.0966667 312 43 3 1
0.103333 288 43 5 2
0.11 294 46 2 3
0.116667 330 29 0 3
0.123333 350 30 2 3
0.13 339 29 3 5
0.136667 318 36 2 0
0.143333 297 26 2 4
0.15 291 31 3 0
0.156667 287 29 1 1
0.163333 323 27 4 3
0.17 281 26 3 3
0.176667 289 25 1 3
0.183333 324 31 3 1
0.19 381 22 1 0
0.196667 367 23 4 2
0.203333 381 30 0 1
0.21 324 23 2 4
0.216667 334 22 5 3
0.223333 310 27 2 3
0.23 332 18 2 5
0.236667 281 22 1 3
0.243333 297 21 0 1
0.25 257 24 0 3
0.256667 246 19 0 3
0.263333 213 29 3 2
0.27 224 19 1 1
0.276667 202 17 2 3
0.283333 236 17 1 0
0.29 206 13 0 0
0.296667 187 28 0 3
0.303333 201 17 1 3
0.31 170 22 2 1
0.316667 181 20 0 3
0.323333 172 17 2 2
0.33 164 15 0 2
0.336667 175 15 0 0
0.343333 163 17 1 2
0.35 155 10 2 5
0.356667 167 13 2 1
0.363333 156 11 0 3
0.37 173 12 3 1
0.376667 130 14 0 1
0.383333 140 12 1 0
0.39 167 13 0 1
0.396667 150 8 0 0
0.403333 139 10 0 1
0.41 131 16 1 0
0.416667 156 17 2 2
0.423333 126 14 1 0
0.43 134 13 0 2
0.436667 143 15 2 1
0.443333 130 10 0 1
0.45 133 14 1 2
0.456667 133 9 0 0
0.463333 158 8 0 0
0.47 162 14 3 0
0.476667 112 12 0 1
0.483333 64 7 0 1
0.49 65 9 2 1
0.496667 67 11 0 0
0.503333 51 12 0 0
0.51 65 8 1 0
0.516667 47 5 1 0
0.523333 56 11 0 1
0.53 57 11 0 1
0.536667 57 7 0 2
0.543333 47 7 1 1
0.55 56 8 1 0
0.556667 56 8 2 2
0.563333 60 6 0 1
0.57 63 5 0 1
0.576667 35 12 1 1
0.583333 59 9 2 1
0.59 59 8 0 2
0.596667 48 5 1 0
0.603333 41 6 0 0
0.61 41 6 0 0
0.616667 58 9 2 1
0.623333 52 6 0 0
0.63 42 8 1 2
0.636667 57 13 1 1
0.643333 54 10 1 0
0.65 38 11 1 2
0.656667 37 4 0 1
0.663333 6296 193 7 49
0.67 0 0 0 0
0.676667 0 0 0 0
0.683333 0 0 0 0
0.69 0 0 0 0
0.696667 0 0 0 0
0.703333 0 0 0 0
0.71 0 0 0 0
0.716667 0 0 0 0
0.723333 0 0 0 0
0.73 0 0 0 0
0.736667 0 0 0 0
0.743333 0 0 0 0
0.75 0 0 0 0
0.756667 0 0 0 0
0.763333 0 0 0 0
0.77 0 0 0 0
0.776667 0 0 0 0
0.783333 0 0 0 0
0.79 0 0 0 0
0.796667 0 0 0 0
0.803333 0 0 0 0
0.81 0 0 0 0
0.816667 0 0 0 0
0.823333 0 0 0 0
0.83 0 0 0 0
0.836667 0 0 0 0
0.843333 0 0 0 0
0.85 0 0 0 0
0.856667 0 0 0 0
0.863333 0 0 0 0
0.87 0 0 0 0
0.876667 0 0 0 0
0.883333 0 0 0 0
0.89 0 0 0 0
0.896667 0 0 0 0
0.903333 0 0 0 0
0.91 0 0 0 0
0.916667 0 0 0 0
0.923333 0 0 0 0
0.93 0 0 0 0
0.936667 0 0 0 0
0.943333 0 0 0 0
0.95 0 0 0 0
0.956667 0 0 0 0
0.963333 0 0 0 0
0.97 0 0 0 0
0.976667 0 0 0 0
0.983333 0 0 0 0
0.99 0 0 0 0
0.996667 0 0 0 0
1.00333 0 0 0 0
1.01 0 0 0 0
1.01667 0 0 0 0
1.02333 0 0 0 0
1.03 0 0 0 0
1.03667 0 0 0 0
1.04333 0 0 0 0
1.05 0 0 0 0
1.05667 0 0 0 0
1.06333 0 0 0 0
1.07 0 0 0 0
1.07667 0 0 0 0
1.08333 0 0 0 0
1.09 0 0 0 0
1.09667 0 0 0 0
1.10333 0 0 0 0
1.11 0 0 0 0
1.11667 0 0 0 0
1.12333 0 0 0 0
1.13 0 0 0 0
1.13667 0 0 0 0
1.14333 0 0 0 0
1.15 0 0 0 0
1.15667 0 0 0 0
1.16333 0 0 0 0
1.17 0 0 0 0
1.17667 0 0 0 0
1.18333 0 0 0 0
1.19 0 0 0 0
1.19667 0 0 0 0
1.20333 0 0 0 0
1.21 0 0 0 0
1.21667 0 0 0 0
1.22333 0 0 0 0
1.23 0 0 0 0
1.23667 0 0 0 0
1.24333 0 0 0 0
1.25 0 0 0 0
1.25667 0 0 0 0
1.26333 0 0 0 0
1.27 0 0 0 0
1.27667 0 0 0 0
1.28333 0 0 0 0
1.29 0 0 0 0
1.29667 0 0 0 0
1.30333 0 0 0 0
1.31 0 0 0 0
1.31667 0 0 0 0
1.32333 0 0 0 0
1.33 0 0 0 0
1.33667 0 0 0 0
1.34333 0 0 0 0
1.35 0 0 0 0
1.35667 0 0 0 0
1.36333 0 0 0 0
1.37 0 0 0 0
1.37667 0 0 0 0
1.38333 0 0 0 0
1.39 0 0 0 0
1.39667 0 0 0 0
1.40333 0 0 0 0
1.41 0 0 0 0
1.41667 0 0 0 0
1.42333 0 0 0 0
1.43 0 0 0 0
1.43667 0 0 0 0
1.44333 0 0 0 0
1.45 0 0 0 0
1.45667 0 0 0 0
1.46333 0 0 0 0
1.47 0 0 0 0
1.47667 0 0 0 0
1.48333 0 0 0 0
1.49 0 0 0 0
1.49667 0 0 0 0
1.50333 0 0 0 0
1.51 0 0 0 0
1.51667 0 0 0 0
1.52333 0 0 0 0
1.53 0 0 0 0
1.53667 0 0 0 0
1.54333 0 0 0 0
1.55 0 0 0 0
1.55667 0 0 0 0
1.56333 0 0 0 0
1.57 0 0 0 0
1.57667 0 0 0 0
1.58333 0 0 0 0
1.59 0 0 0 0
1.59667 0 0 0 0
1.60333 0 0 0 0
1.61 0 0 0 0
1.61667 0 0 0 0
1.62333 0 0 0 0
1.63 0 0 0 0
1.63667 0 0 0 0
1.64333 0 0 0 0
1.65 0 0 0 0
1.65667 0 0 0 0
1.66333 0 0 0 0
1.67 0 0 0 0
1.67667 0 0 0 0
1.68333 0 0 0 0
1.69 0 0 0 0
1.69667 0 0 0 0
1.70333 0 0 0 0
1.71 0 0 0 0
1.71667 0 0 0 0
1.72333 0 0 0 0
1.73 0 0 0 0
1.73667 0 0 0 0
1.74333 0 0 0 0
1.75 0 0 0 0
1.75667 0 0 0 0
1.76333 0 0 0 0
1.77 0 0 0 0
1.77667 0 0 0 0
1.78333 0 0 0 0
1.79 0 0 0 0
1.79667 0 0 0 0
1.80333 0 0 0 0
1.81 0 0 0 0
1.81667 0 0 0 0
1.82333 0 0 0 0
1.83 0 0 0 0
1.83667 0 0 0 0
1.84333 0 0 0 0
1.85 0 0 0 0
1.85667 0 0 0 0
1.86333 0 0 0 0
1.87 0 0 0 0
1.87667 0 0 0 0
1.88333 0 0 0 0
1.89 0 0 0 0
1.89667 0 0 0 0
1.90333 0 0 0 0
1.91 0 0 0 0
1.91667 0 0 0 0
1.92333 0 0 0 0
1.93 0 0 0 0
1.93667 0 0 0 0
1.94333 0 0 0 0
1.95 0 0 0 0
1.95667 0 0 0 0
1.96333 0 0 0 0
1.97 0 0 0 0
1.97667 0 0 0 0
1.98333 0 0 0 0
1.99 0 0 0 0
1.99667 0 0 0 0
