0.00333333 0 3 36 48
0.01 4 1 35 62
0.0166667 2 7 31 67
0.0233333 1 8 38 61
0.03 3 1 56 72
0.0366667 1 11 68 90
0.0433333 2 10 106 105
0.05 2 13 115 119
0.0566667 4 8 150 152
0.0633333 3 14 179 175
0.07 5 20 182 192
0.0766667 6 19 185 189
0.0833333 4 13 183 205
0.09 3 20 174 208
0.0966667 8 20 179 205
0.103333 11 23 171 179
0.11 10 13 162 201
0.116667 8 11 148 204
0.123333 5 19 157 201
0.13 3 14 165 201
0.136667 8 18 149 168
0.143333 5 15 138 206
0.15 4 13 116 137
0.156667 4 8 134 189
0.163333 7 5 116 172
0.17 6 16 137 161
0.176667 3 6 121 169
0.183333 3 11 99 172
0.19 7 11 140 188
0.196667 5 9 101 178
0.203333 10 14 105 151
0.21 6 11 102 153
0.216667 6 6 126 156
0.223333 2 10 102 189
0.23 3 17 87 155
0.236667 1 9 68 134
0.243333 5 4 100 142
0.25 2 6 88 134
0.256667 3 5 86 120
0.263333 3 9 77 127
0.27 4 7 64 91
0.276667 1 6 66 96
0.283333 2 12 57 98
0.29 2 6 58 105
0.296667 4 11 67 87
0.303333 1 2 88 94
0.31 1 2 67 76
0.316667 3 5 66 82
0.323333 4 4 39 91
0.33 1 8 57 93
0.336667 5 5 63 71
0.343333 2 6 61 96
0.35 2 7 53 82
0.356667 2 8 57 83
0.363333 1 3 44 67
0.37 1 10 59 70
0.376667 4 9 48 70
0.383333 5 5 36 73
0.39 2 7 38 67
0.396667 3 11 34 69
0.403333 3 4 45 62
0.41 3 6 38 60
0.416667 2 8 46 56
0.423333 1 7 40 54
0.43 0 2 41 42
0.436667 1 3 41 48
0.443333 1 3 35 60
0.45 2 5 58 62
0.456667 1 3 46 54
0.463333 2 5 31 57
0.47 4 5 39 58
0.476667 3 3 30 53
0.483333 2 4 28 38
0.49 0 5 17 30
0.496667 2 3 27 31
0.503333 1 2 28 28
0.51 2 1 27 35
0.516667 1 1 20 35
0.523333 2 3 17 40
0.53 1 3 26 34
0.536667 2 4 21 24
0.543333 3 3 27 27
0.55 2 1 17 26
0.556667 1 7 20 24
0.563333 1 3 27 31
0.57 2 2 18 27
0.576667 4 4 16 24
0.583333 3 6 15 29
0.59 3 1 21 24
0.596667 1 4 17 34
0.603333 1 4 23 26
0.61 2 3 23 31
0.616667 2 3 28 29
0.623333 3 1 22 23
0.63 0 3 17 20
0.636667 2 4 20 36
0.643333 1 3 18 25
0.65 2 7 17 27
0.656667 1 4 17 22
0.663333 41 78 884 1841
0.67 0 0 0 0
0.676667 0 0 0 0
0.683333 0 0 0 0
0.69 0 0 0 0
0.696667 0 0 0 0
0.703333 0 0 0 0
0.71 0 0 0 0
0.716667 0 0 0 0
0.723333 0 0 0 0
0.73 0 0 0 0
0.736667 0 0 0 0
0.743333 0 0 0 0
0.75 0 0 0 0
0.756667 0 0 0 0
0.763333 0 0 0 0
0.77 0 0 0 0
0.776667 0 0 0 0
0.783333 0 0 0 0
0.79 0 0 0 0
0.796667 0 0 0 0
0.803333 0 0 0 0
0.81 0 0 0 0
0.816667 0 0 0 0
0.823333 0 0 0 0
0.83 0 0 0 0
0.836667 0 0 0 0
0.843333 0 0 0 0
0.85 0 0 0 0
0.856667 0 0 0 0
0.863333 0 0 0 0
0.87 0 0 0 0
0.876667 0 0 0 0
0.883333 0 0 0 0
0.89 0 0 0 0
0.896667 0 0 0 0
0.903333 0 0 0 0
0.91 0 0 0 0
0.916667 0 0 0 0
0.923333 0 0 0 0
0.93 0 0 0 0
0.936667 0 0 0 0
0.943333 0 0 0 0
0.95 0 0 0 0
0.956667 0 0 0 0
0.963333 0 0 0 0
0.97 0 0 0 0
0.976667 0 0 0 0
0.983333 0 0 0 0
0.99 0 0 0 0
0.996667 0 0 0 0
1.00333 0 0 0 0
1.01 0 0 0 0
1.01667 0 0 0 0
1.02333 0 0 0 0
1.03 0 0 0 0
1.03667 0 0 0 0
1.04333 0 0 0 0
1.05 0 0 0 0
1.05667 0 0 0 0
1.06333 0 0 0 0
1.07 0 0 0 0
1.07667 0 0 0 0
1.08333 0 0 0 0
1.09 0 0 0 0
1.09667 0 0 0 0
1.10333 0 0 0 0
1.11 0 0 0 0
1.11667 0 0 0 0
1.12333 0 0 0 0
1.13 0 0 0 0
1.13667 0 0 0 0
1.14333 0 0 0 0
1.15 0 0 0 0
1.15667 0 0 0 0
1.16333 0 0 0 0
1.17 0 0 0 0
1.17667 0 0 0 0
1.18333 0 0 0 0
1.19 0 0 0 0
1.19667 0 0 0 0
1.20333 0 0 0 0
1.21 0 0 0 0
1.21667 0 0 0 0
1.22333 0 0 0 0
1.23 0 0 0 0
1.23667 0 0 0 0
1.24333 0 0 0 0
1.25 0 0 0 0
1.25667 0 0 0 0
1.26333 0 0 0 0
1.27 0 0 0 0
1.27667 0 0 0 0
1.28333 0 0 0 0
1.29 0 0 0 0
1.29667 0 0 0 0
1.30333 0 0 0 0
1.31 0 0 0 0
1.31667 0 0 0 0
1.32333 0 0 0 0
1.33 0 0 0 0
1.33667 0 0 0 0
1.34333 0 0 0 0
1.35 0 0 0 0
1.35667 0 0 0 0
1.36333 0 0 0 0
1.37 0 0 0 0
1.37667 0 0 0 0
1.38333 0 0 0 0
1.39 0 0 0 0
1.39667 0 0 0 0
1.40333 0 0 0 0
1.41 0 0 0 0
1.41667 0 0 0 0
1.42333 0 0 0 0
1.43 0 0 0 0
1.43667 0 0 0 0
1.44333 0 0 0 0
1.45 0 0 0 0
1.45667 0 0 0 0
1.46333 0 0 0 0
1.47 0 0 0 0
1.47667 0 0 0 0
1.48333 0 0 0 0
1.49 0 0 0 0
1.49667 0 0 0 0
1.50333 0 0 0 0
1.51 0 0 0 0
1.51667 0 0 0 0
1.52333 0 0 0 0
1.53 0 0 0 0
1.53667 0 0 0 0
1.54333 0 0 0 0
1.55 0 0 0 0
1.55667 0 0 0 0
1.56333 0 0 0 0
1.57 0 0 0 0
1.57667 0 0 0 0
1.58333 0 0 0 0
1.59 0 0 0 0
1.59667 0 0 0 0
1.60333 0 0 0 0
1.61 0 0 0 0
1.61667 0 0 0 0
1.62333 0 0 0 0
1.63 0 0 0 0
1.63667 0 0 0 0
1.64333 0 0 0 0
1.65 0 0 0 0
1.65667 0 0 0 0
1.66333 0 0 0 0
1.67 0 0 0 0
1.67667 0 0 0 0
1.68333 0 0 0 0
1.69 0 0 0 0
1.69667 0 0 0 0
1.70333 0 0 0 0
1.71 0 0 0 0
1.71667 0 0 0 0
1.72333 0 0 0 0
1.73 0 0 0 0
1.73667 0 0 0 0
1.74333 0 0 0 0
1.75 0 0 0 0
1.75667 0 0 0 0
1.76333 0 0 0 0
1.77 0 0 0 0
1.77667 0 0 0 0
1.78333 0 0 0 0
1.79 0 0 0 0
1.79667 0 0 0 0
1.80333 0 0 0 0
1.81 0 0 0 0
1.81667 0 0 0 0
1.82333 0 0 0 0
1.83 0 0 0 0
1.83667 0 0 0 0
1.84333 0 0 0 0
1.85 0 0 0 0
1.85667 0 0 0 0
1.86333 0 0 0 0
1.87 0 0 0 0
1.87667 0 0 0 0
1.88333 0 0 0 0
1.89 0 0 0 0
1.89667 0 0 0 0
1.90333 0 0 0 0
1.91 0 0 0 0
1.91667 0 0 0 0
1.92333 0 0 0 0
1.93 0 0 0 0
1.93667 0 0 0 0
1.94333 0 0 0 0
1.95 0 0 0 0
1.95667 0 0 0 0
1.96333 0 0 0 0
1.97 0 0 0 0
1.97667 0 0 0 0
1.98333 0 0 0 0
1.99 0 0 0 0
1.99667 0 0 0 0
