0.00333333 126 36 2 0
0.01 142 32 4 1
0.0166667 130 39 1 0
0.0233333 135 41 0 1
0.03 145 46 6 1
0.0366667 193 52 5 2
0.0433333 186 71 7 1
0.05 231 93 2 2
0.0566667 289 105 4 2
0.0633333 324 122 4 4
0.07 313 124 5 3
0.0766667 356 121 1 1
0.0833333 412 114 3 5
0.09 366 113 4 5
0.0966667 395 131 0 3
0.103333 364 108 3 1
0.11 407 119 4 7
0.116667 395 117 4 4
0.123333 421 123 3 3
0.13 399 121 0 3
0.136667 403 90 3 1
0.143333 378 90 5 1
0.15 342 94 2 3
0.156667 363 74 6 1
0.163333 387 92 1 2
0.17 349 97 3 2
0.176667 332 96 1 8
0.183333 386 100 4 3
0.19 422 93 3 2
0.196667 417 97 0 2
0.203333 390 84 2 3
0.21 390 79 4 5
0.216667 354 73 2 3
0.223333 340 88 3 7
0.23 328 63 2 2
0.236667 309 80 2 0
0.243333 257 78 2 4
0.25 295 60 4 4
0.256667 247 64 1 2
0.263333 203 60 3 3
0.27 234 53 1 3
0.276667 238 55 3 2
0.283333 200 59 1 0
0.29 214 51 1 2
0.296667 219 50 0 2
0.303333 211 46 4 1
0.31 200 62 1 3
0.316667 177 47 3 1
0.323333 179 49 3 1
0.33 189 52 1 1
0.336667 182 56 2 2
0.343333 162 49 2 1
0.35 160 44 5 1
0.356667 166 42 0 1
0.363333 136 36 2 1
0.37 160 34 5 0
0.376667 136 43 2 0
0.383333 135 40 1 1
0.39 147 32 2 1
0.396667 147 38 1 0
0.403333 158 42 5 2
0.41 119 40 2 2
0.416667 114 43 0 0
0.423333 139 28 3 0
0.43 129 33 3 2
0.436667 143 31 0 0
0.443333 147 42 3 2
0.45 138 32 0 0
0.456667 144 36 1 0
0.463333 135 23 3 2
0.47 125 30 0 2
0.476667 109 48 3 0
0.483333 81 19 1 3
0.49 76 15 1 1
0.496667 53 20 0 0
0.503333 67 25 2 1
0.51 73 22 2 0
0.516667 71 21 2 0
0.523333 63 21 1 3
0.53 60 20 2 1
0.536667 57 18 2 1
0.543333 73 13 2 1
0.55 50 16 1 1
0.556667 79 15 2 1
0.563333 48 12 0 0
0.57 62 18 2 3
0.576667 58 13 2 4
0.583333 53 29 0 0
0.59 51 20 0 1
0.596667 55 18 0 1
0.603333 50 19 3 2
0.61 42 14 3 0
0.616667 60 14 1 1
0.623333 37 15 0 1
0.63 59 17 0 1
0.636667 57 17 1 1
0.643333 43 18 1 0
0.65 48 25 1 3
0.656667 54 18 1 3
0.663333 5802 901 18 37
0.67 0 0 0 0
0.676667 0 0 0 0
0.683333 0 0 0 0
0.69 0 0 0 0
0.696667 0 0 0 0
0.703333 0 0 0 0
0.71 0 0 0 0
0.716667 0 0 0 0
0.723333 0 0 0 0
0.73 0 0 0 0
0.736667 0 0 0 0
0.743333 0 0 0 0
0.75 0 0 0 0
0.756667 0 0 0 0
0.763333 0 0 0 0
0.77 0 0 0 0
0.776667 0 0 0 0
0.783333 0 0 0 0
0.79 0 0 0 0
0.796667 0 0 0 0
0.803333 0 0 0 0
0.81 0 0 0 0
0.816667 0 0 0 0
0.823333 0 0 0 0
0.83 0 0 0 0
0.836667 0 0 0 0
0.843333 0 0 0 0
0.85 0 0 0 0
0.856667 0 0 0 0
0.863333 0 0 0 0
0.87 0 0 0 0
0.876667 0 0 0 0
0.883333 0 0 0 0
0.89 0 0 0 0
0.896667 0 0 0 0
0.903333 0 0 0 0
0.91 0 0 0 0
0.916667 0 0 0 0
0.923333 0 0 0 0
0.93 0 0 0 0
0.936667 0 0 0 0
0.943333 0 0 0 0
0.95 0 0 0 0
0.956667 0 0 0 0
0.963333 0 0 0 0
0.97 0 0 0 0
0.976667 0 0 0 0
0.983333 0 0 0 0
0.99 0 0 0 0
0.996667 0 0 0 0
1.00333 0 0 0 0
1.01 0 0 0 0
1.01667 0 0 0 0
1.02333 0 0 0 0
1.03 0 0 0 0
1.03667 0 0 0 0
1.04333 0 0 0 0
1.05 0 0 0 0
1.05667 0 0 0 0
1.06333 0 0 0 0
1.07 0 0 0 0
1.07667 0 0 0 0
1.08333 0 0 0 0
1.09 0 0 0 0
1.09667 0 0 0 0
1.10333 0 0 0 0
1.11 0 0 0 0
1.11667 0 0 0 0
1.12333 0 0 0 0
1.13 0 0 0 0
1.13667 0 0 0 0
1.14333 0 0 0 0
1.15 0 0 0 0
1.15667 0 0 0 0
1.16333 0 0 0 0
1.17 0 0 0 0
1.17667 0 0 0 0
1.18333 0 0 0 0
1.19 0 0 0 0
1.19667 0 0 0 0
1.20333 0 0 0 0
1.21 0 0 0 0
1.21667 0 0 0 0
1.22333 0 0 0 0
1.23 0 0 0 0
1.23667 0 0 0 0
1.24333 0 0 0 0
1.25 0 0 0 0
1.25667 0 0 0 0
1.26333 0 0 0 0
1.27 0 0 0 0
1.27667 0 0 0 0
1.28333 0 0 0 0
1.29 0 0 0 0
1.29667 0 0 0 0
1.30333 0 0 0 0
1.31 0 0 0 0
1.31667 0 0 0 0
1.32333 0 0 0 0
1.33 0 0 0 0
1.33667 0 0 0 0
1.34333 0 0 0 0
1.35 0 0 0 0
1.35667 0 0 0 0
1.36333 0 0 0 0
1.37 0 0 0 0
1.37667 0 0 0 0
1.38333 0 0 0 0
1.39 0 0 0 0
1.39667 0 0 0 0
1.40333 0 0 0 0
1.41 0 0 0 0
1.41667 0 0 0 0
1.42333 0 0 0 0
1.43 0 0 0 0
1.43667 0 0 0 0
1.44333 0 0 0 0
1.45 0 0 0 0
1.45667 0 0 0 0
1.46333 0 0 0 0
1.47 0 0 0 0
1.47667 0 0 0 0
1.48333 0 0 0 0
1.49 0 0 0 0
1.49667 0 0 0 0
1.50333 0 0 0 0
1.51 0 0 0 0
1.51667 0 0 0 0
1.52333 0 0 0 0
1.53 0 0 0 0
1.53667 0 0 0 0
1.54333 0 0 0 0
1.55 0 0 0 0
1.55667 0 0 0 0
1.56333 0 0 0 0
1.57 0 0 0 0
1.57667 0 0 0 0
1.58333 0 0 0 0
1.59 0 0 0 0
1.59667 0 0 0 0
1.60333 0 0 0 0
1.61 0 0 0 0
1.61667 0 0 0 0
1.62333 0 0 0 0
1.63 0 0 0 0
1.63667 0 0 0 0
1.64333 0 0 0 0
1.65 0 0 0 0
1.65667 0 0 0 0
1.66333 0 0 0 0
1.67 0 0 0 0
1.67667 0 0 0 0
1.68333 0 0 0 0
1.69 0 0 0 0
1.69667 0 0 0 0
1.70333 0 0 0 0
1.71 0 0 0 0
1.71667 0 0 0 0
1.72333 0 0 0 0
1.73 0 0 0 0
1.73667 0 0 0 0
1.74333 0 0 0 0
1.75 0 0 0 0
1.75667 0 0 0 0
1.76333 0 0 0 0
1.77 0 0 0 0
1.77667 0 0 0 0
1.78333 0 0 0 0
1.79 0 0 0 0
1.79667 0 0 0 0
1.80333 0 0 0 0
1.81 0 0 0 0
1.81667 0 0 0 0
1.82333 0 0 0 0
1.83 0 0 0 0
1.83667 0 0 0 0
1.84333 0 0 0 0
1.85 0 0 0 0
1.85667 0 0 0 0
1.86333 0 0 0 0
1.87 0 0 0 0
1.87667 0 0 0 0
1.88333 0 0 0 0
1.89 0 0 0 0
1.89667 0 0 0 0
1.90333 0 0 0 0
1.91 0 0 0 0
1.91667 0 0 0 0
1.92333 0 0 0 0
1.93 0 0 0 0
1.93667 0 0 0 0
1.94333 0 0 0 0
1.95 0 0 0 0
1.95667 0 0 0 0
1.96333 0 0 0 0
1.97 0 0 0 0
1.97667 0 0 0 0
1.98333 0 0 0 0
1.99 0 0 0 0
1.99667 0 0 0 0
