0.00333333 7 39 27 1
0.01 9 38 28 4
0.0166667 7 37 43 5
0.0233333 15 39 34 8
0.03 10 50 44 2
0.0366667 11 58 47 4
0.0433333 13 88 58 8
0.05 33 114 67 12
0.0566667 28 126 81 11
0.0633333 32 128 86 15
0.07 40 134 98 13
0.0766667 26 139 108 19
0.0833333 47 144 95 20
0.09 31 134 105 18
0.0966667 30 143 101 13
0.103333 40 138 112 14
0.11 25 139 90 17
0.116667 20 134 101 16
0.123333 22 137 83 8
0.13 24 122 97 7
0.136667 21 95 92 10
0.143333 15 107 93 7
0.15 22 106 91 9
0.156667 19 78 83 11
0.163333 21 79 72 10
0.17 34 84 83 11
0.176667 19 92 92 9
0.183333 23 94 73 13
0.19 17 76 96 11
0.196667 18 86 90 12
0.203333 13 79 93 6
0.21 17 81 98 7
0.216667 18 89 73 3
0.223333 20 86 89 7
0.23 17 93 59 10
0.236667 16 54 61 12
0.243333 10 73 64 6
0.25 13 63 57 11
0.256667 11 69 59 8
0.263333 10 59 52 8
0.27 16 63 46 13
0.276667 10 59 58 7
0.283333 10 57 48 6
0.29 14 64 45 5
0.296667 12 53 34 10
0.303333 12 50 41 8
0.31 15 49 43 6
0.316667 10 49 35 2
0.323333 9 45 38 9
0.33 13 59 44 2
0.336667 18 35 41 3
0.343333 9 43 37 2
0.35 12 37 43 5
0.356667 10 40 32 5
0.363333 9 37 44 2
0.37 6 44 26 5
0.376667 7 39 36 6
0.383333 12 46 37 5
0.39 6 37 40 3
0.396667 7 41 26 6
0.403333 12 40 29 3
0.41 10 37 44 2
0.416667 12 35 30 2
0.423333 6 37 51 1
0.43 4 34 39 7
0.436667 6 38 30 8
0.443333 2 20 28 3
0.45 4 43 30 4
0.456667 6 26 34 5
0.463333 5 37 31 7
0.47 5 39 35 7
0.476667 11 27 30 4
0.483333 7 18 22 4
0.49 3 21 30 2
0.496667 6 20 18 4
0.503333 9 16 18 3
0.51 6 30 23 1
0.516667 6 21 20 3
0.523333 7 21 15 1
0.53 4 17 17 2
0.536667 6 17 22 4
0.543333 2 9 14 5
0.55 6 23 18 3
0.556667 5 17 17 3
0.563333 6 19 16 3
0.57 5 20 21 2
0.576667 7 15 14 3
0.583333 5 10 16 4
0.59 2 17 19 0
0.596667 2 18 21 1
0.603333 5 13 13 0
0.61 3 9 5 0
0.616667 1 18 13 3
0.623333 3 16 14 0
0.63 7 18 18 0
0.636667 2 15 14 3
0.643333 7 12 15 2
0.65 3 20 11 2
0.656667 2 24 10 1
0.663333 131 718 935 48
0.67 0 0 0 0
0.676667 0 0 0 0
0.683333 0 0 0 0
0.69 0 0 0 0
0.696667 0 0 0 0
0.703333 0 0 0 0
0.71 0 0 0 0
0.716667 0 0 0 0
0.723333 0 0 0 0
0.73 0 0 0 0
0.736667 0 0 0 0
0.743333 0 0 0 0
0.75 0 0 0 0
0.756667 0 0 0 0
0.763333 0 0 0 0
0.77 0 0 0 0
0.776667 0 0 0 0
0.783333 0 0 0 0
0.79 0 0 0 0
0.796667 0 0 0 0
0.803333 0 0 0 0
0.81 0 0 0 0
0.816667 0 0 0 0
0.823333 0 0 0 0
0.83 0 0 0 0
0.836667 0 0 0 0
0.843333 0 0 0 0
0.85 0 0 0 0
0.856667 0 0 0 0
0.863333 0 0 0 0
0.87 0 0 0 0
0.876667 0 0 0 0
0.883333 0 0 0 0
0.89 0 0 0 0
0.896667 0 0 0 0
0.903333 0 0 0 0
0.91 0 0 0 0
0.916667 0 0 0 0
0.923333 0 0 0 0
0.93 0 0 0 0
0.936667 0 0 0 0
0.943333 0 0 0 0
0.95 0 0 0 0
0.956667 0 0 0 0
0.963333 0 0 0 0
0.97 0 0 0 0
0.976667 0 0 0 0
0.983333 0 0 0 0
0.99 0 0 0 0
0.996667 0 0 0 0
1.00333 0 0 0 0
1.01 0 0 0 0
1.01667 0 0 0 0
1.02333 0 0 0 0
1.03 0 0 0 0
1.03667 0 0 0 0
1.04333 0 0 0 0
1.05 0 0 0 0
1.05667 0 0 0 0
1.06333 0 0 0 0
1.07 0 0 0 0
1.07667 0 0 0 0
1.08333 0 0 0 0
1.09 0 0 0 0
1.09667 0 0 0 0
1.10333 0 0 0 0
1.11 0 0 0 0
1.11667 0 0 0 0
1.12333 0 0 0 0
1.13 0 0 0 0
1.13667 0 0 0 0
1.14333 0 0 0 0
1.15 0 0 0 0
1.15667 0 0 0 0
1.16333 0 0 0 0
1.17 0 0 0 0
1.17667 0 0 0 0
1.18333 0 0 0 0
1.19 0 0 0 0
1.19667 0 0 0 0
1.20333 0 0 0 0
1.21 0 0 0 0
1.21667 0 0 0 0
1.22333 0 0 0 0
1.23 0 0 0 0
1.23667 0 0 0 0
1.24333 0 0 0 0
1.25 0 0 0 0
1.25667 0 0 0 0
1.26333 0 0 0 0
1.27 0 0 0 0
1.27667 0 0 0 0
1.28333 0 0 0 0
1.29 0 0 0 0
1.29667 0 0 0 0
1.30333 0 0 0 0
1.31 0 0 0 0
1.31667 0 0 0 0
1.32333 0 0 0 0
1.33 0 0 0 0
1.33667 0 0 0 0
1.34333 0 0 0 0
1.35 0 0 0 0
1.35667 0 0 0 0
1.36333 0 0 0 0
1.37 0 0 0 0
1.37667 0 0 0 0
1.38333 0 0 0 0
1.39 0 0 0 0
1.39667 0 0 0 0
1.40333 0 0 0 0
1.41 0 0 0 0
1.41667 0 0 0 0
1.42333 0 0 0 0
1.43 0 0 0 0
1.43667 0 0 0 0
1.44333 0 0 0 0
1.45 0 0 0 0
1.45667 0 0 0 0
1.46333 0 0 0 0
1.47 0 0 0 0
1.47667 0 0 0 0
1.48333 0 0 0 0
1.49 0 0 0 0
1.49667 0 0 0 0
1.50333 0 0 0 0
1.51 0 0 0 0
1.51667 0 0 0 0
1.52333 0 0 0 0
1.53 0 0 0 0
1.53667 0 0 0 0
1.54333 0 0 0 0
1.55 0 0 0 0
1.55667 0 0 0 0
1.56333 0 0 0 0
1.57 0 0 0 0
1.57667 0 0 0 0
1.58333 0 0 0 0
1.59 0 0 0 0
1.59667 0 0 0 0
1.60333 0 0 0 0
1.61 0 0 0 0
1.61667 0 0 0 0
1.62333 0 0 0 0
1.63 0 0 0 0
1.63667 0 0 0 0
1.64333 0 0 0 0
1.65 0 0 0 0
1.65667 0 0 0 0
1.66333 0 0 0 0
1.67 0 0 0 0
1.67667 0 0 0 0
1.68333 0 0 0 0
1.69 0 0 0 0
1.69667 0 0 0 0
1.70333 0 0 0 0
1.71 0 0 0 0
1.71667 0 0 0 0
1.72333 0 0 0 0
1.73 0 0 0 0
1.73667 0 0 0 0
1.74333 0 0 0 0
1.75 0 0 0 0
1.75667 0 0 0 0
1.76333 0 0 0 0
1.77 0 0 0 0
1.77667 0 0 0 0
1.78333 0 0 0 0
1.79 0 0 0 0
1.79667 0 0 0 0
1.80333 0 0 0 0
1.81 0 0 0 0
1.81667 0 0 0 0
1.82333 0 0 0 0
1.83 0 0 0 0
1.83667 0 0 0 0
1.84333 0 0 0 0
1.85 0 0 0 0
1.85667 0 0 0 0
1.86333 0 0 0 0
1.87 0 0 0 0
1.87667 0 0 0 0
1.88333 0 0 0 0
1.89 0 0 0 0
1.89667 0 0 0 0
1.90333 0 0 0 0
1.91 0 0 0 0
1.91667 0 0 0 0
1.92333 0 0 0 0
1.93 0 0 0 0
1.93667 0 0 0 0
1.94333 0 0 0 0
1.95 0 0 0 0
1.95667 0 0 0 0
1.96333 0 0 0 0
1.97 0 0 0 0
1.97667 0 0 0 0
1.98333 0 0 0 0
1.99 0 0 0 0
1.99667 0 0 0 0
