0.00333333 5 38 38 2
0.01 6 39 35 4
0.0166667 6 38 41 7
0.0233333 15 53 39 1
0.03 6 48 41 7
0.0366667 8 53 53 7
0.0433333 14 88 75 11
0.05 16 100 74 9
0.0566667 21 131 91 10
0.0633333 19 98 101 13
0.07 22 131 117 13
0.0766667 17 140 138 16
0.0833333 29 134 123 14
0.09 26 160 119 21
0.0966667 18 149 114 20
0.103333 23 133 127 11
0.11 29 146 125 17
0.116667 22 145 136 11
0.123333 25 129 120 12
0.13 23 141 110 9
0.136667 13 131 114 10
0.143333 17 125 108 18
0.15 19 106 108 10
0.156667 16 105 118 7
0.163333 8 97 112 15
0.17 17 114 88 9
0.176667 15 101 90 13
0.183333 20 117 102 9
0.19 17 109 113 9
0.196667 19 123 125 8
0.203333 13 109 112 7
0.21 10 96 102 6
0.216667 9 101 90 11
0.223333 17 89 97 9
0.23 20 83 73 8
0.236667 13 84 90 3
0.243333 12 83 73 4
0.25 15 83 67 5
0.256667 15 76 78 6
0.263333 11 71 70 4
0.27 10 62 66 10
0.276667 14 67 63 8
0.283333 6 63 61 5
0.29 11 73 57 2
0.296667 10 67 43 12
0.303333 5 73 59 9
0.31 7 78 60 5
0.316667 11 57 47 4
0.323333 6 54 56 5
0.33 10 60 44 2
0.336667 7 51 53 3
0.343333 3 45 43 5
0.35 5 50 49 4
0.356667 9 44 39 6
0.363333 11 51 57 2
0.37 4 52 36 5
0.376667 7 40 62 4
0.383333 9 49 29 0
0.39 5 48 56 3
0.396667 6 55 43 0
0.403333 9 46 40 2
0.41 11 37 50 3
0.416667 11 38 46 2
0.423333 6 42 51 4
0.43 8 41 42 7
0.436667 7 41 48 4
0.443333 7 37 40 6
0.45 7 42 39 3
0.456667 5 36 32 5
0.463333 8 47 34 3
0.47 6 32 41 5
0.476667 6 22 34 4
0.483333 7 33 20 8
0.49 4 39 25 3
0.496667 5 21 24 5
0.503333 4 27 19 2
0.51 3 23 20 1
0.516667 4 21 17 3
0.523333 1 27 11 2
0.53 3 25 12 2
0.536667 6 23 13 2
0.543333 5 23 23 2
0.55 4 25 17 1
0.556667 3 20 13 1
0.563333 5 15 23 2
0.57 3 17 20 4
0.576667 2 17 15 2
0.583333 3 27 19 0
0.59 3 18 15 6
0.596667 6 21 20 2
0.603333 3 14 20 0
0.61 3 20 13 1
0.616667 4 15 12 7
0.623333 3 14 12 1
0.63 6 15 19 2
0.636667 3 23 14 2
0.643333 0 24 12 1
0.65 2 27 14 1
0.656667 3 23 15 0
0.663333 102 1062 1265 62
0.67 0 0 0 0
0.676667 0 0 0 0
0.683333 0 0 0 0
0.69 0 0 0 0
0.696667 0 0 0 0
0.703333 0 0 0 0
0.71 0 0 0 0
0.716667 0 0 0 0
0.723333 0 0 0 0
0.73 0 0 0 0
0.736667 0 0 0 0
0.743333 0 0 0 0
0.75 0 0 0 0
0.756667 0 0 0 0
0.763333 0 0 0 0
0.77 0 0 0 0
0.776667 0 0 0 0
0.783333 0 0 0 0
0.79 0 0 0 0
0.796667 0 0 0 0
0.803333 0 0 0 0
0.81 0 0 0 0
0.816667 0 0 0 0
0.823333 0 0 0 0
0.83 0 0 0 0
0.836667 0 0 0 0
0.843333 0 0 0 0
0.85 0 0 0 0
0.856667 0 0 0 0
0.863333 0 0 0 0
0.87 0 0 0 0
0.876667 0 0 0 0
0.883333 0 0 0 0
0.89 0 0 0 0
0.896667 0 0 0 0
0.903333 0 0 0 0
0.91 0 0 0 0
0.916667 0 0 0 0
0.923333 0 0 0 0
0.93 0 0 0 0
0.936667 0 0 0 0
0.943333 0 0 0 0
0.95 0 0 0 0
0.956667 0 0 0 0
0.963333 0 0 0 0
0.97 0 0 0 0
0.976667 0 0 0 0
0.983333 0 0 0 0
0.99 0 0 0 0
0.996667 0 0 0 0
1.00333 0 0 0 0
1.01 0 0 0 0
1.01667 0 0 0 0
1.02333 0 0 0 0
1.03 0 0 0 0
1.03667 0 0 0 0
1.04333 0 0 0 0
1.05 0 0 0 0
1.05667 0 0 0 0
1.06333 0 0 0 0
1.07 0 0 0 0
1.07667 0 0 0 0
1.08333 0 0 0 0
1.09 0 0 0 0
1.09667 0 0 0 0
1.10333 0 0 0 0
1.11 0 0 0 0
1.11667 0 0 0 0
1.12333 0 0 0 0
1.13 0 0 0 0
1.13667 0 0 0 0
1.14333 0 0 0 0
1.15 0 0 0 0
1.15667 0 0 0 0
1.16333 0 0 0 0
1.17 0 0 0 0
1.17667 0 0 0 0
1.18333 0 0 0 0
1.19 0 0 0 0
1.19667 0 0 0 0
1.20333 0 0 0 0
1.21 0 0 0 0
1.21667 0 0 0 0
1.22333 0 0 0 0
1.23 0 0 0 0
1.23667 0 0 0 0
1.24333 0 0 0 0
1.25 0 0 0 0
1.25667 0 0 0 0
1.26333 0 0 0 0
1.27 0 0 0 0
1.27667 0 0 0 0
1.28333 0 0 0 0
1.29 0 0 0 0
1.29667 0 0 0 0
1.30333 0 0 0 0
1.31 0 0 0 0
1.31667 0 0 0 0
1.32333 0 0 0 0
1.33 0 0 0 0
1.33667 0 0 0 0
1.34333 0 0 0 0
1.35 0 0 0 0
1.35667 0 0 0 0
1.36333 0 0 0 0
1.37 0 0 0 0
1.37667 0 0 0 0
1.38333 0 0 0 0
1.39 0 0 0 0
1.39667 0 0 0 0
1.40333 0 0 0 0
1.41 0 0 0 0
1.41667 0 0 0 0
1.42333 0 0 0 0
1.43 0 0 0 0
1.43667 0 0 0 0
1.44333 0 0 0 0
1.45 0 0 0 0
1.45667 0 0 0 0
1.46333 0 0 0 0
1.47 0 0 0 0
1.47667 0 0 0 0
1.48333 0 0 0 0
1.49 0 0 0 0
1.49667 0 0 0 0
1.50333 0 0 0 0
1.51 0 0 0 0
1.51667 0 0 0 0
1.52333 0 0 0 0
1.53 0 0 0 0
1.53667 0 0 0 0
1.54333 0 0 0 0
1.55 0 0 0 0
1.55667 0 0 0 0
1.56333 0 0 0 0
1.57 0 0 0 0
1.57667 0 0 0 0
1.58333 0 0 0 0
1.59 0 0 0 0
1.59667 0 0 0 0
1.60333 0 0 0 0
1.61 0 0 0 0
1.61667 0 0 0 0
1.62333 0 0 0 0
1.63 0 0 0 0
1.63667 0 0 0 0
1.64333 0 0 0 0
1.65 0 0 0 0
1.65667 0 0 0 0
1.66333 0 0 0 0
1.67 0 0 0 0
1.67667 0 0 0 0
1.68333 0 0 0 0
1.69 0 0 0 0
1.69667 0 0 0 0
1.70333 0 0 0 0
1.71 0 0 0 0
1.71667 0 0 0 0
1.72333 0 0 0 0
1.73 0 0 0 0
1.73667 0 0 0 0
1.74333 0 0 0 0
1.75 0 0 0 0
1.75667 0 0 0 0
1.76333 0 0 0 0
1.77 0 0 0 0
1.77667 0 0 0 0
1.78333 0 0 0 0
1.79 0 0 0 0
1.79667 0 0 0 0
1.80333 0 0 0 0
1.81 0 0 0 0
1.81667 0 0 0 0
1.82333 0 0 0 0
1.83 0 0 0 0
1.83667 0 0 0 0
1.84333 0 0 0 0
1.85 0 0 0 0
1.85667 0 0 0 0
1.86333 0 0 0 0
1.87 0 0 0 0
1.87667 0 0 0 0
1.88333 0 0 0 0
1.89 0 0 0 0
1.89667 0 0 0 0
1.90333 0 0 0 0
1.91 0 0 0 0
1.91667 0 0 0 0
1.92333 0 0 0 0
1.93 0 0 0 0
1.93667 0 0 0 0
1.94333 0 0 0 0
1.95 0 0 0 0
1.95667 0 0 0 0
1.96333 0 0 0 0
1.97 0 0 0 0
1.97667 0 0 0 0
1.98333 0 0 0 0
1.99 0 0 0 0
1.99667 0 0 0 0
