0.00333333 6 55 17 1
0.01 7 74 28 5
0.0166667 9 60 19 1
0.0233333 15 78 27 4
0.03 10 91 19 2
0.0366667 20 95 36 6
0.0433333 28 133 46 3
0.05 27 158 63 7
0.0566667 29 187 63 7
0.0633333 48 219 66 8
0.07 37 209 77 13
0.0766667 25 210 93 10
0.0833333 45 212 80 16
0.09 48 228 79 15
0.0966667 30 209 79 14
0.103333 41 232 60 15
0.11 29 201 79 10
0.116667 45 234 83 11
0.123333 39 213 78 9
0.13 27 207 61 3
0.136667 24 193 52 11
0.143333 29 208 69 6
0.15 25 176 77 8
0.156667 27 171 66 7
0.163333 20 162 67 10
0.17 27 183 67 7
0.176667 24 184 47 9
0.183333 30 158 51 8
0.19 16 179 69 5
0.196667 38 156 73 8
0.203333 21 182 68 6
0.21 27 163 56 5
0.216667 15 151 43 7
0.223333 26 156 47 8
0.23 18 145 45 3
0.236667 12 162 45 6
0.243333 20 118 35 7
0.25 18 126 27 7
0.256667 22 119 43 3
0.263333 14 119 28 2
0.27 14 88 44 6
0.276667 22 134 38 7
0.283333 14 110 31 1
0.29 18 91 29 0
0.296667 13 114 31 9
0.303333 10 104 35 3
0.31 16 112 34 1
0.316667 20 81 31 5
0.323333 14 84 31 8
0.33 12 112 24 6
0.336667 15 79 28 2
0.343333 6 74 23 5
0.35 9 81 44 6
0.356667 11 74 28 15
0.363333 13 72 29 4
0.37 12 70 24 6
0.376667 6 67 29 6
0.383333 5 79 29 5
0.39 10 65 30 1
0.396667 12 81 24 4
0.403333 9 65 21 1
0.41 17 68 31 3
0.416667 17 63 16 2
0.423333 7 71 25 1
0.43 7 57 25 1
0.436667 7 51 29 1
0.443333 12 51 20 6
0.45 13 57 36 4
0.456667 9 52 26 8
0.463333 11 72 31 2
0.47 14 54 17 3
0.476667 7 43 21 0
0.483333 17 42 15 2
0.49 5 39 22 3
0.496667 10 33 13 7
0.503333 6 23 13 3
0.51 9 44 13 2
0.516667 5 30 16 3
0.523333 2 31 7 1
0.53 4 36 13 2
0.536667 10 26 7 6
0.543333 10 26 18 3
0.55 4 33 13 1
0.556667 5 37 9 2
0.563333 4 32 17 3
0.57 5 30 8 4
0.576667 8 27 14 3
0.583333 6 30 14 1
0.59 2 29 13 0
0.596667 5 38 6 1
0.603333 3 17 13 0
0.61 4 30 5 2
0.616667 4 32 16 3
0.623333 4 22 11 2
0.63 7 28 10 0
0.636667 8 32 7 2
0.643333 3 26 8 2
0.65 1 30 10 1
0.656667 3 28 14 0
0.663333 175 1834 623 27
0.67 0 0 0 0
0.676667 0 0 0 0
0.683333 0 0 0 0
0.69 0 0 0 0
0.696667 0 0 0 0
0.703333 0 0 0 0
0.71 0 0 0 0
0.716667 0 0 0 0
0.723333 0 0 0 0
0.73 0 0 0 0
0.736667 0 0 0 0
0.743333 0 0 0 0
0.75 0 0 0 0
0.756667 0 0 0 0
0.763333 0 0 0 0
0.77 0 0 0 0
0.776667 0 0 0 0
0.783333 0 0 0 0
0.79 0 0 0 0
0.796667 0 0 0 0
0.803333 0 0 0 0
0.81 0 0 0 0
0.816667 0 0 0 0
0.823333 0 0 0 0
0.83 0 0 0 0
0.836667 0 0 0 0
0.843333 0 0 0 0
0.85 0 0 0 0
0.856667 0 0 0 0
0.863333 0 0 0 0
0.87 0 0 0 0
0.876667 0 0 0 0
0.883333 0 0 0 0
0.89 0 0 0 0
0.896667 0 0 0 0
0.903333 0 0 0 0
0.91 0 0 0 0
0.916667 0 0 0 0
0.923333 0 0 0 0
0.93 0 0 0 0
0.936667 0 0 0 0
0.943333 0 0 0 0
0.95 0 0 0 0
0.956667 0 0 0 0
0.963333 0 0 0 0
0.97 0 0 0 0
0.976667 0 0 0 0
0.983333 0 0 0 0
0.99 0 0 0 0
0.996667 0 0 0 0
1.00333 0 0 0 0
1.01 0 0 0 0
1.01667 0 0 0 0
1.02333 0 0 0 0
1.03 0 0 0 0
1.03667 0 0 0 0
1.04333 0 0 0 0
1.05 0 0 0 0
1.05667 0 0 0 0
1.06333 0 0 0 0
1.07 0 0 0 0
1.07667 0 0 0 0
1.08333 0 0 0 0
1.09 0 0 0 0
1.09667 0 0 0 0
1.10333 0 0 0 0
1.11 0 0 0 0
1.11667 0 0 0 0
1.12333 0 0 0 0
1.13 0 0 0 0
1.13667 0 0 0 0
1.14333 0 0 0 0
1.15 0 0 0 0
1.15667 0 0 0 0
1.16333 0 0 0 0
1.17 0 0 0 0
1.17667 0 0 0 0
1.18333 0 0 0 0
1.19 0 0 0 0
1.19667 0 0 0 0
1.20333 0 0 0 0
1.21 0 0 0 0
1.21667 0 0 0 0
1.22333 0 0 0 0
1.23 0 0 0 0
1.23667 0 0 0 0
1.24333 0 0 0 0
1.25 0 0 0 0
1.25667 0 0 0 0
1.26333 0 0 0 0
1.27 0 0 0 0
1.27667 0 0 0 0
1.28333 0 0 0 0
1.29 0 0 0 0
1.29667 0 0 0 0
1.30333 0 0 0 0
1.31 0 0 0 0
1.31667 0 0 0 0
1.32333 0 0 0 0
1.33 0 0 0 0
1.33667 0 0 0 0
1.34333 0 0 0 0
1.35 0 0 0 0
1.35667 0 0 0 0
1.36333 0 0 0 0
1.37 0 0 0 0
1.37667 0 0 0 0
1.38333 0 0 0 0
1.39 0 0 0 0
1.39667 0 0 0 0
1.40333 0 0 0 0
1.41 0 0 0 0
1.41667 0 0 0 0
1.42333 0 0 0 0
1.43 0 0 0 0
1.43667 0 0 0 0
1.44333 0 0 0 0
1.45 0 0 0 0
1.45667 0 0 0 0
1.46333 0 0 0 0
1.47 0 0 0 0
1.47667 0 0 0 0
1.48333 0 0 0 0
1.49 0 0 0 0
1.49667 0 0 0 0
1.50333 0 0 0 0
1.51 0 0 0 0
1.51667 0 0 0 0
1.52333 0 0 0 0
1.53 0 0 0 0
1.53667 0 0 0 0
1.54333 0 0 0 0
1.55 0 0 0 0
1.55667 0 0 0 0
1.56333 0 0 0 0
1.57 0 0 0 0
1.57667 0 0 0 0
1.58333 0 0 0 0
1.59 0 0 0 0
1.59667 0 0 0 0
1.60333 0 0 0 0
1.61 0 0 0 0
1.61667 0 0 0 0
1.62333 0 0 0 0
1.63 0 0 0 0
1.63667 0 0 0 0
1.64333 0 0 0 0
1.65 0 0 0 0
1.65667 0 0 0 0
1.66333 0 0 0 0
1.67 0 0 0 0
1.67667 0 0 0 0
1.68333 0 0 0 0
1.69 0 0 0 0
1.69667 0 0 0 0
1.70333 0 0 0 0
1.71 0 0 0 0
1.71667 0 0 0 0
1.72333 0 0 0 0
1.73 0 0 0 0
1.73667 0 0 0 0
1.74333 0 0 0 0
1.75 0 0 0 0
1.75667 0 0 0 0
1.76333 0 0 0 0
1.77 0 0 0 0
1.77667 0 0 0 0
1.78333 0 0 0 0
1.79 0 0 0 0
1.79667 0 0 0 0
1.80333 0 0 0 0
1.81 0 0 0 0
1.81667 0 0 0 0
1.82333 0 0 0 0
1.83 0 0 0 0
1.83667 0 0 0 0
1.84333 0 0 0 0
1.85 0 0 0 0
1.85667 0 0 0 0
1.86333 0 0 0 0
1.87 0 0 0 0
1.87667 0 0 0 0
1.88333 0 0 0 0
1.89 0 0 0 0
1.89667 0 0 0 0
1.90333 0 0 0 0
1.91 0 0 0 0
1.91667 0 0 0 0
1.92333 0 0 0 0
1.93 0 0 0 0
1.93667 0 0 0 0
1.94333 0 0 0 0
1.95 0 0 0 0
1.95667 0 0 0 0
1.96333 0 0 0 0
1.97 0 0 0 0
1.97667 0 0 0 0
1.98333 0 0 0 0
1.99 0 0 0 0
1.99667 0 0 0 0
