0.00333333 14 8 7 7
0.01 12 10 16 10
0.0166667 16 17 5 8
0.0233333 14 16 11 11
0.03 8 7 10 13
0.0366667 17 19 13 15
0.0433333 15 18 18 21
0.05 17 25 30 14
0.0566667 16 22 30 23
0.0633333 18 29 28 18
0.07 15 32 41 19
0.0766667 20 35 37 23
0.0833333 10 21 25 20
0.09 16 25 34 28
0.0966667 20 29 35 27
0.103333 22 34 31 30
0.11 24 32 28 12
0.116667 17 22 51 20
0.123333 17 29 15 29
0.13 17 31 26 18
0.136667 26 26 23 21
0.143333 14 22 32 25
0.15 19 19 28 21
0.156667 24 21 23 25
0.163333 25 9 18 23
0.17 18 27 21 21
0.176667 20 22 19 20
0.183333 26 17 13 24
0.19 20 13 20 30
0.196667 34 25 24 27
0.203333 27 16 19 28
0.21 15 16 23 33
0.216667 22 25 13 25
0.223333 29 27 23 20
0.23 19 11 19 21
0.236667 15 20 21 13
0.243333 19 22 24 24
0.25 22 20 14 24
0.256667 19 12 20 19
0.263333 14 16 26 24
0.27 20 10 11 21
0.276667 15 16 13 20
0.283333 15 17 10 17
0.29 11 15 16 15
0.296667 13 7 14 12
0.303333 22 13 18 21
0.31 15 11 22 18
0.316667 20 14 16 25
0.323333 20 13 14 12
0.33 15 15 18 16
0.336667 18 13 10 15
0.343333 12 10 17 17
0.35 19 12 15 21
0.356667 22 10 16 17
0.363333 9 18 11 14
0.37 7 10 8 13
0.376667 19 9 15 15
0.383333 12 8 8 14
0.39 12 7 17 19
0.396667 7 14 11 18
0.403333 15 7 5 20
0.41 19 13 12 17
0.416667 20 12 10 13
0.423333 22 13 13 16
0.43 15 11 6 22
0.436667 23 4 5 18
0.443333 16 11 7 16
0.45 15 6 13 13
0.456667 12 8 4 13
0.463333 19 10 12 20
0.47 24 9 8 16
0.476667 6 5 14 18
0.483333 5 6 9 10
0.49 12 11 9 6
0.496667 6 6 8 10
0.503333 12 8 8 4
0.51 6 10 7 4
0.516667 4 8 6 8
0.523333 4 5 7 9
0.53 8 7 1 13
0.536667 10 1 7 4
0.543333 4 8 6 5
0.55 7 3 3 7
0.556667 6 6 2 4
0.563333 6 8 6 5
0.57 4 7 8 9
0.576667 5 6 8 6
0.583333 9 7 9 5
0.59 1 14 4 7
0.596667 7 6 4 8
0.603333 6 10 4 5
0.61 10 9 6 8
0.616667 8 5 7 4
0.623333 2 5 8 11
0.63 3 12 5 6
0.636667 7 9 6 11
0.643333 4 6 8 4
0.65 7 6 7 7
0.656667 5 10 4 3
0.663333 632 155 189 717
0.67 0 0 0 0
0.676667 0 0 0 0
0.683333 0 0 0 0
0.69 0 0 0 0
0.696667 0 0 0 0
0.703333 0 0 0 0
0.71 0 0 0 0
0.716667 0 0 0 0
0.723333 0 0 0 0
0.73 0 0 0 0
0.736667 0 0 0 0
0.743333 0 0 0 0
0.75 0 0 0 0
0.756667 0 0 0 0
0.763333 0 0 0 0
0.77 0 0 0 0
0.776667 0 0 0 0
0.783333 0 0 0 0
0.79 0 0 0 0
0.796667 0 0 0 0
0.803333 0 0 0 0
0.81 0 0 0 0
0.816667 0 0 0 0
0.823333 0 0 0 0
0.83 0 0 0 0
0.836667 0 0 0 0
0.843333 0 0 0 0
0.85 0 0 0 0
0.856667 0 0 0 0
0.863333 0 0 0 0
0.87 0 0 0 0
0.876667 0 0 0 0
0.883333 0 0 0 0
0.89 0 0 0 0
0.896667 0 0 0 0
0.903333 0 0 0 0
0.91 0 0 0 0
0.916667 0 0 0 0
0.923333 0 0 0 0
0.93 0 0 0 0
0.936667 0 0 0 0
0.943333 0 0 0 0
0.95 0 0 0 0
0.956667 0 0 0 0
0.963333 0 0 0 0
0.97 0 0 0 0
0.976667 0 0 0 0
0.983333 0 0 0 0
0.99 0 0 0 0
0.996667 0 0 0 0
1.00333 0 0 0 0
1.01 0 0 0 0
1.01667 0 0 0 0
1.02333 0 0 0 0
1.03 0 0 0 0
1.03667 0 0 0 0
1.04333 0 0 0 0
1.05 0 0 0 0
1.05667 0 0 0 0
1.06333 0 0 0 0
1.07 0 0 0 0
1.07667 0 0 0 0
1.08333 0 0 0 0
1.09 0 0 0 0
1.09667 0 0 0 0
1.10333 0 0 0 0
1.11 0 0 0 0
1.11667 0 0 0 0
1.12333 0 0 0 0
1.13 0 0 0 0
1.13667 0 0 0 0
1.14333 0 0 0 0
1.15 0 0 0 0
1.15667 0 0 0 0
1.16333 0 0 0 0
1.17 0 0 0 0
1.17667 0 0 0 0
1.18333 0 0 0 0
1.19 0 0 0 0
1.19667 0 0 0 0
1.20333 0 0 0 0
1.21 0 0 0 0
1.21667 0 0 0 0
1.22333 0 0 0 0
1.23 0 0 0 0
1.23667 0 0 0 0
1.24333 0 0 0 0
1.25 0 0 0 0
1.25667 0 0 0 0
1.26333 0 0 0 0
1.27 0 0 0 0
1.27667 0 0 0 0
1.28333 0 0 0 0
1.29 0 0 0 0
1.29667 0 0 0 0
1.30333 0 0 0 0
1.31 0 0 0 0
1.31667 0 0 0 0
1.32333 0 0 0 0
1.33 0 0 0 0
1.33667 0 0 0 0
1.34333 0 0 0 0
1.35 0 0 0 0
1.35667 0 0 0 0
1.36333 0 0 0 0
1.37 0 0 0 0
1.37667 0 0 0 0
1.38333 0 0 0 0
1.39 0 0 0 0
1.39667 0 0 0 0
1.40333 0 0 0 0
1.41 0 0 0 0
1.41667 0 0 0 0
1.42333 0 0 0 0
1.43 0 0 0 0
1.43667 0 0 0 0
1.44333 0 0 0 0
1.45 0 0 0 0
1.45667 0 0 0 0
1.46333 0 0 0 0
1.47 0 0 0 0
1.47667 0 0 0 0
1.48333 0 0 0 0
1.49 0 0 0 0
1.49667 0 0 0 0
1.50333 0 0 0 0
1.51 0 0 0 0
1.51667 0 0 0 0
1.52333 0 0 0 0
1.53 0 0 0 0
1.53667 0 0 0 0
1.54333 0 0 0 0
1.55 0 0 0 0
1.55667 0 0 0 0
1.56333 0 0 0 0
1.57 0 0 0 0
1.57667 0 0 0 0
1.58333 0 0 0 0
1.59 0 0 0 0
1.59667 0 0 0 0
1.60333 0 0 0 0
1.61 0 0 0 0
1.61667 0 0 0 0
1.62333 0 0 0 0
1.63 0 0 0 0
1.63667 0 0 0 0
1.64333 0 0 0 0
1.65 0 0 0 0
1.65667 0 0 0 0
1.66333 0 0 0 0
1.67 0 0 0 0
1.67667 0 0 0 0
1.68333 0 0 0 0
1.69 0 0 0 0
1.69667 0 0 0 0
1.70333 0 0 0 0
1.71 0 0 0 0
1.71667 0 0 0 0
1.72333 0 0 0 0
1.73 0 0 0 0
1.73667 0 0 0 0
1.74333 0 0 0 0
1.75 0 0 0 0
1.75667 0 0 0 0
1.76333 0 0 0 0
1.77 0 0 0 0
1.77667 0 0 0 0
1.78333 0 0 0 0
1.79 0 0 0 0
1.79667 0 0 0 0
1.80333 0 0 0 0
1.81 0 0 0 0
1.81667 0 0 0 0
1.82333 0 0 0 0
1.83 0 0 0 0
1.83667 0 0 0 0
1.84333 0 0 0 0
1.85 0 0 0 0
1.85667 0 0 0 0
1.86333 0 0 0 0
1.87 0 0 0 0
1.87667 0 0 0 0
1.88333 0 0 0 0
1.89 0 0 0 0
1.89667 0 0 0 0
1.90333 0 0 0 0
1.91 0 0 0 0
1.91667 0 0 0 0
1.92333 0 0 0 0
1.93 0 0 0 0
1.93667 0 0 0 0
1.94333 0 0 0 0
1.95 0 0 0 0
1.95667 0 0 0 0
1.96333 0 0 0 0
1.97 0 0 0 0
1.97667 0 0 0 0
1.98333 0 0 0 0
1.99 0 0 0 0
1.99667 0 0 0 0
