0.00333333 0 0 43 36
0.01 1 4 49 51
0.0166667 0 4 61 48
0.0233333 3 3 52 56
0.03 0 3 61 62
0.0366667 1 9 77 91
0.0433333 1 5 88 105
0.05 3 7 128 130
0.0566667 1 10 139 134
0.0633333 8 3 134 171
0.07 4 6 191 158
0.0766667 3 9 164 164
0.0833333 6 12 172 193
0.09 3 11 165 173
0.0966667 3 2 160 168
0.103333 4 8 165 158
0.11 3 8 151 176
0.116667 5 8 175 179
0.123333 3 10 148 190
0.13 4 8 163 179
0.136667 2 1 120 167
0.143333 2 9 148 144
0.15 0 6 155 177
0.156667 4 5 132 133
0.163333 1 7 117 136
0.17 1 8 128 127
0.176667 5 6 111 122
0.183333 1 8 117 138
0.19 1 11 166 156
0.196667 3 8 132 134
0.203333 6 10 112 120
0.21 2 8 113 150
0.216667 2 6 108 126
0.223333 2 4 104 137
0.23 1 6 113 120
0.236667 3 7 104 98
0.243333 5 4 89 94
0.25 2 7 76 95
0.256667 2 1 78 98
0.263333 0 1 85 84
0.27 1 5 72 72
0.276667 6 1 75 88
0.283333 0 3 75 87
0.29 3 7 72 82
0.296667 1 3 71 75
0.303333 1 2 73 74
0.31 1 1 64 76
0.316667 1 2 65 67
0.323333 3 6 60 69
0.33 3 2 53 72
0.336667 2 3 51 72
0.343333 1 3 74 63
0.35 1 3 68 73
0.356667 1 5 48 63
0.363333 0 4 41 42
0.37 3 5 57 60
0.376667 0 3 53 60
0.383333 3 4 30 59
0.39 5 0 46 58
0.396667 1 3 46 56
0.403333 0 3 63 41
0.41 1 3 51 61
0.416667 2 5 60 60
0.423333 0 1 60 50
0.43 0 1 42 48
0.436667 1 2 44 48
0.443333 2 3 44 46
0.45 1 6 53 59
0.456667 2 2 49 42
0.463333 1 2 44 44
0.47 2 2 35 49
0.476667 3 4 28 43
0.483333 1 3 25 27
0.49 2 4 32 32
0.496667 2 2 27 25
0.503333 1 3 27 27
0.51 1 1 25 43
0.516667 0 0 24 34
0.523333 1 1 29 24
0.53 1 1 31 27
0.536667 1 3 32 32
0.543333 0 1 26 22
0.55 1 1 22 20
0.556667 2 2 25 28
0.563333 0 3 27 35
0.57 2 1 19 21
0.576667 2 0 25 29
0.583333 4 3 20 26
0.59 0 4 19 22
0.596667 0 2 19 16
0.603333 0 3 25 29
0.61 1 0 33 22
0.616667 2 1 22 24
0.623333 1 1 19 21
0.63 1 2 26 19
0.636667 0 1 28 35
0.643333 0 1 25 23
0.65 0 1 24 21
0.656667 1 2 21 24
0.663333 25 32 1111 1449
0.67 0 0 0 0
0.676667 0 0 0 0
0.683333 0 0 0 0
0.69 0 0 0 0
0.696667 0 0 0 0
0.703333 0 0 0 0
0.71 0 0 0 0
0.716667 0 0 0 0
0.723333 0 0 0 0
0.73 0 0 0 0
0.736667 0 0 0 0
0.743333 0 0 0 0
0.75 0 0 0 0
0.756667 0 0 0 0
0.763333 0 0 0 0
0.77 0 0 0 0
0.776667 0 0 0 0
0.783333 0 0 0 0
0.79 0 0 0 0
0.796667 0 0 0 0
0.803333 0 0 0 0
0.81 0 0 0 0
0.816667 0 0 0 0
0.823333 0 0 0 0
0.83 0 0 0 0
0.836667 0 0 0 0
0.843333 0 0 0 0
0.85 0 0 0 0
0.856667 0 0 0 0
0.863333 0 0 0 0
0.87 0 0 0 0
0.876667 0 0 0 0
0.883333 0 0 0 0
0.89 0 0 0 0
0.896667 0 0 0 0
0.903333 0 0 0 0
0.91 0 0 0 0
0.916667 0 0 0 0
0.923333 0 0 0 0
0.93 0 0 0 0
0.936667 0 0 0 0
0.943333 0 0 0 0
0.95 0 0 0 0
0.956667 0 0 0 0
0.963333 0 0 0 0
0.97 0 0 0 0
0.976667 0 0 0 0
0.983333 0 0 0 0
0.99 0 0 0 0
0.996667 0 0 0 0
1.00333 0 0 0 0
1.01 0 0 0 0
1.01667 0 0 0 0
1.02333 0 0 0 0
1.03 0 0 0 0
1.03667 0 0 0 0
1.04333 0 0 0 0
1.05 0 0 0 0
1.05667 0 0 0 0
1.06333 0 0 0 0
1.07 0 0 0 0
1.07667 0 0 0 0
1.08333 0 0 0 0
1.09 0 0 0 0
1.09667 0 0 0 0
1.10333 0 0 0 0
1.11 0 0 0 0
1.11667 0 0 0 0
1.12333 0 0 0 0
1.13 0 0 0 0
1.13667 0 0 0 0
1.14333 0 0 0 0
1.15 0 0 0 0
1.15667 0 0 0 0
1.16333 0 0 0 0
1.17 0 0 0 0
1.17667 0 0 0 0
1.18333 0 0 0 0
1.19 0 0 0 0
1.19667 0 0 0 0
1.20333 0 0 0 0
1.21 0 0 0 0
1.21667 0 0 0 0
1.22333 0 0 0 0
1.23 0 0 0 0
1.23667 0 0 0 0
1.24333 0 0 0 0
1.25 0 0 0 0
1.25667 0 0 0 0
1.26333 0 0 0 0
1.27 0 0 0 0
1.27667 0 0 0 0
1.28333 0 0 0 0
1.29 0 0 0 0
1.29667 0 0 0 0
1.30333 0 0 0 0
1.31 0 0 0 0
1.31667 0 0 0 0
1.32333 0 0 0 0
1.33 0 0 0 0
1.33667 0 0 0 0
1.34333 0 0 0 0
1.35 0 0 0 0
1.35667 0 0 0 0
1.36333 0 0 0 0
1.37 0 0 0 0
1.37667 0 0 0 0
1.38333 0 0 0 0
1.39 0 0 0 0
1.39667 0 0 0 0
1.40333 0 0 0 0
1.41 0 0 0 0
1.41667 0 0 0 0
1.42333 0 0 0 0
1.43 0 0 0 0
1.43667 0 0 0 0
1.44333 0 0 0 0
1.45 0 0 0 0
1.45667 0 0 0 0
1.46333 0 0 0 0
1.47 0 0 0 0
1.47667 0 0 0 0
1.48333 0 0 0 0
1.49 0 0 0 0
1.49667 0 0 0 0
1.50333 0 0 0 0
1.51 0 0 0 0
1.51667 0 0 0 0
1.52333 0 0 0 0
1.53 0 0 0 0
1.53667 0 0 0 0
1.54333 0 0 0 0
1.55 0 0 0 0
1.55667 0 0 0 0
1.56333 0 0 0 0
1.57 0 0 0 0
1.57667 0 0 0 0
1.58333 0 0 0 0
1.59 0 0 0 0
1.59667 0 0 0 0
1.60333 0 0 0 0
1.61 0 0 0 0
1.61667 0 0 0 0
1.62333 0 0 0 0
1.63 0 0 0 0
1.63667 0 0 0 0
1.64333 0 0 0 0
1.65 0 0 0 0
1.65667 0 0 0 0
1.66333 0 0 0 0
1.67 0 0 0 0
1.67667 0 0 0 0
1.68333 0 0 0 0
1.69 0 0 0 0
1.69667 0 0 0 0
1.70333 0 0 0 0
1.71 0 0 0 0
1.71667 0 0 0 0
1.72333 0 0 0 0
1.73 0 0 0 0
1.73667 0 0 0 0
1.74333 0 0 0 0
1.75 0 0 0 0
1.75667 0 0 0 0
1.76333 0 0 0 0
1.77 0 0 0 0
1.77667 0 0 0 0
1.78333 0 0 0 0
1.79 0 0 0 0
1.79667 0 0 0 0
1.80333 0 0 0 0
1.81 0 0 0 0
1.81667 0 0 0 0
1.82333 0 0 0 0
1.83 0 0 0 0
1.83667 0 0 0 0
1.84333 0 0 0 0
1.85 0 0 0 0
1.85667 0 0 0 0
1.86333 0 0 0 0
1.87 0 0 0 0
1.87667 0 0 0 0
1.88333 0 0 0 0
1.89 0 0 0 0
1.89667 0 0 0 0
1.90333 0 0 0 0
1.91 0 0 0 0
1.91667 0 0 0 0
1.92333 0 0 0 0
1.93 0 0 0 0
1.93667 0 0 0 0
1.94333 0 0 0 0
1.95 0 0 0 0
1.95667 0 0 0 0
1.96333 0 0 0 0
1.97 0 0 0 0
1.97667 0 0 0 0
1.98333 0 0 0 0
1.99 0 0 0 0
1.99667 0 0 0 0
