0.00333333 2 6 27 31
0.01 9 7 39 29
0.0166667 3 12 66 38
0.0233333 5 17 43 39
0.03 7 13 55 44
0.0366667 3 12 57 68
0.0433333 5 18 110 69
0.05 6 21 148 74
0.0566667 9 31 140 98
0.0633333 8 30 156 118
0.07 7 34 181 127
0.0766667 10 35 166 113
0.0833333 9 24 159 124
0.09 9 30 178 109
0.0966667 11 45 168 109
0.103333 13 33 180 109
0.11 8 38 151 94
0.116667 13 29 169 123
0.123333 18 32 152 99
0.13 11 34 150 117
0.136667 10 31 141 110
0.143333 7 31 126 103
0.15 7 23 129 89
0.156667 12 27 136 79
0.163333 9 17 94 108
0.17 10 21 109 78
0.176667 11 19 100 91
0.183333 11 21 107 80
0.19 11 27 101 91
0.196667 9 24 122 91
0.203333 4 29 107 85
0.21 8 30 92 79
0.216667 10 21 102 82
0.223333 11 32 85 96
0.23 6 27 94 70
0.236667 4 14 85 96
0.243333 9 22 86 78
0.25 4 16 84 73
0.256667 4 18 70 59
0.263333 5 21 71 49
0.27 5 20 57 56
0.276667 8 22 70 68
0.283333 6 16 72 71
0.29 6 8 74 50
0.296667 4 23 75 48
0.303333 3 11 56 53
0.31 6 13 44 53
0.316667 4 15 43 41
0.323333 5 14 73 53
0.33 6 12 55 36
0.336667 7 16 53 48
0.343333 1 14 61 39
0.35 1 10 64 48
0.356667 4 16 52 53
0.363333 4 10 42 38
0.37 3 13 46 36
0.376667 3 8 49 37
0.383333 7 17 52 37
0.39 3 12 59 39
0.396667 4 5 35 41
0.403333 2 4 42 31
0.41 1 12 47 29
0.416667 3 12 44 29
0.423333 1 10 58 29
0.43 3 10 47 34
0.436667 6 10 32 38
0.443333 5 14 40 37
0.45 3 14 40 36
0.456667 2 9 37 48
0.463333 4 8 33 40
0.47 3 11 34 32
0.476667 2 16 35 24
0.483333 6 4 27 18
0.49 1 5 23 20
0.496667 1 6 27 16
0.503333 5 5 21 20
0.51 4 4 34 24
0.516667 0 7 41 21
0.523333 4 9 31 21
0.53 3 3 25 21
0.536667 5 9 25 27
0.543333 4 4 17 16
0.55 2 4 24 11
0.556667 4 6 27 17
0.563333 1 5 17 21
0.57 6 9 20 15
0.576667 5 10 13 15
0.583333 5 6 21 21
0.59 3 5 19 20
0.596667 5 8 15 14
0.603333 3 9 18 13
0.61 0 4 14 22
0.616667 2 7 9 17
0.623333 4 8 25 11
0.63 1 11 24 11
0.636667 3 6 17 18
0.643333 2 7 11 8
0.65 2 9 14 13
0.656667 2 6 21 11
0.663333 80 209 850 1009
0.67 0 0 0 0
0.676667 0 0 0 0
0.683333 0 0 0 0
0.69 0 0 0 0
0.696667 0 0 0 0
0.703333 0 0 0 0
0.71 0 0 0 0
0.716667 0 0 0 0
0.723333 0 0 0 0
0.73 0 0 0 0
0.736667 0 0 0 0
0.743333 0 0 0 0
0.75 0 0 0 0
0.756667 0 0 0 0
0.763333 0 0 0 0
0.77 0 0 0 0
0.776667 0 0 0 0
0.783333 0 0 0 0
0.79 0 0 0 0
0.796667 0 0 0 0
0.803333 0 0 0 0
0.81 0 0 0 0
0.816667 0 0 0 0
0.823333 0 0 0 0
0.83 0 0 0 0
0.836667 0 0 0 0
0.843333 0 0 0 0
0.85 0 0 0 0
0.856667 0 0 0 0
0.863333 0 0 0 0
0.87 0 0 0 0
0.876667 0 0 0 0
0.883333 0 0 0 0
0.89 0 0 0 0
0.896667 0 0 0 0
0.903333 0 0 0 0
0.91 0 0 0 0
0.916667 0 0 0 0
0.923333 0 0 0 0
0.93 0 0 0 0
0.936667 0 0 0 0
0.943333 0 0 0 0
0.95 0 0 0 0
0.956667 0 0 0 0
0.963333 0 0 0 0
0.97 0 0 0 0
0.976667 0 0 0 0
0.983333 0 0 0 0
0.99 0 0 0 0
0.996667 0 0 0 0
1.00333 0 0 0 0
1.01 0 0 0 0
1.01667 0 0 0 0
1.02333 0 0 0 0
1.03 0 0 0 0
1.03667 0 0 0 0
1.04333 0 0 0 0
1.05 0 0 0 0
1.05667 0 0 0 0
1.06333 0 0 0 0
1.07 0 0 0 0
1.07667 0 0 0 0
1.08333 0 0 0 0
1.09 0 0 0 0
1.09667 0 0 0 0
1.10333 0 0 0 0
1.11 0 0 0 0
1.11667 0 0 0 0
1.12333 0 0 0 0
1.13 0 0 0 0
1.13667 0 0 0 0
1.14333 0 0 0 0
1.15 0 0 0 0
1.15667 0 0 0 0
1.16333 0 0 0 0
1.17 0 0 0 0
1.17667 0 0 0 0
1.18333 0 0 0 0
1.19 0 0 0 0
1.19667 0 0 0 0
1.20333 0 0 0 0
1.21 0 0 0 0
1.21667 0 0 0 0
1.22333 0 0 0 0
1.23 0 0 0 0
1.23667 0 0 0 0
1.24333 0 0 0 0
1.25 0 0 0 0
1.25667 0 0 0 0
1.26333 0 0 0 0
1.27 0 0 0 0
1.27667 0 0 0 0
1.28333 0 0 0 0
1.29 0 0 0 0
1.29667 0 0 0 0
1.30333 0 0 0 0
1.31 0 0 0 0
1.31667 0 0 0 0
1.32333 0 0 0 0
1.33 0 0 0 0
1.33667 0 0 0 0
1.34333 0 0 0 0
1.35 0 0 0 0
1.35667 0 0 0 0
1.36333 0 0 0 0
1.37 0 0 0 0
1.37667 0 0 0 0
1.38333 0 0 0 0
1.39 0 0 0 0
1.39667 0 0 0 0
1.40333 0 0 0 0
1.41 0 0 0 0
1.41667 0 0 0 0
1.42333 0 0 0 0
1.43 0 0 0 0
1.43667 0 0 0 0
1.44333 0 0 0 0
1.45 0 0 0 0
1.45667 0 0 0 0
1.46333 0 0 0 0
1.47 0 0 0 0
1.47667 0 0 0 0
1.48333 0 0 0 0
1.49 0 0 0 0
1.49667 0 0 0 0
1.50333 0 0 0 0
1.51 0 0 0 0
1.51667 0 0 0 0
1.52333 0 0 0 0
1.53 0 0 0 0
1.53667 0 0 0 0
1.54333 0 0 0 0
1.55 0 0 0 0
1.55667 0 0 0 0
1.56333 0 0 0 0
1.57 0 0 0 0
1.57667 0 0 0 0
1.58333 0 0 0 0
1.59 0 0 0 0
1.59667 0 0 0 0
1.60333 0 0 0 0
1.61 0 0 0 0
1.61667 0 0 0 0
1.62333 0 0 0 0
1.63 0 0 0 0
1.63667 0 0 0 0
1.64333 0 0 0 0
1.65 0 0 0 0
1.65667 0 0 0 0
1.66333 0 0 0 0
1.67 0 0 0 0
1.67667 0 0 0 0
1.68333 0 0 0 0
1.69 0 0 0 0
1.69667 0 0 0 0
1.70333 0 0 0 0
1.71 0 0 0 0
1.71667 0 0 0 0
1.72333 0 0 0 0
1.73 0 0 0 0
1.73667 0 0 0 0
1.74333 0 0 0 0
1.75 0 0 0 0
1.75667 0 0 0 0
1.76333 0 0 0 0
1.77 0 0 0 0
1.77667 0 0 0 0
1.78333 0 0 0 0
1.79 0 0 0 0
1.79667 0 0 0 0
1.80333 0 0 0 0
1.81 0 0 0 0
1.81667 0 0 0 0
1.82333 0 0 0 0
1.83 0 0 0 0
1.83667 0 0 0 0
1.84333 0 0 0 0
1.85 0 0 0 0
1.85667 0 0 0 0
1.86333 0 0 0 0
1.87 0 0 0 0
1.87667 0 0 0 0
1.88333 0 0 0 0
1.89 0 0 0 0
1.89667 0 0 0 0
1.90333 0 0 0 0
1.91 0 0 0 0
1.91667 0 0 0 0
1.92333 0 0 0 0
1.93 0 0 0 0
1.93667 0 0 0 0
1.94333 0 0 0 0
1.95 0 0 0 0
1.95667 0 0 0 0
1.96333 0 0 0 0
1.97 0 0 0 0
1.97667 0 0 0 0
1.98333 0 0 0 0
1.99 0 0 0 0
1.99667 0 0 0 0
