0.00333333 14 80 15 4
0.01 20 93 13 0
0.0166667 23 75 17 4
0.0233333 29 83 12 3
0.03 26 96 14 5
0.0366667 25 110 16 4
0.0433333 49 156 25 5
0.05 38 209 34 4
0.0566667 53 228 40 4
0.0633333 81 261 39 5
0.07 78 293 39 11
0.0766667 50 297 57 5
0.0833333 65 244 46 14
0.09 71 297 49 10
0.0966667 62 316 47 11
0.103333 63 325 50 11
0.11 61 301 52 9
0.116667 71 313 46 9
0.123333 61 286 45 6
0.13 57 285 25 6
0.136667 55 288 34 14
0.143333 53 270 38 6
0.15 44 250 39 7
0.156667 48 251 33 7
0.163333 46 240 28 3
0.17 38 238 37 8
0.176667 64 253 28 5
0.183333 47 252 41 4
0.19 50 223 48 2
0.196667 43 261 34 6
0.203333 48 246 25 6
0.21 43 244 26 4
0.216667 33 230 31 8
0.223333 49 204 24 5
0.23 30 185 33 3
0.236667 32 187 24 5
0.243333 34 205 22 2
0.25 34 157 28 3
0.256667 34 179 24 6
0.263333 35 160 18 4
0.27 26 169 15 9
0.276667 28 185 34 5
0.283333 30 157 17 2
0.29 25 147 22 1
0.296667 22 157 17 6
0.303333 21 126 9 2
0.31 34 141 23 1
0.316667 39 137 17 2
0.323333 22 106 21 1
0.33 25 106 23 3
0.336667 21 100 19 5
0.343333 18 101 16 3
0.35 14 106 22 1
0.356667 23 109 21 5
0.363333 19 112 12 2
0.37 20 127 18 3
0.376667 19 76 12 4
0.383333 22 117 15 5
0.39 13 97 18 0
0.396667 23 100 17 1
0.403333 25 102 13 2
0.41 23 97 14 3
0.416667 19 78 13 5
0.423333 25 96 17 2
0.43 17 84 16 1
0.436667 9 76 17 1
0.443333 16 99 13 2
0.45 15 95 20 3
0.456667 16 86 13 6
0.463333 16 99 20 2
0.47 15 79 14 3
0.476667 16 55 11 5
0.483333 16 52 10 1
0.49 10 65 11 3
0.496667 10 41 4 2
0.503333 10 43 7 1
0.51 13 50 8 0
0.516667 12 41 10 2
0.523333 6 47 10 1
0.53 9 43 6 1
0.536667 14 43 4 4
0.543333 13 51 13 1
0.55 12 40 8 2
0.556667 8 38 6 0
0.563333 6 48 9 1
0.57 8 46 4 0
0.576667 7 46 10 1
0.583333 11 42 10 3
0.59 7 41 8 1
0.596667 5 44 4 1
0.603333 6 49 4 1
0.61 8 37 5 1
0.616667 7 40 10 4
0.623333 5 34 13 1
0.63 11 39 8 0
0.636667 10 32 7 2
0.643333 2 25 5 5
0.65 7 37 8 1
0.656667 10 37 11 1
0.663333 314 2814 315 24
0.67 0 0 0 0
0.676667 0 0 0 0
0.683333 0 0 0 0
0.69 0 0 0 0
0.696667 0 0 0 0
0.703333 0 0 0 0
0.71 0 0 0 0
0.716667 0 0 0 0
0.723333 0 0 0 0
0.73 0 0 0 0
0.736667 0 0 0 0
0.743333 0 0 0 0
0.75 0 0 0 0
0.756667 0 0 0 0
0.763333 0 0 0 0
0.77 0 0 0 0
0.776667 0 0 0 0
0.783333 0 0 0 0
0.79 0 0 0 0
0.796667 0 0 0 0
0.803333 0 0 0 0
0.81 0 0 0 0
0.816667 0 0 0 0
0.823333 0 0 0 0
0.83 0 0 0 0
0.836667 0 0 0 0
0.843333 0 0 0 0
0.85 0 0 0 0
0.856667 0 0 0 0
0.863333 0 0 0 0
0.87 0 0 0 0
0.876667 0 0 0 0
0.883333 0 0 0 0
0.89 0 0 0 0
0.896667 0 0 0 0
0.903333 0 0 0 0
0.91 0 0 0 0
0.916667 0 0 0 0
0.923333 0 0 0 0
0.93 0 0 0 0
0.936667 0 0 0 0
0.943333 0 0 0 0
0.95 0 0 0 0
0.956667 0 0 0 0
0.963333 0 0 0 0
0.97 0 0 0 0
0.976667 0 0 0 0
0.983333 0 0 0 0
0.99 0 0 0 0
0.996667 0 0 0 0
1.00333 0 0 0 0
1.01 0 0 0 0
1.01667 0 0 0 0
1.02333 0 0 0 0
1.03 0 0 0 0
1.03667 0 0 0 0
1.04333 0 0 0 0
1.05 0 0 0 0
1.05667 0 0 0 0
1.06333 0 0 0 0
1.07 0 0 0 0
1.07667 0 0 0 0
1.08333 0 0 0 0
1.09 0 0 0 0
1.09667 0 0 0 0
1.10333 0 0 0 0
1.11 0 0 0 0
1.11667 0 0 0 0
1.12333 0 0 0 0
1.13 0 0 0 0
1.13667 0 0 0 0
1.14333 0 0 0 0
1.15 0 0 0 0
1.15667 0 0 0 0
1.16333 0 0 0 0
1.17 0 0 0 0
1.17667 0 0 0 0
1.18333 0 0 0 0
1.19 0 0 0 0
1.19667 0 0 0 0
1.20333 0 0 0 0
1.21 0 0 0 0
1.21667 0 0 0 0
1.22333 0 0 0 0
1.23 0 0 0 0
1.23667 0 0 0 0
1.24333 0 0 0 0
1.25 0 0 0 0
1.25667 0 0 0 0
1.26333 0 0 0 0
1.27 0 0 0 0
1.27667 0 0 0 0
1.28333 0 0 0 0
1.29 0 0 0 0
1.29667 0 0 0 0
1.30333 0 0 0 0
1.31 0 0 0 0
1.31667 0 0 0 0
1.32333 0 0 0 0
1.33 0 0 0 0
1.33667 0 0 0 0
1.34333 0 0 0 0
1.35 0 0 0 0
1.35667 0 0 0 0
1.36333 0 0 0 0
1.37 0 0 0 0
1.37667 0 0 0 0
1.38333 0 0 0 0
1.39 0 0 0 0
1.39667 0 0 0 0
1.40333 0 0 0 0
1.41 0 0 0 0
1.41667 0 0 0 0
1.42333 0 0 0 0
1.43 0 0 0 0
1.43667 0 0 0 0
1.44333 0 0 0 0
1.45 0 0 0 0
1.45667 0 0 0 0
1.46333 0 0 0 0
1.47 0 0 0 0
1.47667 0 0 0 0
1.48333 0 0 0 0
1.49 0 0 0 0
1.49667 0 0 0 0
1.50333 0 0 0 0
1.51 0 0 0 0
1.51667 0 0 0 0
1.52333 0 0 0 0
1.53 0 0 0 0
1.53667 0 0 0 0
1.54333 0 0 0 0
1.55 0 0 0 0
1.55667 0 0 0 0
1.56333 0 0 0 0
1.57 0 0 0 0
1.57667 0 0 0 0
1.58333 0 0 0 0
1.59 0 0 0 0
1.59667 0 0 0 0
1.60333 0 0 0 0
1.61 0 0 0 0
1.61667 0 0 0 0
1.62333 0 0 0 0
1.63 0 0 0 0
1.63667 0 0 0 0
1.64333 0 0 0 0
1.65 0 0 0 0
1.65667 0 0 0 0
1.66333 0 0 0 0
1.67 0 0 0 0
1.67667 0 0 0 0
1.68333 0 0 0 0
1.69 0 0 0 0
1.69667 0 0 0 0
1.70333 0 0 0 0
1.71 0 0 0 0
1.71667 0 0 0 0
1.72333 0 0 0 0
1.73 0 0 0 0
1.73667 0 0 0 0
1.74333 0 0 0 0
1.75 0 0 0 0
1.75667 0 0 0 0
1.76333 0 0 0 0
1.77 0 0 0 0
1.77667 0 0 0 0
1.78333 0 0 0 0
1.79 0 0 0 0
1.79667 0 0 0 0
1.80333 0 0 0 0
1.81 0 0 0 0
1.81667 0 0 0 0
1.82333 0 0 0 0
1.83 0 0 0 0
1.83667 0 0 0 0
1.84333 0 0 0 0
1.85 0 0 0 0
1.85667 0 0 0 0
1.86333 0 0 0 0
1.87 0 0 0 0
1.87667 0 0 0 0
1.88333 0 0 0 0
1.89 0 0 0 0
1.89667 0 0 0 0
1.90333 0 0 0 0
1.91 0 0 0 0
1.91667 0 0 0 0
1.92333 0 0 0 0
1.93 0 0 0 0
1.93667 0 0 0 0
1.94333 0 0 0 0
1.95 0 0 0 0
1.95667 0 0 0 0
1.96333 0 0 0 0
1.97 0 0 0 0
1.97667 0 0 0 0
1.98333 0 0 0 0
1.99 0 0 0 0
1.99667 0 0 0 0
