0.00333333 16 42 5 5
0.01 32 64 5 9
0.0166667 18 55 14 11
0.0233333 17 54 9 8
0.03 22 60 11 6
0.0366667 32 78 12 7
0.0433333 37 113 17 5
0.05 56 110 18 16
0.0566667 53 142 28 13
0.0633333 50 178 39 9
0.07 64 149 35 12
0.0766667 68 168 33 17
0.0833333 49 169 38 18
0.09 73 197 33 9
0.0966667 59 159 32 22
0.103333 68 175 32 25
0.11 62 176 32 22
0.116667 65 162 32 27
0.123333 55 175 29 14
0.13 69 158 18 22
0.136667 44 163 25 20
0.143333 53 142 18 18
0.15 59 163 27 12
0.156667 62 149 19 19
0.163333 60 148 15 14
0.17 47 158 12 14
0.176667 48 138 25 15
0.183333 65 151 12 21
0.19 78 171 19 34
0.196667 65 181 22 30
0.203333 71 148 12 26
0.21 50 148 12 22
0.216667 39 158 12 17
0.223333 45 126 21 21
0.23 48 125 19 14
0.236667 66 112 9 20
0.243333 40 107 17 12
0.25 47 117 14 9
0.256667 34 94 15 10
0.263333 46 119 11 15
0.27 48 97 12 17
0.276667 38 86 16 15
0.283333 29 85 14 9
0.29 45 90 12 7
0.296667 41 77 24 5
0.303333 37 109 12 13
0.31 32 87 11 13
0.316667 34 69 14 7
0.323333 31 82 16 15
0.33 34 84 11 15
0.336667 30 63 12 6
0.343333 27 78 12 15
0.35 34 73 8 14
0.356667 38 66 12 13
0.363333 32 72 15 18
0.37 23 73 4 12
0.376667 23 72 9 9
0.383333 32 63 9 7
0.39 38 75 9 10
0.396667 31 88 13 14
0.403333 28 69 10 4
0.41 27 59 10 9
0.416667 31 57 8 8
0.423333 27 69 3 12
0.43 25 55 6 11
0.436667 29 60 8 12
0.443333 26 64 5 13
0.45 31 66 14 9
0.456667 30 63 7 12
0.463333 22 53 11 6
0.47 41 71 12 8
0.476667 27 44 7 7
0.483333 18 45 5 7
0.49 13 37 5 12
0.496667 23 33 4 8
0.503333 14 32 5 2
0.51 17 38 2 6
0.516667 10 33 5 5
0.523333 16 36 5 5
0.53 16 33 5 3
0.536667 17 31 5 5
0.543333 8 28 7 5
0.55 12 31 4 6
0.556667 13 29 7 6
0.563333 13 36 2 6
0.57 7 30 10 8
0.576667 11 38 1 4
0.583333 18 33 4 7
0.59 9 33 7 4
0.596667 12 32 7 7
0.603333 10 34 5 3
0.61 11 27 4 5
0.616667 23 25 6 4
0.623333 5 27 4 5
0.63 10 24 4 7
0.636667 14 31 8 5
0.643333 9 30 4 1
0.65 10 36 4 9
0.656667 4 20 3 6
0.663333 1042 1889 133 372
0.67 0 0 0 0
0.676667 0 0 0 0
0.683333 0 0 0 0
0.69 0 0 0 0
0.696667 0 0 0 0
0.703333 0 0 0 0
0.71 0 0 0 0
0.716667 0 0 0 0
0.723333 0 0 0 0
0.73 0 0 0 0
0.736667 0 0 0 0
0.743333 0 0 0 0
0.75 0 0 0 0
0.756667 0 0 0 0
0.763333 0 0 0 0
0.77 0 0 0 0
0.776667 0 0 0 0
0.783333 0 0 0 0
0.79 0 0 0 0
0.796667 0 0 0 0
0.803333 0 0 0 0
0.81 0 0 0 0
0.816667 0 0 0 0
0.823333 0 0 0 0
0.83 0 0 0 0
0.836667 0 0 0 0
0.843333 0 0 0 0
0.85 0 0 0 0
0.856667 0 0 0 0
0.863333 0 0 0 0
0.87 0 0 0 0
0.876667 0 0 0 0
0.883333 0 0 0 0
0.89 0 0 0 0
0.896667 0 0 0 0
0.903333 0 0 0 0
0.91 0 0 0 0
0.916667 0 0 0 0
0.923333 0 0 0 0
0.93 0 0 0 0
0.936667 0 0 0 0
0.943333 0 0 0 0
0.95 0 0 0 0
0.956667 0 0 0 0
0.963333 0 0 0 0
0.97 0 0 0 0
0.976667 0 0 0 0
0.983333 0 0 0 0
0.99 0 0 0 0
0.996667 0 0 0 0
1.00333 0 0 0 0
1.01 0 0 0 0
1.01667 0 0 0 0
1.02333 0 0 0 0
1.03 0 0 0 0
1.03667 0 0 0 0
1.04333 0 0 0 0
1.05 0 0 0 0
1.05667 0 0 0 0
1.06333 0 0 0 0
1.07 0 0 0 0
1.07667 0 0 0 0
1.08333 0 0 0 0
1.09 0 0 0 0
1.09667 0 0 0 0
1.10333 0 0 0 0
1.11 0 0 0 0
1.11667 0 0 0 0
1.12333 0 0 0 0
1.13 0 0 0 0
1.13667 0 0 0 0
1.14333 0 0 0 0
1.15 0 0 0 0
1.15667 0 0 0 0
1.16333 0 0 0 0
1.17 0 0 0 0
1.17667 0 0 0 0
1.18333 0 0 0 0
1.19 0 0 0 0
1.19667 0 0 0 0
1.20333 0 0 0 0
1.21 0 0 0 0
1.21667 0 0 0 0
1.22333 0 0 0 0
1.23 0 0 0 0
1.23667 0 0 0 0
1.24333 0 0 0 0
1.25 0 0 0 0
1.25667 0 0 0 0
1.26333 0 0 0 0
1.27 0 0 0 0
1.27667 0 0 0 0
1.28333 0 0 0 0
1.29 0 0 0 0
1.29667 0 0 0 0
1.30333 0 0 0 0
1.31 0 0 0 0
1.31667 0 0 0 0
1.32333 0 0 0 0
1.33 0 0 0 0
1.33667 0 0 0 0
1.34333 0 0 0 0
1.35 0 0 0 0
1.35667 0 0 0 0
1.36333 0 0 0 0
1.37 0 0 0 0
1.37667 0 0 0 0
1.38333 0 0 0 0
1.39 0 0 0 0
1.39667 0 0 0 0
1.40333 0 0 0 0
1.41 0 0 0 0
1.41667 0 0 0 0
1.42333 0 0 0 0
1.43 0 0 0 0
1.43667 0 0 0 0
1.44333 0 0 0 0
1.45 0 0 0 0
1.45667 0 0 0 0
1.46333 0 0 0 0
1.47 0 0 0 0
1.47667 0 0 0 0
1.48333 0 0 0 0
1.49 0 0 0 0
1.49667 0 0 0 0
1.50333 0 0 0 0
1.51 0 0 0 0
1.51667 0 0 0 0
1.52333 0 0 0 0
1.53 0 0 0 0
1.53667 0 0 0 0
1.54333 0 0 0 0
1.55 0 0 0 0
1.55667 0 0 0 0
1.56333 0 0 0 0
1.57 0 0 0 0
1.57667 0 0 0 0
1.58333 0 0 0 0
1.59 0 0 0 0
1.59667 0 0 0 0
1.60333 0 0 0 0
1.61 0 0 0 0
1.61667 0 0 0 0
1.62333 0 0 0 0
1.63 0 0 0 0
1.63667 0 0 0 0
1.64333 0 0 0 0
1.65 0 0 0 0
1.65667 0 0 0 0
1.66333 0 0 0 0
1.67 0 0 0 0
1.67667 0 0 0 0
1.68333 0 0 0 0
1.69 0 0 0 0
1.69667 0 0 0 0
1.70333 0 0 0 0
1.71 0 0 0 0
1.71667 0 0 0 0
1.72333 0 0 0 0
1.73 0 0 0 0
1.73667 0 0 0 0
1.74333 0 0 0 0
1.75 0 0 0 0
1.75667 0 0 0 0
1.76333 0 0 0 0
1.77 0 0 0 0
1.77667 0 0 0 0
1.78333 0 0 0 0
1.79 0 0 0 0
1.79667 0 0 0 0
1.80333 0 0 0 0
1.81 0 0 0 0
1.81667 0 0 0 0
1.82333 0 0 0 0
1.83 0 0 0 0
1.83667 0 0 0 0
1.84333 0 0 0 0
1.85 0 0 0 0
1.85667 0 0 0 0
1.86333 0 0 0 0
1.87 0 0 0 0
1.87667 0 0 0 0
1.88333 0 0 0 0
1.89 0 0 0 0
1.89667 0 0 0 0
1.90333 0 0 0 0
1.91 0 0 0 0
1.91667 0 0 0 0
1.92333 0 0 0 0
1.93 0 0 0 0
1.93667 0 0 0 0
1.94333 0 0 0 0
1.95 0 0 0 0
1.95667 0 0 0 0
1.96333 0 0 0 0
1.97 0 0 0 0
1.97667 0 0 0 0
1.98333 0 0 0 0
1.99 0 0 0 0
1.99667 0 0 0 0
