0.00333333 16 30 9 0
0.01 20 46 9 2
0.0166667 19 50 3 6
0.0233333 41 48 11 7
0.03 27 44 14 3
0.0366667 23 75 23 10
0.0433333 31 90 27 7
0.05 45 121 34 6
0.0566667 61 135 49 12
0.0633333 68 142 49 8
0.07 62 169 43 13
0.0766667 79 184 44 12
0.0833333 72 170 39 17
0.09 62 160 48 8
0.0966667 82 151 35 16
0.103333 70 158 40 7
0.11 58 143 38 14
0.116667 72 130 45 16
0.123333 54 161 35 10
0.13 55 113 49 11
0.136667 53 121 27 11
0.143333 61 137 25 10
0.15 53 112 27 13
0.156667 72 117 27 7
0.163333 62 107 35 15
0.17 57 95 26 9
0.176667 57 96 28 7
0.183333 77 104 19 14
0.19 49 100 30 22
0.196667 38 101 21 7
0.203333 60 87 24 13
0.21 48 78 24 14
0.216667 42 111 23 9
0.223333 54 90 35 9
0.23 53 86 16 8
0.236667 38 82 27 7
0.243333 49 86 20 16
0.25 39 75 24 5
0.256667 43 82 15 11
0.263333 43 65 16 9
0.27 29 77 24 7
0.276667 33 75 21 7
0.283333 27 63 14 11
0.29 27 65 24 6
0.296667 28 68 21 3
0.303333 21 55 20 8
0.31 32 44 21 6
0.316667 22 54 17 8
0.323333 28 48 16 7
0.33 24 44 13 8
0.336667 18 53 9 11
0.343333 13 48 10 5
0.35 22 52 14 5
0.356667 22 52 25 7
0.363333 15 53 11 5
0.37 19 56 13 1
0.376667 25 50 10 6
0.383333 24 51 9 7
0.39 27 44 18 3
0.396667 23 44 5 9
0.403333 20 43 16 10
0.41 21 38 9 4
0.416667 24 35 13 3
0.423333 21 38 12 3
0.43 21 48 9 7
0.436667 28 40 12 4
0.443333 28 39 9 9
0.45 28 47 15 4
0.456667 23 44 7 6
0.463333 18 35 4 11
0.47 22 36 8 3
0.476667 26 31 13 4
0.483333 12 27 5 6
0.49 10 27 12 2
0.496667 18 27 6 3
0.503333 9 24 12 2
0.51 13 28 12 3
0.516667 10 24 4 3
0.523333 12 29 6 3
0.53 12 21 6 3
0.536667 11 18 4 4
0.543333 15 22 7 5
0.55 8 20 4 0
0.556667 11 19 9 1
0.563333 12 24 1 3
0.57 5 19 9 3
0.576667 9 20 6 2
0.583333 7 19 6 5
0.59 6 15 8 3
0.596667 9 19 11 3
0.603333 17 8 9 1
0.61 10 22 3 4
0.616667 13 15 9 0
0.623333 13 20 4 3
0.63 11 18 9 3
0.636667 14 27 5 2
0.643333 6 20 6 4
0.65 11 14 3 4
0.656667 7 13 6 5
0.663333 486 785 203 90
0.67 0 0 0 0
0.676667 0 0 0 0
0.683333 0 0 0 0
0.69 0 0 0 0
0.696667 0 0 0 0
0.703333 0 0 0 0
0.71 0 0 0 0
0.716667 0 0 0 0
0.723333 0 0 0 0
0.73 0 0 0 0
0.736667 0 0 0 0
0.743333 0 0 0 0
0.75 0 0 0 0
0.756667 0 0 0 0
0.763333 0 0 0 0
0.77 0 0 0 0
0.776667 0 0 0 0
0.783333 0 0 0 0
0.79 0 0 0 0
0.796667 0 0 0 0
0.803333 0 0 0 0
0.81 0 0 0 0
0.816667 0 0 0 0
0.823333 0 0 0 0
0.83 0 0 0 0
0.836667 0 0 0 0
0.843333 0 0 0 0
0.85 0 0 0 0
0.856667 0 0 0 0
0.863333 0 0 0 0
0.87 0 0 0 0
0.876667 0 0 0 0
0.883333 0 0 0 0
0.89 0 0 0 0
0.896667 0 0 0 0
0.903333 0 0 0 0
0.91 0 0 0 0
0.916667 0 0 0 0
0.923333 0 0 0 0
0.93 0 0 0 0
0.936667 0 0 0 0
0.943333 0 0 0 0
0.95 0 0 0 0
0.956667 0 0 0 0
0.963333 0 0 0 0
0.97 0 0 0 0
0.976667 0 0 0 0
0.983333 0 0 0 0
0.99 0 0 0 0
0.996667 0 0 0 0
1.00333 0 0 0 0
1.01 0 0 0 0
1.01667 0 0 0 0
1.02333 0 0 0 0
1.03 0 0 0 0
1.03667 0 0 0 0
1.04333 0 0 0 0
1.05 0 0 0 0
1.05667 0 0 0 0
1.06333 0 0 0 0
1.07 0 0 0 0
1.07667 0 0 0 0
1.08333 0 0 0 0
1.09 0 0 0 0
1.09667 0 0 0 0
1.10333 0 0 0 0
1.11 0 0 0 0
1.11667 0 0 0 0
1.12333 0 0 0 0
1.13 0 0 0 0
1.13667 0 0 0 0
1.14333 0 0 0 0
1.15 0 0 0 0
1.15667 0 0 0 0
1.16333 0 0 0 0
1.17 0 0 0 0
1.17667 0 0 0 0
1.18333 0 0 0 0
1.19 0 0 0 0
1.19667 0 0 0 0
1.20333 0 0 0 0
1.21 0 0 0 0
1.21667 0 0 0 0
1.22333 0 0 0 0
1.23 0 0 0 0
1.23667 0 0 0 0
1.24333 0 0 0 0
1.25 0 0 0 0
1.25667 0 0 0 0
1.26333 0 0 0 0
1.27 0 0 0 0
1.27667 0 0 0 0
1.28333 0 0 0 0
1.29 0 0 0 0
1.29667 0 0 0 0
1.30333 0 0 0 0
1.31 0 0 0 0
1.31667 0 0 0 0
1.32333 0 0 0 0
1.33 0 0 0 0
1.33667 0 0 0 0
1.34333 0 0 0 0
1.35 0 0 0 0
1.35667 0 0 0 0
1.36333 0 0 0 0
1.37 0 0 0 0
1.37667 0 0 0 0
1.38333 0 0 0 0
1.39 0 0 0 0
1.39667 0 0 0 0
1.40333 0 0 0 0
1.41 0 0 0 0
1.41667 0 0 0 0
1.42333 0 0 0 0
1.43 0 0 0 0
1.43667 0 0 0 0
1.44333 0 0 0 0
1.45 0 0 0 0
1.45667 0 0 0 0
1.46333 0 0 0 0
1.47 0 0 0 0
1.47667 0 0 0 0
1.48333 0 0 0 0
1.49 0 0 0 0
1.49667 0 0 0 0
1.50333 0 0 0 0
1.51 0 0 0 0
1.51667 0 0 0 0
1.52333 0 0 0 0
1.53 0 0 0 0
1.53667 0 0 0 0
1.54333 0 0 0 0
1.55 0 0 0 0
1.55667 0 0 0 0
1.56333 0 0 0 0
1.57 0 0 0 0
1.57667 0 0 0 0
1.58333 0 0 0 0
1.59 0 0 0 0
1.59667 0 0 0 0
1.60333 0 0 0 0
1.61 0 0 0 0
1.61667 0 0 0 0
1.62333 0 0 0 0
1.63 0 0 0 0
1.63667 0 0 0 0
1.64333 0 0 0 0
1.65 0 0 0 0
1.65667 0 0 0 0
1.66333 0 0 0 0
1.67 0 0 0 0
1.67667 0 0 0 0
1.68333 0 0 0 0
1.69 0 0 0 0
1.69667 0 0 0 0
1.70333 0 0 0 0
1.71 0 0 0 0
1.71667 0 0 0 0
1.72333 0 0 0 0
1.73 0 0 0 0
1.73667 0 0 0 0
1.74333 0 0 0 0
1.75 0 0 0 0
1.75667 0 0 0 0
1.76333 0 0 0 0
1.77 0 0 0 0
1.77667 0 0 0 0
1.78333 0 0 0 0
1.79 0 0 0 0
1.79667 0 0 0 0
1.80333 0 0 0 0
1.81 0 0 0 0
1.81667 0 0 0 0
1.82333 0 0 0 0
1.83 0 0 0 0
1.83667 0 0 0 0
1.84333 0 0 0 0
1.85 0 0 0 0
1.85667 0 0 0 0
1.86333 0 0 0 0
1.87 0 0 0 0
1.87667 0 0 0 0
1.88333 0 0 0 0
1.89 0 0 0 0
1.89667 0 0 0 0
1.90333 0 0 0 0
1.91 0 0 0 0
1.91667 0 0 0 0
1.92333 0 0 0 0
1.93 0 0 0 0
1.93667 0 0 0 0
1.94333 0 0 0 0
1.95 0 0 0 0
1.95667 0 0 0 0
1.96333 0 0 0 0
1.97 0 0 0 0
1.97667 0 0 0 0
1.98333 0 0 0 0
1.99 0 0 0 0
1.99667 0 0 0 0
