0.00333333 11 75 8 2
0.01 20 78 9 4
0.0166667 30 67 11 3
0.0233333 24 66 11 2
0.03 24 99 14 5
0.0366667 33 115 26 3
0.0433333 49 174 33 2
0.05 56 196 36 6
0.0566667 61 238 37 9
0.0633333 77 241 32 11
0.07 80 295 35 5
0.0766667 63 304 59 10
0.0833333 78 255 53 11
0.09 76 295 46 12
0.0966667 62 297 38 8
0.103333 76 302 43 11
0.11 65 298 50 13
0.116667 70 318 44 7
0.123333 77 255 42 7
0.13 53 297 42 5
0.136667 65 291 26 11
0.143333 51 257 35 5
0.15 49 231 36 5
0.156667 66 227 28 10
0.163333 64 210 31 9
0.17 51 214 29 3
0.176667 80 237 25 8
0.183333 54 231 32 8
0.19 59 210 41 8
0.196667 46 224 28 5
0.203333 49 233 28 6
0.21 60 234 26 5
0.216667 37 198 21 13
0.223333 44 194 33 3
0.23 31 177 34 4
0.236667 31 200 23 7
0.243333 35 182 13 6
0.25 43 154 15 2
0.256667 39 158 18 2
0.263333 26 145 16 7
0.27 36 146 22 3
0.276667 34 155 24 3
0.283333 37 146 14 2
0.29 32 133 17 6
0.296667 31 148 18 7
0.303333 27 118 13 5
0.31 27 124 18 4
0.316667 32 121 15 4
0.323333 29 97 19 3
0.33 30 97 20 6
0.336667 29 105 19 1
0.343333 20 105 15 4
0.35 17 107 23 3
0.356667 23 108 14 3
0.363333 23 96 14 2
0.37 18 91 16 6
0.376667 26 83 19 3
0.383333 23 97 8 3
0.39 14 76 19 2
0.396667 20 74 11 2
0.403333 26 95 8 3
0.41 27 74 11 3
0.416667 20 83 14 4
0.423333 20 93 17 4
0.43 18 84 13 1
0.436667 16 74 7 2
0.443333 25 79 16 1
0.45 21 83 17 1
0.456667 20 73 13 4
0.463333 26 96 21 4
0.47 11 67 6 3
0.476667 18 54 14 6
0.483333 19 54 10 4
0.49 13 59 10 4
0.496667 12 43 6 1
0.503333 10 46 5 1
0.51 12 50 7 1
0.516667 13 47 8 1
0.523333 10 43 9 2
0.53 12 38 9 2
0.536667 17 38 4 5
0.543333 10 40 9 2
0.55 13 38 4 2
0.556667 11 35 2 1
0.563333 10 45 8 1
0.57 11 42 3 1
0.576667 7 42 11 1
0.583333 9 38 7 2
0.59 9 33 7 1
0.596667 4 34 5 0
0.603333 3 39 5 1
0.61 6 41 5 1
0.616667 4 42 6 5
0.623333 6 28 9 0
0.63 14 34 7 2
0.636667 9 33 6 3
0.643333 4 32 7 4
0.65 5 40 11 2
0.656667 9 36 7 2
0.663333 396 2393 271 34
0.67 0 0 0 0
0.676667 0 0 0 0
0.683333 0 0 0 0
0.69 0 0 0 0
0.696667 0 0 0 0
0.703333 0 0 0 0
0.71 0 0 0 0
0.716667 0 0 0 0
0.723333 0 0 0 0
0.73 0 0 0 0
0.736667 0 0 0 0
0.743333 0 0 0 0
0.75 0 0 0 0
0.756667 0 0 0 0
0.763333 0 0 0 0
0.77 0 0 0 0
0.776667 0 0 0 0
0.783333 0 0 0 0
0.79 0 0 0 0
0.796667 0 0 0 0
0.803333 0 0 0 0
0.81 0 0 0 0
0.816667 0 0 0 0
0.823333 0 0 0 0
0.83 0 0 0 0
0.836667 0 0 0 0
0.843333 0 0 0 0
0.85 0 0 0 0
0.856667 0 0 0 0
0.863333 0 0 0 0
0.87 0 0 0 0
0.876667 0 0 0 0
0.883333 0 0 0 0
0.89 0 0 0 0
0.896667 0 0 0 0
0.903333 0 0 0 0
0.91 0 0 0 0
0.916667 0 0 0 0
0.923333 0 0 0 0
0.93 0 0 0 0
0.936667 0 0 0 0
0.943333 0 0 0 0
0.95 0 0 0 0
0.956667 0 0 0 0
0.963333 0 0 0 0
0.97 0 0 0 0
0.976667 0 0 0 0
0.983333 0 0 0 0
0.99 0 0 0 0
0.996667 0 0 0 0
1.00333 0 0 0 0
1.01 0 0 0 0
1.01667 0 0 0 0
1.02333 0 0 0 0
1.03 0 0 0 0
1.03667 0 0 0 0
1.04333 0 0 0 0
1.05 0 0 0 0
1.05667 0 0 0 0
1.06333 0 0 0 0
1.07 0 0 0 0
1.07667 0 0 0 0
1.08333 0 0 0 0
1.09 0 0 0 0
1.09667 0 0 0 0
1.10333 0 0 0 0
1.11 0 0 0 0
1.11667 0 0 0 0
1.12333 0 0 0 0
1.13 0 0 0 0
1.13667 0 0 0 0
1.14333 0 0 0 0
1.15 0 0 0 0
1.15667 0 0 0 0
1.16333 0 0 0 0
1.17 0 0 0 0
1.17667 0 0 0 0
1.18333 0 0 0 0
1.19 0 0 0 0
1.19667 0 0 0 0
1.20333 0 0 0 0
1.21 0 0 0 0
1.21667 0 0 0 0
1.22333 0 0 0 0
1.23 0 0 0 0
1.23667 0 0 0 0
1.24333 0 0 0 0
1.25 0 0 0 0
1.25667 0 0 0 0
1.26333 0 0 0 0
1.27 0 0 0 0
1.27667 0 0 0 0
1.28333 0 0 0 0
1.29 0 0 0 0
1.29667 0 0 0 0
1.30333 0 0 0 0
1.31 0 0 0 0
1.31667 0 0 0 0
1.32333 0 0 0 0
1.33 0 0 0 0
1.33667 0 0 0 0
1.34333 0 0 0 0
1.35 0 0 0 0
1.35667 0 0 0 0
1.36333 0 0 0 0
1.37 0 0 0 0
1.37667 0 0 0 0
1.38333 0 0 0 0
1.39 0 0 0 0
1.39667 0 0 0 0
1.40333 0 0 0 0
1.41 0 0 0 0
1.41667 0 0 0 0
1.42333 0 0 0 0
1.43 0 0 0 0
1.43667 0 0 0 0
1.44333 0 0 0 0
1.45 0 0 0 0
1.45667 0 0 0 0
1.46333 0 0 0 0
1.47 0 0 0 0
1.47667 0 0 0 0
1.48333 0 0 0 0
1.49 0 0 0 0
1.49667 0 0 0 0
1.50333 0 0 0 0
1.51 0 0 0 0
1.51667 0 0 0 0
1.52333 0 0 0 0
1.53 0 0 0 0
1.53667 0 0 0 0
1.54333 0 0 0 0
1.55 0 0 0 0
1.55667 0 0 0 0
1.56333 0 0 0 0
1.57 0 0 0 0
1.57667 0 0 0 0
1.58333 0 0 0 0
1.59 0 0 0 0
1.59667 0 0 0 0
1.60333 0 0 0 0
1.61 0 0 0 0
1.61667 0 0 0 0
1.62333 0 0 0 0
1.63 0 0 0 0
1.63667 0 0 0 0
1.64333 0 0 0 0
1.65 0 0 0 0
1.65667 0 0 0 0
1.66333 0 0 0 0
1.67 0 0 0 0
1.67667 0 0 0 0
1.68333 0 0 0 0
1.69 0 0 0 0
1.69667 0 0 0 0
1.70333 0 0 0 0
1.71 0 0 0 0
1.71667 0 0 0 0
1.72333 0 0 0 0
1.73 0 0 0 0
1.73667 0 0 0 0
1.74333 0 0 0 0
1.75 0 0 0 0
1.75667 0 0 0 0
1.76333 0 0 0 0
1.77 0 0 0 0
1.77667 0 0 0 0
1.78333 0 0 0 0
1.79 0 0 0 0
1.79667 0 0 0 0
1.80333 0 0 0 0
1.81 0 0 0 0
1.81667 0 0 0 0
1.82333 0 0 0 0
1.83 0 0 0 0
1.83667 0 0 0 0
1.84333 0 0 0 0
1.85 0 0 0 0
1.85667 0 0 0 0
1.86333 0 0 0 0
1.87 0 0 0 0
1.87667 0 0 0 0
1.88333 0 0 0 0
1.89 0 0 0 0
1.89667 0 0 0 0
1.90333 0 0 0 0
1.91 0 0 0 0
1.91667 0 0 0 0
1.92333 0 0 0 0
1.93 0 0 0 0
1.93667 0 0 0 0
1.94333 0 0 0 0
1.95 0 0 0 0
1.95667 0 0 0 0
1.96333 0 0 0 0
1.97 0 0 0 0
1.97667 0 0 0 0
1.98333 0 0 0 0
1.99 0 0 0 0
1.99667 0 0 0 0
