0.00333333 0 10 16 77
0.01 4 11 29 94
0.0166667 5 10 24 74
0.0233333 1 6 22 77
0.03 0 12 26 77
0.0366667 5 11 25 106
0.0433333 4 12 39 104
0.05 7 14 47 108
0.0566667 7 14 46 115
0.0633333 3 18 53 123
0.07 5 17 54 134
0.0766667 1 14 59 148
0.0833333 5 14 64 167
0.09 10 16 56 150
0.0966667 4 25 60 143
0.103333 4 12 68 139
0.11 5 16 61 153
0.116667 4 20 57 158
0.123333 2 18 54 168
0.13 7 21 52 167
0.136667 8 17 57 141
0.143333 8 21 49 166
0.15 6 18 53 142
0.156667 4 9 51 143
0.163333 11 21 48 143
0.17 3 11 40 136
0.176667 7 17 44 137
0.183333 5 17 46 179
0.19 3 20 52 196
0.196667 11 19 35 208
0.203333 7 20 40 183
0.21 9 24 34 177
0.216667 2 18 38 163
0.223333 11 15 40 165
0.23 9 23 46 158
0.236667 6 22 34 142
0.243333 6 20 35 148
0.25 6 20 39 147
0.256667 3 16 38 174
0.263333 3 19 34 133
0.27 3 15 27 131
0.276667 3 10 37 116
0.283333 4 15 29 124
0.29 5 17 23 95
0.296667 1 12 23 105
0.303333 4 14 28 123
0.31 5 12 31 98
0.316667 5 14 26 87
0.323333 5 13 29 83
0.33 4 11 17 104
0.336667 1 9 23 101
0.343333 1 18 18 86
0.35 7 16 23 97
0.356667 6 11 19 88
0.363333 3 6 17 71
0.37 3 15 27 89
0.376667 8 7 22 98
0.383333 3 7 27 105
0.39 6 9 26 90
0.396667 0 12 30 89
0.403333 6 9 16 86
0.41 4 7 14 77
0.416667 6 14 10 74
0.423333 6 13 21 79
0.43 3 18 19 86
0.436667 7 12 21 82
0.443333 5 16 24 79
0.45 5 17 17 73
0.456667 3 15 16 93
0.463333 2 7 17 85
0.47 10 25 22 88
0.476667 6 10 13 80
0.483333 2 4 8 48
0.49 1 9 14 43
0.496667 2 6 15 41
0.503333 0 7 10 29
0.51 5 5 12 52
0.516667 1 5 24 39
0.523333 4 5 14 39
0.53 2 10 8 27
0.536667 1 5 10 22
0.543333 2 4 11 29
0.55 2 4 17 43
0.556667 4 8 10 28
0.563333 2 8 14 26
0.57 0 5 15 30
0.576667 2 8 2 37
0.583333 2 2 15 20
0.59 6 10 10 21
0.596667 4 8 7 26
0.603333 5 5 5 32
0.61 4 7 10 26
0.616667 2 4 13 19
0.623333 3 7 9 28
0.63 3 0 10 18
0.636667 1 4 15 31
0.643333 4 6 6 23
0.65 2 4 13 22
0.656667 1 3 3 14
0.663333 159 535 333 3971
0.67 0 0 0 0
0.676667 0 0 0 0
0.683333 0 0 0 0
0.69 0 0 0 0
0.696667 0 0 0 0
0.703333 0 0 0 0
0.71 0 0 0 0
0.716667 0 0 0 0
0.723333 0 0 0 0
0.73 0 0 0 0
0.736667 0 0 0 0
0.743333 0 0 0 0
0.75 0 0 0 0
0.756667 0 0 0 0
0.763333 0 0 0 0
0.77 0 0 0 0
0.776667 0 0 0 0
0.783333 0 0 0 0
0.79 0 0 0 0
0.796667 0 0 0 0
0.803333 0 0 0 0
0.81 0 0 0 0
0.816667 0 0 0 0
0.823333 0 0 0 0
0.83 0 0 0 0
0.836667 0 0 0 0
0.843333 0 0 0 0
0.85 0 0 0 0
0.856667 0 0 0 0
0.863333 0 0 0 0
0.87 0 0 0 0
0.876667 0 0 0 0
0.883333 0 0 0 0
0.89 0 0 0 0
0.896667 0 0 0 0
0.903333 0 0 0 0
0.91 0 0 0 0
0.916667 0 0 0 0
0.923333 0 0 0 0
0.93 0 0 0 0
0.936667 0 0 0 0
0.943333 0 0 0 0
0.95 0 0 0 0
0.956667 0 0 0 0
0.963333 0 0 0 0
0.97 0 0 0 0
0.976667 0 0 0 0
0.983333 0 0 0 0
0.99 0 0 0 0
0.996667 0 0 0 0
1.00333 0 0 0 0
1.01 0 0 0 0
1.01667 0 0 0 0
1.02333 0 0 0 0
1.03 0 0 0 0
1.03667 0 0 0 0
1.04333 0 0 0 0
1.05 0 0 0 0
1.05667 0 0 0 0
1.06333 0 0 0 0
1.07 0 0 0 0
1.07667 0 0 0 0
1.08333 0 0 0 0
1.09 0 0 0 0
1.09667 0 0 0 0
1.10333 0 0 0 0
1.11 0 0 0 0
1.11667 0 0 0 0
1.12333 0 0 0 0
1.13 0 0 0 0
1.13667 0 0 0 0
1.14333 0 0 0 0
1.15 0 0 0 0
1.15667 0 0 0 0
1.16333 0 0 0 0
1.17 0 0 0 0
1.17667 0 0 0 0
1.18333 0 0 0 0
1.19 0 0 0 0
1.19667 0 0 0 0
1.20333 0 0 0 0
1.21 0 0 0 0
1.21667 0 0 0 0
1.22333 0 0 0 0
1.23 0 0 0 0
1.23667 0 0 0 0
1.24333 0 0 0 0
1.25 0 0 0 0
1.25667 0 0 0 0
1.26333 0 0 0 0
1.27 0 0 0 0
1.27667 0 0 0 0
1.28333 0 0 0 0
1.29 0 0 0 0
1.29667 0 0 0 0
1.30333 0 0 0 0
1.31 0 0 0 0
1.31667 0 0 0 0
1.32333 0 0 0 0
1.33 0 0 0 0
1.33667 0 0 0 0
1.34333 0 0 0 0
1.35 0 0 0 0
1.35667 0 0 0 0
1.36333 0 0 0 0
1.37 0 0 0 0
1.37667 0 0 0 0
1.38333 0 0 0 0
1.39 0 0 0 0
1.39667 0 0 0 0
1.40333 0 0 0 0
1.41 0 0 0 0
1.41667 0 0 0 0
1.42333 0 0 0 0
1.43 0 0 0 0
1.43667 0 0 0 0
1.44333 0 0 0 0
1.45 0 0 0 0
1.45667 0 0 0 0
1.46333 0 0 0 0
1.47 0 0 0 0
1.47667 0 0 0 0
1.48333 0 0 0 0
1.49 0 0 0 0
1.49667 0 0 0 0
1.50333 0 0 0 0
1.51 0 0 0 0
1.51667 0 0 0 0
1.52333 0 0 0 0
1.53 0 0 0 0
1.53667 0 0 0 0
1.54333 0 0 0 0
1.55 0 0 0 0
1.55667 0 0 0 0
1.56333 0 0 0 0
1.57 0 0 0 0
1.57667 0 0 0 0
1.58333 0 0 0 0
1.59 0 0 0 0
1.59667 0 0 0 0
1.60333 0 0 0 0
1.61 0 0 0 0
1.61667 0 0 0 0
1.62333 0 0 0 0
1.63 0 0 0 0
1.63667 0 0 0 0
1.64333 0 0 0 0
1.65 0 0 0 0
1.65667 0 0 0 0
1.66333 0 0 0 0
1.67 0 0 0 0
1.67667 0 0 0 0
1.68333 0 0 0 0
1.69 0 0 0 0
1.69667 0 0 0 0
1.70333 0 0 0 0
1.71 0 0 0 0
1.71667 0 0 0 0
1.72333 0 0 0 0
1.73 0 0 0 0
1.73667 0 0 0 0
1.74333 0 0 0 0
1.75 0 0 0 0
1.75667 0 0 0 0
1.76333 0 0 0 0
1.77 0 0 0 0
1.77667 0 0 0 0
1.78333 0 0 0 0
1.79 0 0 0 0
1.79667 0 0 0 0
1.80333 0 0 0 0
1.81 0 0 0 0
1.81667 0 0 0 0
1.82333 0 0 0 0
1.83 0 0 0 0
1.83667 0 0 0 0
1.84333 0 0 0 0
1.85 0 0 0 0
1.85667 0 0 0 0
1.86333 0 0 0 0
1.87 0 0 0 0
1.87667 0 0 0 0
1.88333 0 0 0 0
1.89 0 0 0 0
1.89667 0 0 0 0
1.90333 0 0 0 0
1.91 0 0 0 0
1.91667 0 0 0 0
1.92333 0 0 0 0
1.93 0 0 0 0
1.93667 0 0 0 0
1.94333 0 0 0 0
1.95 0 0 0 0
1.95667 0 0 0 0
1.96333 0 0 0 0
1.97 0 0 0 0
1.97667 0 0 0 0
1.98333 0 0 0 0
1.99 0 0 0 0
1.99667 0 0 0 0
