0.00333333 182 12 2 2
0.01 206 19 0 6
0.0166667 195 28 0 1
0.0233333 202 10 1 4
0.03 210 20 2 2
0.0366667 267 30 1 1
0.0433333 277 30 2 5
0.05 289 51 3 2
0.0566667 285 50 1 3
0.0633333 344 56 3 3
0.07 401 57 0 4
0.0766667 377 64 1 3
0.0833333 411 66 1 2
0.09 443 81 3 3
0.0966667 408 65 3 4
0.103333 447 59 3 5
0.11 424 68 3 4
0.116667 477 67 1 2
0.123333 487 52 0 3
0.13 494 64 1 0
0.136667 480 58 1 6
0.143333 485 44 1 4
0.15 473 50 2 2
0.156667 477 41 4 1
0.163333 446 47 4 4
0.17 480 52 1 0
0.176667 436 45 1 4
0.183333 559 46 4 4
0.19 712 45 4 5
0.196667 685 46 0 6
0.203333 655 45 3 4
0.21 576 36 2 3
0.216667 557 42 1 3
0.223333 539 37 1 1
0.23 496 38 2 3
0.236667 463 38 0 5
0.243333 421 44 1 3
0.25 383 49 2 2
0.256667 340 47 1 3
0.263333 321 31 0 1
0.27 339 41 3 2
0.276667 273 28 1 3
0.283333 314 32 2 3
0.29 288 28 0 1
0.296667 253 28 0 2
0.303333 269 22 2 3
0.31 276 30 1 2
0.316667 226 35 1 4
0.323333 234 32 1 3
0.33 242 34 0 2
0.336667 246 25 1 3
0.343333 258 32 2 1
0.35 246 21 2 1
0.356667 217 21 0 2
0.363333 220 32 3 1
0.37 215 34 4 3
0.376667 201 21 2 2
0.383333 207 21 1 5
0.39 217 24 1 2
0.396667 218 20 0 5
0.403333 206 27 2 3
0.41 211 20 1 2
0.416667 202 26 0 1
0.423333 202 17 2 4
0.43 193 22 1 1
0.436667 244 21 0 5
0.443333 218 14 0 5
0.45 225 20 3 0
0.456667 253 26 1 2
0.463333 227 20 0 0
0.47 230 20 0 1
0.476667 192 23 0 3
0.483333 127 22 1 1
0.49 107 14 0 1
0.496667 86 14 0 0
0.503333 109 15 1 1
0.51 74 11 3 2
0.516667 95 17 2 2
0.523333 67 18 1 1
0.53 57 14 0 1
0.536667 84 14 1 1
0.543333 63 9 0 1
0.55 64 8 1 0
0.556667 65 10 0 5
0.563333 60 14 1 1
0.57 73 13 1 1
0.576667 62 17 2 0
0.583333 61 15 1 4
0.59 69 13 0 0
0.596667 41 9 1 2
0.603333 59 10 1 0
0.61 51 5 3 5
0.616667 52 9 2 0
0.623333 51 9 0 3
0.63 59 11 0 0
0.636667 82 15 0 4
0.643333 39 10 1 2
0.65 46 15 2 2
0.656667 48 8 3 2
0.663333 11633 449 11 91
0.67 0 0 0 0
0.676667 0 0 0 0
0.683333 0 0 0 0
0.69 0 0 0 0
0.696667 0 0 0 0
0.703333 0 0 0 0
0.71 0 0 0 0
0.716667 0 0 0 0
0.723333 0 0 0 0
0.73 0 0 0 0
0.736667 0 0 0 0
0.743333 0 0 0 0
0.75 0 0 0 0
0.756667 0 0 0 0
0.763333 0 0 0 0
0.77 0 0 0 0
0.776667 0 0 0 0
0.783333 0 0 0 0
0.79 0 0 0 0
0.796667 0 0 0 0
0.803333 0 0 0 0
0.81 0 0 0 0
0.816667 0 0 0 0
0.823333 0 0 0 0
0.83 0 0 0 0
0.836667 0 0 0 0
0.843333 0 0 0 0
0.85 0 0 0 0
0.856667 0 0 0 0
0.863333 0 0 0 0
0.87 0 0 0 0
0.876667 0 0 0 0
0.883333 0 0 0 0
0.89 0 0 0 0
0.896667 0 0 0 0
0.903333 0 0 0 0
0.91 0 0 0 0
0.916667 0 0 0 0
0.923333 0 0 0 0
0.93 0 0 0 0
0.936667 0 0 0 0
0.943333 0 0 0 0
0.95 0 0 0 0
0.956667 0 0 0 0
0.963333 0 0 0 0
0.97 0 0 0 0
0.976667 0 0 0 0
0.983333 0 0 0 0
0.99 0 0 0 0
0.996667 0 0 0 0
1.00333 0 0 0 0
1.01 0 0 0 0
1.01667 0 0 0 0
1.02333 0 0 0 0
1.03 0 0 0 0
1.03667 0 0 0 0
1.04333 0 0 0 0
1.05 0 0 0 0
1.05667 0 0 0 0
1.06333 0 0 0 0
1.07 0 0 0 0
1.07667 0 0 0 0
1.08333 0 0 0 0
1.09 0 0 0 0
1.09667 0 0 0 0
1.10333 0 0 0 0
1.11 0 0 0 0
1.11667 0 0 0 0
1.12333 0 0 0 0
1.13 0 0 0 0
1.13667 0 0 0 0
1.14333 0 0 0 0
1.15 0 0 0 0
1.15667 0 0 0 0
1.16333 0 0 0 0
1.17 0 0 0 0
1.17667 0 0 0 0
1.18333 0 0 0 0
1.19 0 0 0 0
1.19667 0 0 0 0
1.20333 0 0 0 0
1.21 0 0 0 0
1.21667 0 0 0 0
1.22333 0 0 0 0
1.23 0 0 0 0
1.23667 0 0 0 0
1.24333 0 0 0 0
1.25 0 0 0 0
1.25667 0 0 0 0
1.26333 0 0 0 0
1.27 0 0 0 0
1.27667 0 0 0 0
1.28333 0 0 0 0
1.29 0 0 0 0
1.29667 0 0 0 0
1.30333 0 0 0 0
1.31 0 0 0 0
1.31667 0 0 0 0
1.32333 0 0 0 0
1.33 0 0 0 0
1.33667 0 0 0 0
1.34333 0 0 0 0
1.35 0 0 0 0
1.35667 0 0 0 0
1.36333 0 0 0 0
1.37 0 0 0 0
1.37667 0 0 0 0
1.38333 0 0 0 0
1.39 0 0 0 0
1.39667 0 0 0 0
1.40333 0 0 0 0
1.41 0 0 0 0
1.41667 0 0 0 0
1.42333 0 0 0 0
1.43 0 0 0 0
1.43667 0 0 0 0
1.44333 0 0 0 0
1.45 0 0 0 0
1.45667 0 0 0 0
1.46333 0 0 0 0
1.47 0 0 0 0
1.47667 0 0 0 0
1.48333 0 0 0 0
1.49 0 0 0 0
1.49667 0 0 0 0
1.50333 0 0 0 0
1.51 0 0 0 0
1.51667 0 0 0 0
1.52333 0 0 0 0
1.53 0 0 0 0
1.53667 0 0 0 0
1.54333 0 0 0 0
1.55 0 0 0 0
1.55667 0 0 0 0
1.56333 0 0 0 0
1.57 0 0 0 0
1.57667 0 0 0 0
1.58333 0 0 0 0
1.59 0 0 0 0
1.59667 0 0 0 0
1.60333 0 0 0 0
1.61 0 0 0 0
1.61667 0 0 0 0
1.62333 0 0 0 0
1.63 0 0 0 0
1.63667 0 0 0 0
1.64333 0 0 0 0
1.65 0 0 0 0
1.65667 0 0 0 0
1.66333 0 0 0 0
1.67 0 0 0 0
1.67667 0 0 0 0
1.68333 0 0 0 0
1.69 0 0 0 0
1.69667 0 0 0 0
1.70333 0 0 0 0
1.71 0 0 0 0
1.71667 0 0 0 0
1.72333 0 0 0 0
1.73 0 0 0 0
1.73667 0 0 0 0
1.74333 0 0 0 0
1.75 0 0 0 0
1.75667 0 0 0 0
1.76333 0 0 0 0
1.77 0 0 0 0
1.77667 0 0 0 0
1.78333 0 0 0 0
1.79 0 0 0 0
1.79667 0 0 0 0
1.80333 0 0 0 0
1.81 0 0 0 0
1.81667 0 0 0 0
1.82333 0 0 0 0
1.83 0 0 0 0
1.83667 0 0 0 0
1.84333 0 0 0 0
1.85 0 0 0 0
1.85667 0 0 0 0
1.86333 0 0 0 0
1.87 0 0 0 0
1.87667 0 0 0 0
1.88333 0 0 0 0
1.89 0 0 0 0
1.89667 0 0 0 0
1.90333 0 0 0 0
1.91 0 0 0 0
1.91667 0 0 0 0
1.92333 0 0 0 0
1.93 0 0 0 0
1.93667 0 0 0 0
1.94333 0 0 0 0
1.95 0 0 0 0
1.95667 0 0 0 0
1.96333 0 0 0 0
1.97 0 0 0 0
1.97667 0 0 0 0
1.98333 0 0 0 0
1.99 0 0 0 0
1.99667 0 0 0 0
