0.00333333 125 7 0 1
0.01 125 11 1 6
0.0166667 147 15 1 2
0.0233333 127 15 0 1
0.03 157 15 0 1
0.0366667 154 20 0 1
0.0433333 156 20 1 1
0.05 184 27 0 1
0.0566667 191 36 0 5
0.0633333 213 42 2 0
0.07 251 37 0 2
0.0766667 256 30 2 2
0.0833333 267 38 2 1
0.09 284 41 3 4
0.0966667 285 45 3 3
0.103333 272 37 2 3
0.11 285 36 3 2
0.116667 291 37 2 4
0.123333 326 24 1 1
0.13 311 25 2 1
0.136667 335 18 2 0
0.143333 280 19 0 3
0.15 314 29 1 2
0.156667 301 31 0 1
0.163333 297 21 3 2
0.17 286 25 3 1
0.176667 311 25 4 0
0.183333 340 28 0 2
0.19 433 22 1 3
0.196667 382 25 1 3
0.203333 404 25 1 2
0.21 398 19 3 3
0.216667 366 18 2 2
0.223333 357 23 1 3
0.23 319 15 1 3
0.236667 332 19 0 3
0.243333 307 15 0 4
0.25 311 29 1 6
0.256667 247 21 1 1
0.263333 245 23 0 1
0.27 215 22 1 1
0.276667 247 29 2 3
0.283333 229 17 2 4
0.29 217 20 0 2
0.296667 222 18 0 1
0.303333 202 11 0 3
0.31 167 28 1 1
0.316667 179 18 0 0
0.323333 159 22 2 1
0.33 178 20 0 2
0.336667 173 12 0 0
0.343333 179 16 0 2
0.35 180 11 1 3
0.356667 156 13 2 1
0.363333 154 24 3 2
0.37 157 15 1 3
0.376667 151 17 1 2
0.383333 130 13 1 4
0.39 157 21 1 1
0.396667 150 16 0 5
0.403333 137 16 0 3
0.41 134 14 2 0
0.416667 159 15 1 3
0.423333 148 10 0 1
0.43 159 16 1 1
0.436667 140 9 0 5
0.443333 125 8 1 2
0.45 162 12 2 0
0.456667 152 15 0 2
0.463333 156 11 1 0
0.47 154 15 1 0
0.476667 136 16 0 3
0.483333 82 13 0 1
0.49 67 6 0 1
0.496667 60 12 0 2
0.503333 79 10 0 0
0.51 78 9 1 1
0.516667 43 8 0 2
0.523333 64 8 0 0
0.53 51 7 0 1
0.536667 52 5 1 1
0.543333 59 5 0 2
0.55 41 8 0 1
0.556667 44 6 0 2
0.563333 57 11 0 2
0.57 59 10 1 0
0.576667 38 6 0 0
0.583333 52 10 2 3
0.59 44 9 0 1
0.596667 38 4 1 2
0.603333 48 5 1 0
0.61 40 4 1 2
0.616667 38 6 0 1
0.623333 50 6 0 3
0.63 46 9 0 0
0.636667 66 1 0 1
0.643333 34 3 1 0
0.65 29 8 1 1
0.656667 32 5 1 1
0.663333 7406 227 9 66
0.67 0 0 0 0
0.676667 0 0 0 0
0.683333 0 0 0 0
0.69 0 0 0 0
0.696667 0 0 0 0
0.703333 0 0 0 0
0.71 0 0 0 0
0.716667 0 0 0 0
0.723333 0 0 0 0
0.73 0 0 0 0
0.736667 0 0 0 0
0.743333 0 0 0 0
0.75 0 0 0 0
0.756667 0 0 0 0
0.763333 0 0 0 0
0.77 0 0 0 0
0.776667 0 0 0 0
0.783333 0 0 0 0
0.79 0 0 0 0
0.796667 0 0 0 0
0.803333 0 0 0 0
0.81 0 0 0 0
0.816667 0 0 0 0
0.823333 0 0 0 0
0.83 0 0 0 0
0.836667 0 0 0 0
0.843333 0 0 0 0
0.85 0 0 0 0
0.856667 0 0 0 0
0.863333 0 0 0 0
0.87 0 0 0 0
0.876667 0 0 0 0
0.883333 0 0 0 0
0.89 0 0 0 0
0.896667 0 0 0 0
0.903333 0 0 0 0
0.91 0 0 0 0
0.916667 0 0 0 0
0.923333 0 0 0 0
0.93 0 0 0 0
0.936667 0 0 0 0
0.943333 0 0 0 0
0.95 0 0 0 0
0.956667 0 0 0 0
0.963333 0 0 0 0
0.97 0 0 0 0
0.976667 0 0 0 0
0.983333 0 0 0 0
0.99 0 0 0 0
0.996667 0 0 0 0
1.00333 0 0 0 0
1.01 0 0 0 0
1.01667 0 0 0 0
1.02333 0 0 0 0
1.03 0 0 0 0
1.03667 0 0 0 0
1.04333 0 0 0 0
1.05 0 0 0 0
1.05667 0 0 0 0
1.06333 0 0 0 0
1.07 0 0 0 0
1.07667 0 0 0 0
1.08333 0 0 0 0
1.09 0 0 0 0
1.09667 0 0 0 0
1.10333 0 0 0 0
1.11 0 0 0 0
1.11667 0 0 0 0
1.12333 0 0 0 0
1.13 0 0 0 0
1.13667 0 0 0 0
1.14333 0 0 0 0
1.15 0 0 0 0
1.15667 0 0 0 0
1.16333 0 0 0 0
1.17 0 0 0 0
1.17667 0 0 0 0
1.18333 0 0 0 0
1.19 0 0 0 0
1.19667 0 0 0 0
1.20333 0 0 0 0
1.21 0 0 0 0
1.21667 0 0 0 0
1.22333 0 0 0 0
1.23 0 0 0 0
1.23667 0 0 0 0
1.24333 0 0 0 0
1.25 0 0 0 0
1.25667 0 0 0 0
1.26333 0 0 0 0
1.27 0 0 0 0
1.27667 0 0 0 0
1.28333 0 0 0 0
1.29 0 0 0 0
1.29667 0 0 0 0
1.30333 0 0 0 0
1.31 0 0 0 0
1.31667 0 0 0 0
1.32333 0 0 0 0
1.33 0 0 0 0
1.33667 0 0 0 0
1.34333 0 0 0 0
1.35 0 0 0 0
1.35667 0 0 0 0
1.36333 0 0 0 0
1.37 0 0 0 0
1.37667 0 0 0 0
1.38333 0 0 0 0
1.39 0 0 0 0
1.39667 0 0 0 0
1.40333 0 0 0 0
1.41 0 0 0 0
1.41667 0 0 0 0
1.42333 0 0 0 0
1.43 0 0 0 0
1.43667 0 0 0 0
1.44333 0 0 0 0
1.45 0 0 0 0
1.45667 0 0 0 0
1.46333 0 0 0 0
1.47 0 0 0 0
1.47667 0 0 0 0
1.48333 0 0 0 0
1.49 0 0 0 0
1.49667 0 0 0 0
1.50333 0 0 0 0
1.51 0 0 0 0
1.51667 0 0 0 0
1.52333 0 0 0 0
1.53 0 0 0 0
1.53667 0 0 0 0
1.54333 0 0 0 0
1.55 0 0 0 0
1.55667 0 0 0 0
1.56333 0 0 0 0
1.57 0 0 0 0
1.57667 0 0 0 0
1.58333 0 0 0 0
1.59 0 0 0 0
1.59667 0 0 0 0
1.60333 0 0 0 0
1.61 0 0 0 0
1.61667 0 0 0 0
1.62333 0 0 0 0
1.63 0 0 0 0
1.63667 0 0 0 0
1.64333 0 0 0 0
1.65 0 0 0 0
1.65667 0 0 0 0
1.66333 0 0 0 0
1.67 0 0 0 0
1.67667 0 0 0 0
1.68333 0 0 0 0
1.69 0 0 0 0
1.69667 0 0 0 0
1.70333 0 0 0 0
1.71 0 0 0 0
1.71667 0 0 0 0
1.72333 0 0 0 0
1.73 0 0 0 0
1.73667 0 0 0 0
1.74333 0 0 0 0
1.75 0 0 0 0
1.75667 0 0 0 0
1.76333 0 0 0 0
1.77 0 0 0 0
1.77667 0 0 0 0
1.78333 0 0 0 0
1.79 0 0 0 0
1.79667 0 0 0 0
1.80333 0 0 0 0
1.81 0 0 0 0
1.81667 0 0 0 0
1.82333 0 0 0 0
1.83 0 0 0 0
1.83667 0 0 0 0
1.84333 0 0 0 0
1.85 0 0 0 0
1.85667 0 0 0 0
1.86333 0 0 0 0
1.87 0 0 0 0
1.87667 0 0 0 0
1.88333 0 0 0 0
1.89 0 0 0 0
1.89667 0 0 0 0
1.90333 0 0 0 0
1.91 0 0 0 0
1.91667 0 0 0 0
1.92333 0 0 0 0
1.93 0 0 0 0
1.93667 0 0 0 0
1.94333 0 0 0 0
1.95 0 0 0 0
1.95667 0 0 0 0
1.96333 0 0 0 0
1.97 0 0 0 0
1.97667 0 0 0 0
1.98333 0 0 0 0
1.99 0 0 0 0
1.99667 0 0 0 0
