0.00333333 22 28 3 0
0.01 33 41 5 0
0.0166667 38 37 5 1
0.0233333 29 49 7 0
0.03 46 49 7 2
0.0366667 40 49 9 2
0.0433333 61 94 12 0
0.05 92 128 9 4
0.0566667 97 112 12 2
0.0633333 101 138 19 0
0.07 106 150 18 2
0.0766667 122 148 21 3
0.0833333 105 141 18 2
0.09 93 167 21 3
0.0966667 110 152 15 4
0.103333 101 151 13 0
0.11 121 135 8 1
0.116667 116 166 21 5
0.123333 85 147 20 2
0.13 97 106 12 2
0.136667 76 116 17 2
0.143333 79 101 17 1
0.15 84 121 20 3
0.156667 81 111 19 2
0.163333 72 107 15 5
0.17 66 119 8 0
0.176667 75 94 15 2
0.183333 76 104 17 2
0.19 81 95 14 0
0.196667 81 101 16 1
0.203333 77 95 12 0
0.21 65 71 8 1
0.216667 65 89 12 3
0.223333 58 78 15 2
0.23 69 83 12 2
0.236667 58 87 14 3
0.243333 58 59 14 2
0.25 54 61 18 1
0.256667 43 73 8 1
0.263333 62 67 7 1
0.27 44 68 10 1
0.276667 58 62 15 2
0.283333 48 57 11 0
0.29 42 52 4 0
0.296667 42 51 6 0
0.303333 51 58 10 2
0.31 47 43 5 0
0.316667 32 55 8 0
0.323333 36 41 10 0
0.33 45 45 8 1
0.336667 46 56 8 0
0.343333 45 40 9 0
0.35 31 46 5 1
0.356667 33 46 6 1
0.363333 34 45 8 1
0.37 33 53 5 1
0.376667 42 51 9 2
0.383333 33 41 11 1
0.39 32 58 6 1
0.396667 27 45 6 3
0.403333 38 41 8 2
0.41 43 47 6 1
0.416667 35 34 12 0
0.423333 27 44 3 0
0.43 27 42 14 0
0.436667 27 35 6 1
0.443333 26 32 13 1
0.45 36 33 6 0
0.456667 27 36 6 1
0.463333 31 42 6 1
0.47 31 33 6 3
0.476667 24 21 5 0
0.483333 22 19 8 1
0.49 18 25 5 1
0.496667 19 17 4 0
0.503333 16 27 5 1
0.51 18 36 2 0
0.516667 23 16 2 1
0.523333 22 16 7 0
0.53 19 20 6 0
0.536667 11 28 6 0
0.543333 18 18 4 0
0.55 13 19 5 0
0.556667 17 28 4 0
0.563333 17 20 5 0
0.57 13 24 3 0
0.576667 12 15 5 0
0.583333 19 22 1 0
0.59 13 17 8 2
0.596667 21 26 3 1
0.603333 14 27 2 0
0.61 10 20 5 0
0.616667 15 15 4 1
0.623333 15 18 3 0
0.63 20 18 6 2
0.636667 14 22 2 0
0.643333 20 19 3 1
0.65 14 15 3 2
0.656667 12 17 3 0
0.663333 564 814 192 5
0.67 0 0 0 0
0.676667 0 0 0 0
0.683333 0 0 0 0
0.69 0 0 0 0
0.696667 0 0 0 0
0.703333 0 0 0 0
0.71 0 0 0 0
0.716667 0 0 0 0
0.723333 0 0 0 0
0.73 0 0 0 0
0.736667 0 0 0 0
0.743333 0 0 0 0
0.75 0 0 0 0
0.756667 0 0 0 0
0.763333 0 0 0 0
0.77 0 0 0 0
0.776667 0 0 0 0
0.783333 0 0 0 0
0.79 0 0 0 0
0.796667 0 0 0 0
0.803333 0 0 0 0
0.81 0 0 0 0
0.816667 0 0 0 0
0.823333 0 0 0 0
0.83 0 0 0 0
0.836667 0 0 0 0
0.843333 0 0 0 0
0.85 0 0 0 0
0.856667 0 0 0 0
0.863333 0 0 0 0
0.87 0 0 0 0
0.876667 0 0 0 0
0.883333 0 0 0 0
0.89 0 0 0 0
0.896667 0 0 0 0
0.903333 0 0 0 0
0.91 0 0 0 0
0.916667 0 0 0 0
0.923333 0 0 0 0
0.93 0 0 0 0
0.936667 0 0 0 0
0.943333 0 0 0 0
0.95 0 0 0 0
0.956667 0 0 0 0
0.963333 0 0 0 0
0.97 0 0 0 0
0.976667 0 0 0 0
0.983333 0 0 0 0
0.99 0 0 0 0
0.996667 0 0 0 0
1.00333 0 0 0 0
1.01 0 0 0 0
1.01667 0 0 0 0
1.02333 0 0 0 0
1.03 0 0 0 0
1.03667 0 0 0 0
1.04333 0 0 0 0
1.05 0 0 0 0
1.05667 0 0 0 0
1.06333 0 0 0 0
1.07 0 0 0 0
1.07667 0 0 0 0
1.08333 0 0 0 0
1.09 0 0 0 0
1.09667 0 0 0 0
1.10333 0 0 0 0
1.11 0 0 0 0
1.11667 0 0 0 0
1.12333 0 0 0 0
1.13 0 0 0 0
1.13667 0 0 0 0
1.14333 0 0 0 0
1.15 0 0 0 0
1.15667 0 0 0 0
1.16333 0 0 0 0
1.17 0 0 0 0
1.17667 0 0 0 0
1.18333 0 0 0 0
1.19 0 0 0 0
1.19667 0 0 0 0
1.20333 0 0 0 0
1.21 0 0 0 0
1.21667 0 0 0 0
1.22333 0 0 0 0
1.23 0 0 0 0
1.23667 0 0 0 0
1.24333 0 0 0 0
1.25 0 0 0 0
1.25667 0 0 0 0
1.26333 0 0 0 0
1.27 0 0 0 0
1.27667 0 0 0 0
1.28333 0 0 0 0
1.29 0 0 0 0
1.29667 0 0 0 0
1.30333 0 0 0 0
1.31 0 0 0 0
1.31667 0 0 0 0
1.32333 0 0 0 0
1.33 0 0 0 0
1.33667 0 0 0 0
1.34333 0 0 0 0
1.35 0 0 0 0
1.35667 0 0 0 0
1.36333 0 0 0 0
1.37 0 0 0 0
1.37667 0 0 0 0
1.38333 0 0 0 0
1.39 0 0 0 0
1.39667 0 0 0 0
1.40333 0 0 0 0
1.41 0 0 0 0
1.41667 0 0 0 0
1.42333 0 0 0 0
1.43 0 0 0 0
1.43667 0 0 0 0
1.44333 0 0 0 0
1.45 0 0 0 0
1.45667 0 0 0 0
1.46333 0 0 0 0
1.47 0 0 0 0
1.47667 0 0 0 0
1.48333 0 0 0 0
1.49 0 0 0 0
1.49667 0 0 0 0
1.50333 0 0 0 0
1.51 0 0 0 0
1.51667 0 0 0 0
1.52333 0 0 0 0
1.53 0 0 0 0
1.53667 0 0 0 0
1.54333 0 0 0 0
1.55 0 0 0 0
1.55667 0 0 0 0
1.56333 0 0 0 0
1.57 0 0 0 0
1.57667 0 0 0 0
1.58333 0 0 0 0
1.59 0 0 0 0
1.59667 0 0 0 0
1.60333 0 0 0 0
1.61 0 0 0 0
1.61667 0 0 0 0
1.62333 0 0 0 0
1.63 0 0 0 0
1.63667 0 0 0 0
1.64333 0 0 0 0
1.65 0 0 0 0
1.65667 0 0 0 0
1.66333 0 0 0 0
1.67 0 0 0 0
1.67667 0 0 0 0
1.68333 0 0 0 0
1.69 0 0 0 0
1.69667 0 0 0 0
1.70333 0 0 0 0
1.71 0 0 0 0
1.71667 0 0 0 0
1.72333 0 0 0 0
1.73 0 0 0 0
1.73667 0 0 0 0
1.74333 0 0 0 0
1.75 0 0 0 0
1.75667 0 0 0 0
1.76333 0 0 0 0
1.77 0 0 0 0
1.77667 0 0 0 0
1.78333 0 0 0 0
1.79 0 0 0 0
1.79667 0 0 0 0
1.80333 0 0 0 0
1.81 0 0 0 0
1.81667 0 0 0 0
1.82333 0 0 0 0
1.83 0 0 0 0
1.83667 0 0 0 0
1.84333 0 0 0 0
1.85 0 0 0 0
1.85667 0 0 0 0
1.86333 0 0 0 0
1.87 0 0 0 0
1.87667 0 0 0 0
1.88333 0 0 0 0
1.89 0 0 0 0
1.89667 0 0 0 0
1.90333 0 0 0 0
1.91 0 0 0 0
1.91667 0 0 0 0
1.92333 0 0 0 0
1.93 0 0 0 0
1.93667 0 0 0 0
1.94333 0 0 0 0
1.95 0 0 0 0
1.95667 0 0 0 0
1.96333 0 0 0 0
1.97 0 0 0 0
1.97667 0 0 0 0
1.98333 0 0 0 0
1.99 0 0 0 0
1.99667 0 0 0 0
