0.00333333 3 3 41 25
0.01 3 6 44 42
0.0166667 4 7 63 43
0.0233333 4 5 59 35
0.03 3 8 79 41
0.0366667 4 12 83 66
0.0433333 3 14 126 70
0.05 4 17 156 90
0.0566667 7 14 170 101
0.0633333 5 18 178 100
0.07 6 17 200 137
0.0766667 10 20 223 133
0.0833333 4 15 197 142
0.09 6 13 191 159
0.0966667 7 17 239 127
0.103333 13 21 214 128
0.11 6 20 192 117
0.116667 9 23 164 132
0.123333 2 21 184 129
0.13 7 18 198 123
0.136667 6 14 201 99
0.143333 10 15 176 141
0.15 5 10 147 99
0.156667 4 7 151 97
0.163333 8 13 125 104
0.17 3 14 163 107
0.176667 8 7 145 91
0.183333 9 15 152 111
0.19 8 15 177 126
0.196667 7 21 146 105
0.203333 8 19 124 91
0.21 4 12 117 106
0.216667 6 15 125 114
0.223333 7 12 102 101
0.23 3 17 116 74
0.236667 4 10 111 82
0.243333 5 11 120 84
0.25 2 16 100 61
0.256667 5 8 99 75
0.263333 6 7 85 58
0.27 5 8 72 72
0.276667 3 11 83 66
0.283333 2 9 103 60
0.29 2 13 105 68
0.296667 3 11 77 55
0.303333 7 16 70 59
0.31 1 7 86 49
0.316667 1 4 70 56
0.323333 4 8 76 67
0.33 2 5 57 48
0.336667 3 7 89 43
0.343333 1 6 73 49
0.35 1 4 77 38
0.356667 1 9 52 49
0.363333 3 5 51 37
0.37 4 11 65 48
0.376667 1 9 56 46
0.383333 2 8 66 50
0.39 4 6 49 41
0.396667 4 5 69 37
0.403333 0 6 56 44
0.41 3 11 40 34
0.416667 4 7 51 43
0.423333 3 6 55 43
0.43 3 3 52 45
0.436667 0 5 54 27
0.443333 4 5 58 45
0.45 4 8 58 33
0.456667 2 7 65 30
0.463333 3 5 49 30
0.47 1 4 48 41
0.476667 4 9 43 32
0.483333 1 4 39 32
0.49 0 7 34 17
0.496667 5 4 22 22
0.503333 2 2 23 18
0.51 4 3 26 24
0.516667 2 3 26 21
0.523333 3 6 32 27
0.53 1 7 30 26
0.536667 2 4 27 22
0.543333 3 2 20 17
0.55 2 6 33 15
0.556667 2 6 25 18
0.563333 1 4 27 23
0.57 2 3 24 12
0.576667 4 5 20 16
0.583333 5 7 14 23
0.59 1 7 19 17
0.596667 0 3 21 26
0.603333 2 4 27 16
0.61 0 0 45 21
0.616667 2 2 18 15
0.623333 1 3 25 17
0.63 1 3 25 16
0.636667 1 2 18 25
0.643333 1 4 22 19
0.65 0 2 28 17
0.656667 2 4 16 18
0.663333 39 89 1285 994
0.67 0 0 0 0
0.676667 0 0 0 0
0.683333 0 0 0 0
0.69 0 0 0 0
0.696667 0 0 0 0
0.703333 0 0 0 0
0.71 0 0 0 0
0.716667 0 0 0 0
0.723333 0 0 0 0
0.73 0 0 0 0
0.736667 0 0 0 0
0.743333 0 0 0 0
0.75 0 0 0 0
0.756667 0 0 0 0
0.763333 0 0 0 0
0.77 0 0 0 0
0.776667 0 0 0 0
0.783333 0 0 0 0
0.79 0 0 0 0
0.796667 0 0 0 0
0.803333 0 0 0 0
0.81 0 0 0 0
0.816667 0 0 0 0
0.823333 0 0 0 0
0.83 0 0 0 0
0.836667 0 0 0 0
0.843333 0 0 0 0
0.85 0 0 0 0
0.856667 0 0 0 0
0.863333 0 0 0 0
0.87 0 0 0 0
0.876667 0 0 0 0
0.883333 0 0 0 0
0.89 0 0 0 0
0.896667 0 0 0 0
0.903333 0 0 0 0
0.91 0 0 0 0
0.916667 0 0 0 0
0.923333 0 0 0 0
0.93 0 0 0 0
0.936667 0 0 0 0
0.943333 0 0 0 0
0.95 0 0 0 0
0.956667 0 0 0 0
0.963333 0 0 0 0
0.97 0 0 0 0
0.976667 0 0 0 0
0.983333 0 0 0 0
0.99 0 0 0 0
0.996667 0 0 0 0
1.00333 0 0 0 0
1.01 0 0 0 0
1.01667 0 0 0 0
1.02333 0 0 0 0
1.03 0 0 0 0
1.03667 0 0 0 0
1.04333 0 0 0 0
1.05 0 0 0 0
1.05667 0 0 0 0
1.06333 0 0 0 0
1.07 0 0 0 0
1.07667 0 0 0 0
1.08333 0 0 0 0
1.09 0 0 0 0
1.09667 0 0 0 0
1.10333 0 0 0 0
1.11 0 0 0 0
1.11667 0 0 0 0
1.12333 0 0 0 0
1.13 0 0 0 0
1.13667 0 0 0 0
1.14333 0 0 0 0
1.15 0 0 0 0
1.15667 0 0 0 0
1.16333 0 0 0 0
1.17 0 0 0 0
1.17667 0 0 0 0
1.18333 0 0 0 0
1.19 0 0 0 0
1.19667 0 0 0 0
1.20333 0 0 0 0
1.21 0 0 0 0
1.21667 0 0 0 0
1.22333 0 0 0 0
1.23 0 0 0 0
1.23667 0 0 0 0
1.24333 0 0 0 0
1.25 0 0 0 0
1.25667 0 0 0 0
1.26333 0 0 0 0
1.27 0 0 0 0
1.27667 0 0 0 0
1.28333 0 0 0 0
1.29 0 0 0 0
1.29667 0 0 0 0
1.30333 0 0 0 0
1.31 0 0 0 0
1.31667 0 0 0 0
1.32333 0 0 0 0
1.33 0 0 0 0
1.33667 0 0 0 0
1.34333 0 0 0 0
1.35 0 0 0 0
1.35667 0 0 0 0
1.36333 0 0 0 0
1.37 0 0 0 0
1.37667 0 0 0 0
1.38333 0 0 0 0
1.39 0 0 0 0
1.39667 0 0 0 0
1.40333 0 0 0 0
1.41 0 0 0 0
1.41667 0 0 0 0
1.42333 0 0 0 0
1.43 0 0 0 0
1.43667 0 0 0 0
1.44333 0 0 0 0
1.45 0 0 0 0
1.45667 0 0 0 0
1.46333 0 0 0 0
1.47 0 0 0 0
1.47667 0 0 0 0
1.48333 0 0 0 0
1.49 0 0 0 0
1.49667 0 0 0 0
1.50333 0 0 0 0
1.51 0 0 0 0
1.51667 0 0 0 0
1.52333 0 0 0 0
1.53 0 0 0 0
1.53667 0 0 0 0
1.54333 0 0 0 0
1.55 0 0 0 0
1.55667 0 0 0 0
1.56333 0 0 0 0
1.57 0 0 0 0
1.57667 0 0 0 0
1.58333 0 0 0 0
1.59 0 0 0 0
1.59667 0 0 0 0
1.60333 0 0 0 0
1.61 0 0 0 0
1.61667 0 0 0 0
1.62333 0 0 0 0
1.63 0 0 0 0
1.63667 0 0 0 0
1.64333 0 0 0 0
1.65 0 0 0 0
1.65667 0 0 0 0
1.66333 0 0 0 0
1.67 0 0 0 0
1.67667 0 0 0 0
1.68333 0 0 0 0
1.69 0 0 0 0
1.69667 0 0 0 0
1.70333 0 0 0 0
1.71 0 0 0 0
1.71667 0 0 0 0
1.72333 0 0 0 0
1.73 0 0 0 0
1.73667 0 0 0 0
1.74333 0 0 0 0
1.75 0 0 0 0
1.75667 0 0 0 0
1.76333 0 0 0 0
1.77 0 0 0 0
1.77667 0 0 0 0
1.78333 0 0 0 0
1.79 0 0 0 0
1.79667 0 0 0 0
1.80333 0 0 0 0
1.81 0 0 0 0
1.81667 0 0 0 0
1.82333 0 0 0 0
1.83 0 0 0 0
1.83667 0 0 0 0
1.84333 0 0 0 0
1.85 0 0 0 0
1.85667 0 0 0 0
1.86333 0 0 0 0
1.87 0 0 0 0
1.87667 0 0 0 0
1.88333 0 0 0 0
1.89 0 0 0 0
1.89667 0 0 0 0
1.90333 0 0 0 0
1.91 0 0 0 0
1.91667 0 0 0 0
1.92333 0 0 0 0
1.93 0 0 0 0
1.93667 0 0 0 0
1.94333 0 0 0 0
1.95 0 0 0 0
1.95667 0 0 0 0
1.96333 0 0 0 0
1.97 0 0 0 0
1.97667 0 0 0 0
1.98333 0 0 0 0
1.99 0 0 0 0
1.99667 0 0 0 0
