0.00333333 1 13 47 25
0.01 4 8 58 17
0.0166667 5 16 62 29
0.0233333 1 9 56 34
0.03 7 12 94 33
0.0366667 3 14 97 39
0.0433333 3 33 112 59
0.05 7 33 175 67
0.0566667 18 36 197 85
0.0633333 12 36 215 90
0.07 6 44 209 91
0.0766667 8 28 240 91
0.0833333 7 43 212 104
0.09 9 33 250 75
0.0966667 3 34 250 97
0.103333 14 41 229 101
0.11 13 37 241 80
0.116667 6 35 237 109
0.123333 8 40 197 89
0.13 12 28 197 97
0.136667 7 25 229 89
0.143333 12 33 172 89
0.15 5 29 179 64
0.156667 10 30 196 64
0.163333 12 26 165 73
0.17 11 35 166 65
0.176667 5 15 156 73
0.183333 11 27 135 64
0.19 6 30 151 71
0.196667 11 30 155 66
0.203333 6 34 152 66
0.21 4 22 143 66
0.216667 6 24 151 67
0.223333 9 20 112 63
0.23 5 30 139 49
0.236667 4 32 114 63
0.243333 8 22 118 50
0.25 8 18 113 50
0.256667 5 19 120 58
0.263333 6 11 87 47
0.27 2 18 92 47
0.276667 4 22 93 33
0.283333 6 19 84 44
0.29 4 14 101 40
0.296667 6 16 95 47
0.303333 7 16 75 38
0.31 6 16 85 28
0.316667 2 11 81 32
0.323333 8 13 82 33
0.33 2 12 71 35
0.336667 4 12 81 30
0.343333 3 8 70 30
0.35 2 14 60 25
0.356667 4 9 95 26
0.363333 1 10 61 34
0.37 3 14 48 31
0.376667 1 10 70 25
0.383333 7 15 74 31
0.39 4 16 69 30
0.396667 5 12 51 25
0.403333 3 6 58 20
0.41 4 12 65 22
0.416667 4 17 55 26
0.423333 1 11 58 30
0.43 2 8 48 27
0.436667 2 9 44 20
0.443333 3 10 58 29
0.45 4 21 53 19
0.456667 2 9 64 26
0.463333 4 14 57 27
0.47 2 9 46 23
0.476667 2 11 61 26
0.483333 2 6 35 13
0.49 3 7 32 13
0.496667 0 5 43 15
0.503333 4 8 25 19
0.51 0 8 36 10
0.516667 1 8 38 17
0.523333 4 8 34 13
0.53 1 6 32 14
0.536667 2 4 27 16
0.543333 4 7 21 13
0.55 2 11 44 20
0.556667 3 9 32 12
0.563333 1 8 25 13
0.57 3 6 34 14
0.576667 7 7 21 17
0.583333 3 8 24 13
0.59 7 9 27 16
0.596667 2 7 25 16
0.603333 0 11 29 13
0.61 4 4 26 13
0.616667 2 11 14 7
0.623333 2 9 22 6
0.63 2 10 28 9
0.636667 0 7 30 9
0.643333 0 4 21 12
0.65 2 7 25 12
0.656667 1 6 22 8
0.663333 56 202 1378 587
0.67 0 0 0 0
0.676667 0 0 0 0
0.683333 0 0 0 0
0.69 0 0 0 0
0.696667 0 0 0 0
0.703333 0 0 0 0
0.71 0 0 0 0
0.716667 0 0 0 0
0.723333 0 0 0 0
0.73 0 0 0 0
0.736667 0 0 0 0
0.743333 0 0 0 0
0.75 0 0 0 0
0.756667 0 0 0 0
0.763333 0 0 0 0
0.77 0 0 0 0
0.776667 0 0 0 0
0.783333 0 0 0 0
0.79 0 0 0 0
0.796667 0 0 0 0
0.803333 0 0 0 0
0.81 0 0 0 0
0.816667 0 0 0 0
0.823333 0 0 0 0
0.83 0 0 0 0
0.836667 0 0 0 0
0.843333 0 0 0 0
0.85 0 0 0 0
0.856667 0 0 0 0
0.863333 0 0 0 0
0.87 0 0 0 0
0.876667 0 0 0 0
0.883333 0 0 0 0
0.89 0 0 0 0
0.896667 0 0 0 0
0.903333 0 0 0 0
0.91 0 0 0 0
0.916667 0 0 0 0
0.923333 0 0 0 0
0.93 0 0 0 0
0.936667 0 0 0 0
0.943333 0 0 0 0
0.95 0 0 0 0
0.956667 0 0 0 0
0.963333 0 0 0 0
0.97 0 0 0 0
0.976667 0 0 0 0
0.983333 0 0 0 0
0.99 0 0 0 0
0.996667 0 0 0 0
1.00333 0 0 0 0
1.01 0 0 0 0
1.01667 0 0 0 0
1.02333 0 0 0 0
1.03 0 0 0 0
1.03667 0 0 0 0
1.04333 0 0 0 0
1.05 0 0 0 0
1.05667 0 0 0 0
1.06333 0 0 0 0
1.07 0 0 0 0
1.07667 0 0 0 0
1.08333 0 0 0 0
1.09 0 0 0 0
1.09667 0 0 0 0
1.10333 0 0 0 0
1.11 0 0 0 0
1.11667 0 0 0 0
1.12333 0 0 0 0
1.13 0 0 0 0
1.13667 0 0 0 0
1.14333 0 0 0 0
1.15 0 0 0 0
1.15667 0 0 0 0
1.16333 0 0 0 0
1.17 0 0 0 0
1.17667 0 0 0 0
1.18333 0 0 0 0
1.19 0 0 0 0
1.19667 0 0 0 0
1.20333 0 0 0 0
1.21 0 0 0 0
1.21667 0 0 0 0
1.22333 0 0 0 0
1.23 0 0 0 0
1.23667 0 0 0 0
1.24333 0 0 0 0
1.25 0 0 0 0
1.25667 0 0 0 0
1.26333 0 0 0 0
1.27 0 0 0 0
1.27667 0 0 0 0
1.28333 0 0 0 0
1.29 0 0 0 0
1.29667 0 0 0 0
1.30333 0 0 0 0
1.31 0 0 0 0
1.31667 0 0 0 0
1.32333 0 0 0 0
1.33 0 0 0 0
1.33667 0 0 0 0
1.34333 0 0 0 0
1.35 0 0 0 0
1.35667 0 0 0 0
1.36333 0 0 0 0
1.37 0 0 0 0
1.37667 0 0 0 0
1.38333 0 0 0 0
1.39 0 0 0 0
1.39667 0 0 0 0
1.40333 0 0 0 0
1.41 0 0 0 0
1.41667 0 0 0 0
1.42333 0 0 0 0
1.43 0 0 0 0
1.43667 0 0 0 0
1.44333 0 0 0 0
1.45 0 0 0 0
1.45667 0 0 0 0
1.46333 0 0 0 0
1.47 0 0 0 0
1.47667 0 0 0 0
1.48333 0 0 0 0
1.49 0 0 0 0
1.49667 0 0 0 0
1.50333 0 0 0 0
1.51 0 0 0 0
1.51667 0 0 0 0
1.52333 0 0 0 0
1.53 0 0 0 0
1.53667 0 0 0 0
1.54333 0 0 0 0
1.55 0 0 0 0
1.55667 0 0 0 0
1.56333 0 0 0 0
1.57 0 0 0 0
1.57667 0 0 0 0
1.58333 0 0 0 0
1.59 0 0 0 0
1.59667 0 0 0 0
1.60333 0 0 0 0
1.61 0 0 0 0
1.61667 0 0 0 0
1.62333 0 0 0 0
1.63 0 0 0 0
1.63667 0 0 0 0
1.64333 0 0 0 0
1.65 0 0 0 0
1.65667 0 0 0 0
1.66333 0 0 0 0
1.67 0 0 0 0
1.67667 0 0 0 0
1.68333 0 0 0 0
1.69 0 0 0 0
1.69667 0 0 0 0
1.70333 0 0 0 0
1.71 0 0 0 0
1.71667 0 0 0 0
1.72333 0 0 0 0
1.73 0 0 0 0
1.73667 0 0 0 0
1.74333 0 0 0 0
1.75 0 0 0 0
1.75667 0 0 0 0
1.76333 0 0 0 0
1.77 0 0 0 0
1.77667 0 0 0 0
1.78333 0 0 0 0
1.79 0 0 0 0
1.79667 0 0 0 0
1.80333 0 0 0 0
1.81 0 0 0 0
1.81667 0 0 0 0
1.82333 0 0 0 0
1.83 0 0 0 0
1.83667 0 0 0 0
1.84333 0 0 0 0
1.85 0 0 0 0
1.85667 0 0 0 0
1.86333 0 0 0 0
1.87 0 0 0 0
1.87667 0 0 0 0
1.88333 0 0 0 0
1.89 0 0 0 0
1.89667 0 0 0 0
1.90333 0 0 0 0
1.91 0 0 0 0
1.91667 0 0 0 0
1.92333 0 0 0 0
1.93 0 0 0 0
1.93667 0 0 0 0
1.94333 0 0 0 0
1.95 0 0 0 0
1.95667 0 0 0 0
1.96333 0 0 0 0
1.97 0 0 0 0
1.97667 0 0 0 0
1.98333 0 0 0 0
1.99 0 0 0 0
1.99667 0 0 0 0
