0.00333333 6 34 29 2
0.01 11 33 22 4
0.0166667 6 33 30 5
0.0233333 10 48 32 3
0.03 11 40 38 3
0.0366667 15 60 38 8
0.0433333 24 69 46 3
0.05 29 93 66 14
0.0566667 32 111 77 9
0.0633333 32 127 80 16
0.07 38 149 92 14
0.0766667 28 131 106 16
0.0833333 39 133 104 12
0.09 29 126 89 13
0.0966667 33 137 100 13
0.103333 38 125 106 13
0.11 24 132 98 20
0.116667 22 120 88 15
0.123333 27 108 86 6
0.13 21 108 93 5
0.136667 23 100 87 8
0.143333 20 93 85 6
0.15 21 95 80 10
0.156667 16 67 66 5
0.163333 26 71 65 10
0.17 35 68 83 7
0.176667 19 83 105 9
0.183333 25 75 84 11
0.19 15 70 89 11
0.196667 20 67 76 9
0.203333 16 81 80 7
0.21 23 68 80 7
0.216667 23 67 61 6
0.223333 17 80 89 3
0.23 15 68 59 8
0.236667 18 67 64 8
0.243333 17 51 60 6
0.25 17 55 52 10
0.256667 16 58 54 4
0.263333 12 56 59 8
0.27 11 65 46 10
0.276667 8 51 57 10
0.283333 10 52 47 9
0.29 18 49 43 4
0.296667 14 51 30 11
0.303333 10 53 44 9
0.31 20 46 35 6
0.316667 12 46 40 1
0.323333 10 46 44 11
0.33 7 52 43 3
0.336667 18 26 38 4
0.343333 9 30 44 3
0.35 16 39 37 7
0.356667 10 45 43 4
0.363333 8 26 42 3
0.37 9 41 32 3
0.376667 6 29 36 6
0.383333 14 39 40 6
0.39 8 33 34 4
0.396667 8 38 25 5
0.403333 12 36 26 3
0.41 8 28 34 4
0.416667 11 25 30 1
0.423333 4 37 44 1
0.43 6 26 32 6
0.436667 9 34 30 7
0.443333 5 27 28 2
0.45 7 35 21 3
0.456667 10 20 29 3
0.463333 5 38 28 5
0.47 5 28 30 6
0.476667 11 19 24 2
0.483333 5 14 21 6
0.49 1 22 23 1
0.496667 7 19 16 2
0.503333 6 12 18 3
0.51 5 19 25 1
0.516667 3 21 17 2
0.523333 6 20 13 1
0.53 5 20 15 3
0.536667 4 18 17 3
0.543333 3 13 10 6
0.55 7 16 15 1
0.556667 4 13 10 4
0.563333 5 17 14 5
0.57 6 21 21 3
0.576667 8 11 17 2
0.583333 4 7 19 5
0.59 3 22 13 2
0.596667 2 11 19 1
0.603333 5 18 10 1
0.61 3 10 9 2
0.616667 3 16 10 2
0.623333 3 7 16 1
0.63 7 21 16 0
0.636667 3 13 16 2
0.643333 7 9 15 2
0.65 2 20 8 2
0.656667 4 20 14 2
0.663333 138 578 866 51
0.67 0 0 0 0
0.676667 0 0 0 0
0.683333 0 0 0 0
0.69 0 0 0 0
0.696667 0 0 0 0
0.703333 0 0 0 0
0.71 0 0 0 0
0.716667 0 0 0 0
0.723333 0 0 0 0
0.73 0 0 0 0
0.736667 0 0 0 0
0.743333 0 0 0 0
0.75 0 0 0 0
0.756667 0 0 0 0
0.763333 0 0 0 0
0.77 0 0 0 0
0.776667 0 0 0 0
0.783333 0 0 0 0
0.79 0 0 0 0
0.796667 0 0 0 0
0.803333 0 0 0 0
0.81 0 0 0 0
0.816667 0 0 0 0
0.823333 0 0 0 0
0.83 0 0 0 0
0.836667 0 0 0 0
0.843333 0 0 0 0
0.85 0 0 0 0
0.856667 0 0 0 0
0.863333 0 0 0 0
0.87 0 0 0 0
0.876667 0 0 0 0
0.883333 0 0 0 0
0.89 0 0 0 0
0.896667 0 0 0 0
0.903333 0 0 0 0
0.91 0 0 0 0
0.916667 0 0 0 0
0.923333 0 0 0 0
0.93 0 0 0 0
0.936667 0 0 0 0
0.943333 0 0 0 0
0.95 0 0 0 0
0.956667 0 0 0 0
0.963333 0 0 0 0
0.97 0 0 0 0
0.976667 0 0 0 0
0.983333 0 0 0 0
0.99 0 0 0 0
0.996667 0 0 0 0
1.00333 0 0 0 0
1.01 0 0 0 0
1.01667 0 0 0 0
1.02333 0 0 0 0
1.03 0 0 0 0
1.03667 0 0 0 0
1.04333 0 0 0 0
1.05 0 0 0 0
1.05667 0 0 0 0
1.06333 0 0 0 0
1.07 0 0 0 0
1.07667 0 0 0 0
1.08333 0 0 0 0
1.09 0 0 0 0
1.09667 0 0 0 0
1.10333 0 0 0 0
1.11 0 0 0 0
1.11667 0 0 0 0
1.12333 0 0 0 0
1.13 0 0 0 0
1.13667 0 0 0 0
1.14333 0 0 0 0
1.15 0 0 0 0
1.15667 0 0 0 0
1.16333 0 0 0 0
1.17 0 0 0 0
1.17667 0 0 0 0
1.18333 0 0 0 0
1.19 0 0 0 0
1.19667 0 0 0 0
1.20333 0 0 0 0
1.21 0 0 0 0
1.21667 0 0 0 0
1.22333 0 0 0 0
1.23 0 0 0 0
1.23667 0 0 0 0
1.24333 0 0 0 0
1.25 0 0 0 0
1.25667 0 0 0 0
1.26333 0 0 0 0
1.27 0 0 0 0
1.27667 0 0 0 0
1.28333 0 0 0 0
1.29 0 0 0 0
1.29667 0 0 0 0
1.30333 0 0 0 0
1.31 0 0 0 0
1.31667 0 0 0 0
1.32333 0 0 0 0
1.33 0 0 0 0
1.33667 0 0 0 0
1.34333 0 0 0 0
1.35 0 0 0 0
1.35667 0 0 0 0
1.36333 0 0 0 0
1.37 0 0 0 0
1.37667 0 0 0 0
1.38333 0 0 0 0
1.39 0 0 0 0
1.39667 0 0 0 0
1.40333 0 0 0 0
1.41 0 0 0 0
1.41667 0 0 0 0
1.42333 0 0 0 0
1.43 0 0 0 0
1.43667 0 0 0 0
1.44333 0 0 0 0
1.45 0 0 0 0
1.45667 0 0 0 0
1.46333 0 0 0 0
1.47 0 0 0 0
1.47667 0 0 0 0
1.48333 0 0 0 0
1.49 0 0 0 0
1.49667 0 0 0 0
1.50333 0 0 0 0
1.51 0 0 0 0
1.51667 0 0 0 0
1.52333 0 0 0 0
1.53 0 0 0 0
1.53667 0 0 0 0
1.54333 0 0 0 0
1.55 0 0 0 0
1.55667 0 0 0 0
1.56333 0 0 0 0
1.57 0 0 0 0
1.57667 0 0 0 0
1.58333 0 0 0 0
1.59 0 0 0 0
1.59667 0 0 0 0
1.60333 0 0 0 0
1.61 0 0 0 0
1.61667 0 0 0 0
1.62333 0 0 0 0
1.63 0 0 0 0
1.63667 0 0 0 0
1.64333 0 0 0 0
1.65 0 0 0 0
1.65667 0 0 0 0
1.66333 0 0 0 0
1.67 0 0 0 0
1.67667 0 0 0 0
1.68333 0 0 0 0
1.69 0 0 0 0
1.69667 0 0 0 0
1.70333 0 0 0 0
1.71 0 0 0 0
1.71667 0 0 0 0
1.72333 0 0 0 0
1.73 0 0 0 0
1.73667 0 0 0 0
1.74333 0 0 0 0
1.75 0 0 0 0
1.75667 0 0 0 0
1.76333 0 0 0 0
1.77 0 0 0 0
1.77667 0 0 0 0
1.78333 0 0 0 0
1.79 0 0 0 0
1.79667 0 0 0 0
1.80333 0 0 0 0
1.81 0 0 0 0
1.81667 0 0 0 0
1.82333 0 0 0 0
1.83 0 0 0 0
1.83667 0 0 0 0
1.84333 0 0 0 0
1.85 0 0 0 0
1.85667 0 0 0 0
1.86333 0 0 0 0
1.87 0 0 0 0
1.87667 0 0 0 0
1.88333 0 0 0 0
1.89 0 0 0 0
1.89667 0 0 0 0
1.90333 0 0 0 0
1.91 0 0 0 0
1.91667 0 0 0 0
1.92333 0 0 0 0
1.93 0 0 0 0
1.93667 0 0 0 0
1.94333 0 0 0 0
1.95 0 0 0 0
1.95667 0 0 0 0
1.96333 0 0 0 0
1.97 0 0 0 0
1.97667 0 0 0 0
1.98333 0 0 0 0
1.99 0 0 0 0
1.99667 0 0 0 0
