0.00333333 0 1 30 27
0.01 1 0 42 50
0.0166667 1 0 39 53
0.0233333 0 2 43 49
0.03 1 4 43 50
0.0366667 1 8 55 78
0.0433333 0 4 56 83
0.05 3 2 85 115
0.0566667 3 4 99 111
0.0633333 2 6 104 130
0.07 5 3 113 143
0.0766667 6 5 128 144
0.0833333 3 5 114 142
0.09 0 9 124 153
0.0966667 6 3 111 149
0.103333 3 6 127 166
0.11 4 11 99 171
0.116667 1 5 128 172
0.123333 2 6 118 157
0.13 3 8 111 163
0.136667 1 4 108 143
0.143333 2 7 94 139
0.15 1 8 94 156
0.156667 0 4 90 130
0.163333 1 1 91 119
0.17 1 6 97 136
0.176667 5 11 88 130
0.183333 1 3 88 132
0.19 3 6 106 132
0.196667 3 1 88 142
0.203333 2 3 83 119
0.21 2 5 70 125
0.216667 2 1 69 137
0.223333 1 2 93 138
0.23 3 3 97 113
0.236667 2 5 78 93
0.243333 0 6 55 97
0.25 2 0 69 86
0.256667 1 4 54 92
0.263333 0 4 71 86
0.27 1 2 54 90
0.276667 2 5 64 90
0.283333 0 2 62 82
0.29 1 1 59 72
0.296667 1 3 47 73
0.303333 1 2 45 67
0.31 1 0 52 84
0.316667 1 3 47 69
0.323333 2 2 49 67
0.33 2 1 37 65
0.336667 0 1 49 70
0.343333 1 2 50 60
0.35 1 1 50 76
0.356667 0 3 53 47
0.363333 1 3 38 58
0.37 3 1 42 55
0.376667 0 1 49 66
0.383333 0 2 34 57
0.39 3 1 29 66
0.396667 1 2 39 51
0.403333 0 3 33 64
0.41 0 5 34 62
0.416667 2 2 35 60
0.423333 2 2 45 47
0.43 1 1 35 39
0.436667 1 2 39 58
0.443333 3 0 30 43
0.45 1 6 31 43
0.456667 2 1 42 58
0.463333 2 1 37 64
0.47 0 2 29 49
0.476667 2 1 29 42
0.483333 0 1 25 34
0.49 1 3 22 42
0.496667 1 0 27 36
0.503333 1 3 21 30
0.51 0 1 22 38
0.516667 0 0 24 34
0.523333 1 1 20 24
0.53 1 1 26 33
0.536667 0 3 23 24
0.543333 0 1 25 22
0.55 1 1 21 17
0.556667 0 1 19 31
0.563333 1 2 22 39
0.57 1 4 17 30
0.576667 0 0 19 18
0.583333 3 0 16 21
0.59 0 3 20 34
0.596667 0 1 16 19
0.603333 0 1 19 24
0.61 0 0 20 24
0.616667 0 2 26 23
0.623333 3 1 15 25
0.63 0 2 18 27
0.636667 0 0 24 38
0.643333 1 0 16 20
0.65 0 1 15 26
0.656667 1 1 19 27
0.663333 21 25 868 1546
0.67 0 0 0 0
0.676667 0 0 0 0
0.683333 0 0 0 0
0.69 0 0 0 0
0.696667 0 0 0 0
0.703333 0 0 0 0
0.71 0 0 0 0
0.716667 0 0 0 0
0.723333 0 0 0 0
0.73 0 0 0 0
0.736667 0 0 0 0
0.743333 0 0 0 0
0.75 0 0 0 0
0.756667 0 0 0 0
0.763333 0 0 0 0
0.77 0 0 0 0
0.776667 0 0 0 0
0.783333 0 0 0 0
0.79 0 0 0 0
0.796667 0 0 0 0
0.803333 0 0 0 0
0.81 0 0 0 0
0.816667 0 0 0 0
0.823333 0 0 0 0
0.83 0 0 0 0
0.836667 0 0 0 0
0.843333 0 0 0 0
0.85 0 0 0 0
0.856667 0 0 0 0
0.863333 0 0 0 0
0.87 0 0 0 0
0.876667 0 0 0 0
0.883333 0 0 0 0
0.89 0 0 0 0
0.896667 0 0 0 0
0.903333 0 0 0 0
0.91 0 0 0 0
0.916667 0 0 0 0
0.923333 0 0 0 0
0.93 0 0 0 0
0.936667 0 0 0 0
0.943333 0 0 0 0
0.95 0 0 0 0
0.956667 0 0 0 0
0.963333 0 0 0 0
0.97 0 0 0 0
0.976667 0 0 0 0
0.983333 0 0 0 0
0.99 0 0 0 0
0.996667 0 0 0 0
1.00333 0 0 0 0
1.01 0 0 0 0
1.01667 0 0 0 0
1.02333 0 0 0 0
1.03 0 0 0 0
1.03667 0 0 0 0
1.04333 0 0 0 0
1.05 0 0 0 0
1.05667 0 0 0 0
1.06333 0 0 0 0
1.07 0 0 0 0
1.07667 0 0 0 0
1.08333 0 0 0 0
1.09 0 0 0 0
1.09667 0 0 0 0
1.10333 0 0 0 0
1.11 0 0 0 0
1.11667 0 0 0 0
1.12333 0 0 0 0
1.13 0 0 0 0
1.13667 0 0 0 0
1.14333 0 0 0 0
1.15 0 0 0 0
1.15667 0 0 0 0
1.16333 0 0 0 0
1.17 0 0 0 0
1.17667 0 0 0 0
1.18333 0 0 0 0
1.19 0 0 0 0
1.19667 0 0 0 0
1.20333 0 0 0 0
1.21 0 0 0 0
1.21667 0 0 0 0
1.22333 0 0 0 0
1.23 0 0 0 0
1.23667 0 0 0 0
1.24333 0 0 0 0
1.25 0 0 0 0
1.25667 0 0 0 0
1.26333 0 0 0 0
1.27 0 0 0 0
1.27667 0 0 0 0
1.28333 0 0 0 0
1.29 0 0 0 0
1.29667 0 0 0 0
1.30333 0 0 0 0
1.31 0 0 0 0
1.31667 0 0 0 0
1.32333 0 0 0 0
1.33 0 0 0 0
1.33667 0 0 0 0
1.34333 0 0 0 0
1.35 0 0 0 0
1.35667 0 0 0 0
1.36333 0 0 0 0
1.37 0 0 0 0
1.37667 0 0 0 0
1.38333 0 0 0 0
1.39 0 0 0 0
1.39667 0 0 0 0
1.40333 0 0 0 0
1.41 0 0 0 0
1.41667 0 0 0 0
1.42333 0 0 0 0
1.43 0 0 0 0
1.43667 0 0 0 0
1.44333 0 0 0 0
1.45 0 0 0 0
1.45667 0 0 0 0
1.46333 0 0 0 0
1.47 0 0 0 0
1.47667 0 0 0 0
1.48333 0 0 0 0
1.49 0 0 0 0
1.49667 0 0 0 0
1.50333 0 0 0 0
1.51 0 0 0 0
1.51667 0 0 0 0
1.52333 0 0 0 0
1.53 0 0 0 0
1.53667 0 0 0 0
1.54333 0 0 0 0
1.55 0 0 0 0
1.55667 0 0 0 0
1.56333 0 0 0 0
1.57 0 0 0 0
1.57667 0 0 0 0
1.58333 0 0 0 0
1.59 0 0 0 0
1.59667 0 0 0 0
1.60333 0 0 0 0
1.61 0 0 0 0
1.61667 0 0 0 0
1.62333 0 0 0 0
1.63 0 0 0 0
1.63667 0 0 0 0
1.64333 0 0 0 0
1.65 0 0 0 0
1.65667 0 0 0 0
1.66333 0 0 0 0
1.67 0 0 0 0
1.67667 0 0 0 0
1.68333 0 0 0 0
1.69 0 0 0 0
1.69667 0 0 0 0
1.70333 0 0 0 0
1.71 0 0 0 0
1.71667 0 0 0 0
1.72333 0 0 0 0
1.73 0 0 0 0
1.73667 0 0 0 0
1.74333 0 0 0 0
1.75 0 0 0 0
1.75667 0 0 0 0
1.76333 0 0 0 0
1.77 0 0 0 0
1.77667 0 0 0 0
1.78333 0 0 0 0
1.79 0 0 0 0
1.79667 0 0 0 0
1.80333 0 0 0 0
1.81 0 0 0 0
1.81667 0 0 0 0
1.82333 0 0 0 0
1.83 0 0 0 0
1.83667 0 0 0 0
1.84333 0 0 0 0
1.85 0 0 0 0
1.85667 0 0 0 0
1.86333 0 0 0 0
1.87 0 0 0 0
1.87667 0 0 0 0
1.88333 0 0 0 0
1.89 0 0 0 0
1.89667 0 0 0 0
1.90333 0 0 0 0
1.91 0 0 0 0
1.91667 0 0 0 0
1.92333 0 0 0 0
1.93 0 0 0 0
1.93667 0 0 0 0
1.94333 0 0 0 0
1.95 0 0 0 0
1.95667 0 0 0 0
1.96333 0 0 0 0
1.97 0 0 0 0
1.97667 0 0 0 0
1.98333 0 0 0 0
1.99 0 0 0 0
1.99667 0 0 0 0
