0.00333333 34 64 5 0
0.01 34 101 4 1
0.0166667 46 102 4 4
0.0233333 46 100 4 1
0.03 49 109 2 2
0.0366667 64 118 3 1
0.0433333 98 152 6 1
0.05 123 163 9 0
0.0566667 105 190 8 4
0.0633333 134 198 5 5
0.07 150 246 11 2
0.0766667 175 250 7 2
0.0833333 171 257 11 1
0.09 168 292 15 4
0.0966667 172 249 13 3
0.103333 177 240 13 5
0.11 151 277 9 1
0.116667 159 237 12 3
0.123333 156 275 10 5
0.13 138 252 10 1
0.136667 144 246 8 8
0.143333 135 244 7 0
0.15 129 241 7 1
0.156667 123 249 9 2
0.163333 127 256 4 1
0.17 120 222 9 6
0.176667 87 204 10 1
0.183333 107 212 7 4
0.19 98 280 10 4
0.196667 129 255 13 0
0.203333 122 239 5 0
0.21 127 248 6 2
0.216667 99 231 12 3
0.223333 95 220 6 2
0.23 88 194 11 2
0.236667 88 181 10 1
0.243333 78 171 9 1
0.25 74 163 11 0
0.256667 75 173 7 3
0.263333 79 154 5 3
0.27 89 151 5 2
0.276667 85 153 6 1
0.283333 61 121 4 1
0.29 71 112 5 0
0.296667 58 142 8 1
0.303333 49 155 2 1
0.31 65 143 3 1
0.316667 70 109 8 2
0.323333 58 118 4 1
0.33 51 109 5 1
0.336667 53 106 6 1
0.343333 64 100 8 0
0.35 59 118 8 0
0.356667 51 96 6 2
0.363333 46 104 5 0
0.37 51 107 5 1
0.376667 50 116 4 1
0.383333 47 87 4 0
0.39 32 113 3 0
0.396667 50 92 4 2
0.403333 46 93 6 0
0.41 49 72 5 3
0.416667 47 83 4 0
0.423333 56 85 6 1
0.43 46 84 6 2
0.436667 42 87 3 1
0.443333 45 74 3 1
0.45 40 93 6 0
0.456667 35 100 2 0
0.463333 45 81 4 1
0.47 36 90 2 1
0.476667 31 85 3 1
0.483333 27 45 5 0
0.49 32 48 5 0
0.496667 30 45 2 1
0.503333 31 41 3 0
0.51 33 41 3 0
0.516667 27 41 6 0
0.523333 23 37 4 3
0.53 21 51 2 0
0.536667 30 48 2 2
0.543333 21 34 2 0
0.55 24 37 2 0
0.556667 30 34 3 0
0.563333 24 42 1 1
0.57 24 44 0 0
0.576667 35 44 2 0
0.583333 31 43 3 1
0.59 22 40 3 1
0.596667 23 35 2 1
0.603333 22 45 3 1
0.61 31 32 1 3
0.616667 26 35 2 1
0.623333 24 38 6 1
0.63 19 42 1 1
0.636667 22 45 1 1
0.643333 17 27 7 0
0.65 27 29 2 1
0.656667 13 23 1 0
0.663333 1085 3301 62 14
0.67 0 0 0 0
0.676667 0 0 0 0
0.683333 0 0 0 0
0.69 0 0 0 0
0.696667 0 0 0 0
0.703333 0 0 0 0
0.71 0 0 0 0
0.716667 0 0 0 0
0.723333 0 0 0 0
0.73 0 0 0 0
0.736667 0 0 0 0
0.743333 0 0 0 0
0.75 0 0 0 0
0.756667 0 0 0 0
0.763333 0 0 0 0
0.77 0 0 0 0
0.776667 0 0 0 0
0.783333 0 0 0 0
0.79 0 0 0 0
0.796667 0 0 0 0
0.803333 0 0 0 0
0.81 0 0 0 0
0.816667 0 0 0 0
0.823333 0 0 0 0
0.83 0 0 0 0
0.836667 0 0 0 0
0.843333 0 0 0 0
0.85 0 0 0 0
0.856667 0 0 0 0
0.863333 0 0 0 0
0.87 0 0 0 0
0.876667 0 0 0 0
0.883333 0 0 0 0
0.89 0 0 0 0
0.896667 0 0 0 0
0.903333 0 0 0 0
0.91 0 0 0 0
0.916667 0 0 0 0
0.923333 0 0 0 0
0.93 0 0 0 0
0.936667 0 0 0 0
0.943333 0 0 0 0
0.95 0 0 0 0
0.956667 0 0 0 0
0.963333 0 0 0 0
0.97 0 0 0 0
0.976667 0 0 0 0
0.983333 0 0 0 0
0.99 0 0 0 0
0.996667 0 0 0 0
1.00333 0 0 0 0
1.01 0 0 0 0
1.01667 0 0 0 0
1.02333 0 0 0 0
1.03 0 0 0 0
1.03667 0 0 0 0
1.04333 0 0 0 0
1.05 0 0 0 0
1.05667 0 0 0 0
1.06333 0 0 0 0
1.07 0 0 0 0
1.07667 0 0 0 0
1.08333 0 0 0 0
1.09 0 0 0 0
1.09667 0 0 0 0
1.10333 0 0 0 0
1.11 0 0 0 0
1.11667 0 0 0 0
1.12333 0 0 0 0
1.13 0 0 0 0
1.13667 0 0 0 0
1.14333 0 0 0 0
1.15 0 0 0 0
1.15667 0 0 0 0
1.16333 0 0 0 0
1.17 0 0 0 0
1.17667 0 0 0 0
1.18333 0 0 0 0
1.19 0 0 0 0
1.19667 0 0 0 0
1.20333 0 0 0 0
1.21 0 0 0 0
1.21667 0 0 0 0
1.22333 0 0 0 0
1.23 0 0 0 0
1.23667 0 0 0 0
1.24333 0 0 0 0
1.25 0 0 0 0
1.25667 0 0 0 0
1.26333 0 0 0 0
1.27 0 0 0 0
1.27667 0 0 0 0
1.28333 0 0 0 0
1.29 0 0 0 0
1.29667 0 0 0 0
1.30333 0 0 0 0
1.31 0 0 0 0
1.31667 0 0 0 0
1.32333 0 0 0 0
1.33 0 0 0 0
1.33667 0 0 0 0
1.34333 0 0 0 0
1.35 0 0 0 0
1.35667 0 0 0 0
1.36333 0 0 0 0
1.37 0 0 0 0
1.37667 0 0 0 0
1.38333 0 0 0 0
1.39 0 0 0 0
1.39667 0 0 0 0
1.40333 0 0 0 0
1.41 0 0 0 0
1.41667 0 0 0 0
1.42333 0 0 0 0
1.43 0 0 0 0
1.43667 0 0 0 0
1.44333 0 0 0 0
1.45 0 0 0 0
1.45667 0 0 0 0
1.46333 0 0 0 0
1.47 0 0 0 0
1.47667 0 0 0 0
1.48333 0 0 0 0
1.49 0 0 0 0
1.49667 0 0 0 0
1.50333 0 0 0 0
1.51 0 0 0 0
1.51667 0 0 0 0
1.52333 0 0 0 0
1.53 0 0 0 0
1.53667 0 0 0 0
1.54333 0 0 0 0
1.55 0 0 0 0
1.55667 0 0 0 0
1.56333 0 0 0 0
1.57 0 0 0 0
1.57667 0 0 0 0
1.58333 0 0 0 0
1.59 0 0 0 0
1.59667 0 0 0 0
1.60333 0 0 0 0
1.61 0 0 0 0
1.61667 0 0 0 0
1.62333 0 0 0 0
1.63 0 0 0 0
1.63667 0 0 0 0
1.64333 0 0 0 0
1.65 0 0 0 0
1.65667 0 0 0 0
1.66333 0 0 0 0
1.67 0 0 0 0
1.67667 0 0 0 0
1.68333 0 0 0 0
1.69 0 0 0 0
1.69667 0 0 0 0
1.70333 0 0 0 0
1.71 0 0 0 0
1.71667 0 0 0 0
1.72333 0 0 0 0
1.73 0 0 0 0
1.73667 0 0 0 0
1.74333 0 0 0 0
1.75 0 0 0 0
1.75667 0 0 0 0
1.76333 0 0 0 0
1.77 0 0 0 0
1.77667 0 0 0 0
1.78333 0 0 0 0
1.79 0 0 0 0
1.79667 0 0 0 0
1.80333 0 0 0 0
1.81 0 0 0 0
1.81667 0 0 0 0
1.82333 0 0 0 0
1.83 0 0 0 0
1.83667 0 0 0 0
1.84333 0 0 0 0
1.85 0 0 0 0
1.85667 0 0 0 0
1.86333 0 0 0 0
1.87 0 0 0 0
1.87667 0 0 0 0
1.88333 0 0 0 0
1.89 0 0 0 0
1.89667 0 0 0 0
1.90333 0 0 0 0
1.91 0 0 0 0
1.91667 0 0 0 0
1.92333 0 0 0 0
1.93 0 0 0 0
1.93667 0 0 0 0
1.94333 0 0 0 0
1.95 0 0 0 0
1.95667 0 0 0 0
1.96333 0 0 0 0
1.97 0 0 0 0
1.97667 0 0 0 0
1.98333 0 0 0 0
1.99 0 0 0 0
1.99667 0 0 0 0
