0.00333333 1 4 31 46
0.01 4 2 27 50
0.0166667 5 8 48 52
0.0233333 6 5 41 59
0.03 3 5 56 47
0.0366667 1 11 67 83
0.0433333 2 15 99 80
0.05 7 14 122 100
0.0566667 7 10 137 126
0.0633333 10 10 162 126
0.07 7 19 125 160
0.0766667 6 24 161 157
0.0833333 7 19 165 166
0.09 7 20 142 193
0.0966667 11 20 164 151
0.103333 10 17 161 158
0.11 9 15 169 149
0.116667 8 16 134 189
0.123333 8 19 142 168
0.13 5 14 145 156
0.136667 5 25 140 132
0.143333 4 17 122 168
0.15 9 14 104 137
0.156667 6 11 125 134
0.163333 6 12 90 132
0.17 5 17 113 134
0.176667 5 5 108 151
0.183333 3 7 108 141
0.19 4 11 116 146
0.196667 7 9 96 131
0.203333 6 19 102 131
0.21 4 15 90 123
0.216667 4 11 100 126
0.223333 7 13 86 159
0.23 8 14 91 97
0.236667 3 11 83 105
0.243333 5 7 82 113
0.25 7 9 63 98
0.256667 4 7 66 84
0.263333 6 7 76 82
0.27 5 3 57 81
0.276667 4 12 63 88
0.283333 4 12 82 80
0.29 2 8 73 89
0.296667 7 9 57 68
0.303333 2 8 64 79
0.31 2 5 63 59
0.316667 1 4 64 79
0.323333 6 5 56 77
0.33 3 7 47 76
0.336667 4 7 50 67
0.343333 2 8 48 54
0.35 7 3 57 51
0.356667 1 4 41 71
0.363333 3 5 39 49
0.37 3 10 53 77
0.376667 6 6 36 63
0.383333 6 3 34 60
0.39 5 7 41 67
0.396667 3 1 43 52
0.403333 3 5 38 50
0.41 2 7 32 38
0.416667 2 10 43 59
0.423333 2 10 40 55
0.43 1 8 29 46
0.436667 0 7 38 52
0.443333 4 3 49 59
0.45 4 10 38 52
0.456667 1 4 37 46
0.463333 4 5 31 45
0.47 2 4 45 57
0.476667 3 7 33 42
0.483333 2 3 18 25
0.49 1 10 32 28
0.496667 1 6 27 40
0.503333 2 3 27 22
0.51 7 1 21 29
0.516667 1 4 23 30
0.523333 2 4 20 37
0.53 1 2 18 36
0.536667 2 5 17 24
0.543333 2 1 27 23
0.55 2 6 23 20
0.556667 2 6 17 29
0.563333 3 2 20 28
0.57 3 5 19 24
0.576667 3 2 14 21
0.583333 6 8 15 25
0.59 2 5 16 22
0.596667 5 3 23 32
0.603333 2 5 20 15
0.61 1 1 32 23
0.616667 3 2 18 18
0.623333 2 2 21 14
0.63 0 6 14 15
0.636667 2 2 16 27
0.643333 4 1 18 19
0.65 3 4 17 27
0.656667 1 4 16 17
0.663333 70 89 821 1685
0.67 0 0 0 0
0.676667 0 0 0 0
0.683333 0 0 0 0
0.69 0 0 0 0
0.696667 0 0 0 0
0.703333 0 0 0 0
0.71 0 0 0 0
0.716667 0 0 0 0
0.723333 0 0 0 0
0.73 0 0 0 0
0.736667 0 0 0 0
0.743333 0 0 0 0
0.75 0 0 0 0
0.756667 0 0 0 0
0.763333 0 0 0 0
0.77 0 0 0 0
0.776667 0 0 0 0
0.783333 0 0 0 0
0.79 0 0 0 0
0.796667 0 0 0 0
0.803333 0 0 0 0
0.81 0 0 0 0
0.816667 0 0 0 0
0.823333 0 0 0 0
0.83 0 0 0 0
0.836667 0 0 0 0
0.843333 0 0 0 0
0.85 0 0 0 0
0.856667 0 0 0 0
0.863333 0 0 0 0
0.87 0 0 0 0
0.876667 0 0 0 0
0.883333 0 0 0 0
0.89 0 0 0 0
0.896667 0 0 0 0
0.903333 0 0 0 0
0.91 0 0 0 0
0.916667 0 0 0 0
0.923333 0 0 0 0
0.93 0 0 0 0
0.936667 0 0 0 0
0.943333 0 0 0 0
0.95 0 0 0 0
0.956667 0 0 0 0
0.963333 0 0 0 0
0.97 0 0 0 0
0.976667 0 0 0 0
0.983333 0 0 0 0
0.99 0 0 0 0
0.996667 0 0 0 0
1.00333 0 0 0 0
1.01 0 0 0 0
1.01667 0 0 0 0
1.02333 0 0 0 0
1.03 0 0 0 0
1.03667 0 0 0 0
1.04333 0 0 0 0
1.05 0 0 0 0
1.05667 0 0 0 0
1.06333 0 0 0 0
1.07 0 0 0 0
1.07667 0 0 0 0
1.08333 0 0 0 0
1.09 0 0 0 0
1.09667 0 0 0 0
1.10333 0 0 0 0
1.11 0 0 0 0
1.11667 0 0 0 0
1.12333 0 0 0 0
1.13 0 0 0 0
1.13667 0 0 0 0
1.14333 0 0 0 0
1.15 0 0 0 0
1.15667 0 0 0 0
1.16333 0 0 0 0
1.17 0 0 0 0
1.17667 0 0 0 0
1.18333 0 0 0 0
1.19 0 0 0 0
1.19667 0 0 0 0
1.20333 0 0 0 0
1.21 0 0 0 0
1.21667 0 0 0 0
1.22333 0 0 0 0
1.23 0 0 0 0
1.23667 0 0 0 0
1.24333 0 0 0 0
1.25 0 0 0 0
1.25667 0 0 0 0
1.26333 0 0 0 0
1.27 0 0 0 0
1.27667 0 0 0 0
1.28333 0 0 0 0
1.29 0 0 0 0
1.29667 0 0 0 0
1.30333 0 0 0 0
1.31 0 0 0 0
1.31667 0 0 0 0
1.32333 0 0 0 0
1.33 0 0 0 0
1.33667 0 0 0 0
1.34333 0 0 0 0
1.35 0 0 0 0
1.35667 0 0 0 0
1.36333 0 0 0 0
1.37 0 0 0 0
1.37667 0 0 0 0
1.38333 0 0 0 0
1.39 0 0 0 0
1.39667 0 0 0 0
1.40333 0 0 0 0
1.41 0 0 0 0
1.41667 0 0 0 0
1.42333 0 0 0 0
1.43 0 0 0 0
1.43667 0 0 0 0
1.44333 0 0 0 0
1.45 0 0 0 0
1.45667 0 0 0 0
1.46333 0 0 0 0
1.47 0 0 0 0
1.47667 0 0 0 0
1.48333 0 0 0 0
1.49 0 0 0 0
1.49667 0 0 0 0
1.50333 0 0 0 0
1.51 0 0 0 0
1.51667 0 0 0 0
1.52333 0 0 0 0
1.53 0 0 0 0
1.53667 0 0 0 0
1.54333 0 0 0 0
1.55 0 0 0 0
1.55667 0 0 0 0
1.56333 0 0 0 0
1.57 0 0 0 0
1.57667 0 0 0 0
1.58333 0 0 0 0
1.59 0 0 0 0
1.59667 0 0 0 0
1.60333 0 0 0 0
1.61 0 0 0 0
1.61667 0 0 0 0
1.62333 0 0 0 0
1.63 0 0 0 0
1.63667 0 0 0 0
1.64333 0 0 0 0
1.65 0 0 0 0
1.65667 0 0 0 0
1.66333 0 0 0 0
1.67 0 0 0 0
1.67667 0 0 0 0
1.68333 0 0 0 0
1.69 0 0 0 0
1.69667 0 0 0 0
1.70333 0 0 0 0
1.71 0 0 0 0
1.71667 0 0 0 0
1.72333 0 0 0 0
1.73 0 0 0 0
1.73667 0 0 0 0
1.74333 0 0 0 0
1.75 0 0 0 0
1.75667 0 0 0 0
1.76333 0 0 0 0
1.77 0 0 0 0
1.77667 0 0 0 0
1.78333 0 0 0 0
1.79 0 0 0 0
1.79667 0 0 0 0
1.80333 0 0 0 0
1.81 0 0 0 0
1.81667 0 0 0 0
1.82333 0 0 0 0
1.83 0 0 0 0
1.83667 0 0 0 0
1.84333 0 0 0 0
1.85 0 0 0 0
1.85667 0 0 0 0
1.86333 0 0 0 0
1.87 0 0 0 0
1.87667 0 0 0 0
1.88333 0 0 0 0
1.89 0 0 0 0
1.89667 0 0 0 0
1.90333 0 0 0 0
1.91 0 0 0 0
1.91667 0 0 0 0
1.92333 0 0 0 0
1.93 0 0 0 0
1.93667 0 0 0 0
1.94333 0 0 0 0
1.95 0 0 0 0
1.95667 0 0 0 0
1.96333 0 0 0 0
1.97 0 0 0 0
1.97667 0 0 0 0
1.98333 0 0 0 0
1.99 0 0 0 0
1.99667 0 0 0 0
