0.00333333 6 11 39 17
0.01 3 13 52 20
0.0166667 3 20 40 12
0.0233333 6 14 63 12
0.03 7 19 48 20
0.0366667 9 22 64 27
0.0433333 12 40 111 35
0.05 9 39 113 35
0.0566667 7 52 160 41
0.0633333 11 48 159 56
0.07 11 66 169 40
0.0766667 11 57 173 40
0.0833333 16 66 191 49
0.09 24 60 206 50
0.0966667 15 53 193 51
0.103333 13 60 194 44
0.11 20 59 187 48
0.116667 16 57 191 55
0.123333 6 53 176 36
0.13 13 52 178 34
0.136667 13 39 158 35
0.143333 18 39 183 33
0.15 7 35 134 29
0.156667 11 45 156 32
0.163333 16 28 146 39
0.17 14 35 136 33
0.176667 11 30 163 34
0.183333 12 50 129 38
0.19 13 37 150 33
0.196667 16 37 138 31
0.203333 11 44 157 30
0.21 10 33 118 17
0.216667 5 28 134 27
0.223333 11 24 94 30
0.23 7 37 106 20
0.236667 5 34 97 27
0.243333 9 32 103 21
0.25 7 30 112 25
0.256667 9 30 78 21
0.263333 4 30 88 22
0.27 10 18 95 22
0.276667 8 33 95 15
0.283333 4 19 72 16
0.29 5 13 82 18
0.296667 4 24 91 25
0.303333 3 20 80 23
0.31 5 25 71 10
0.316667 6 24 63 16
0.323333 6 24 64 16
0.33 3 16 59 18
0.336667 8 16 68 22
0.343333 4 19 78 20
0.35 2 14 71 7
0.356667 2 23 50 24
0.363333 10 14 53 20
0.37 9 13 45 13
0.376667 7 16 67 12
0.383333 9 19 51 16
0.39 7 21 49 15
0.396667 6 13 52 9
0.403333 3 15 54 11
0.41 4 11 58 13
0.416667 7 18 51 13
0.423333 9 16 47 12
0.43 8 14 45 12
0.436667 3 12 48 12
0.443333 5 11 49 18
0.45 3 15 51 8
0.456667 3 11 50 12
0.463333 5 18 50 10
0.47 8 17 50 10
0.476667 4 15 41 10
0.483333 0 16 40 12
0.49 3 8 29 9
0.496667 1 12 36 10
0.503333 2 12 26 6
0.51 2 12 32 4
0.516667 5 10 28 9
0.523333 3 10 29 13
0.53 2 9 31 9
0.536667 6 8 31 9
0.543333 3 7 28 8
0.55 2 11 26 5
0.556667 1 4 25 8
0.563333 2 9 28 6
0.57 3 10 17 8
0.576667 4 8 35 6
0.583333 2 10 27 11
0.59 0 11 23 4
0.596667 4 10 13 8
0.603333 3 10 21 7
0.61 1 5 25 8
0.616667 2 2 28 6
0.623333 5 10 18 6
0.63 1 7 18 5
0.636667 3 6 23 6
0.643333 3 10 23 8
0.65 1 10 18 9
0.656667 4 2 16 7
0.663333 60 240 1223 244
0.67 0 0 0 0
0.676667 0 0 0 0
0.683333 0 0 0 0
0.69 0 0 0 0
0.696667 0 0 0 0
0.703333 0 0 0 0
0.71 0 0 0 0
0.716667 0 0 0 0
0.723333 0 0 0 0
0.73 0 0 0 0
0.736667 0 0 0 0
0.743333 0 0 0 0
0.75 0 0 0 0
0.756667 0 0 0 0
0.763333 0 0 0 0
0.77 0 0 0 0
0.776667 0 0 0 0
0.783333 0 0 0 0
0.79 0 0 0 0
0.796667 0 0 0 0
0.803333 0 0 0 0
0.81 0 0 0 0
0.816667 0 0 0 0
0.823333 0 0 0 0
0.83 0 0 0 0
0.836667 0 0 0 0
0.843333 0 0 0 0
0.85 0 0 0 0
0.856667 0 0 0 0
0.863333 0 0 0 0
0.87 0 0 0 0
0.876667 0 0 0 0
0.883333 0 0 0 0
0.89 0 0 0 0
0.896667 0 0 0 0
0.903333 0 0 0 0
0.91 0 0 0 0
0.916667 0 0 0 0
0.923333 0 0 0 0
0.93 0 0 0 0
0.936667 0 0 0 0
0.943333 0 0 0 0
0.95 0 0 0 0
0.956667 0 0 0 0
0.963333 0 0 0 0
0.97 0 0 0 0
0.976667 0 0 0 0
0.983333 0 0 0 0
0.99 0 0 0 0
0.996667 0 0 0 0
1.00333 0 0 0 0
1.01 0 0 0 0
1.01667 0 0 0 0
1.02333 0 0 0 0
1.03 0 0 0 0
1.03667 0 0 0 0
1.04333 0 0 0 0
1.05 0 0 0 0
1.05667 0 0 0 0
1.06333 0 0 0 0
1.07 0 0 0 0
1.07667 0 0 0 0
1.08333 0 0 0 0
1.09 0 0 0 0
1.09667 0 0 0 0
1.10333 0 0 0 0
1.11 0 0 0 0
1.11667 0 0 0 0
1.12333 0 0 0 0
1.13 0 0 0 0
1.13667 0 0 0 0
1.14333 0 0 0 0
1.15 0 0 0 0
1.15667 0 0 0 0
1.16333 0 0 0 0
1.17 0 0 0 0
1.17667 0 0 0 0
1.18333 0 0 0 0
1.19 0 0 0 0
1.19667 0 0 0 0
1.20333 0 0 0 0
1.21 0 0 0 0
1.21667 0 0 0 0
1.22333 0 0 0 0
1.23 0 0 0 0
1.23667 0 0 0 0
1.24333 0 0 0 0
1.25 0 0 0 0
1.25667 0 0 0 0
1.26333 0 0 0 0
1.27 0 0 0 0
1.27667 0 0 0 0
1.28333 0 0 0 0
1.29 0 0 0 0
1.29667 0 0 0 0
1.30333 0 0 0 0
1.31 0 0 0 0
1.31667 0 0 0 0
1.32333 0 0 0 0
1.33 0 0 0 0
1.33667 0 0 0 0
1.34333 0 0 0 0
1.35 0 0 0 0
1.35667 0 0 0 0
1.36333 0 0 0 0
1.37 0 0 0 0
1.37667 0 0 0 0
1.38333 0 0 0 0
1.39 0 0 0 0
1.39667 0 0 0 0
1.40333 0 0 0 0
1.41 0 0 0 0
1.41667 0 0 0 0
1.42333 0 0 0 0
1.43 0 0 0 0
1.43667 0 0 0 0
1.44333 0 0 0 0
1.45 0 0 0 0
1.45667 0 0 0 0
1.46333 0 0 0 0
1.47 0 0 0 0
1.47667 0 0 0 0
1.48333 0 0 0 0
1.49 0 0 0 0
1.49667 0 0 0 0
1.50333 0 0 0 0
1.51 0 0 0 0
1.51667 0 0 0 0
1.52333 0 0 0 0
1.53 0 0 0 0
1.53667 0 0 0 0
1.54333 0 0 0 0
1.55 0 0 0 0
1.55667 0 0 0 0
1.56333 0 0 0 0
1.57 0 0 0 0
1.57667 0 0 0 0
1.58333 0 0 0 0
1.59 0 0 0 0
1.59667 0 0 0 0
1.60333 0 0 0 0
1.61 0 0 0 0
1.61667 0 0 0 0
1.62333 0 0 0 0
1.63 0 0 0 0
1.63667 0 0 0 0
1.64333 0 0 0 0
1.65 0 0 0 0
1.65667 0 0 0 0
1.66333 0 0 0 0
1.67 0 0 0 0
1.67667 0 0 0 0
1.68333 0 0 0 0
1.69 0 0 0 0
1.69667 0 0 0 0
1.70333 0 0 0 0
1.71 0 0 0 0
1.71667 0 0 0 0
1.72333 0 0 0 0
1.73 0 0 0 0
1.73667 0 0 0 0
1.74333 0 0 0 0
1.75 0 0 0 0
1.75667 0 0 0 0
1.76333 0 0 0 0
1.77 0 0 0 0
1.77667 0 0 0 0
1.78333 0 0 0 0
1.79 0 0 0 0
1.79667 0 0 0 0
1.80333 0 0 0 0
1.81 0 0 0 0
1.81667 0 0 0 0
1.82333 0 0 0 0
1.83 0 0 0 0
1.83667 0 0 0 0
1.84333 0 0 0 0
1.85 0 0 0 0
1.85667 0 0 0 0
1.86333 0 0 0 0
1.87 0 0 0 0
1.87667 0 0 0 0
1.88333 0 0 0 0
1.89 0 0 0 0
1.89667 0 0 0 0
1.90333 0 0 0 0
1.91 0 0 0 0
1.91667 0 0 0 0
1.92333 0 0 0 0
1.93 0 0 0 0
1.93667 0 0 0 0
1.94333 0 0 0 0
1.95 0 0 0 0
1.95667 0 0 0 0
1.96333 0 0 0 0
1.97 0 0 0 0
1.97667 0 0 0 0
1.98333 0 0 0 0
1.99 0 0 0 0
1.99667 0 0 0 0
