0.00333333 22 51 7 3
0.01 38 64 10 2
0.0166667 41 67 8 4
0.0233333 44 74 5 5
0.03 58 95 12 5
0.0366667 36 106 10 7
0.0433333 68 103 26 6
0.05 77 126 22 9
0.0566667 105 196 32 9
0.0633333 103 208 36 8
0.07 108 225 21 9
0.0766667 102 213 19 8
0.0833333 110 208 32 16
0.09 106 228 33 15
0.0966667 131 241 28 13
0.103333 121 209 27 9
0.11 112 223 28 11
0.116667 113 205 33 7
0.123333 108 202 24 6
0.13 100 216 27 8
0.136667 105 169 16 11
0.143333 93 179 23 7
0.15 94 160 24 12
0.156667 101 173 17 3
0.163333 89 147 20 6
0.17 106 152 14 7
0.176667 102 150 16 5
0.183333 104 178 12 10
0.19 95 175 9 8
0.196667 92 158 9 12
0.203333 79 153 18 9
0.21 86 143 14 10
0.216667 74 147 20 14
0.223333 81 112 22 13
0.23 58 135 14 4
0.236667 75 128 18 7
0.243333 64 110 13 7
0.25 65 117 16 1
0.256667 50 106 12 6
0.263333 57 101 15 7
0.27 57 108 7 6
0.276667 70 101 13 8
0.283333 33 83 14 5
0.29 33 101 10 3
0.296667 57 81 7 4
0.303333 50 73 10 7
0.31 54 86 10 8
0.316667 42 84 11 6
0.323333 50 83 7 5
0.33 41 69 13 3
0.336667 33 62 11 5
0.343333 26 84 10 5
0.35 39 80 9 5
0.356667 47 78 7 5
0.363333 37 64 10 5
0.37 35 46 13 3
0.376667 45 62 9 5
0.383333 38 58 8 7
0.39 34 52 11 5
0.396667 31 45 6 6
0.403333 24 57 17 5
0.41 27 54 8 3
0.416667 32 47 5 7
0.423333 33 54 8 1
0.43 28 42 6 3
0.436667 32 62 10 3
0.443333 37 59 12 7
0.45 32 53 5 1
0.456667 31 48 14 6
0.463333 32 54 1 4
0.47 25 65 7 3
0.476667 33 46 8 2
0.483333 21 37 6 1
0.49 18 31 8 1
0.496667 24 42 7 2
0.503333 31 32 9 3
0.51 23 34 5 6
0.516667 9 33 5 4
0.523333 16 37 8 1
0.53 23 36 2 4
0.536667 16 15 5 3
0.543333 21 19 5 2
0.55 16 26 2 2
0.556667 15 30 5 1
0.563333 18 32 2 1
0.57 8 29 5 3
0.576667 13 26 2 5
0.583333 13 36 7 2
0.59 14 18 6 5
0.596667 14 26 3 1
0.603333 14 16 2 1
0.61 11 27 6 4
0.616667 13 33 4 1
0.623333 16 25 0 2
0.63 14 28 1 1
0.636667 15 25 4 1
0.643333 19 26 2 2
0.65 16 24 2 5
0.656667 7 21 6 3
0.663333 920 1388 120 72
0.67 0 0 0 0
0.676667 0 0 0 0
0.683333 0 0 0 0
0.69 0 0 0 0
0.696667 0 0 0 0
0.703333 0 0 0 0
0.71 0 0 0 0
0.716667 0 0 0 0
0.723333 0 0 0 0
0.73 0 0 0 0
0.736667 0 0 0 0
0.743333 0 0 0 0
0.75 0 0 0 0
0.756667 0 0 0 0
0.763333 0 0 0 0
0.77 0 0 0 0
0.776667 0 0 0 0
0.783333 0 0 0 0
0.79 0 0 0 0
0.796667 0 0 0 0
0.803333 0 0 0 0
0.81 0 0 0 0
0.816667 0 0 0 0
0.823333 0 0 0 0
0.83 0 0 0 0
0.836667 0 0 0 0
0.843333 0 0 0 0
0.85 0 0 0 0
0.856667 0 0 0 0
0.863333 0 0 0 0
0.87 0 0 0 0
0.876667 0 0 0 0
0.883333 0 0 0 0
0.89 0 0 0 0
0.896667 0 0 0 0
0.903333 0 0 0 0
0.91 0 0 0 0
0.916667 0 0 0 0
0.923333 0 0 0 0
0.93 0 0 0 0
0.936667 0 0 0 0
0.943333 0 0 0 0
0.95 0 0 0 0
0.956667 0 0 0 0
0.963333 0 0 0 0
0.97 0 0 0 0
0.976667 0 0 0 0
0.983333 0 0 0 0
0.99 0 0 0 0
0.996667 0 0 0 0
1.00333 0 0 0 0
1.01 0 0 0 0
1.01667 0 0 0 0
1.02333 0 0 0 0
1.03 0 0 0 0
1.03667 0 0 0 0
1.04333 0 0 0 0
1.05 0 0 0 0
1.05667 0 0 0 0
1.06333 0 0 0 0
1.07 0 0 0 0
1.07667 0 0 0 0
1.08333 0 0 0 0
1.09 0 0 0 0
1.09667 0 0 0 0
1.10333 0 0 0 0
1.11 0 0 0 0
1.11667 0 0 0 0
1.12333 0 0 0 0
1.13 0 0 0 0
1.13667 0 0 0 0
1.14333 0 0 0 0
1.15 0 0 0 0
1.15667 0 0 0 0
1.16333 0 0 0 0
1.17 0 0 0 0
1.17667 0 0 0 0
1.18333 0 0 0 0
1.19 0 0 0 0
1.19667 0 0 0 0
1.20333 0 0 0 0
1.21 0 0 0 0
1.21667 0 0 0 0
1.22333 0 0 0 0
1.23 0 0 0 0
1.23667 0 0 0 0
1.24333 0 0 0 0
1.25 0 0 0 0
1.25667 0 0 0 0
1.26333 0 0 0 0
1.27 0 0 0 0
1.27667 0 0 0 0
1.28333 0 0 0 0
1.29 0 0 0 0
1.29667 0 0 0 0
1.30333 0 0 0 0
1.31 0 0 0 0
1.31667 0 0 0 0
1.32333 0 0 0 0
1.33 0 0 0 0
1.33667 0 0 0 0
1.34333 0 0 0 0
1.35 0 0 0 0
1.35667 0 0 0 0
1.36333 0 0 0 0
1.37 0 0 0 0
1.37667 0 0 0 0
1.38333 0 0 0 0
1.39 0 0 0 0
1.39667 0 0 0 0
1.40333 0 0 0 0
1.41 0 0 0 0
1.41667 0 0 0 0
1.42333 0 0 0 0
1.43 0 0 0 0
1.43667 0 0 0 0
1.44333 0 0 0 0
1.45 0 0 0 0
1.45667 0 0 0 0
1.46333 0 0 0 0
1.47 0 0 0 0
1.47667 0 0 0 0
1.48333 0 0 0 0
1.49 0 0 0 0
1.49667 0 0 0 0
1.50333 0 0 0 0
1.51 0 0 0 0
1.51667 0 0 0 0
1.52333 0 0 0 0
1.53 0 0 0 0
1.53667 0 0 0 0
1.54333 0 0 0 0
1.55 0 0 0 0
1.55667 0 0 0 0
1.56333 0 0 0 0
1.57 0 0 0 0
1.57667 0 0 0 0
1.58333 0 0 0 0
1.59 0 0 0 0
1.59667 0 0 0 0
1.60333 0 0 0 0
1.61 0 0 0 0
1.61667 0 0 0 0
1.62333 0 0 0 0
1.63 0 0 0 0
1.63667 0 0 0 0
1.64333 0 0 0 0
1.65 0 0 0 0
1.65667 0 0 0 0
1.66333 0 0 0 0
1.67 0 0 0 0
1.67667 0 0 0 0
1.68333 0 0 0 0
1.69 0 0 0 0
1.69667 0 0 0 0
1.70333 0 0 0 0
1.71 0 0 0 0
1.71667 0 0 0 0
1.72333 0 0 0 0
1.73 0 0 0 0
1.73667 0 0 0 0
1.74333 0 0 0 0
1.75 0 0 0 0
1.75667 0 0 0 0
1.76333 0 0 0 0
1.77 0 0 0 0
1.77667 0 0 0 0
1.78333 0 0 0 0
1.79 0 0 0 0
1.79667 0 0 0 0
1.80333 0 0 0 0
1.81 0 0 0 0
1.81667 0 0 0 0
1.82333 0 0 0 0
1.83 0 0 0 0
1.83667 0 0 0 0
1.84333 0 0 0 0
1.85 0 0 0 0
1.85667 0 0 0 0
1.86333 0 0 0 0
1.87 0 0 0 0
1.87667 0 0 0 0
1.88333 0 0 0 0
1.89 0 0 0 0
1.89667 0 0 0 0
1.90333 0 0 0 0
1.91 0 0 0 0
1.91667 0 0 0 0
1.92333 0 0 0 0
1.93 0 0 0 0
1.93667 0 0 0 0
1.94333 0 0 0 0
1.95 0 0 0 0
1.95667 0 0 0 0
1.96333 0 0 0 0
1.97 0 0 0 0
1.97667 0 0 0 0
1.98333 0 0 0 0
1.99 0 0 0 0
1.99667 0 0 0 0
