0.00333333 1 14 45 12
0.01 1 12 54 18
0.0166667 3 15 40 9
0.0233333 5 8 58 19
0.03 4 16 54 13
0.0366667 7 22 82 28
0.0433333 7 36 119 40
0.05 9 41 130 39
0.0566667 8 53 170 48
0.0633333 8 45 161 59
0.07 8 63 183 55
0.0766667 13 50 166 52
0.0833333 14 57 200 50
0.09 15 52 224 54
0.0966667 13 43 199 57
0.103333 15 60 199 51
0.11 15 48 205 51
0.116667 11 43 193 63
0.123333 6 53 192 35
0.13 17 40 186 36
0.136667 12 30 162 43
0.143333 16 37 184 39
0.15 7 35 153 36
0.156667 7 39 176 32
0.163333 11 26 157 45
0.17 12 26 152 35
0.176667 12 27 170 37
0.183333 9 41 125 41
0.19 11 29 165 38
0.196667 17 37 165 34
0.203333 11 32 170 29
0.21 10 30 126 21
0.216667 4 27 136 33
0.223333 14 20 107 33
0.23 6 33 117 20
0.236667 4 28 90 35
0.243333 9 32 123 28
0.25 7 28 106 27
0.256667 10 27 81 21
0.263333 2 27 82 34
0.27 11 15 103 23
0.276667 7 25 96 16
0.283333 4 21 79 19
0.29 8 14 91 26
0.296667 3 21 81 24
0.303333 5 22 88 30
0.31 1 20 66 11
0.316667 9 20 70 14
0.323333 5 23 58 20
0.33 4 9 67 20
0.336667 7 17 75 22
0.343333 3 17 79 25
0.35 2 15 57 11
0.356667 2 22 51 20
0.363333 7 14 50 21
0.37 9 14 49 18
0.376667 7 19 61 17
0.383333 6 20 57 18
0.39 8 15 57 15
0.396667 6 12 49 9
0.403333 2 15 48 15
0.41 2 8 52 14
0.416667 6 10 60 17
0.423333 7 13 62 15
0.43 6 13 58 14
0.436667 3 13 58 16
0.443333 5 14 49 26
0.45 4 13 47 12
0.456667 5 12 65 15
0.463333 8 14 54 16
0.47 6 16 51 15
0.476667 2 17 43 11
0.483333 0 12 34 13
0.49 5 8 38 10
0.496667 2 8 30 11
0.503333 1 11 31 5
0.51 1 11 28 6
0.516667 3 10 27 10
0.523333 1 14 40 9
0.53 2 8 38 12
0.536667 4 4 26 10
0.543333 4 8 28 8
0.55 2 8 30 6
0.556667 2 5 31 8
0.563333 1 12 29 9
0.57 3 9 29 6
0.576667 6 8 33 8
0.583333 2 10 24 12
0.59 0 7 22 6
0.596667 4 4 21 9
0.603333 2 9 27 8
0.61 0 4 32 10
0.616667 2 1 22 8
0.623333 6 6 23 5
0.63 1 5 18 5
0.636667 2 10 28 6
0.643333 3 8 16 8
0.65 2 9 16 11
0.656667 4 1 18 7
0.663333 55 214 1332 283
0.67 0 0 0 0
0.676667 0 0 0 0
0.683333 0 0 0 0
0.69 0 0 0 0
0.696667 0 0 0 0
0.703333 0 0 0 0
0.71 0 0 0 0
0.716667 0 0 0 0
0.723333 0 0 0 0
0.73 0 0 0 0
0.736667 0 0 0 0
0.743333 0 0 0 0
0.75 0 0 0 0
0.756667 0 0 0 0
0.763333 0 0 0 0
0.77 0 0 0 0
0.776667 0 0 0 0
0.783333 0 0 0 0
0.79 0 0 0 0
0.796667 0 0 0 0
0.803333 0 0 0 0
0.81 0 0 0 0
0.816667 0 0 0 0
0.823333 0 0 0 0
0.83 0 0 0 0
0.836667 0 0 0 0
0.843333 0 0 0 0
0.85 0 0 0 0
0.856667 0 0 0 0
0.863333 0 0 0 0
0.87 0 0 0 0
0.876667 0 0 0 0
0.883333 0 0 0 0
0.89 0 0 0 0
0.896667 0 0 0 0
0.903333 0 0 0 0
0.91 0 0 0 0
0.916667 0 0 0 0
0.923333 0 0 0 0
0.93 0 0 0 0
0.936667 0 0 0 0
0.943333 0 0 0 0
0.95 0 0 0 0
0.956667 0 0 0 0
0.963333 0 0 0 0
0.97 0 0 0 0
0.976667 0 0 0 0
0.983333 0 0 0 0
0.99 0 0 0 0
0.996667 0 0 0 0
1.00333 0 0 0 0
1.01 0 0 0 0
1.01667 0 0 0 0
1.02333 0 0 0 0
1.03 0 0 0 0
1.03667 0 0 0 0
1.04333 0 0 0 0
1.05 0 0 0 0
1.05667 0 0 0 0
1.06333 0 0 0 0
1.07 0 0 0 0
1.07667 0 0 0 0
1.08333 0 0 0 0
1.09 0 0 0 0
1.09667 0 0 0 0
1.10333 0 0 0 0
1.11 0 0 0 0
1.11667 0 0 0 0
1.12333 0 0 0 0
1.13 0 0 0 0
1.13667 0 0 0 0
1.14333 0 0 0 0
1.15 0 0 0 0
1.15667 0 0 0 0
1.16333 0 0 0 0
1.17 0 0 0 0
1.17667 0 0 0 0
1.18333 0 0 0 0
1.19 0 0 0 0
1.19667 0 0 0 0
1.20333 0 0 0 0
1.21 0 0 0 0
1.21667 0 0 0 0
1.22333 0 0 0 0
1.23 0 0 0 0
1.23667 0 0 0 0
1.24333 0 0 0 0
1.25 0 0 0 0
1.25667 0 0 0 0
1.26333 0 0 0 0
1.27 0 0 0 0
1.27667 0 0 0 0
1.28333 0 0 0 0
1.29 0 0 0 0
1.29667 0 0 0 0
1.30333 0 0 0 0
1.31 0 0 0 0
1.31667 0 0 0 0
1.32333 0 0 0 0
1.33 0 0 0 0
1.33667 0 0 0 0
1.34333 0 0 0 0
1.35 0 0 0 0
1.35667 0 0 0 0
1.36333 0 0 0 0
1.37 0 0 0 0
1.37667 0 0 0 0
1.38333 0 0 0 0
1.39 0 0 0 0
1.39667 0 0 0 0
1.40333 0 0 0 0
1.41 0 0 0 0
1.41667 0 0 0 0
1.42333 0 0 0 0
1.43 0 0 0 0
1.43667 0 0 0 0
1.44333 0 0 0 0
1.45 0 0 0 0
1.45667 0 0 0 0
1.46333 0 0 0 0
1.47 0 0 0 0
1.47667 0 0 0 0
1.48333 0 0 0 0
1.49 0 0 0 0
1.49667 0 0 0 0
1.50333 0 0 0 0
1.51 0 0 0 0
1.51667 0 0 0 0
1.52333 0 0 0 0
1.53 0 0 0 0
1.53667 0 0 0 0
1.54333 0 0 0 0
1.55 0 0 0 0
1.55667 0 0 0 0
1.56333 0 0 0 0
1.57 0 0 0 0
1.57667 0 0 0 0
1.58333 0 0 0 0
1.59 0 0 0 0
1.59667 0 0 0 0
1.60333 0 0 0 0
1.61 0 0 0 0
1.61667 0 0 0 0
1.62333 0 0 0 0
1.63 0 0 0 0
1.63667 0 0 0 0
1.64333 0 0 0 0
1.65 0 0 0 0
1.65667 0 0 0 0
1.66333 0 0 0 0
1.67 0 0 0 0
1.67667 0 0 0 0
1.68333 0 0 0 0
1.69 0 0 0 0
1.69667 0 0 0 0
1.70333 0 0 0 0
1.71 0 0 0 0
1.71667 0 0 0 0
1.72333 0 0 0 0
1.73 0 0 0 0
1.73667 0 0 0 0
1.74333 0 0 0 0
1.75 0 0 0 0
1.75667 0 0 0 0
1.76333 0 0 0 0
1.77 0 0 0 0
1.77667 0 0 0 0
1.78333 0 0 0 0
1.79 0 0 0 0
1.79667 0 0 0 0
1.80333 0 0 0 0
1.81 0 0 0 0
1.81667 0 0 0 0
1.82333 0 0 0 0
1.83 0 0 0 0
1.83667 0 0 0 0
1.84333 0 0 0 0
1.85 0 0 0 0
1.85667 0 0 0 0
1.86333 0 0 0 0
1.87 0 0 0 0
1.87667 0 0 0 0
1.88333 0 0 0 0
1.89 0 0 0 0
1.89667 0 0 0 0
1.90333 0 0 0 0
1.91 0 0 0 0
1.91667 0 0 0 0
1.92333 0 0 0 0
1.93 0 0 0 0
1.93667 0 0 0 0
1.94333 0 0 0 0
1.95 0 0 0 0
1.95667 0 0 0 0
1.96333 0 0 0 0
1.97 0 0 0 0
1.97667 0 0 0 0
1.98333 0 0 0 0
1.99 0 0 0 0
1.99667 0 0 0 0
