0.00333333 24 50 8 0
0.01 31 55 5 2
0.0166667 24 53 6 1
0.0233333 23 79 4 1
0.03 42 84 5 1
0.0366667 47 91 5 4
0.0433333 65 107 19 0
0.05 99 157 9 4
0.0566667 94 200 18 3
0.0633333 129 248 21 5
0.07 114 217 26 7
0.0766667 126 218 28 5
0.0833333 136 203 22 3
0.09 103 227 21 3
0.0966667 112 218 22 3
0.103333 114 228 20 7
0.11 118 221 18 3
0.116667 108 230 28 2
0.123333 103 214 25 2
0.13 99 193 23 6
0.136667 108 163 14 2
0.143333 90 180 28 2
0.15 81 174 17 5
0.156667 69 178 22 4
0.163333 86 159 16 3
0.17 74 160 23 1
0.176667 66 166 25 6
0.183333 79 162 28 6
0.19 73 169 21 0
0.196667 81 171 21 2
0.203333 54 165 18 4
0.21 63 134 14 4
0.216667 70 153 18 4
0.223333 59 139 21 3
0.23 61 134 12 1
0.236667 70 154 15 2
0.243333 75 104 15 1
0.25 60 114 19 2
0.256667 40 94 12 2
0.263333 48 102 6 0
0.27 48 92 14 4
0.276667 60 113 14 2
0.283333 44 101 11 1
0.29 45 77 8 0
0.296667 26 101 3 0
0.303333 52 86 8 4
0.31 42 92 7 0
0.316667 42 79 16 1
0.323333 42 72 8 0
0.33 38 78 15 3
0.336667 38 79 8 1
0.343333 45 76 8 1
0.35 34 84 13 2
0.356667 31 90 9 0
0.363333 34 80 10 1
0.37 30 66 13 3
0.376667 36 72 8 2
0.383333 24 71 8 1
0.39 34 80 11 1
0.396667 33 70 12 2
0.403333 28 70 5 1
0.41 34 60 8 2
0.416667 31 74 14 0
0.423333 27 59 1 2
0.43 30 57 12 1
0.436667 19 49 4 0
0.443333 33 46 8 0
0.45 29 55 10 0
0.456667 26 66 15 3
0.463333 27 54 3 4
0.47 16 41 6 2
0.476667 21 47 6 1
0.483333 15 38 7 1
0.49 23 52 9 3
0.496667 21 31 5 0
0.503333 12 36 8 0
0.51 24 27 6 0
0.516667 25 40 5 0
0.523333 24 37 7 0
0.53 22 32 6 0
0.536667 18 27 9 1
0.543333 14 37 5 1
0.55 17 29 5 0
0.556667 9 38 8 0
0.563333 17 29 2 0
0.57 18 35 3 0
0.576667 13 25 8 0
0.583333 12 30 3 1
0.59 11 29 4 2
0.596667 14 43 1 0
0.603333 10 37 6 2
0.61 17 21 5 1
0.616667 12 25 4 2
0.623333 19 29 5 0
0.63 18 29 4 2
0.636667 11 39 7 1
0.643333 12 32 4 1
0.65 15 29 8 2
0.656667 16 25 9 0
0.663333 553 1543 188 11
0.67 0 0 0 0
0.676667 0 0 0 0
0.683333 0 0 0 0
0.69 0 0 0 0
0.696667 0 0 0 0
0.703333 0 0 0 0
0.71 0 0 0 0
0.716667 0 0 0 0
0.723333 0 0 0 0
0.73 0 0 0 0
0.736667 0 0 0 0
0.743333 0 0 0 0
0.75 0 0 0 0
0.756667 0 0 0 0
0.763333 0 0 0 0
0.77 0 0 0 0
0.776667 0 0 0 0
0.783333 0 0 0 0
0.79 0 0 0 0
0.796667 0 0 0 0
0.803333 0 0 0 0
0.81 0 0 0 0
0.816667 0 0 0 0
0.823333 0 0 0 0
0.83 0 0 0 0
0.836667 0 0 0 0
0.843333 0 0 0 0
0.85 0 0 0 0
0.856667 0 0 0 0
0.863333 0 0 0 0
0.87 0 0 0 0
0.876667 0 0 0 0
0.883333 0 0 0 0
0.89 0 0 0 0
0.896667 0 0 0 0
0.903333 0 0 0 0
0.91 0 0 0 0
0.916667 0 0 0 0
0.923333 0 0 0 0
0.93 0 0 0 0
0.936667 0 0 0 0
0.943333 0 0 0 0
0.95 0 0 0 0
0.956667 0 0 0 0
0.963333 0 0 0 0
0.97 0 0 0 0
0.976667 0 0 0 0
0.983333 0 0 0 0
0.99 0 0 0 0
0.996667 0 0 0 0
1.00333 0 0 0 0
1.01 0 0 0 0
1.01667 0 0 0 0
1.02333 0 0 0 0
1.03 0 0 0 0
1.03667 0 0 0 0
1.04333 0 0 0 0
1.05 0 0 0 0
1.05667 0 0 0 0
1.06333 0 0 0 0
1.07 0 0 0 0
1.07667 0 0 0 0
1.08333 0 0 0 0
1.09 0 0 0 0
1.09667 0 0 0 0
1.10333 0 0 0 0
1.11 0 0 0 0
1.11667 0 0 0 0
1.12333 0 0 0 0
1.13 0 0 0 0
1.13667 0 0 0 0
1.14333 0 0 0 0
1.15 0 0 0 0
1.15667 0 0 0 0
1.16333 0 0 0 0
1.17 0 0 0 0
1.17667 0 0 0 0
1.18333 0 0 0 0
1.19 0 0 0 0
1.19667 0 0 0 0
1.20333 0 0 0 0
1.21 0 0 0 0
1.21667 0 0 0 0
1.22333 0 0 0 0
1.23 0 0 0 0
1.23667 0 0 0 0
1.24333 0 0 0 0
1.25 0 0 0 0
1.25667 0 0 0 0
1.26333 0 0 0 0
1.27 0 0 0 0
1.27667 0 0 0 0
1.28333 0 0 0 0
1.29 0 0 0 0
1.29667 0 0 0 0
1.30333 0 0 0 0
1.31 0 0 0 0
1.31667 0 0 0 0
1.32333 0 0 0 0
1.33 0 0 0 0
1.33667 0 0 0 0
1.34333 0 0 0 0
1.35 0 0 0 0
1.35667 0 0 0 0
1.36333 0 0 0 0
1.37 0 0 0 0
1.37667 0 0 0 0
1.38333 0 0 0 0
1.39 0 0 0 0
1.39667 0 0 0 0
1.40333 0 0 0 0
1.41 0 0 0 0
1.41667 0 0 0 0
1.42333 0 0 0 0
1.43 0 0 0 0
1.43667 0 0 0 0
1.44333 0 0 0 0
1.45 0 0 0 0
1.45667 0 0 0 0
1.46333 0 0 0 0
1.47 0 0 0 0
1.47667 0 0 0 0
1.48333 0 0 0 0
1.49 0 0 0 0
1.49667 0 0 0 0
1.50333 0 0 0 0
1.51 0 0 0 0
1.51667 0 0 0 0
1.52333 0 0 0 0
1.53 0 0 0 0
1.53667 0 0 0 0
1.54333 0 0 0 0
1.55 0 0 0 0
1.55667 0 0 0 0
1.56333 0 0 0 0
1.57 0 0 0 0
1.57667 0 0 0 0
1.58333 0 0 0 0
1.59 0 0 0 0
1.59667 0 0 0 0
1.60333 0 0 0 0
1.61 0 0 0 0
1.61667 0 0 0 0
1.62333 0 0 0 0
1.63 0 0 0 0
1.63667 0 0 0 0
1.64333 0 0 0 0
1.65 0 0 0 0
1.65667 0 0 0 0
1.66333 0 0 0 0
1.67 0 0 0 0
1.67667 0 0 0 0
1.68333 0 0 0 0
1.69 0 0 0 0
1.69667 0 0 0 0
1.70333 0 0 0 0
1.71 0 0 0 0
1.71667 0 0 0 0
1.72333 0 0 0 0
1.73 0 0 0 0
1.73667 0 0 0 0
1.74333 0 0 0 0
1.75 0 0 0 0
1.75667 0 0 0 0
1.76333 0 0 0 0
1.77 0 0 0 0
1.77667 0 0 0 0
1.78333 0 0 0 0
1.79 0 0 0 0
1.79667 0 0 0 0
1.80333 0 0 0 0
1.81 0 0 0 0
1.81667 0 0 0 0
1.82333 0 0 0 0
1.83 0 0 0 0
1.83667 0 0 0 0
1.84333 0 0 0 0
1.85 0 0 0 0
1.85667 0 0 0 0
1.86333 0 0 0 0
1.87 0 0 0 0
1.87667 0 0 0 0
1.88333 0 0 0 0
1.89 0 0 0 0
1.89667 0 0 0 0
1.90333 0 0 0 0
1.91 0 0 0 0
1.91667 0 0 0 0
1.92333 0 0 0 0
1.93 0 0 0 0
1.93667 0 0 0 0
1.94333 0 0 0 0
1.95 0 0 0 0
1.95667 0 0 0 0
1.96333 0 0 0 0
1.97 0 0 0 0
1.97667 0 0 0 0
1.98333 0 0 0 0
1.99 0 0 0 0
1.99667 0 0 0 0
