0.00333333 8 20 17 12
0.01 9 29 16 5
0.0166667 16 26 17 11
0.0233333 12 30 30 11
0.03 15 34 31 9
0.0366667 17 45 28 11
0.0433333 21 69 57 17
0.05 30 76 64 17
0.0566667 31 82 90 25
0.0633333 24 94 84 23
0.07 28 100 97 33
0.0766667 29 103 82 19
0.0833333 28 96 81 30
0.09 40 84 78 28
0.0966667 23 108 75 31
0.103333 30 126 79 35
0.11 27 94 91 36
0.116667 28 109 80 19
0.123333 25 98 88 24
0.13 42 86 79 24
0.136667 33 73 66 32
0.143333 31 71 62 26
0.15 21 76 75 25
0.156667 20 67 60 30
0.163333 29 58 61 20
0.17 27 64 56 19
0.176667 37 72 59 16
0.183333 29 70 61 25
0.19 25 77 71 26
0.196667 26 55 60 18
0.203333 30 59 58 28
0.21 25 84 41 26
0.216667 26 61 44 30
0.223333 20 48 38 15
0.23 13 56 34 14
0.236667 24 58 45 19
0.243333 16 45 36 20
0.25 20 51 39 8
0.256667 17 43 40 17
0.263333 21 40 38 20
0.27 3 48 32 16
0.276667 16 50 36 13
0.283333 22 29 27 9
0.29 16 32 28 11
0.296667 15 41 31 9
0.303333 17 43 32 15
0.31 17 44 15 12
0.316667 22 42 31 11
0.323333 20 39 21 16
0.33 12 36 23 10
0.336667 7 44 33 22
0.343333 10 27 22 9
0.35 15 34 26 11
0.356667 13 42 31 5
0.363333 20 27 30 10
0.37 13 33 31 10
0.376667 14 30 18 13
0.383333 11 28 27 12
0.39 16 33 19 8
0.396667 14 21 21 16
0.403333 9 27 28 13
0.41 6 29 27 5
0.416667 11 28 17 10
0.423333 15 15 20 12
0.43 10 28 19 10
0.436667 10 31 22 15
0.443333 10 13 22 10
0.45 9 29 22 9
0.456667 16 24 20 15
0.463333 11 27 19 12
0.47 11 21 23 8
0.476667 14 24 16 13
0.483333 12 21 19 11
0.49 4 27 11 9
0.496667 9 18 13 13
0.503333 9 16 15 4
0.51 7 16 10 8
0.516667 6 14 10 6
0.523333 4 15 16 8
0.53 5 15 14 2
0.536667 5 15 14 4
0.543333 14 12 18 4
0.55 2 17 18 4
0.556667 6 12 13 6
0.563333 4 17 8 6
0.57 5 20 6 12
0.576667 7 15 10 5
0.583333 7 17 13 11
0.59 2 23 18 9
0.596667 13 8 11 3
0.603333 12 9 7 2
0.61 6 12 12 5
0.616667 7 7 11 2
0.623333 5 14 17 8
0.63 4 13 12 7
0.636667 11 11 8 5
0.643333 7 15 12 7
0.65 4 18 5 3
0.656667 3 15 5 7
0.663333 251 486 386 213
0.67 0 0 0 0
0.676667 0 0 0 0
0.683333 0 0 0 0
0.69 0 0 0 0
0.696667 0 0 0 0
0.703333 0 0 0 0
0.71 0 0 0 0
0.716667 0 0 0 0
0.723333 0 0 0 0
0.73 0 0 0 0
0.736667 0 0 0 0
0.743333 0 0 0 0
0.75 0 0 0 0
0.756667 0 0 0 0
0.763333 0 0 0 0
0.77 0 0 0 0
0.776667 0 0 0 0
0.783333 0 0 0 0
0.79 0 0 0 0
0.796667 0 0 0 0
0.803333 0 0 0 0
0.81 0 0 0 0
0.816667 0 0 0 0
0.823333 0 0 0 0
0.83 0 0 0 0
0.836667 0 0 0 0
0.843333 0 0 0 0
0.85 0 0 0 0
0.856667 0 0 0 0
0.863333 0 0 0 0
0.87 0 0 0 0
0.876667 0 0 0 0
0.883333 0 0 0 0
0.89 0 0 0 0
0.896667 0 0 0 0
0.903333 0 0 0 0
0.91 0 0 0 0
0.916667 0 0 0 0
0.923333 0 0 0 0
0.93 0 0 0 0
0.936667 0 0 0 0
0.943333 0 0 0 0
0.95 0 0 0 0
0.956667 0 0 0 0
0.963333 0 0 0 0
0.97 0 0 0 0
0.976667 0 0 0 0
0.983333 0 0 0 0
0.99 0 0 0 0
0.996667 0 0 0 0
1.00333 0 0 0 0
1.01 0 0 0 0
1.01667 0 0 0 0
1.02333 0 0 0 0
1.03 0 0 0 0
1.03667 0 0 0 0
1.04333 0 0 0 0
1.05 0 0 0 0
1.05667 0 0 0 0
1.06333 0 0 0 0
1.07 0 0 0 0
1.07667 0 0 0 0
1.08333 0 0 0 0
1.09 0 0 0 0
1.09667 0 0 0 0
1.10333 0 0 0 0
1.11 0 0 0 0
1.11667 0 0 0 0
1.12333 0 0 0 0
1.13 0 0 0 0
1.13667 0 0 0 0
1.14333 0 0 0 0
1.15 0 0 0 0
1.15667 0 0 0 0
1.16333 0 0 0 0
1.17 0 0 0 0
1.17667 0 0 0 0
1.18333 0 0 0 0
1.19 0 0 0 0
1.19667 0 0 0 0
1.20333 0 0 0 0
1.21 0 0 0 0
1.21667 0 0 0 0
1.22333 0 0 0 0
1.23 0 0 0 0
1.23667 0 0 0 0
1.24333 0 0 0 0
1.25 0 0 0 0
1.25667 0 0 0 0
1.26333 0 0 0 0
1.27 0 0 0 0
1.27667 0 0 0 0
1.28333 0 0 0 0
1.29 0 0 0 0
1.29667 0 0 0 0
1.30333 0 0 0 0
1.31 0 0 0 0
1.31667 0 0 0 0
1.32333 0 0 0 0
1.33 0 0 0 0
1.33667 0 0 0 0
1.34333 0 0 0 0
1.35 0 0 0 0
1.35667 0 0 0 0
1.36333 0 0 0 0
1.37 0 0 0 0
1.37667 0 0 0 0
1.38333 0 0 0 0
1.39 0 0 0 0
1.39667 0 0 0 0
1.40333 0 0 0 0
1.41 0 0 0 0
1.41667 0 0 0 0
1.42333 0 0 0 0
1.43 0 0 0 0
1.43667 0 0 0 0
1.44333 0 0 0 0
1.45 0 0 0 0
1.45667 0 0 0 0
1.46333 0 0 0 0
1.47 0 0 0 0
1.47667 0 0 0 0
1.48333 0 0 0 0
1.49 0 0 0 0
1.49667 0 0 0 0
1.50333 0 0 0 0
1.51 0 0 0 0
1.51667 0 0 0 0
1.52333 0 0 0 0
1.53 0 0 0 0
1.53667 0 0 0 0
1.54333 0 0 0 0
1.55 0 0 0 0
1.55667 0 0 0 0
1.56333 0 0 0 0
1.57 0 0 0 0
1.57667 0 0 0 0
1.58333 0 0 0 0
1.59 0 0 0 0
1.59667 0 0 0 0
1.60333 0 0 0 0
1.61 0 0 0 0
1.61667 0 0 0 0
1.62333 0 0 0 0
1.63 0 0 0 0
1.63667 0 0 0 0
1.64333 0 0 0 0
1.65 0 0 0 0
1.65667 0 0 0 0
1.66333 0 0 0 0
1.67 0 0 0 0
1.67667 0 0 0 0
1.68333 0 0 0 0
1.69 0 0 0 0
1.69667 0 0 0 0
1.70333 0 0 0 0
1.71 0 0 0 0
1.71667 0 0 0 0
1.72333 0 0 0 0
1.73 0 0 0 0
1.73667 0 0 0 0
1.74333 0 0 0 0
1.75 0 0 0 0
1.75667 0 0 0 0
1.76333 0 0 0 0
1.77 0 0 0 0
1.77667 0 0 0 0
1.78333 0 0 0 0
1.79 0 0 0 0
1.79667 0 0 0 0
1.80333 0 0 0 0
1.81 0 0 0 0
1.81667 0 0 0 0
1.82333 0 0 0 0
1.83 0 0 0 0
1.83667 0 0 0 0
1.84333 0 0 0 0
1.85 0 0 0 0
1.85667 0 0 0 0
1.86333 0 0 0 0
1.87 0 0 0 0
1.87667 0 0 0 0
1.88333 0 0 0 0
1.89 0 0 0 0
1.89667 0 0 0 0
1.90333 0 0 0 0
1.91 0 0 0 0
1.91667 0 0 0 0
1.92333 0 0 0 0
1.93 0 0 0 0
1.93667 0 0 0 0
1.94333 0 0 0 0
1.95 0 0 0 0
1.95667 0 0 0 0
1.96333 0 0 0 0
1.97 0 0 0 0
1.97667 0 0 0 0
1.98333 0 0 0 0
1.99 0 0 0 0
1.99667 0 0 0 0
