0.00333333 34 134 3 3
0.01 42 134 5 3
0.0166667 32 157 5 1
0.0233333 36 161 4 3
0.03 45 184 7 3
0.0366667 41 193 9 4
0.0433333 75 254 7 1
0.05 77 276 20 2
0.0566667 81 283 17 9
0.0633333 99 338 15 7
0.07 119 360 18 6
0.0766667 108 382 18 6
0.0833333 132 403 21 9
0.09 129 451 20 4
0.0966667 124 450 18 4
0.103333 127 382 15 12
0.11 138 426 15 6
0.116667 113 458 9 4
0.123333 110 445 18 5
0.13 118 455 18 10
0.136667 109 451 16 5
0.143333 96 409 13 4
0.15 103 449 10 7
0.156667 99 400 13 2
0.163333 91 431 7 5
0.17 103 402 14 5
0.176667 102 412 13 8
0.183333 90 443 16 6
0.19 79 535 19 4
0.196667 77 505 11 10
0.203333 91 471 14 2
0.21 102 475 12 5
0.216667 86 442 14 5
0.223333 87 403 10 5
0.23 63 384 15 9
0.236667 68 386 11 5
0.243333 62 338 5 3
0.25 66 333 14 4
0.256667 71 309 7 1
0.263333 69 279 8 6
0.27 63 274 9 5
0.276667 67 252 5 1
0.283333 54 240 8 8
0.29 46 262 8 3
0.296667 55 236 2 2
0.303333 50 202 7 4
0.31 46 209 5 4
0.316667 52 186 5 3
0.323333 57 192 9 5
0.33 43 208 7 3
0.336667 47 167 6 3
0.343333 46 190 6 5
0.35 42 181 7 5
0.356667 49 175 8 0
0.363333 46 204 3 2
0.37 41 155 6 4
0.376667 44 168 11 3
0.383333 44 170 5 3
0.39 40 161 2 3
0.396667 33 158 9 2
0.403333 39 157 2 1
0.41 48 168 3 2
0.416667 29 161 6 2
0.423333 45 171 6 4
0.43 40 169 7 4
0.436667 39 171 6 4
0.443333 40 160 7 2
0.45 33 181 7 2
0.456667 42 180 3 3
0.463333 39 201 4 2
0.47 36 159 9 2
0.476667 30 138 5 2
0.483333 25 97 5 4
0.49 36 102 4 4
0.496667 21 84 3 1
0.503333 24 78 4 2
0.51 23 77 7 0
0.516667 16 84 3 0
0.523333 19 81 4 0
0.53 15 57 6 0
0.536667 31 59 1 3
0.543333 20 65 1 1
0.55 15 54 4 1
0.556667 21 72 3 2
0.563333 26 55 4 1
0.57 18 56 1 2
0.576667 18 68 4 0
0.583333 17 63 3 1
0.59 18 52 1 1
0.596667 14 46 2 3
0.603333 15 57 4 1
0.61 23 59 1 1
0.616667 17 53 4 6
0.623333 16 48 3 0
0.63 21 64 1 0
0.636667 28 66 4 1
0.643333 16 36 2 1
0.65 19 41 3 2
0.656667 12 51 5 1
0.663333 1001 7409 77 52
0.67 0 0 0 0
0.676667 0 0 0 0
0.683333 0 0 0 0
0.69 0 0 0 0
0.696667 0 0 0 0
0.703333 0 0 0 0
0.71 0 0 0 0
0.716667 0 0 0 0
0.723333 0 0 0 0
0.73 0 0 0 0
0.736667 0 0 0 0
0.743333 0 0 0 0
0.75 0 0 0 0
0.756667 0 0 0 0
0.763333 0 0 0 0
0.77 0 0 0 0
0.776667 0 0 0 0
0.783333 0 0 0 0
0.79 0 0 0 0
0.796667 0 0 0 0
0.803333 0 0 0 0
0.81 0 0 0 0
0.816667 0 0 0 0
0.823333 0 0 0 0
0.83 0 0 0 0
0.836667 0 0 0 0
0.843333 0 0 0 0
0.85 0 0 0 0
0.856667 0 0 0 0
0.863333 0 0 0 0
0.87 0 0 0 0
0.876667 0 0 0 0
0.883333 0 0 0 0
0.89 0 0 0 0
0.896667 0 0 0 0
0.903333 0 0 0 0
0.91 0 0 0 0
0.916667 0 0 0 0
0.923333 0 0 0 0
0.93 0 0 0 0
0.936667 0 0 0 0
0.943333 0 0 0 0
0.95 0 0 0 0
0.956667 0 0 0 0
0.963333 0 0 0 0
0.97 0 0 0 0
0.976667 0 0 0 0
0.983333 0 0 0 0
0.99 0 0 0 0
0.996667 0 0 0 0
1.00333 0 0 0 0
1.01 0 0 0 0
1.01667 0 0 0 0
1.02333 0 0 0 0
1.03 0 0 0 0
1.03667 0 0 0 0
1.04333 0 0 0 0
1.05 0 0 0 0
1.05667 0 0 0 0
1.06333 0 0 0 0
1.07 0 0 0 0
1.07667 0 0 0 0
1.08333 0 0 0 0
1.09 0 0 0 0
1.09667 0 0 0 0
1.10333 0 0 0 0
1.11 0 0 0 0
1.11667 0 0 0 0
1.12333 0 0 0 0
1.13 0 0 0 0
1.13667 0 0 0 0
1.14333 0 0 0 0
1.15 0 0 0 0
1.15667 0 0 0 0
1.16333 0 0 0 0
1.17 0 0 0 0
1.17667 0 0 0 0
1.18333 0 0 0 0
1.19 0 0 0 0
1.19667 0 0 0 0
1.20333 0 0 0 0
1.21 0 0 0 0
1.21667 0 0 0 0
1.22333 0 0 0 0
1.23 0 0 0 0
1.23667 0 0 0 0
1.24333 0 0 0 0
1.25 0 0 0 0
1.25667 0 0 0 0
1.26333 0 0 0 0
1.27 0 0 0 0
1.27667 0 0 0 0
1.28333 0 0 0 0
1.29 0 0 0 0
1.29667 0 0 0 0
1.30333 0 0 0 0
1.31 0 0 0 0
1.31667 0 0 0 0
1.32333 0 0 0 0
1.33 0 0 0 0
1.33667 0 0 0 0
1.34333 0 0 0 0
1.35 0 0 0 0
1.35667 0 0 0 0
1.36333 0 0 0 0
1.37 0 0 0 0
1.37667 0 0 0 0
1.38333 0 0 0 0
1.39 0 0 0 0
1.39667 0 0 0 0
1.40333 0 0 0 0
1.41 0 0 0 0
1.41667 0 0 0 0
1.42333 0 0 0 0
1.43 0 0 0 0
1.43667 0 0 0 0
1.44333 0 0 0 0
1.45 0 0 0 0
1.45667 0 0 0 0
1.46333 0 0 0 0
1.47 0 0 0 0
1.47667 0 0 0 0
1.48333 0 0 0 0
1.49 0 0 0 0
1.49667 0 0 0 0
1.50333 0 0 0 0
1.51 0 0 0 0
1.51667 0 0 0 0
1.52333 0 0 0 0
1.53 0 0 0 0
1.53667 0 0 0 0
1.54333 0 0 0 0
1.55 0 0 0 0
1.55667 0 0 0 0
1.56333 0 0 0 0
1.57 0 0 0 0
1.57667 0 0 0 0
1.58333 0 0 0 0
1.59 0 0 0 0
1.59667 0 0 0 0
1.60333 0 0 0 0
1.61 0 0 0 0
1.61667 0 0 0 0
1.62333 0 0 0 0
1.63 0 0 0 0
1.63667 0 0 0 0
1.64333 0 0 0 0
1.65 0 0 0 0
1.65667 0 0 0 0
1.66333 0 0 0 0
1.67 0 0 0 0
1.67667 0 0 0 0
1.68333 0 0 0 0
1.69 0 0 0 0
1.69667 0 0 0 0
1.70333 0 0 0 0
1.71 0 0 0 0
1.71667 0 0 0 0
1.72333 0 0 0 0
1.73 0 0 0 0
1.73667 0 0 0 0
1.74333 0 0 0 0
1.75 0 0 0 0
1.75667 0 0 0 0
1.76333 0 0 0 0
1.77 0 0 0 0
1.77667 0 0 0 0
1.78333 0 0 0 0
1.79 0 0 0 0
1.79667 0 0 0 0
1.80333 0 0 0 0
1.81 0 0 0 0
1.81667 0 0 0 0
1.82333 0 0 0 0
1.83 0 0 0 0
1.83667 0 0 0 0
1.84333 0 0 0 0
1.85 0 0 0 0
1.85667 0 0 0 0
1.86333 0 0 0 0
1.87 0 0 0 0
1.87667 0 0 0 0
1.88333 0 0 0 0
1.89 0 0 0 0
1.89667 0 0 0 0
1.90333 0 0 0 0
1.91 0 0 0 0
1.91667 0 0 0 0
1.92333 0 0 0 0
1.93 0 0 0 0
1.93667 0 0 0 0
1.94333 0 0 0 0
1.95 0 0 0 0
1.95667 0 0 0 0
1.96333 0 0 0 0
1.97 0 0 0 0
1.97667 0 0 0 0
1.98333 0 0 0 0
1.99 0 0 0 0
1.99667 0 0 0 0
