0.00333333 20 20 5 0
0.01 29 30 7 2
0.0166667 29 26 6 1
0.0233333 18 29 7 2
0.03 37 36 6 2
0.0366667 32 44 13 1
0.0433333 51 80 10 3
0.05 75 84 14 3
0.0566667 75 125 23 3
0.0633333 74 133 28 2
0.07 89 120 20 3
0.0766667 93 123 19 4
0.0833333 81 127 14 1
0.09 77 137 23 4
0.0966667 86 130 18 1
0.103333 79 122 16 1
0.11 103 118 18 1
0.116667 90 110 22 7
0.123333 66 111 15 4
0.13 73 90 12 2
0.136667 79 93 18 0
0.143333 58 82 12 4
0.15 72 104 17 2
0.156667 77 89 20 4
0.163333 55 82 14 3
0.17 56 82 10 0
0.176667 56 86 16 2
0.183333 56 79 24 2
0.19 58 67 20 0
0.196667 69 81 24 2
0.203333 58 81 10 2
0.21 55 53 13 3
0.216667 51 66 16 3
0.223333 43 56 25 1
0.23 50 54 11 2
0.236667 44 54 16 3
0.243333 41 64 10 3
0.25 49 55 13 1
0.256667 28 54 10 2
0.263333 40 58 12 0
0.27 43 49 12 0
0.276667 45 59 12 0
0.283333 34 52 6 0
0.29 40 50 12 0
0.296667 37 37 3 1
0.303333 47 64 10 1
0.31 33 51 8 0
0.316667 25 42 13 0
0.323333 43 35 10 1
0.33 32 54 12 2
0.336667 33 43 14 2
0.343333 37 29 11 0
0.35 38 45 10 0
0.356667 33 41 9 2
0.363333 34 42 6 1
0.37 29 43 6 1
0.376667 27 38 8 1
0.383333 32 42 5 2
0.39 36 35 5 0
0.396667 25 31 10 0
0.403333 24 36 10 2
0.41 36 35 9 1
0.416667 28 33 10 2
0.423333 22 37 5 1
0.43 22 32 9 0
0.436667 30 28 8 2
0.443333 18 23 12 1
0.45 22 24 10 0
0.456667 22 32 12 2
0.463333 27 26 10 0
0.47 26 21 8 3
0.476667 20 32 6 0
0.483333 13 16 4 1
0.49 20 21 3 3
0.496667 16 17 8 0
0.503333 19 15 4 1
0.51 19 15 2 2
0.516667 19 19 5 0
0.523333 11 19 5 1
0.53 15 16 2 0
0.536667 10 17 3 0
0.543333 15 20 2 2
0.55 16 13 7 0
0.556667 15 18 4 0
0.563333 12 17 7 0
0.57 11 16 6 0
0.576667 7 20 6 1
0.583333 14 17 4 0
0.59 11 15 5 0
0.596667 16 21 4 2
0.603333 9 18 6 0
0.61 18 11 1 2
0.616667 11 17 6 0
0.623333 13 12 4 1
0.63 11 14 4 1
0.636667 13 19 4 1
0.643333 12 18 6 0
0.65 13 10 6 2
0.656667 9 19 3 0
0.663333 495 602 214 13
0.67 0 0 0 0
0.676667 0 0 0 0
0.683333 0 0 0 0
0.69 0 0 0 0
0.696667 0 0 0 0
0.703333 0 0 0 0
0.71 0 0 0 0
0.716667 0 0 0 0
0.723333 0 0 0 0
0.73 0 0 0 0
0.736667 0 0 0 0
0.743333 0 0 0 0
0.75 0 0 0 0
0.756667 0 0 0 0
0.763333 0 0 0 0
0.77 0 0 0 0
0.776667 0 0 0 0
0.783333 0 0 0 0
0.79 0 0 0 0
0.796667 0 0 0 0
0.803333 0 0 0 0
0.81 0 0 0 0
0.816667 0 0 0 0
0.823333 0 0 0 0
0.83 0 0 0 0
0.836667 0 0 0 0
0.843333 0 0 0 0
0.85 0 0 0 0
0.856667 0 0 0 0
0.863333 0 0 0 0
0.87 0 0 0 0
0.876667 0 0 0 0
0.883333 0 0 0 0
0.89 0 0 0 0
0.896667 0 0 0 0
0.903333 0 0 0 0
0.91 0 0 0 0
0.916667 0 0 0 0
0.923333 0 0 0 0
0.93 0 0 0 0
0.936667 0 0 0 0
0.943333 0 0 0 0
0.95 0 0 0 0
0.956667 0 0 0 0
0.963333 0 0 0 0
0.97 0 0 0 0
0.976667 0 0 0 0
0.983333 0 0 0 0
0.99 0 0 0 0
0.996667 0 0 0 0
1.00333 0 0 0 0
1.01 0 0 0 0
1.01667 0 0 0 0
1.02333 0 0 0 0
1.03 0 0 0 0
1.03667 0 0 0 0
1.04333 0 0 0 0
1.05 0 0 0 0
1.05667 0 0 0 0
1.06333 0 0 0 0
1.07 0 0 0 0
1.07667 0 0 0 0
1.08333 0 0 0 0
1.09 0 0 0 0
1.09667 0 0 0 0
1.10333 0 0 0 0
1.11 0 0 0 0
1.11667 0 0 0 0
1.12333 0 0 0 0
1.13 0 0 0 0
1.13667 0 0 0 0
1.14333 0 0 0 0
1.15 0 0 0 0
1.15667 0 0 0 0
1.16333 0 0 0 0
1.17 0 0 0 0
1.17667 0 0 0 0
1.18333 0 0 0 0
1.19 0 0 0 0
1.19667 0 0 0 0
1.20333 0 0 0 0
1.21 0 0 0 0
1.21667 0 0 0 0
1.22333 0 0 0 0
1.23 0 0 0 0
1.23667 0 0 0 0
1.24333 0 0 0 0
1.25 0 0 0 0
1.25667 0 0 0 0
1.26333 0 0 0 0
1.27 0 0 0 0
1.27667 0 0 0 0
1.28333 0 0 0 0
1.29 0 0 0 0
1.29667 0 0 0 0
1.30333 0 0 0 0
1.31 0 0 0 0
1.31667 0 0 0 0
1.32333 0 0 0 0
1.33 0 0 0 0
1.33667 0 0 0 0
1.34333 0 0 0 0
1.35 0 0 0 0
1.35667 0 0 0 0
1.36333 0 0 0 0
1.37 0 0 0 0
1.37667 0 0 0 0
1.38333 0 0 0 0
1.39 0 0 0 0
1.39667 0 0 0 0
1.40333 0 0 0 0
1.41 0 0 0 0
1.41667 0 0 0 0
1.42333 0 0 0 0
1.43 0 0 0 0
1.43667 0 0 0 0
1.44333 0 0 0 0
1.45 0 0 0 0
1.45667 0 0 0 0
1.46333 0 0 0 0
1.47 0 0 0 0
1.47667 0 0 0 0
1.48333 0 0 0 0
1.49 0 0 0 0
1.49667 0 0 0 0
1.50333 0 0 0 0
1.51 0 0 0 0
1.51667 0 0 0 0
1.52333 0 0 0 0
1.53 0 0 0 0
1.53667 0 0 0 0
1.54333 0 0 0 0
1.55 0 0 0 0
1.55667 0 0 0 0
1.56333 0 0 0 0
1.57 0 0 0 0
1.57667 0 0 0 0
1.58333 0 0 0 0
1.59 0 0 0 0
1.59667 0 0 0 0
1.60333 0 0 0 0
1.61 0 0 0 0
1.61667 0 0 0 0
1.62333 0 0 0 0
1.63 0 0 0 0
1.63667 0 0 0 0
1.64333 0 0 0 0
1.65 0 0 0 0
1.65667 0 0 0 0
1.66333 0 0 0 0
1.67 0 0 0 0
1.67667 0 0 0 0
1.68333 0 0 0 0
1.69 0 0 0 0
1.69667 0 0 0 0
1.70333 0 0 0 0
1.71 0 0 0 0
1.71667 0 0 0 0
1.72333 0 0 0 0
1.73 0 0 0 0
1.73667 0 0 0 0
1.74333 0 0 0 0
1.75 0 0 0 0
1.75667 0 0 0 0
1.76333 0 0 0 0
1.77 0 0 0 0
1.77667 0 0 0 0
1.78333 0 0 0 0
1.79 0 0 0 0
1.79667 0 0 0 0
1.80333 0 0 0 0
1.81 0 0 0 0
1.81667 0 0 0 0
1.82333 0 0 0 0
1.83 0 0 0 0
1.83667 0 0 0 0
1.84333 0 0 0 0
1.85 0 0 0 0
1.85667 0 0 0 0
1.86333 0 0 0 0
1.87 0 0 0 0
1.87667 0 0 0 0
1.88333 0 0 0 0
1.89 0 0 0 0
1.89667 0 0 0 0
1.90333 0 0 0 0
1.91 0 0 0 0
1.91667 0 0 0 0
1.92333 0 0 0 0
1.93 0 0 0 0
1.93667 0 0 0 0
1.94333 0 0 0 0
1.95 0 0 0 0
1.95667 0 0 0 0
1.96333 0 0 0 0
1.97 0 0 0 0
1.97667 0 0 0 0
1.98333 0 0 0 0
1.99 0 0 0 0
1.99667 0 0 0 0
