0.00333333 0 1 14 182
0.01 3 1 17 236
0.0166667 5 1 24 232
0.0233333 4 2 16 224
0.03 2 3 21 221
0.0366667 7 2 23 273
0.0433333 2 3 49 286
0.05 3 4 44 313
0.0566667 2 8 58 314
0.0633333 7 7 56 333
0.07 7 2 72 388
0.0766667 2 11 55 380
0.0833333 4 12 50 397
0.09 2 10 69 414
0.0966667 2 8 61 417
0.103333 4 10 71 449
0.11 8 9 69 386
0.116667 3 2 50 458
0.123333 6 3 59 510
0.13 2 7 49 533
0.136667 4 6 41 474
0.143333 6 4 42 478
0.15 7 5 44 484
0.156667 3 4 37 493
0.163333 2 7 45 460
0.17 8 5 42 484
0.176667 6 2 35 487
0.183333 6 3 50 590
0.19 15 5 35 824
0.196667 7 8 47 755
0.203333 4 5 35 703
0.21 6 3 39 657
0.216667 6 5 30 573
0.223333 8 4 33 570
0.23 7 3 29 495
0.236667 3 7 26 461
0.243333 5 2 34 402
0.25 14 2 27 374
0.256667 8 2 27 383
0.263333 5 1 31 337
0.27 5 5 28 340
0.276667 2 0 27 301
0.283333 6 2 29 328
0.29 8 4 21 311
0.296667 4 2 23 284
0.303333 4 2 20 272
0.31 7 4 20 248
0.316667 5 3 27 242
0.323333 4 2 27 251
0.33 4 7 25 226
0.336667 2 3 19 236
0.343333 4 3 21 229
0.35 6 8 20 265
0.356667 1 3 17 235
0.363333 3 2 16 225
0.37 5 1 27 213
0.376667 6 5 15 228
0.383333 2 2 20 195
0.39 2 2 13 227
0.396667 3 1 19 219
0.403333 3 5 19 215
0.41 8 5 15 210
0.416667 3 2 15 246
0.423333 4 2 27 198
0.43 0 4 23 221
0.436667 3 5 16 239
0.443333 5 2 16 238
0.45 3 2 23 224
0.456667 1 0 11 252
0.463333 5 2 11 253
0.47 3 5 12 238
0.476667 8 3 8 187
0.483333 3 1 12 113
0.49 0 1 15 99
0.496667 3 1 12 91
0.503333 3 1 6 98
0.51 0 1 14 86
0.516667 3 2 9 82
0.523333 1 0 10 68
0.53 2 2 18 76
0.536667 1 1 9 77
0.543333 4 4 9 54
0.55 2 1 13 63
0.556667 2 1 14 47
0.563333 2 0 8 57
0.57 0 4 11 65
0.576667 3 0 10 67
0.583333 1 1 10 73
0.59 5 2 14 62
0.596667 2 2 10 43
0.603333 3 1 9 60
0.61 0 2 6 47
0.616667 2 1 12 42
0.623333 1 4 5 42
0.63 1 0 11 75
0.636667 0 3 8 74
0.643333 2 2 9 35
0.65 1 2 8 41
0.656667 3 1 6 39
0.663333 153 39 255 13664
0.67 0 0 0 0
0.676667 0 0 0 0
0.683333 0 0 0 0
0.69 0 0 0 0
0.696667 0 0 0 0
0.703333 0 0 0 0
0.71 0 0 0 0
0.716667 0 0 0 0
0.723333 0 0 0 0
0.73 0 0 0 0
0.736667 0 0 0 0
0.743333 0 0 0 0
0.75 0 0 0 0
0.756667 0 0 0 0
0.763333 0 0 0 0
0.77 0 0 0 0
0.776667 0 0 0 0
0.783333 0 0 0 0
0.79 0 0 0 0
0.796667 0 0 0 0
0.803333 0 0 0 0
0.81 0 0 0 0
0.816667 0 0 0 0
0.823333 0 0 0 0
0.83 0 0 0 0
0.836667 0 0 0 0
0.843333 0 0 0 0
0.85 0 0 0 0
0.856667 0 0 0 0
0.863333 0 0 0 0
0.87 0 0 0 0
0.876667 0 0 0 0
0.883333 0 0 0 0
0.89 0 0 0 0
0.896667 0 0 0 0
0.903333 0 0 0 0
0.91 0 0 0 0
0.916667 0 0 0 0
0.923333 0 0 0 0
0.93 0 0 0 0
0.936667 0 0 0 0
0.943333 0 0 0 0
0.95 0 0 0 0
0.956667 0 0 0 0
0.963333 0 0 0 0
0.97 0 0 0 0
0.976667 0 0 0 0
0.983333 0 0 0 0
0.99 0 0 0 0
0.996667 0 0 0 0
1.00333 0 0 0 0
1.01 0 0 0 0
1.01667 0 0 0 0
1.02333 0 0 0 0
1.03 0 0 0 0
1.03667 0 0 0 0
1.04333 0 0 0 0
1.05 0 0 0 0
1.05667 0 0 0 0
1.06333 0 0 0 0
1.07 0 0 0 0
1.07667 0 0 0 0
1.08333 0 0 0 0
1.09 0 0 0 0
1.09667 0 0 0 0
1.10333 0 0 0 0
1.11 0 0 0 0
1.11667 0 0 0 0
1.12333 0 0 0 0
1.13 0 0 0 0
1.13667 0 0 0 0
1.14333 0 0 0 0
1.15 0 0 0 0
1.15667 0 0 0 0
1.16333 0 0 0 0
1.17 0 0 0 0
1.17667 0 0 0 0
1.18333 0 0 0 0
1.19 0 0 0 0
1.19667 0 0 0 0
1.20333 0 0 0 0
1.21 0 0 0 0
1.21667 0 0 0 0
1.22333 0 0 0 0
1.23 0 0 0 0
1.23667 0 0 0 0
1.24333 0 0 0 0
1.25 0 0 0 0
1.25667 0 0 0 0
1.26333 0 0 0 0
1.27 0 0 0 0
1.27667 0 0 0 0
1.28333 0 0 0 0
1.29 0 0 0 0
1.29667 0 0 0 0
1.30333 0 0 0 0
1.31 0 0 0 0
1.31667 0 0 0 0
1.32333 0 0 0 0
1.33 0 0 0 0
1.33667 0 0 0 0
1.34333 0 0 0 0
1.35 0 0 0 0
1.35667 0 0 0 0
1.36333 0 0 0 0
1.37 0 0 0 0
1.37667 0 0 0 0
1.38333 0 0 0 0
1.39 0 0 0 0
1.39667 0 0 0 0
1.40333 0 0 0 0
1.41 0 0 0 0
1.41667 0 0 0 0
1.42333 0 0 0 0
1.43 0 0 0 0
1.43667 0 0 0 0
1.44333 0 0 0 0
1.45 0 0 0 0
1.45667 0 0 0 0
1.46333 0 0 0 0
1.47 0 0 0 0
1.47667 0 0 0 0
1.48333 0 0 0 0
1.49 0 0 0 0
1.49667 0 0 0 0
1.50333 0 0 0 0
1.51 0 0 0 0
1.51667 0 0 0 0
1.52333 0 0 0 0
1.53 0 0 0 0
1.53667 0 0 0 0
1.54333 0 0 0 0
1.55 0 0 0 0
1.55667 0 0 0 0
1.56333 0 0 0 0
1.57 0 0 0 0
1.57667 0 0 0 0
1.58333 0 0 0 0
1.59 0 0 0 0
1.59667 0 0 0 0
1.60333 0 0 0 0
1.61 0 0 0 0
1.61667 0 0 0 0
1.62333 0 0 0 0
1.63 0 0 0 0
1.63667 0 0 0 0
1.64333 0 0 0 0
1.65 0 0 0 0
1.65667 0 0 0 0
1.66333 0 0 0 0
1.67 0 0 0 0
1.67667 0 0 0 0
1.68333 0 0 0 0
1.69 0 0 0 0
1.69667 0 0 0 0
1.70333 0 0 0 0
1.71 0 0 0 0
1.71667 0 0 0 0
1.72333 0 0 0 0
1.73 0 0 0 0
1.73667 0 0 0 0
1.74333 0 0 0 0
1.75 0 0 0 0
1.75667 0 0 0 0
1.76333 0 0 0 0
1.77 0 0 0 0
1.77667 0 0 0 0
1.78333 0 0 0 0
1.79 0 0 0 0
1.79667 0 0 0 0
1.80333 0 0 0 0
1.81 0 0 0 0
1.81667 0 0 0 0
1.82333 0 0 0 0
1.83 0 0 0 0
1.83667 0 0 0 0
1.84333 0 0 0 0
1.85 0 0 0 0
1.85667 0 0 0 0
1.86333 0 0 0 0
1.87 0 0 0 0
1.87667 0 0 0 0
1.88333 0 0 0 0
1.89 0 0 0 0
1.89667 0 0 0 0
1.90333 0 0 0 0
1.91 0 0 0 0
1.91667 0 0 0 0
1.92333 0 0 0 0
1.93 0 0 0 0
1.93667 0 0 0 0
1.94333 0 0 0 0
1.95 0 0 0 0
1.95667 0 0 0 0
1.96333 0 0 0 0
1.97 0 0 0 0
1.97667 0 0 0 0
1.98333 0 0 0 0
1.99 0 0 0 0
1.99667 0 0 0 0
