0.00333333 3 6 79 4
0.01 2 12 99 6
0.0166667 4 20 96 10
0.0233333 3 10 125 9
0.03 5 12 128 10
0.0366667 2 15 132 10
0.0433333 3 26 186 16
0.05 8 29 191 16
0.0566667 9 32 228 31
0.0633333 6 32 265 29
0.07 5 40 272 43
0.0766667 10 38 283 35
0.0833333 10 45 296 35
0.09 7 36 313 27
0.0966667 5 34 274 35
0.103333 8 41 328 29
0.11 9 39 309 28
0.116667 2 31 334 34
0.123333 8 27 355 26
0.13 8 32 311 28
0.136667 6 20 316 22
0.143333 6 29 322 28
0.15 5 26 319 21
0.156667 1 28 309 13
0.163333 1 35 282 30
0.17 5 33 306 22
0.176667 6 25 325 20
0.183333 4 29 333 23
0.19 5 24 401 26
0.196667 6 34 358 21
0.203333 6 25 359 25
0.21 6 19 332 11
0.216667 4 20 332 21
0.223333 10 11 294 19
0.23 4 22 261 25
0.236667 5 17 249 19
0.243333 8 28 243 12
0.25 4 18 227 13
0.256667 6 13 219 24
0.263333 7 18 206 15
0.27 5 16 206 8
0.276667 2 11 181 9
0.283333 1 8 164 8
0.29 3 17 162 14
0.296667 0 12 159 12
0.303333 3 11 169 11
0.31 4 21 157 12
0.316667 2 13 149 6
0.323333 1 20 152 7
0.33 4 15 142 9
0.336667 3 16 140 7
0.343333 3 12 135 15
0.35 2 15 147 12
0.356667 1 18 129 10
0.363333 2 13 137 6
0.37 4 20 119 13
0.376667 1 11 131 19
0.383333 0 11 126 7
0.39 5 6 118 10
0.396667 0 15 128 10
0.403333 1 12 133 12
0.41 1 7 110 7
0.416667 3 11 118 9
0.423333 4 8 129 14
0.43 0 13 132 14
0.436667 2 15 121 10
0.443333 2 8 110 19
0.45 2 10 130 11
0.456667 6 9 112 10
0.463333 1 15 117 11
0.47 4 9 123 15
0.476667 3 9 116 8
0.483333 3 6 58 9
0.49 1 6 60 6
0.496667 2 14 66 6
0.503333 2 5 61 5
0.51 3 5 63 5
0.516667 2 7 52 7
0.523333 4 12 46 4
0.53 1 5 47 5
0.536667 0 5 35 6
0.543333 3 4 37 2
0.55 1 7 51 2
0.556667 2 3 55 6
0.563333 2 8 40 3
0.57 2 10 48 4
0.576667 2 5 47 3
0.583333 1 8 38 5
0.59 1 6 47 4
0.596667 1 6 45 10
0.603333 0 3 44 2
0.61 0 6 34 4
0.616667 3 10 37 7
0.623333 0 7 40 2
0.63 2 7 32 1
0.636667 1 5 56 6
0.643333 0 6 40 6
0.65 1 3 25 8
0.656667 0 7 29 7
0.663333 26 210 5319 125
0.67 0 0 0 0
0.676667 0 0 0 0
0.683333 0 0 0 0
0.69 0 0 0 0
0.696667 0 0 0 0
0.703333 0 0 0 0
0.71 0 0 0 0
0.716667 0 0 0 0
0.723333 0 0 0 0
0.73 0 0 0 0
0.736667 0 0 0 0
0.743333 0 0 0 0
0.75 0 0 0 0
0.756667 0 0 0 0
0.763333 0 0 0 0
0.77 0 0 0 0
0.776667 0 0 0 0
0.783333 0 0 0 0
0.79 0 0 0 0
0.796667 0 0 0 0
0.803333 0 0 0 0
0.81 0 0 0 0
0.816667 0 0 0 0
0.823333 0 0 0 0
0.83 0 0 0 0
0.836667 0 0 0 0
0.843333 0 0 0 0
0.85 0 0 0 0
0.856667 0 0 0 0
0.863333 0 0 0 0
0.87 0 0 0 0
0.876667 0 0 0 0
0.883333 0 0 0 0
0.89 0 0 0 0
0.896667 0 0 0 0
0.903333 0 0 0 0
0.91 0 0 0 0
0.916667 0 0 0 0
0.923333 0 0 0 0
0.93 0 0 0 0
0.936667 0 0 0 0
0.943333 0 0 0 0
0.95 0 0 0 0
0.956667 0 0 0 0
0.963333 0 0 0 0
0.97 0 0 0 0
0.976667 0 0 0 0
0.983333 0 0 0 0
0.99 0 0 0 0
0.996667 0 0 0 0
1.00333 0 0 0 0
1.01 0 0 0 0
1.01667 0 0 0 0
1.02333 0 0 0 0
1.03 0 0 0 0
1.03667 0 0 0 0
1.04333 0 0 0 0
1.05 0 0 0 0
1.05667 0 0 0 0
1.06333 0 0 0 0
1.07 0 0 0 0
1.07667 0 0 0 0
1.08333 0 0 0 0
1.09 0 0 0 0
1.09667 0 0 0 0
1.10333 0 0 0 0
1.11 0 0 0 0
1.11667 0 0 0 0
1.12333 0 0 0 0
1.13 0 0 0 0
1.13667 0 0 0 0
1.14333 0 0 0 0
1.15 0 0 0 0
1.15667 0 0 0 0
1.16333 0 0 0 0
1.17 0 0 0 0
1.17667 0 0 0 0
1.18333 0 0 0 0
1.19 0 0 0 0
1.19667 0 0 0 0
1.20333 0 0 0 0
1.21 0 0 0 0
1.21667 0 0 0 0
1.22333 0 0 0 0
1.23 0 0 0 0
1.23667 0 0 0 0
1.24333 0 0 0 0
1.25 0 0 0 0
1.25667 0 0 0 0
1.26333 0 0 0 0
1.27 0 0 0 0
1.27667 0 0 0 0
1.28333 0 0 0 0
1.29 0 0 0 0
1.29667 0 0 0 0
1.30333 0 0 0 0
1.31 0 0 0 0
1.31667 0 0 0 0
1.32333 0 0 0 0
1.33 0 0 0 0
1.33667 0 0 0 0
1.34333 0 0 0 0
1.35 0 0 0 0
1.35667 0 0 0 0
1.36333 0 0 0 0
1.37 0 0 0 0
1.37667 0 0 0 0
1.38333 0 0 0 0
1.39 0 0 0 0
1.39667 0 0 0 0
1.40333 0 0 0 0
1.41 0 0 0 0
1.41667 0 0 0 0
1.42333 0 0 0 0
1.43 0 0 0 0
1.43667 0 0 0 0
1.44333 0 0 0 0
1.45 0 0 0 0
1.45667 0 0 0 0
1.46333 0 0 0 0
1.47 0 0 0 0
1.47667 0 0 0 0
1.48333 0 0 0 0
1.49 0 0 0 0
1.49667 0 0 0 0
1.50333 0 0 0 0
1.51 0 0 0 0
1.51667 0 0 0 0
1.52333 0 0 0 0
1.53 0 0 0 0
1.53667 0 0 0 0
1.54333 0 0 0 0
1.55 0 0 0 0
1.55667 0 0 0 0
1.56333 0 0 0 0
1.57 0 0 0 0
1.57667 0 0 0 0
1.58333 0 0 0 0
1.59 0 0 0 0
1.59667 0 0 0 0
1.60333 0 0 0 0
1.61 0 0 0 0
1.61667 0 0 0 0
1.62333 0 0 0 0
1.63 0 0 0 0
1.63667 0 0 0 0
1.64333 0 0 0 0
1.65 0 0 0 0
1.65667 0 0 0 0
1.66333 0 0 0 0
1.67 0 0 0 0
1.67667 0 0 0 0
1.68333 0 0 0 0
1.69 0 0 0 0
1.69667 0 0 0 0
1.70333 0 0 0 0
1.71 0 0 0 0
1.71667 0 0 0 0
1.72333 0 0 0 0
1.73 0 0 0 0
1.73667 0 0 0 0
1.74333 0 0 0 0
1.75 0 0 0 0
1.75667 0 0 0 0
1.76333 0 0 0 0
1.77 0 0 0 0
1.77667 0 0 0 0
1.78333 0 0 0 0
1.79 0 0 0 0
1.79667 0 0 0 0
1.80333 0 0 0 0
1.81 0 0 0 0
1.81667 0 0 0 0
1.82333 0 0 0 0
1.83 0 0 0 0
1.83667 0 0 0 0
1.84333 0 0 0 0
1.85 0 0 0 0
1.85667 0 0 0 0
1.86333 0 0 0 0
1.87 0 0 0 0
1.87667 0 0 0 0
1.88333 0 0 0 0
1.89 0 0 0 0
1.89667 0 0 0 0
1.90333 0 0 0 0
1.91 0 0 0 0
1.91667 0 0 0 0
1.92333 0 0 0 0
1.93 0 0 0 0
1.93667 0 0 0 0
1.94333 0 0 0 0
1.95 0 0 0 0
1.95667 0 0 0 0
1.96333 0 0 0 0
1.97 0 0 0 0
1.97667 0 0 0 0
1.98333 0 0 0 0
1.99 0 0 0 0
1.99667 0 0 0 0
