0.00333333 25 47 10 2
0.01 41 55 5 2
0.0166667 41 56 5 0
0.0233333 33 67 4 1
0.03 45 61 4 1
0.0366667 58 99 6 4
0.0433333 80 118 17 0
0.05 102 159 13 8
0.0566667 114 206 14 4
0.0633333 146 223 22 4
0.07 148 219 23 5
0.0766667 127 220 29 8
0.0833333 157 218 21 5
0.09 154 232 25 3
0.0966667 151 220 20 3
0.103333 137 234 28 8
0.11 152 237 20 7
0.116667 144 230 24 4
0.123333 123 223 26 4
0.13 117 210 18 3
0.136667 109 162 14 6
0.143333 120 171 16 4
0.15 90 175 25 5
0.156667 96 182 18 6
0.163333 115 162 17 2
0.17 127 144 30 2
0.176667 107 154 16 4
0.183333 86 146 21 4
0.19 95 148 18 1
0.196667 96 159 19 3
0.203333 73 165 11 4
0.21 74 139 11 8
0.216667 75 153 18 3
0.223333 75 124 16 5
0.23 81 124 16 1
0.236667 78 146 15 4
0.243333 87 118 15 5
0.25 68 117 19 1
0.256667 52 86 13 2
0.263333 62 99 8 2
0.27 55 97 9 4
0.276667 60 94 12 2
0.283333 56 93 11 3
0.29 55 78 6 0
0.296667 57 94 9 0
0.303333 62 81 9 3
0.31 44 102 10 0
0.316667 46 76 8 2
0.323333 46 53 10 2
0.33 60 82 14 1
0.336667 59 97 9 4
0.343333 39 73 8 0
0.35 39 79 15 1
0.356667 50 77 4 0
0.363333 51 81 5 1
0.37 47 50 12 1
0.376667 41 64 13 5
0.383333 41 69 6 1
0.39 49 63 4 3
0.396667 49 61 8 3
0.403333 39 54 13 0
0.41 37 60 10 2
0.416667 40 61 7 1
0.423333 34 70 7 0
0.43 34 50 7 1
0.436667 33 44 5 2
0.443333 35 49 6 0
0.45 32 50 5 0
0.456667 26 46 16 2
0.463333 26 43 6 3
0.47 21 53 2 1
0.476667 26 48 9 2
0.483333 20 36 6 1
0.49 25 38 4 0
0.496667 28 31 5 2
0.503333 23 38 6 0
0.51 32 37 7 0
0.516667 30 38 4 1
0.523333 23 35 5 1
0.53 22 29 7 2
0.536667 17 28 2 0
0.543333 20 36 7 1
0.55 22 22 7 2
0.556667 20 24 3 0
0.563333 20 25 4 1
0.57 15 33 8 1
0.576667 16 38 12 1
0.583333 21 29 2 1
0.59 16 27 5 1
0.596667 23 35 3 1
0.603333 14 33 7 1
0.61 20 29 4 2
0.616667 16 20 9 0
0.623333 20 28 6 1
0.63 15 27 4 3
0.636667 19 37 5 5
0.643333 19 25 5 2
0.65 18 28 4 3
0.656667 16 30 6 1
0.663333 770 1407 118 24
0.67 0 0 0 0
0.676667 0 0 0 0
0.683333 0 0 0 0
0.69 0 0 0 0
0.696667 0 0 0 0
0.703333 0 0 0 0
0.71 0 0 0 0
0.716667 0 0 0 0
0.723333 0 0 0 0
0.73 0 0 0 0
0.736667 0 0 0 0
0.743333 0 0 0 0
0.75 0 0 0 0
0.756667 0 0 0 0
0.763333 0 0 0 0
0.77 0 0 0 0
0.776667 0 0 0 0
0.783333 0 0 0 0
0.79 0 0 0 0
0.796667 0 0 0 0
0.803333 0 0 0 0
0.81 0 0 0 0
0.816667 0 0 0 0
0.823333 0 0 0 0
0.83 0 0 0 0
0.836667 0 0 0 0
0.843333 0 0 0 0
0.85 0 0 0 0
0.856667 0 0 0 0
0.863333 0 0 0 0
0.87 0 0 0 0
0.876667 0 0 0 0
0.883333 0 0 0 0
0.89 0 0 0 0
0.896667 0 0 0 0
0.903333 0 0 0 0
0.91 0 0 0 0
0.916667 0 0 0 0
0.923333 0 0 0 0
0.93 0 0 0 0
0.936667 0 0 0 0
0.943333 0 0 0 0
0.95 0 0 0 0
0.956667 0 0 0 0
0.963333 0 0 0 0
0.97 0 0 0 0
0.976667 0 0 0 0
0.983333 0 0 0 0
0.99 0 0 0 0
0.996667 0 0 0 0
1.00333 0 0 0 0
1.01 0 0 0 0
1.01667 0 0 0 0
1.02333 0 0 0 0
1.03 0 0 0 0
1.03667 0 0 0 0
1.04333 0 0 0 0
1.05 0 0 0 0
1.05667 0 0 0 0
1.06333 0 0 0 0
1.07 0 0 0 0
1.07667 0 0 0 0
1.08333 0 0 0 0
1.09 0 0 0 0
1.09667 0 0 0 0
1.10333 0 0 0 0
1.11 0 0 0 0
1.11667 0 0 0 0
1.12333 0 0 0 0
1.13 0 0 0 0
1.13667 0 0 0 0
1.14333 0 0 0 0
1.15 0 0 0 0
1.15667 0 0 0 0
1.16333 0 0 0 0
1.17 0 0 0 0
1.17667 0 0 0 0
1.18333 0 0 0 0
1.19 0 0 0 0
1.19667 0 0 0 0
1.20333 0 0 0 0
1.21 0 0 0 0
1.21667 0 0 0 0
1.22333 0 0 0 0
1.23 0 0 0 0
1.23667 0 0 0 0
1.24333 0 0 0 0
1.25 0 0 0 0
1.25667 0 0 0 0
1.26333 0 0 0 0
1.27 0 0 0 0
1.27667 0 0 0 0
1.28333 0 0 0 0
1.29 0 0 0 0
1.29667 0 0 0 0
1.30333 0 0 0 0
1.31 0 0 0 0
1.31667 0 0 0 0
1.32333 0 0 0 0
1.33 0 0 0 0
1.33667 0 0 0 0
1.34333 0 0 0 0
1.35 0 0 0 0
1.35667 0 0 0 0
1.36333 0 0 0 0
1.37 0 0 0 0
1.37667 0 0 0 0
1.38333 0 0 0 0
1.39 0 0 0 0
1.39667 0 0 0 0
1.40333 0 0 0 0
1.41 0 0 0 0
1.41667 0 0 0 0
1.42333 0 0 0 0
1.43 0 0 0 0
1.43667 0 0 0 0
1.44333 0 0 0 0
1.45 0 0 0 0
1.45667 0 0 0 0
1.46333 0 0 0 0
1.47 0 0 0 0
1.47667 0 0 0 0
1.48333 0 0 0 0
1.49 0 0 0 0
1.49667 0 0 0 0
1.50333 0 0 0 0
1.51 0 0 0 0
1.51667 0 0 0 0
1.52333 0 0 0 0
1.53 0 0 0 0
1.53667 0 0 0 0
1.54333 0 0 0 0
1.55 0 0 0 0
1.55667 0 0 0 0
1.56333 0 0 0 0
1.57 0 0 0 0
1.57667 0 0 0 0
1.58333 0 0 0 0
1.59 0 0 0 0
1.59667 0 0 0 0
1.60333 0 0 0 0
1.61 0 0 0 0
1.61667 0 0 0 0
1.62333 0 0 0 0
1.63 0 0 0 0
1.63667 0 0 0 0
1.64333 0 0 0 0
1.65 0 0 0 0
1.65667 0 0 0 0
1.66333 0 0 0 0
1.67 0 0 0 0
1.67667 0 0 0 0
1.68333 0 0 0 0
1.69 0 0 0 0
1.69667 0 0 0 0
1.70333 0 0 0 0
1.71 0 0 0 0
1.71667 0 0 0 0
1.72333 0 0 0 0
1.73 0 0 0 0
1.73667 0 0 0 0
1.74333 0 0 0 0
1.75 0 0 0 0
1.75667 0 0 0 0
1.76333 0 0 0 0
1.77 0 0 0 0
1.77667 0 0 0 0
1.78333 0 0 0 0
1.79 0 0 0 0
1.79667 0 0 0 0
1.80333 0 0 0 0
1.81 0 0 0 0
1.81667 0 0 0 0
1.82333 0 0 0 0
1.83 0 0 0 0
1.83667 0 0 0 0
1.84333 0 0 0 0
1.85 0 0 0 0
1.85667 0 0 0 0
1.86333 0 0 0 0
1.87 0 0 0 0
1.87667 0 0 0 0
1.88333 0 0 0 0
1.89 0 0 0 0
1.89667 0 0 0 0
1.90333 0 0 0 0
1.91 0 0 0 0
1.91667 0 0 0 0
1.92333 0 0 0 0
1.93 0 0 0 0
1.93667 0 0 0 0
1.94333 0 0 0 0
1.95 0 0 0 0
1.95667 0 0 0 0
1.96333 0 0 0 0
1.97 0 0 0 0
1.97667 0 0 0 0
1.98333 0 0 0 0
1.99 0 0 0 0
1.99667 0 0 0 0
