0.00333333 2 9 43 19
0.01 1 16 70 13
0.0166667 6 20 64 13
0.0233333 5 13 67 17
0.03 5 18 84 17
0.0366667 5 28 85 28
0.0433333 9 27 107 43
0.05 8 34 146 39
0.0566667 7 34 184 59
0.0633333 9 41 194 66
0.07 6 51 225 58
0.0766667 8 43 176 59
0.0833333 15 44 225 53
0.09 8 51 220 60
0.0966667 10 44 223 57
0.103333 7 48 199 58
0.11 10 37 210 59
0.116667 9 43 215 76
0.123333 4 45 213 42
0.13 12 38 221 48
0.136667 10 29 195 45
0.143333 15 31 192 48
0.15 8 33 176 36
0.156667 8 28 171 44
0.163333 9 25 177 55
0.17 11 27 152 40
0.176667 8 25 183 43
0.183333 9 30 141 43
0.19 9 25 181 39
0.196667 18 33 184 42
0.203333 10 31 169 29
0.21 11 25 156 30
0.216667 5 20 147 33
0.223333 9 21 122 35
0.23 4 23 127 29
0.236667 3 31 102 35
0.243333 9 26 122 28
0.25 8 18 123 27
0.256667 7 22 90 27
0.263333 3 18 93 33
0.27 8 10 116 25
0.276667 7 21 104 23
0.283333 1 14 82 26
0.29 4 19 101 23
0.296667 3 10 101 25
0.303333 4 19 84 25
0.31 0 18 92 19
0.316667 7 15 74 23
0.323333 5 16 73 24
0.33 2 13 81 22
0.336667 5 18 78 22
0.343333 5 17 85 26
0.35 2 11 61 18
0.356667 3 18 69 22
0.363333 4 14 59 26
0.37 7 10 51 22
0.376667 7 17 76 19
0.383333 6 17 62 19
0.39 6 9 64 21
0.396667 5 12 55 12
0.403333 3 12 56 11
0.41 4 13 50 13
0.416667 5 8 71 18
0.423333 6 11 56 20
0.43 6 13 61 16
0.436667 1 10 68 17
0.443333 5 12 52 23
0.45 4 10 50 9
0.456667 2 13 61 15
0.463333 5 9 46 14
0.47 5 13 63 19
0.476667 1 12 40 14
0.483333 0 9 37 15
0.49 4 4 34 16
0.496667 1 8 38 14
0.503333 1 11 38 8
0.51 1 8 32 5
0.516667 2 9 33 11
0.523333 3 11 40 9
0.53 2 6 38 16
0.536667 2 3 25 8
0.543333 4 6 28 10
0.55 2 5 28 9
0.556667 1 6 30 10
0.563333 2 11 31 10
0.57 3 12 30 11
0.576667 7 6 33 10
0.583333 1 6 33 10
0.59 2 8 26 10
0.596667 3 1 27 12
0.603333 2 8 31 9
0.61 0 2 31 11
0.616667 2 0 28 7
0.623333 4 8 21 6
0.63 1 4 21 6
0.636667 3 8 26 7
0.643333 2 8 17 8
0.65 2 6 20 10
0.656667 3 3 21 9
0.663333 47 174 1454 338
0.67 0 0 0 0
0.676667 0 0 0 0
0.683333 0 0 0 0
0.69 0 0 0 0
0.696667 0 0 0 0
0.703333 0 0 0 0
0.71 0 0 0 0
0.716667 0 0 0 0
0.723333 0 0 0 0
0.73 0 0 0 0
0.736667 0 0 0 0
0.743333 0 0 0 0
0.75 0 0 0 0
0.756667 0 0 0 0
0.763333 0 0 0 0
0.77 0 0 0 0
0.776667 0 0 0 0
0.783333 0 0 0 0
0.79 0 0 0 0
0.796667 0 0 0 0
0.803333 0 0 0 0
0.81 0 0 0 0
0.816667 0 0 0 0
0.823333 0 0 0 0
0.83 0 0 0 0
0.836667 0 0 0 0
0.843333 0 0 0 0
0.85 0 0 0 0
0.856667 0 0 0 0
0.863333 0 0 0 0
0.87 0 0 0 0
0.876667 0 0 0 0
0.883333 0 0 0 0
0.89 0 0 0 0
0.896667 0 0 0 0
0.903333 0 0 0 0
0.91 0 0 0 0
0.916667 0 0 0 0
0.923333 0 0 0 0
0.93 0 0 0 0
0.936667 0 0 0 0
0.943333 0 0 0 0
0.95 0 0 0 0
0.956667 0 0 0 0
0.963333 0 0 0 0
0.97 0 0 0 0
0.976667 0 0 0 0
0.983333 0 0 0 0
0.99 0 0 0 0
0.996667 0 0 0 0
1.00333 0 0 0 0
1.01 0 0 0 0
1.01667 0 0 0 0
1.02333 0 0 0 0
1.03 0 0 0 0
1.03667 0 0 0 0
1.04333 0 0 0 0
1.05 0 0 0 0
1.05667 0 0 0 0
1.06333 0 0 0 0
1.07 0 0 0 0
1.07667 0 0 0 0
1.08333 0 0 0 0
1.09 0 0 0 0
1.09667 0 0 0 0
1.10333 0 0 0 0
1.11 0 0 0 0
1.11667 0 0 0 0
1.12333 0 0 0 0
1.13 0 0 0 0
1.13667 0 0 0 0
1.14333 0 0 0 0
1.15 0 0 0 0
1.15667 0 0 0 0
1.16333 0 0 0 0
1.17 0 0 0 0
1.17667 0 0 0 0
1.18333 0 0 0 0
1.19 0 0 0 0
1.19667 0 0 0 0
1.20333 0 0 0 0
1.21 0 0 0 0
1.21667 0 0 0 0
1.22333 0 0 0 0
1.23 0 0 0 0
1.23667 0 0 0 0
1.24333 0 0 0 0
1.25 0 0 0 0
1.25667 0 0 0 0
1.26333 0 0 0 0
1.27 0 0 0 0
1.27667 0 0 0 0
1.28333 0 0 0 0
1.29 0 0 0 0
1.29667 0 0 0 0
1.30333 0 0 0 0
1.31 0 0 0 0
1.31667 0 0 0 0
1.32333 0 0 0 0
1.33 0 0 0 0
1.33667 0 0 0 0
1.34333 0 0 0 0
1.35 0 0 0 0
1.35667 0 0 0 0
1.36333 0 0 0 0
1.37 0 0 0 0
1.37667 0 0 0 0
1.38333 0 0 0 0
1.39 0 0 0 0
1.39667 0 0 0 0
1.40333 0 0 0 0
1.41 0 0 0 0
1.41667 0 0 0 0
1.42333 0 0 0 0
1.43 0 0 0 0
1.43667 0 0 0 0
1.44333 0 0 0 0
1.45 0 0 0 0
1.45667 0 0 0 0
1.46333 0 0 0 0
1.47 0 0 0 0
1.47667 0 0 0 0
1.48333 0 0 0 0
1.49 0 0 0 0
1.49667 0 0 0 0
1.50333 0 0 0 0
1.51 0 0 0 0
1.51667 0 0 0 0
1.52333 0 0 0 0
1.53 0 0 0 0
1.53667 0 0 0 0
1.54333 0 0 0 0
1.55 0 0 0 0
1.55667 0 0 0 0
1.56333 0 0 0 0
1.57 0 0 0 0
1.57667 0 0 0 0
1.58333 0 0 0 0
1.59 0 0 0 0
1.59667 0 0 0 0
1.60333 0 0 0 0
1.61 0 0 0 0
1.61667 0 0 0 0
1.62333 0 0 0 0
1.63 0 0 0 0
1.63667 0 0 0 0
1.64333 0 0 0 0
1.65 0 0 0 0
1.65667 0 0 0 0
1.66333 0 0 0 0
1.67 0 0 0 0
1.67667 0 0 0 0
1.68333 0 0 0 0
1.69 0 0 0 0
1.69667 0 0 0 0
1.70333 0 0 0 0
1.71 0 0 0 0
1.71667 0 0 0 0
1.72333 0 0 0 0
1.73 0 0 0 0
1.73667 0 0 0 0
1.74333 0 0 0 0
1.75 0 0 0 0
1.75667 0 0 0 0
1.76333 0 0 0 0
1.77 0 0 0 0
1.77667 0 0 0 0
1.78333 0 0 0 0
1.79 0 0 0 0
1.79667 0 0 0 0
1.80333 0 0 0 0
1.81 0 0 0 0
1.81667 0 0 0 0
1.82333 0 0 0 0
1.83 0 0 0 0
1.83667 0 0 0 0
1.84333 0 0 0 0
1.85 0 0 0 0
1.85667 0 0 0 0
1.86333 0 0 0 0
1.87 0 0 0 0
1.87667 0 0 0 0
1.88333 0 0 0 0
1.89 0 0 0 0
1.89667 0 0 0 0
1.90333 0 0 0 0
1.91 0 0 0 0
1.91667 0 0 0 0
1.92333 0 0 0 0
1.93 0 0 0 0
1.93667 0 0 0 0
1.94333 0 0 0 0
1.95 0 0 0 0
1.95667 0 0 0 0
1.96333 0 0 0 0
1.97 0 0 0 0
1.97667 0 0 0 0
1.98333 0 0 0 0
1.99 0 0 0 0
1.99667 0 0 0 0
