0.00333333 3 22 38 9
0.01 4 32 27 5
0.0166667 10 34 22 2
0.0233333 8 42 41 4
0.03 12 37 48 7
0.0366667 13 46 49 12
0.0433333 11 84 45 11
0.05 18 75 76 18
0.0566667 28 89 97 21
0.0633333 24 97 111 22
0.07 27 122 94 19
0.0766667 33 105 117 25
0.0833333 26 121 117 18
0.09 25 114 119 21
0.0966667 28 122 101 23
0.103333 33 108 133 14
0.11 32 108 109 24
0.116667 22 105 113 21
0.123333 18 132 104 12
0.13 25 102 103 15
0.136667 28 79 112 13
0.143333 13 82 103 8
0.15 21 80 84 16
0.156667 21 69 89 16
0.163333 14 68 66 15
0.17 23 82 82 15
0.176667 20 70 90 15
0.183333 30 63 76 17
0.19 19 66 89 17
0.196667 14 71 84 12
0.203333 20 81 74 12
0.21 20 60 78 13
0.216667 17 62 58 12
0.223333 19 78 81 15
0.23 16 60 65 10
0.236667 11 63 58 6
0.243333 13 47 60 8
0.25 16 61 61 7
0.256667 7 43 63 12
0.263333 8 43 52 10
0.27 11 56 49 12
0.276667 9 49 53 3
0.283333 14 40 49 7
0.29 16 45 52 6
0.296667 13 51 44 16
0.303333 12 38 45 12
0.31 15 47 49 9
0.316667 9 50 53 7
0.323333 9 36 46 10
0.33 14 35 32 3
0.336667 16 34 39 9
0.343333 9 28 41 10
0.35 5 29 42 5
0.356667 10 30 37 5
0.363333 8 36 36 7
0.37 10 28 28 6
0.376667 7 24 31 13
0.383333 11 43 24 11
0.39 9 23 34 6
0.396667 6 26 20 6
0.403333 6 34 36 9
0.41 5 24 39 7
0.416667 18 32 36 11
0.423333 10 19 32 6
0.43 7 28 35 7
0.436667 7 29 37 9
0.443333 7 30 37 2
0.45 4 28 25 6
0.456667 6 20 36 10
0.463333 8 19 34 2
0.47 7 22 31 4
0.476667 9 22 29 5
0.483333 5 11 18 6
0.49 7 17 30 3
0.496667 5 12 25 4
0.503333 5 9 19 3
0.51 5 15 23 3
0.516667 5 18 15 4
0.523333 4 13 22 1
0.53 7 12 20 4
0.536667 4 17 23 2
0.543333 4 13 13 6
0.55 6 14 19 4
0.556667 4 15 17 7
0.563333 4 18 18 7
0.57 6 15 24 3
0.576667 7 12 19 3
0.583333 0 13 12 7
0.59 4 12 12 3
0.596667 8 9 27 2
0.603333 1 11 15 3
0.61 2 10 14 4
0.616667 3 14 19 3
0.623333 5 12 13 2
0.63 6 11 12 6
0.636667 6 14 14 4
0.643333 5 10 16 6
0.65 6 16 12 4
0.656667 2 11 12 2
0.663333 106 493 781 71
0.67 0 0 0 0
0.676667 0 0 0 0
0.683333 0 0 0 0
0.69 0 0 0 0
0.696667 0 0 0 0
0.703333 0 0 0 0
0.71 0 0 0 0
0.716667 0 0 0 0
0.723333 0 0 0 0
0.73 0 0 0 0
0.736667 0 0 0 0
0.743333 0 0 0 0
0.75 0 0 0 0
0.756667 0 0 0 0
0.763333 0 0 0 0
0.77 0 0 0 0
0.776667 0 0 0 0
0.783333 0 0 0 0
0.79 0 0 0 0
0.796667 0 0 0 0
0.803333 0 0 0 0
0.81 0 0 0 0
0.816667 0 0 0 0
0.823333 0 0 0 0
0.83 0 0 0 0
0.836667 0 0 0 0
0.843333 0 0 0 0
0.85 0 0 0 0
0.856667 0 0 0 0
0.863333 0 0 0 0
0.87 0 0 0 0
0.876667 0 0 0 0
0.883333 0 0 0 0
0.89 0 0 0 0
0.896667 0 0 0 0
0.903333 0 0 0 0
0.91 0 0 0 0
0.916667 0 0 0 0
0.923333 0 0 0 0
0.93 0 0 0 0
0.936667 0 0 0 0
0.943333 0 0 0 0
0.95 0 0 0 0
0.956667 0 0 0 0
0.963333 0 0 0 0
0.97 0 0 0 0
0.976667 0 0 0 0
0.983333 0 0 0 0
0.99 0 0 0 0
0.996667 0 0 0 0
1.00333 0 0 0 0
1.01 0 0 0 0
1.01667 0 0 0 0
1.02333 0 0 0 0
1.03 0 0 0 0
1.03667 0 0 0 0
1.04333 0 0 0 0
1.05 0 0 0 0
1.05667 0 0 0 0
1.06333 0 0 0 0
1.07 0 0 0 0
1.07667 0 0 0 0
1.08333 0 0 0 0
1.09 0 0 0 0
1.09667 0 0 0 0
1.10333 0 0 0 0
1.11 0 0 0 0
1.11667 0 0 0 0
1.12333 0 0 0 0
1.13 0 0 0 0
1.13667 0 0 0 0
1.14333 0 0 0 0
1.15 0 0 0 0
1.15667 0 0 0 0
1.16333 0 0 0 0
1.17 0 0 0 0
1.17667 0 0 0 0
1.18333 0 0 0 0
1.19 0 0 0 0
1.19667 0 0 0 0
1.20333 0 0 0 0
1.21 0 0 0 0
1.21667 0 0 0 0
1.22333 0 0 0 0
1.23 0 0 0 0
1.23667 0 0 0 0
1.24333 0 0 0 0
1.25 0 0 0 0
1.25667 0 0 0 0
1.26333 0 0 0 0
1.27 0 0 0 0
1.27667 0 0 0 0
1.28333 0 0 0 0
1.29 0 0 0 0
1.29667 0 0 0 0
1.30333 0 0 0 0
1.31 0 0 0 0
1.31667 0 0 0 0
1.32333 0 0 0 0
1.33 0 0 0 0
1.33667 0 0 0 0
1.34333 0 0 0 0
1.35 0 0 0 0
1.35667 0 0 0 0
1.36333 0 0 0 0
1.37 0 0 0 0
1.37667 0 0 0 0
1.38333 0 0 0 0
1.39 0 0 0 0
1.39667 0 0 0 0
1.40333 0 0 0 0
1.41 0 0 0 0
1.41667 0 0 0 0
1.42333 0 0 0 0
1.43 0 0 0 0
1.43667 0 0 0 0
1.44333 0 0 0 0
1.45 0 0 0 0
1.45667 0 0 0 0
1.46333 0 0 0 0
1.47 0 0 0 0
1.47667 0 0 0 0
1.48333 0 0 0 0
1.49 0 0 0 0
1.49667 0 0 0 0
1.50333 0 0 0 0
1.51 0 0 0 0
1.51667 0 0 0 0
1.52333 0 0 0 0
1.53 0 0 0 0
1.53667 0 0 0 0
1.54333 0 0 0 0
1.55 0 0 0 0
1.55667 0 0 0 0
1.56333 0 0 0 0
1.57 0 0 0 0
1.57667 0 0 0 0
1.58333 0 0 0 0
1.59 0 0 0 0
1.59667 0 0 0 0
1.60333 0 0 0 0
1.61 0 0 0 0
1.61667 0 0 0 0
1.62333 0 0 0 0
1.63 0 0 0 0
1.63667 0 0 0 0
1.64333 0 0 0 0
1.65 0 0 0 0
1.65667 0 0 0 0
1.66333 0 0 0 0
1.67 0 0 0 0
1.67667 0 0 0 0
1.68333 0 0 0 0
1.69 0 0 0 0
1.69667 0 0 0 0
1.70333 0 0 0 0
1.71 0 0 0 0
1.71667 0 0 0 0
1.72333 0 0 0 0
1.73 0 0 0 0
1.73667 0 0 0 0
1.74333 0 0 0 0
1.75 0 0 0 0
1.75667 0 0 0 0
1.76333 0 0 0 0
1.77 0 0 0 0
1.77667 0 0 0 0
1.78333 0 0 0 0
1.79 0 0 0 0
1.79667 0 0 0 0
1.80333 0 0 0 0
1.81 0 0 0 0
1.81667 0 0 0 0
1.82333 0 0 0 0
1.83 0 0 0 0
1.83667 0 0 0 0
1.84333 0 0 0 0
1.85 0 0 0 0
1.85667 0 0 0 0
1.86333 0 0 0 0
1.87 0 0 0 0
1.87667 0 0 0 0
1.88333 0 0 0 0
1.89 0 0 0 0
1.89667 0 0 0 0
1.90333 0 0 0 0
1.91 0 0 0 0
1.91667 0 0 0 0
1.92333 0 0 0 0
1.93 0 0 0 0
1.93667 0 0 0 0
1.94333 0 0 0 0
1.95 0 0 0 0
1.95667 0 0 0 0
1.96333 0 0 0 0
1.97 0 0 0 0
1.97667 0 0 0 0
1.98333 0 0 0 0
1.99 0 0 0 0
1.99667 0 0 0 0
