0.00333333 48 56 2 1
0.01 68 68 1 1
0.0166667 70 78 1 1
0.0233333 86 67 2 1
0.03 90 73 3 0
0.0366667 111 81 7 1
0.0433333 129 104 1 1
0.05 144 111 3 0
0.0566667 189 144 7 1
0.0633333 230 175 4 2
0.07 206 168 6 4
0.0766667 240 181 5 2
0.0833333 256 186 4 1
0.09 250 221 4 3
0.0966667 267 193 9 2
0.103333 226 186 5 4
0.11 220 175 8 2
0.116667 245 177 5 4
0.123333 243 193 8 2
0.13 216 176 5 4
0.136667 231 166 3 2
0.143333 228 167 3 0
0.15 188 162 2 2
0.156667 202 172 2 0
0.163333 191 177 2 4
0.17 192 163 0 1
0.176667 201 135 3 3
0.183333 177 185 4 2
0.19 219 172 8 2
0.196667 225 178 2 3
0.203333 221 168 4 5
0.21 166 157 4 1
0.216667 185 150 3 3
0.223333 153 144 6 3
0.23 159 141 5 3
0.236667 175 138 3 0
0.243333 167 122 5 1
0.25 131 109 6 3
0.256667 152 117 5 0
0.263333 145 95 3 1
0.27 127 84 1 1
0.276667 137 111 3 1
0.283333 119 95 1 1
0.29 124 104 3 1
0.296667 156 79 4 2
0.303333 110 121 3 1
0.31 101 88 2 1
0.316667 104 77 3 0
0.323333 112 68 6 3
0.33 89 83 3 1
0.336667 105 82 2 1
0.343333 106 60 0 1
0.35 96 88 2 0
0.356667 90 78 5 1
0.363333 90 73 5 0
0.37 81 81 3 0
0.376667 92 73 3 1
0.383333 81 54 4 2
0.39 67 59 4 1
0.396667 76 62 1 0
0.403333 88 63 2 0
0.41 65 65 1 2
0.416667 63 78 1 1
0.423333 72 47 6 1
0.43 88 54 3 1
0.436667 85 61 4 0
0.443333 62 45 1 0
0.45 73 52 2 0
0.456667 70 53 1 1
0.463333 83 69 6 0
0.47 63 53 2 0
0.476667 56 65 3 1
0.483333 51 46 1 1
0.49 53 46 5 3
0.496667 52 35 1 0
0.503333 45 33 1 0
0.51 51 31 0 1
0.516667 31 37 3 1
0.523333 41 39 2 2
0.53 35 41 1 0
0.536667 40 29 2 3
0.543333 49 32 3 1
0.55 36 17 2 1
0.556667 48 24 4 0
0.563333 37 29 2 1
0.57 36 28 2 1
0.576667 39 23 3 0
0.583333 36 28 1 0
0.59 38 32 2 0
0.596667 33 31 0 0
0.603333 34 25 3 1
0.61 38 30 2 1
0.616667 41 33 2 1
0.623333 30 32 2 0
0.63 32 30 1 0
0.636667 46 38 1 1
0.643333 32 19 3 0
0.65 32 19 0 0
0.656667 31 24 1 0
0.663333 2391 2061 29 9
0.67 0 0 0 0
0.676667 0 0 0 0
0.683333 0 0 0 0
0.69 0 0 0 0
0.696667 0 0 0 0
0.703333 0 0 0 0
0.71 0 0 0 0
0.716667 0 0 0 0
0.723333 0 0 0 0
0.73 0 0 0 0
0.736667 0 0 0 0
0.743333 0 0 0 0
0.75 0 0 0 0
0.756667 0 0 0 0
0.763333 0 0 0 0
0.77 0 0 0 0
0.776667 0 0 0 0
0.783333 0 0 0 0
0.79 0 0 0 0
0.796667 0 0 0 0
0.803333 0 0 0 0
0.81 0 0 0 0
0.816667 0 0 0 0
0.823333 0 0 0 0
0.83 0 0 0 0
0.836667 0 0 0 0
0.843333 0 0 0 0
0.85 0 0 0 0
0.856667 0 0 0 0
0.863333 0 0 0 0
0.87 0 0 0 0
0.876667 0 0 0 0
0.883333 0 0 0 0
0.89 0 0 0 0
0.896667 0 0 0 0
0.903333 0 0 0 0
0.91 0 0 0 0
0.916667 0 0 0 0
0.923333 0 0 0 0
0.93 0 0 0 0
0.936667 0 0 0 0
0.943333 0 0 0 0
0.95 0 0 0 0
0.956667 0 0 0 0
0.963333 0 0 0 0
0.97 0 0 0 0
0.976667 0 0 0 0
0.983333 0 0 0 0
0.99 0 0 0 0
0.996667 0 0 0 0
1.00333 0 0 0 0
1.01 0 0 0 0
1.01667 0 0 0 0
1.02333 0 0 0 0
1.03 0 0 0 0
1.03667 0 0 0 0
1.04333 0 0 0 0
1.05 0 0 0 0
1.05667 0 0 0 0
1.06333 0 0 0 0
1.07 0 0 0 0
1.07667 0 0 0 0
1.08333 0 0 0 0
1.09 0 0 0 0
1.09667 0 0 0 0
1.10333 0 0 0 0
1.11 0 0 0 0
1.11667 0 0 0 0
1.12333 0 0 0 0
1.13 0 0 0 0
1.13667 0 0 0 0
1.14333 0 0 0 0
1.15 0 0 0 0
1.15667 0 0 0 0
1.16333 0 0 0 0
1.17 0 0 0 0
1.17667 0 0 0 0
1.18333 0 0 0 0
1.19 0 0 0 0
1.19667 0 0 0 0
1.20333 0 0 0 0
1.21 0 0 0 0
1.21667 0 0 0 0
1.22333 0 0 0 0
1.23 0 0 0 0
1.23667 0 0 0 0
1.24333 0 0 0 0
1.25 0 0 0 0
1.25667 0 0 0 0
1.26333 0 0 0 0
1.27 0 0 0 0
1.27667 0 0 0 0
1.28333 0 0 0 0
1.29 0 0 0 0
1.29667 0 0 0 0
1.30333 0 0 0 0
1.31 0 0 0 0
1.31667 0 0 0 0
1.32333 0 0 0 0
1.33 0 0 0 0
1.33667 0 0 0 0
1.34333 0 0 0 0
1.35 0 0 0 0
1.35667 0 0 0 0
1.36333 0 0 0 0
1.37 0 0 0 0
1.37667 0 0 0 0
1.38333 0 0 0 0
1.39 0 0 0 0
1.39667 0 0 0 0
1.40333 0 0 0 0
1.41 0 0 0 0
1.41667 0 0 0 0
1.42333 0 0 0 0
1.43 0 0 0 0
1.43667 0 0 0 0
1.44333 0 0 0 0
1.45 0 0 0 0
1.45667 0 0 0 0
1.46333 0 0 0 0
1.47 0 0 0 0
1.47667 0 0 0 0
1.48333 0 0 0 0
1.49 0 0 0 0
1.49667 0 0 0 0
1.50333 0 0 0 0
1.51 0 0 0 0
1.51667 0 0 0 0
1.52333 0 0 0 0
1.53 0 0 0 0
1.53667 0 0 0 0
1.54333 0 0 0 0
1.55 0 0 0 0
1.55667 0 0 0 0
1.56333 0 0 0 0
1.57 0 0 0 0
1.57667 0 0 0 0
1.58333 0 0 0 0
1.59 0 0 0 0
1.59667 0 0 0 0
1.60333 0 0 0 0
1.61 0 0 0 0
1.61667 0 0 0 0
1.62333 0 0 0 0
1.63 0 0 0 0
1.63667 0 0 0 0
1.64333 0 0 0 0
1.65 0 0 0 0
1.65667 0 0 0 0
1.66333 0 0 0 0
1.67 0 0 0 0
1.67667 0 0 0 0
1.68333 0 0 0 0
1.69 0 0 0 0
1.69667 0 0 0 0
1.70333 0 0 0 0
1.71 0 0 0 0
1.71667 0 0 0 0
1.72333 0 0 0 0
1.73 0 0 0 0
1.73667 0 0 0 0
1.74333 0 0 0 0
1.75 0 0 0 0
1.75667 0 0 0 0
1.76333 0 0 0 0
1.77 0 0 0 0
1.77667 0 0 0 0
1.78333 0 0 0 0
1.79 0 0 0 0
1.79667 0 0 0 0
1.80333 0 0 0 0
1.81 0 0 0 0
1.81667 0 0 0 0
1.82333 0 0 0 0
1.83 0 0 0 0
1.83667 0 0 0 0
1.84333 0 0 0 0
1.85 0 0 0 0
1.85667 0 0 0 0
1.86333 0 0 0 0
1.87 0 0 0 0
1.87667 0 0 0 0
1.88333 0 0 0 0
1.89 0 0 0 0
1.89667 0 0 0 0
1.90333 0 0 0 0
1.91 0 0 0 0
1.91667 0 0 0 0
1.92333 0 0 0 0
1.93 0 0 0 0
1.93667 0 0 0 0
1.94333 0 0 0 0
1.95 0 0 0 0
1.95667 0 0 0 0
1.96333 0 0 0 0
1.97 0 0 0 0
1.97667 0 0 0 0
1.98333 0 0 0 0
1.99 0 0 0 0
1.99667 0 0 0 0
