0.00333333 31 64 4 2
0.01 44 61 5 0
0.0166667 45 73 5 2
0.0233333 56 72 4 5
0.03 65 91 6 4
0.0366667 53 101 9 3
0.0433333 68 143 23 1
0.05 114 162 13 6
0.0566667 105 206 27 7
0.0633333 117 250 25 3
0.07 154 227 15 7
0.0766667 140 231 20 8
0.0833333 132 223 28 17
0.09 156 254 22 9
0.0966667 163 249 19 3
0.103333 162 266 23 9
0.11 161 247 16 5
0.116667 140 237 22 12
0.123333 132 259 21 4
0.13 130 234 11 6
0.136667 141 220 25 13
0.143333 138 234 19 5
0.15 127 218 23 10
0.156667 126 204 18 2
0.163333 104 184 15 7
0.17 137 174 16 7
0.176667 152 173 16 3
0.183333 122 169 11 7
0.19 111 200 10 5
0.196667 129 166 8 7
0.203333 105 184 14 7
0.21 101 174 9 4
0.216667 90 171 9 9
0.223333 107 150 19 8
0.23 91 137 12 5
0.236667 90 155 17 5
0.243333 88 138 7 4
0.25 82 132 5 2
0.256667 64 113 10 5
0.263333 66 116 10 3
0.27 71 114 7 8
0.276667 76 112 13 1
0.283333 59 119 15 2
0.29 52 123 8 1
0.296667 69 89 3 5
0.303333 55 108 8 5
0.31 64 94 13 5
0.316667 65 79 5 7
0.323333 59 92 12 3
0.33 60 85 11 3
0.336667 54 79 11 5
0.343333 54 95 7 2
0.35 46 92 6 3
0.356667 56 69 5 5
0.363333 55 97 8 3
0.37 37 52 8 3
0.376667 53 73 11 8
0.383333 47 76 6 5
0.39 44 75 7 1
0.396667 45 58 3 4
0.403333 36 72 10 2
0.41 39 68 10 2
0.416667 46 70 7 5
0.423333 38 64 7 1
0.43 39 60 6 3
0.436667 32 60 3 1
0.443333 51 51 12 6
0.45 47 62 3 2
0.456667 35 55 8 4
0.463333 39 74 2 5
0.47 32 74 6 3
0.476667 41 60 4 2
0.483333 32 43 4 2
0.49 24 55 7 3
0.496667 26 41 7 1
0.503333 28 46 6 2
0.51 26 31 4 1
0.516667 26 40 3 5
0.523333 16 32 5 1
0.53 24 33 3 3
0.536667 24 28 2 1
0.543333 20 36 4 1
0.55 12 31 1 0
0.556667 22 30 4 1
0.563333 19 34 0 3
0.57 15 39 2 3
0.576667 12 36 4 2
0.583333 13 28 5 3
0.59 17 32 3 4
0.596667 25 30 2 2
0.603333 17 32 4 1
0.61 17 29 2 2
0.616667 15 25 8 1
0.623333 23 25 0 2
0.63 20 40 0 2
0.636667 18 28 5 2
0.643333 17 29 3 1
0.65 15 20 3 6
0.656667 10 23 4 3
0.663333 1153 1788 107 58
0.67 0 0 0 0
0.676667 0 0 0 0
0.683333 0 0 0 0
0.69 0 0 0 0
0.696667 0 0 0 0
0.703333 0 0 0 0
0.71 0 0 0 0
0.716667 0 0 0 0
0.723333 0 0 0 0
0.73 0 0 0 0
0.736667 0 0 0 0
0.743333 0 0 0 0
0.75 0 0 0 0
0.756667 0 0 0 0
0.763333 0 0 0 0
0.77 0 0 0 0
0.776667 0 0 0 0
0.783333 0 0 0 0
0.79 0 0 0 0
0.796667 0 0 0 0
0.803333 0 0 0 0
0.81 0 0 0 0
0.816667 0 0 0 0
0.823333 0 0 0 0
0.83 0 0 0 0
0.836667 0 0 0 0
0.843333 0 0 0 0
0.85 0 0 0 0
0.856667 0 0 0 0
0.863333 0 0 0 0
0.87 0 0 0 0
0.876667 0 0 0 0
0.883333 0 0 0 0
0.89 0 0 0 0
0.896667 0 0 0 0
0.903333 0 0 0 0
0.91 0 0 0 0
0.916667 0 0 0 0
0.923333 0 0 0 0
0.93 0 0 0 0
0.936667 0 0 0 0
0.943333 0 0 0 0
0.95 0 0 0 0
0.956667 0 0 0 0
0.963333 0 0 0 0
0.97 0 0 0 0
0.976667 0 0 0 0
0.983333 0 0 0 0
0.99 0 0 0 0
0.996667 0 0 0 0
1.00333 0 0 0 0
1.01 0 0 0 0
1.01667 0 0 0 0
1.02333 0 0 0 0
1.03 0 0 0 0
1.03667 0 0 0 0
1.04333 0 0 0 0
1.05 0 0 0 0
1.05667 0 0 0 0
1.06333 0 0 0 0
1.07 0 0 0 0
1.07667 0 0 0 0
1.08333 0 0 0 0
1.09 0 0 0 0
1.09667 0 0 0 0
1.10333 0 0 0 0
1.11 0 0 0 0
1.11667 0 0 0 0
1.12333 0 0 0 0
1.13 0 0 0 0
1.13667 0 0 0 0
1.14333 0 0 0 0
1.15 0 0 0 0
1.15667 0 0 0 0
1.16333 0 0 0 0
1.17 0 0 0 0
1.17667 0 0 0 0
1.18333 0 0 0 0
1.19 0 0 0 0
1.19667 0 0 0 0
1.20333 0 0 0 0
1.21 0 0 0 0
1.21667 0 0 0 0
1.22333 0 0 0 0
1.23 0 0 0 0
1.23667 0 0 0 0
1.24333 0 0 0 0
1.25 0 0 0 0
1.25667 0 0 0 0
1.26333 0 0 0 0
1.27 0 0 0 0
1.27667 0 0 0 0
1.28333 0 0 0 0
1.29 0 0 0 0
1.29667 0 0 0 0
1.30333 0 0 0 0
1.31 0 0 0 0
1.31667 0 0 0 0
1.32333 0 0 0 0
1.33 0 0 0 0
1.33667 0 0 0 0
1.34333 0 0 0 0
1.35 0 0 0 0
1.35667 0 0 0 0
1.36333 0 0 0 0
1.37 0 0 0 0
1.37667 0 0 0 0
1.38333 0 0 0 0
1.39 0 0 0 0
1.39667 0 0 0 0
1.40333 0 0 0 0
1.41 0 0 0 0
1.41667 0 0 0 0
1.42333 0 0 0 0
1.43 0 0 0 0
1.43667 0 0 0 0
1.44333 0 0 0 0
1.45 0 0 0 0
1.45667 0 0 0 0
1.46333 0 0 0 0
1.47 0 0 0 0
1.47667 0 0 0 0
1.48333 0 0 0 0
1.49 0 0 0 0
1.49667 0 0 0 0
1.50333 0 0 0 0
1.51 0 0 0 0
1.51667 0 0 0 0
1.52333 0 0 0 0
1.53 0 0 0 0
1.53667 0 0 0 0
1.54333 0 0 0 0
1.55 0 0 0 0
1.55667 0 0 0 0
1.56333 0 0 0 0
1.57 0 0 0 0
1.57667 0 0 0 0
1.58333 0 0 0 0
1.59 0 0 0 0
1.59667 0 0 0 0
1.60333 0 0 0 0
1.61 0 0 0 0
1.61667 0 0 0 0
1.62333 0 0 0 0
1.63 0 0 0 0
1.63667 0 0 0 0
1.64333 0 0 0 0
1.65 0 0 0 0
1.65667 0 0 0 0
1.66333 0 0 0 0
1.67 0 0 0 0
1.67667 0 0 0 0
1.68333 0 0 0 0
1.69 0 0 0 0
1.69667 0 0 0 0
1.70333 0 0 0 0
1.71 0 0 0 0
1.71667 0 0 0 0
1.72333 0 0 0 0
1.73 0 0 0 0
1.73667 0 0 0 0
1.74333 0 0 0 0
1.75 0 0 0 0
1.75667 0 0 0 0
1.76333 0 0 0 0
1.77 0 0 0 0
1.77667 0 0 0 0
1.78333 0 0 0 0
1.79 0 0 0 0
1.79667 0 0 0 0
1.80333 0 0 0 0
1.81 0 0 0 0
1.81667 0 0 0 0
1.82333 0 0 0 0
1.83 0 0 0 0
1.83667 0 0 0 0
1.84333 0 0 0 0
1.85 0 0 0 0
1.85667 0 0 0 0
1.86333 0 0 0 0
1.87 0 0 0 0
1.87667 0 0 0 0
1.88333 0 0 0 0
1.89 0 0 0 0
1.89667 0 0 0 0
1.90333 0 0 0 0
1.91 0 0 0 0
1.91667 0 0 0 0
1.92333 0 0 0 0
1.93 0 0 0 0
1.93667 0 0 0 0
1.94333 0 0 0 0
1.95 0 0 0 0
1.95667 0 0 0 0
1.96333 0 0 0 0
1.97 0 0 0 0
1.97667 0 0 0 0
1.98333 0 0 0 0
1.99 0 0 0 0
1.99667 0 0 0 0
