0.00333333 0 5 34 44
0.01 6 3 41 56
0.0166667 1 9 40 61
0.0233333 9 3 50 57
0.03 6 5 45 82
0.0366667 1 7 60 81
0.0433333 4 12 88 93
0.05 5 18 106 109
0.0566667 3 16 146 138
0.0633333 3 18 172 146
0.07 8 16 147 157
0.0766667 5 30 175 190
0.0833333 4 15 168 171
0.09 8 21 167 200
0.0966667 10 28 159 184
0.103333 8 28 162 175
0.11 10 19 159 168
0.116667 7 25 133 194
0.123333 6 18 140 205
0.13 10 21 125 176
0.136667 8 21 145 160
0.143333 6 27 120 157
0.15 6 13 112 160
0.156667 4 12 114 153
0.163333 3 23 92 151
0.17 12 10 95 149
0.176667 5 12 92 137
0.183333 4 18 79 164
0.19 11 12 111 178
0.196667 4 18 94 157
0.203333 7 21 94 153
0.21 3 17 102 160
0.216667 4 14 78 150
0.223333 10 16 83 139
0.23 9 17 75 123
0.236667 5 11 87 142
0.243333 3 13 84 120
0.25 6 10 66 109
0.256667 4 8 77 98
0.263333 7 8 64 103
0.27 2 12 51 76
0.276667 5 10 55 99
0.283333 3 9 65 113
0.29 6 5 79 99
0.296667 5 10 51 86
0.303333 5 8 57 83
0.31 3 10 59 78
0.316667 4 10 55 80
0.323333 4 9 50 88
0.33 4 9 37 71
0.336667 6 15 51 69
0.343333 1 9 47 66
0.35 2 7 51 76
0.356667 3 12 42 69
0.363333 4 10 41 63
0.37 6 8 42 64
0.376667 3 10 43 65
0.383333 2 8 34 64
0.39 3 9 44 85
0.396667 1 4 46 47
0.403333 2 9 41 62
0.41 1 8 31 58
0.416667 7 11 32 62
0.423333 5 6 50 52
0.43 3 7 33 63
0.436667 1 10 40 46
0.443333 3 7 35 72
0.45 0 7 39 56
0.456667 2 9 37 67
0.463333 5 6 31 65
0.47 6 9 41 59
0.476667 2 6 22 45
0.483333 3 6 24 34
0.49 1 5 26 34
0.496667 2 3 25 29
0.503333 2 2 27 26
0.51 3 2 23 31
0.516667 5 5 26 32
0.523333 3 4 17 31
0.53 3 3 14 36
0.536667 3 4 22 32
0.543333 2 7 16 20
0.55 2 6 19 25
0.556667 2 4 13 26
0.563333 0 2 16 27
0.57 5 3 20 22
0.576667 3 7 21 26
0.583333 4 5 19 26
0.59 2 5 10 28
0.596667 2 7 20 26
0.603333 1 5 26 17
0.61 0 3 28 20
0.616667 2 3 21 21
0.623333 3 3 11 20
0.63 2 8 21 20
0.636667 3 7 16 22
0.643333 3 6 18 15
0.65 2 7 20 23
0.656667 0 3 14 19
0.663333 81 117 765 1893
0.67 0 0 0 0
0.676667 0 0 0 0
0.683333 0 0 0 0
0.69 0 0 0 0
0.696667 0 0 0 0
0.703333 0 0 0 0
0.71 0 0 0 0
0.716667 0 0 0 0
0.723333 0 0 0 0
0.73 0 0 0 0
0.736667 0 0 0 0
0.743333 0 0 0 0
0.75 0 0 0 0
0.756667 0 0 0 0
0.763333 0 0 0 0
0.77 0 0 0 0
0.776667 0 0 0 0
0.783333 0 0 0 0
0.79 0 0 0 0
0.796667 0 0 0 0
0.803333 0 0 0 0
0.81 0 0 0 0
0.816667 0 0 0 0
0.823333 0 0 0 0
0.83 0 0 0 0
0.836667 0 0 0 0
0.843333 0 0 0 0
0.85 0 0 0 0
0.856667 0 0 0 0
0.863333 0 0 0 0
0.87 0 0 0 0
0.876667 0 0 0 0
0.883333 0 0 0 0
0.89 0 0 0 0
0.896667 0 0 0 0
0.903333 0 0 0 0
0.91 0 0 0 0
0.916667 0 0 0 0
0.923333 0 0 0 0
0.93 0 0 0 0
0.936667 0 0 0 0
0.943333 0 0 0 0
0.95 0 0 0 0
0.956667 0 0 0 0
0.963333 0 0 0 0
0.97 0 0 0 0
0.976667 0 0 0 0
0.983333 0 0 0 0
0.99 0 0 0 0
0.996667 0 0 0 0
1.00333 0 0 0 0
1.01 0 0 0 0
1.01667 0 0 0 0
1.02333 0 0 0 0
1.03 0 0 0 0
1.03667 0 0 0 0
1.04333 0 0 0 0
1.05 0 0 0 0
1.05667 0 0 0 0
1.06333 0 0 0 0
1.07 0 0 0 0
1.07667 0 0 0 0
1.08333 0 0 0 0
1.09 0 0 0 0
1.09667 0 0 0 0
1.10333 0 0 0 0
1.11 0 0 0 0
1.11667 0 0 0 0
1.12333 0 0 0 0
1.13 0 0 0 0
1.13667 0 0 0 0
1.14333 0 0 0 0
1.15 0 0 0 0
1.15667 0 0 0 0
1.16333 0 0 0 0
1.17 0 0 0 0
1.17667 0 0 0 0
1.18333 0 0 0 0
1.19 0 0 0 0
1.19667 0 0 0 0
1.20333 0 0 0 0
1.21 0 0 0 0
1.21667 0 0 0 0
1.22333 0 0 0 0
1.23 0 0 0 0
1.23667 0 0 0 0
1.24333 0 0 0 0
1.25 0 0 0 0
1.25667 0 0 0 0
1.26333 0 0 0 0
1.27 0 0 0 0
1.27667 0 0 0 0
1.28333 0 0 0 0
1.29 0 0 0 0
1.29667 0 0 0 0
1.30333 0 0 0 0
1.31 0 0 0 0
1.31667 0 0 0 0
1.32333 0 0 0 0
1.33 0 0 0 0
1.33667 0 0 0 0
1.34333 0 0 0 0
1.35 0 0 0 0
1.35667 0 0 0 0
1.36333 0 0 0 0
1.37 0 0 0 0
1.37667 0 0 0 0
1.38333 0 0 0 0
1.39 0 0 0 0
1.39667 0 0 0 0
1.40333 0 0 0 0
1.41 0 0 0 0
1.41667 0 0 0 0
1.42333 0 0 0 0
1.43 0 0 0 0
1.43667 0 0 0 0
1.44333 0 0 0 0
1.45 0 0 0 0
1.45667 0 0 0 0
1.46333 0 0 0 0
1.47 0 0 0 0
1.47667 0 0 0 0
1.48333 0 0 0 0
1.49 0 0 0 0
1.49667 0 0 0 0
1.50333 0 0 0 0
1.51 0 0 0 0
1.51667 0 0 0 0
1.52333 0 0 0 0
1.53 0 0 0 0
1.53667 0 0 0 0
1.54333 0 0 0 0
1.55 0 0 0 0
1.55667 0 0 0 0
1.56333 0 0 0 0
1.57 0 0 0 0
1.57667 0 0 0 0
1.58333 0 0 0 0
1.59 0 0 0 0
1.59667 0 0 0 0
1.60333 0 0 0 0
1.61 0 0 0 0
1.61667 0 0 0 0
1.62333 0 0 0 0
1.63 0 0 0 0
1.63667 0 0 0 0
1.64333 0 0 0 0
1.65 0 0 0 0
1.65667 0 0 0 0
1.66333 0 0 0 0
1.67 0 0 0 0
1.67667 0 0 0 0
1.68333 0 0 0 0
1.69 0 0 0 0
1.69667 0 0 0 0
1.70333 0 0 0 0
1.71 0 0 0 0
1.71667 0 0 0 0
1.72333 0 0 0 0
1.73 0 0 0 0
1.73667 0 0 0 0
1.74333 0 0 0 0
1.75 0 0 0 0
1.75667 0 0 0 0
1.76333 0 0 0 0
1.77 0 0 0 0
1.77667 0 0 0 0
1.78333 0 0 0 0
1.79 0 0 0 0
1.79667 0 0 0 0
1.80333 0 0 0 0
1.81 0 0 0 0
1.81667 0 0 0 0
1.82333 0 0 0 0
1.83 0 0 0 0
1.83667 0 0 0 0
1.84333 0 0 0 0
1.85 0 0 0 0
1.85667 0 0 0 0
1.86333 0 0 0 0
1.87 0 0 0 0
1.87667 0 0 0 0
1.88333 0 0 0 0
1.89 0 0 0 0
1.89667 0 0 0 0
1.90333 0 0 0 0
1.91 0 0 0 0
1.91667 0 0 0 0
1.92333 0 0 0 0
1.93 0 0 0 0
1.93667 0 0 0 0
1.94333 0 0 0 0
1.95 0 0 0 0
1.95667 0 0 0 0
1.96333 0 0 0 0
1.97 0 0 0 0
1.97667 0 0 0 0
1.98333 0 0 0 0
1.99 0 0 0 0
1.99667 0 0 0 0
