0.00333333 6 16 24 9
0.01 5 25 36 14
0.0166667 8 19 35 5
0.0233333 5 25 41 10
0.03 9 27 34 13
0.0366667 5 33 62 20
0.0433333 11 53 78 21
0.05 15 71 94 27
0.0566667 17 57 119 28
0.0633333 23 66 106 33
0.07 15 88 128 38
0.0766667 16 62 116 30
0.0833333 25 71 148 34
0.09 18 75 133 35
0.0966667 20 52 143 39
0.103333 18 73 155 31
0.11 18 74 135 32
0.116667 18 64 156 36
0.123333 14 63 150 22
0.13 24 52 136 26
0.136667 17 48 127 25
0.143333 21 64 114 25
0.15 7 48 95 24
0.156667 16 50 119 26
0.163333 16 60 102 31
0.17 13 39 96 24
0.176667 20 48 121 24
0.183333 15 55 80 28
0.19 17 44 108 25
0.196667 21 45 86 22
0.203333 22 45 90 21
0.21 14 48 84 22
0.216667 9 46 92 24
0.223333 19 42 72 14
0.23 11 37 76 17
0.236667 10 37 87 9
0.243333 11 26 81 20
0.25 7 33 83 16
0.256667 15 28 63 16
0.263333 10 25 62 25
0.27 12 35 72 13
0.276667 7 36 62 13
0.283333 11 26 61 9
0.29 5 21 59 19
0.296667 7 34 60 13
0.303333 5 25 70 17
0.31 10 33 60 10
0.316667 10 21 46 10
0.323333 6 28 46 20
0.33 5 24 52 9
0.336667 8 20 38 14
0.343333 7 27 49 15
0.35 6 20 50 11
0.356667 1 30 49 16
0.363333 6 30 47 13
0.37 6 13 43 13
0.376667 5 25 39 9
0.383333 8 18 40 9
0.39 10 26 39 5
0.396667 8 13 41 7
0.403333 6 22 56 17
0.41 6 16 38 13
0.416667 8 16 38 9
0.423333 10 13 39 2
0.43 9 16 38 6
0.436667 7 20 34 10
0.443333 5 14 35 5
0.45 8 16 39 7
0.456667 7 13 31 10
0.463333 9 19 28 5
0.47 9 21 31 6
0.476667 7 13 29 11
0.483333 7 18 24 17
0.49 6 13 28 6
0.496667 3 9 17 5
0.503333 1 13 22 2
0.51 3 16 15 3
0.516667 7 13 15 11
0.523333 4 10 22 5
0.53 0 9 22 10
0.536667 7 5 27 6
0.543333 4 10 24 7
0.55 4 14 23 3
0.556667 2 11 28 11
0.563333 0 14 19 7
0.57 4 12 12 9
0.576667 6 6 21 3
0.583333 3 10 22 6
0.59 1 15 20 3
0.596667 7 11 22 3
0.603333 3 8 16 3
0.61 3 7 16 7
0.616667 3 4 20 4
0.623333 5 10 22 2
0.63 3 9 12 6
0.636667 3 11 20 7
0.643333 5 6 19 4
0.65 3 10 15 9
0.656667 5 6 17 5
0.663333 92 291 840 174
0.67 0 0 0 0
0.676667 0 0 0 0
0.683333 0 0 0 0
0.69 0 0 0 0
0.696667 0 0 0 0
0.703333 0 0 0 0
0.71 0 0 0 0
0.716667 0 0 0 0
0.723333 0 0 0 0
0.73 0 0 0 0
0.736667 0 0 0 0
0.743333 0 0 0 0
0.75 0 0 0 0
0.756667 0 0 0 0
0.763333 0 0 0 0
0.77 0 0 0 0
0.776667 0 0 0 0
0.783333 0 0 0 0
0.79 0 0 0 0
0.796667 0 0 0 0
0.803333 0 0 0 0
0.81 0 0 0 0
0.816667 0 0 0 0
0.823333 0 0 0 0
0.83 0 0 0 0
0.836667 0 0 0 0
0.843333 0 0 0 0
0.85 0 0 0 0
0.856667 0 0 0 0
0.863333 0 0 0 0
0.87 0 0 0 0
0.876667 0 0 0 0
0.883333 0 0 0 0
0.89 0 0 0 0
0.896667 0 0 0 0
0.903333 0 0 0 0
0.91 0 0 0 0
0.916667 0 0 0 0
0.923333 0 0 0 0
0.93 0 0 0 0
0.936667 0 0 0 0
0.943333 0 0 0 0
0.95 0 0 0 0
0.956667 0 0 0 0
0.963333 0 0 0 0
0.97 0 0 0 0
0.976667 0 0 0 0
0.983333 0 0 0 0
0.99 0 0 0 0
0.996667 0 0 0 0
1.00333 0 0 0 0
1.01 0 0 0 0
1.01667 0 0 0 0
1.02333 0 0 0 0
1.03 0 0 0 0
1.03667 0 0 0 0
1.04333 0 0 0 0
1.05 0 0 0 0
1.05667 0 0 0 0
1.06333 0 0 0 0
1.07 0 0 0 0
1.07667 0 0 0 0
1.08333 0 0 0 0
1.09 0 0 0 0
1.09667 0 0 0 0
1.10333 0 0 0 0
1.11 0 0 0 0
1.11667 0 0 0 0
1.12333 0 0 0 0
1.13 0 0 0 0
1.13667 0 0 0 0
1.14333 0 0 0 0
1.15 0 0 0 0
1.15667 0 0 0 0
1.16333 0 0 0 0
1.17 0 0 0 0
1.17667 0 0 0 0
1.18333 0 0 0 0
1.19 0 0 0 0
1.19667 0 0 0 0
1.20333 0 0 0 0
1.21 0 0 0 0
1.21667 0 0 0 0
1.22333 0 0 0 0
1.23 0 0 0 0
1.23667 0 0 0 0
1.24333 0 0 0 0
1.25 0 0 0 0
1.25667 0 0 0 0
1.26333 0 0 0 0
1.27 0 0 0 0
1.27667 0 0 0 0
1.28333 0 0 0 0
1.29 0 0 0 0
1.29667 0 0 0 0
1.30333 0 0 0 0
1.31 0 0 0 0
1.31667 0 0 0 0
1.32333 0 0 0 0
1.33 0 0 0 0
1.33667 0 0 0 0
1.34333 0 0 0 0
1.35 0 0 0 0
1.35667 0 0 0 0
1.36333 0 0 0 0
1.37 0 0 0 0
1.37667 0 0 0 0
1.38333 0 0 0 0
1.39 0 0 0 0
1.39667 0 0 0 0
1.40333 0 0 0 0
1.41 0 0 0 0
1.41667 0 0 0 0
1.42333 0 0 0 0
1.43 0 0 0 0
1.43667 0 0 0 0
1.44333 0 0 0 0
1.45 0 0 0 0
1.45667 0 0 0 0
1.46333 0 0 0 0
1.47 0 0 0 0
1.47667 0 0 0 0
1.48333 0 0 0 0
1.49 0 0 0 0
1.49667 0 0 0 0
1.50333 0 0 0 0
1.51 0 0 0 0
1.51667 0 0 0 0
1.52333 0 0 0 0
1.53 0 0 0 0
1.53667 0 0 0 0
1.54333 0 0 0 0
1.55 0 0 0 0
1.55667 0 0 0 0
1.56333 0 0 0 0
1.57 0 0 0 0
1.57667 0 0 0 0
1.58333 0 0 0 0
1.59 0 0 0 0
1.59667 0 0 0 0
1.60333 0 0 0 0
1.61 0 0 0 0
1.61667 0 0 0 0
1.62333 0 0 0 0
1.63 0 0 0 0
1.63667 0 0 0 0
1.64333 0 0 0 0
1.65 0 0 0 0
1.65667 0 0 0 0
1.66333 0 0 0 0
1.67 0 0 0 0
1.67667 0 0 0 0
1.68333 0 0 0 0
1.69 0 0 0 0
1.69667 0 0 0 0
1.70333 0 0 0 0
1.71 0 0 0 0
1.71667 0 0 0 0
1.72333 0 0 0 0
1.73 0 0 0 0
1.73667 0 0 0 0
1.74333 0 0 0 0
1.75 0 0 0 0
1.75667 0 0 0 0
1.76333 0 0 0 0
1.77 0 0 0 0
1.77667 0 0 0 0
1.78333 0 0 0 0
1.79 0 0 0 0
1.79667 0 0 0 0
1.80333 0 0 0 0
1.81 0 0 0 0
1.81667 0 0 0 0
1.82333 0 0 0 0
1.83 0 0 0 0
1.83667 0 0 0 0
1.84333 0 0 0 0
1.85 0 0 0 0
1.85667 0 0 0 0
1.86333 0 0 0 0
1.87 0 0 0 0
1.87667 0 0 0 0
1.88333 0 0 0 0
1.89 0 0 0 0
1.89667 0 0 0 0
1.90333 0 0 0 0
1.91 0 0 0 0
1.91667 0 0 0 0
1.92333 0 0 0 0
1.93 0 0 0 0
1.93667 0 0 0 0
1.94333 0 0 0 0
1.95 0 0 0 0
1.95667 0 0 0 0
1.96333 0 0 0 0
1.97 0 0 0 0
1.97667 0 0 0 0
1.98333 0 0 0 0
1.99 0 0 0 0
1.99667 0 0 0 0
