0.00333333 8 28 18 8
0.01 7 37 30 15
0.0166667 6 26 33 14
0.0233333 7 35 41 21
0.03 13 52 30 21
0.0366667 4 50 45 25
0.0433333 9 66 56 31
0.05 14 63 76 34
0.0566667 16 86 74 40
0.0633333 21 90 102 30
0.07 22 79 96 44
0.0766667 19 87 99 35
0.0833333 15 102 100 48
0.09 29 87 86 41
0.0966667 13 88 110 31
0.103333 23 114 99 38
0.11 23 91 110 48
0.116667 21 103 88 47
0.123333 27 80 77 39
0.13 25 85 77 42
0.136667 16 85 82 41
0.143333 22 78 79 43
0.15 19 78 64 28
0.156667 17 91 62 32
0.163333 14 78 67 33
0.17 16 71 59 42
0.176667 20 74 56 40
0.183333 14 96 61 35
0.19 27 108 68 37
0.196667 17 88 61 40
0.203333 9 86 53 33
0.21 18 87 57 34
0.216667 20 72 46 30
0.223333 16 79 53 36
0.23 19 77 67 23
0.236667 22 64 50 32
0.243333 11 67 41 26
0.25 11 74 44 22
0.256667 10 45 48 12
0.263333 12 50 48 28
0.27 7 51 50 18
0.276667 12 49 28 18
0.283333 9 48 37 22
0.29 9 59 34 18
0.296667 8 52 31 19
0.303333 9 44 37 26
0.31 14 41 37 14
0.316667 8 40 47 23
0.323333 6 50 39 19
0.33 14 49 32 22
0.336667 14 44 38 18
0.343333 10 30 29 14
0.35 8 42 23 34
0.356667 8 33 31 16
0.363333 13 41 33 15
0.37 15 29 24 13
0.376667 9 37 25 18
0.383333 7 34 32 19
0.39 11 38 25 21
0.396667 10 41 26 19
0.403333 9 39 18 10
0.41 7 34 23 12
0.416667 11 36 25 20
0.423333 7 37 24 11
0.43 9 31 27 12
0.436667 14 29 31 19
0.443333 5 36 25 23
0.45 9 37 27 20
0.456667 2 32 22 15
0.463333 8 34 15 16
0.47 5 38 25 24
0.476667 4 38 9 11
0.483333 10 20 14 11
0.49 1 22 16 11
0.496667 11 21 15 9
0.503333 6 25 19 10
0.51 3 16 15 4
0.516667 4 22 16 7
0.523333 8 21 16 7
0.53 7 17 13 13
0.536667 7 22 17 5
0.543333 4 15 19 9
0.55 2 19 11 4
0.556667 5 16 17 6
0.563333 7 19 15 11
0.57 4 21 14 9
0.576667 10 21 16 10
0.583333 4 7 7 9
0.59 4 17 14 6
0.596667 4 17 11 8
0.603333 4 7 6 7
0.61 4 16 9 7
0.616667 5 15 15 8
0.623333 5 23 8 6
0.63 4 19 9 8
0.636667 2 23 12 8
0.643333 3 17 16 6
0.65 4 11 11 5
0.656667 4 17 3 6
0.663333 193 1041 465 377
0.67 0 0 0 0
0.676667 0 0 0 0
0.683333 0 0 0 0
0.69 0 0 0 0
0.696667 0 0 0 0
0.703333 0 0 0 0
0.71 0 0 0 0
0.716667 0 0 0 0
0.723333 0 0 0 0
0.73 0 0 0 0
0.736667 0 0 0 0
0.743333 0 0 0 0
0.75 0 0 0 0
0.756667 0 0 0 0
0.763333 0 0 0 0
0.77 0 0 0 0
0.776667 0 0 0 0
0.783333 0 0 0 0
0.79 0 0 0 0
0.796667 0 0 0 0
0.803333 0 0 0 0
0.81 0 0 0 0
0.816667 0 0 0 0
0.823333 0 0 0 0
0.83 0 0 0 0
0.836667 0 0 0 0
0.843333 0 0 0 0
0.85 0 0 0 0
0.856667 0 0 0 0
0.863333 0 0 0 0
0.87 0 0 0 0
0.876667 0 0 0 0
0.883333 0 0 0 0
0.89 0 0 0 0
0.896667 0 0 0 0
0.903333 0 0 0 0
0.91 0 0 0 0
0.916667 0 0 0 0
0.923333 0 0 0 0
0.93 0 0 0 0
0.936667 0 0 0 0
0.943333 0 0 0 0
0.95 0 0 0 0
0.956667 0 0 0 0
0.963333 0 0 0 0
0.97 0 0 0 0
0.976667 0 0 0 0
0.983333 0 0 0 0
0.99 0 0 0 0
0.996667 0 0 0 0
1.00333 0 0 0 0
1.01 0 0 0 0
1.01667 0 0 0 0
1.02333 0 0 0 0
1.03 0 0 0 0
1.03667 0 0 0 0
1.04333 0 0 0 0
1.05 0 0 0 0
1.05667 0 0 0 0
1.06333 0 0 0 0
1.07 0 0 0 0
1.07667 0 0 0 0
1.08333 0 0 0 0
1.09 0 0 0 0
1.09667 0 0 0 0
1.10333 0 0 0 0
1.11 0 0 0 0
1.11667 0 0 0 0
1.12333 0 0 0 0
1.13 0 0 0 0
1.13667 0 0 0 0
1.14333 0 0 0 0
1.15 0 0 0 0
1.15667 0 0 0 0
1.16333 0 0 0 0
1.17 0 0 0 0
1.17667 0 0 0 0
1.18333 0 0 0 0
1.19 0 0 0 0
1.19667 0 0 0 0
1.20333 0 0 0 0
1.21 0 0 0 0
1.21667 0 0 0 0
1.22333 0 0 0 0
1.23 0 0 0 0
1.23667 0 0 0 0
1.24333 0 0 0 0
1.25 0 0 0 0
1.25667 0 0 0 0
1.26333 0 0 0 0
1.27 0 0 0 0
1.27667 0 0 0 0
1.28333 0 0 0 0
1.29 0 0 0 0
1.29667 0 0 0 0
1.30333 0 0 0 0
1.31 0 0 0 0
1.31667 0 0 0 0
1.32333 0 0 0 0
1.33 0 0 0 0
1.33667 0 0 0 0
1.34333 0 0 0 0
1.35 0 0 0 0
1.35667 0 0 0 0
1.36333 0 0 0 0
1.37 0 0 0 0
1.37667 0 0 0 0
1.38333 0 0 0 0
1.39 0 0 0 0
1.39667 0 0 0 0
1.40333 0 0 0 0
1.41 0 0 0 0
1.41667 0 0 0 0
1.42333 0 0 0 0
1.43 0 0 0 0
1.43667 0 0 0 0
1.44333 0 0 0 0
1.45 0 0 0 0
1.45667 0 0 0 0
1.46333 0 0 0 0
1.47 0 0 0 0
1.47667 0 0 0 0
1.48333 0 0 0 0
1.49 0 0 0 0
1.49667 0 0 0 0
1.50333 0 0 0 0
1.51 0 0 0 0
1.51667 0 0 0 0
1.52333 0 0 0 0
1.53 0 0 0 0
1.53667 0 0 0 0
1.54333 0 0 0 0
1.55 0 0 0 0
1.55667 0 0 0 0
1.56333 0 0 0 0
1.57 0 0 0 0
1.57667 0 0 0 0
1.58333 0 0 0 0
1.59 0 0 0 0
1.59667 0 0 0 0
1.60333 0 0 0 0
1.61 0 0 0 0
1.61667 0 0 0 0
1.62333 0 0 0 0
1.63 0 0 0 0
1.63667 0 0 0 0
1.64333 0 0 0 0
1.65 0 0 0 0
1.65667 0 0 0 0
1.66333 0 0 0 0
1.67 0 0 0 0
1.67667 0 0 0 0
1.68333 0 0 0 0
1.69 0 0 0 0
1.69667 0 0 0 0
1.70333 0 0 0 0
1.71 0 0 0 0
1.71667 0 0 0 0
1.72333 0 0 0 0
1.73 0 0 0 0
1.73667 0 0 0 0
1.74333 0 0 0 0
1.75 0 0 0 0
1.75667 0 0 0 0
1.76333 0 0 0 0
1.77 0 0 0 0
1.77667 0 0 0 0
1.78333 0 0 0 0
1.79 0 0 0 0
1.79667 0 0 0 0
1.80333 0 0 0 0
1.81 0 0 0 0
1.81667 0 0 0 0
1.82333 0 0 0 0
1.83 0 0 0 0
1.83667 0 0 0 0
1.84333 0 0 0 0
1.85 0 0 0 0
1.85667 0 0 0 0
1.86333 0 0 0 0
1.87 0 0 0 0
1.87667 0 0 0 0
1.88333 0 0 0 0
1.89 0 0 0 0
1.89667 0 0 0 0
1.90333 0 0 0 0
1.91 0 0 0 0
1.91667 0 0 0 0
1.92333 0 0 0 0
1.93 0 0 0 0
1.93667 0 0 0 0
1.94333 0 0 0 0
1.95 0 0 0 0
1.95667 0 0 0 0
1.96333 0 0 0 0
1.97 0 0 0 0
1.97667 0 0 0 0
1.98333 0 0 0 0
1.99 0 0 0 0
1.99667 0 0 0 0
