0.00333333 6 21 22 12
0.01 7 24 30 14
0.0166667 6 20 24 18
0.0233333 8 25 32 20
0.03 10 25 35 19
0.0366667 7 45 45 31
0.0433333 8 56 60 32
0.05 14 47 82 43
0.0566667 14 74 89 48
0.0633333 11 65 102 38
0.07 14 55 95 52
0.0766667 16 66 104 42
0.0833333 10 77 100 64
0.09 21 77 102 54
0.0966667 21 62 110 40
0.103333 24 86 113 56
0.11 25 71 105 52
0.116667 15 81 92 59
0.123333 18 70 102 48
0.13 19 59 88 56
0.136667 19 78 91 52
0.143333 20 58 83 50
0.15 16 53 79 37
0.156667 16 67 69 51
0.163333 12 57 67 49
0.17 9 67 67 50
0.176667 12 55 55 52
0.183333 10 65 61 43
0.19 18 86 72 53
0.196667 11 73 68 47
0.203333 13 77 62 38
0.21 11 56 72 38
0.216667 14 66 51 45
0.223333 13 60 55 40
0.23 9 53 67 33
0.236667 17 46 52 38
0.243333 9 52 52 37
0.25 9 55 39 34
0.256667 9 35 44 31
0.263333 8 38 44 39
0.27 9 41 47 28
0.276667 6 32 41 21
0.283333 10 38 47 33
0.29 11 40 32 22
0.296667 8 47 45 30
0.303333 7 32 31 29
0.31 6 36 33 30
0.316667 10 39 47 28
0.323333 6 34 35 24
0.33 8 38 38 22
0.336667 11 28 22 27
0.343333 4 28 44 23
0.35 5 29 42 35
0.356667 10 30 29 27
0.363333 12 36 30 18
0.37 13 35 30 26
0.376667 9 28 27 21
0.383333 6 40 23 25
0.39 11 32 26 13
0.396667 10 35 25 24
0.403333 7 26 21 20
0.41 9 26 27 23
0.416667 6 41 27 23
0.423333 5 25 33 15
0.43 10 30 20 12
0.436667 16 25 24 14
0.443333 7 30 23 29
0.45 8 23 26 13
0.456667 7 26 24 24
0.463333 11 26 20 20
0.47 6 26 30 25
0.476667 6 25 21 10
0.483333 6 17 16 9
0.49 3 20 14 16
0.496667 6 13 16 14
0.503333 6 23 18 12
0.51 4 16 23 10
0.516667 5 24 15 10
0.523333 8 19 18 12
0.53 8 16 12 12
0.536667 5 20 12 12
0.543333 6 11 23 13
0.55 3 14 13 9
0.556667 2 15 15 11
0.563333 5 15 14 14
0.57 5 9 10 10
0.576667 4 18 13 13
0.583333 7 15 10 10
0.59 4 13 16 8
0.596667 3 16 11 4
0.603333 4 9 9 10
0.61 1 14 15 4
0.616667 5 14 15 9
0.623333 4 16 9 9
0.63 4 17 8 10
0.636667 2 12 5 9
0.643333 4 11 14 6
0.65 4 9 8 7
0.656667 6 17 6 6
0.663333 158 888 476 523
0.67 0 0 0 0
0.676667 0 0 0 0
0.683333 0 0 0 0
0.69 0 0 0 0
0.696667 0 0 0 0
0.703333 0 0 0 0
0.71 0 0 0 0
0.716667 0 0 0 0
0.723333 0 0 0 0
0.73 0 0 0 0
0.736667 0 0 0 0
0.743333 0 0 0 0
0.75 0 0 0 0
0.756667 0 0 0 0
0.763333 0 0 0 0
0.77 0 0 0 0
0.776667 0 0 0 0
0.783333 0 0 0 0
0.79 0 0 0 0
0.796667 0 0 0 0
0.803333 0 0 0 0
0.81 0 0 0 0
0.816667 0 0 0 0
0.823333 0 0 0 0
0.83 0 0 0 0
0.836667 0 0 0 0
0.843333 0 0 0 0
0.85 0 0 0 0
0.856667 0 0 0 0
0.863333 0 0 0 0
0.87 0 0 0 0
0.876667 0 0 0 0
0.883333 0 0 0 0
0.89 0 0 0 0
0.896667 0 0 0 0
0.903333 0 0 0 0
0.91 0 0 0 0
0.916667 0 0 0 0
0.923333 0 0 0 0
0.93 0 0 0 0
0.936667 0 0 0 0
0.943333 0 0 0 0
0.95 0 0 0 0
0.956667 0 0 0 0
0.963333 0 0 0 0
0.97 0 0 0 0
0.976667 0 0 0 0
0.983333 0 0 0 0
0.99 0 0 0 0
0.996667 0 0 0 0
1.00333 0 0 0 0
1.01 0 0 0 0
1.01667 0 0 0 0
1.02333 0 0 0 0
1.03 0 0 0 0
1.03667 0 0 0 0
1.04333 0 0 0 0
1.05 0 0 0 0
1.05667 0 0 0 0
1.06333 0 0 0 0
1.07 0 0 0 0
1.07667 0 0 0 0
1.08333 0 0 0 0
1.09 0 0 0 0
1.09667 0 0 0 0
1.10333 0 0 0 0
1.11 0 0 0 0
1.11667 0 0 0 0
1.12333 0 0 0 0
1.13 0 0 0 0
1.13667 0 0 0 0
1.14333 0 0 0 0
1.15 0 0 0 0
1.15667 0 0 0 0
1.16333 0 0 0 0
1.17 0 0 0 0
1.17667 0 0 0 0
1.18333 0 0 0 0
1.19 0 0 0 0
1.19667 0 0 0 0
1.20333 0 0 0 0
1.21 0 0 0 0
1.21667 0 0 0 0
1.22333 0 0 0 0
1.23 0 0 0 0
1.23667 0 0 0 0
1.24333 0 0 0 0
1.25 0 0 0 0
1.25667 0 0 0 0
1.26333 0 0 0 0
1.27 0 0 0 0
1.27667 0 0 0 0
1.28333 0 0 0 0
1.29 0 0 0 0
1.29667 0 0 0 0
1.30333 0 0 0 0
1.31 0 0 0 0
1.31667 0 0 0 0
1.32333 0 0 0 0
1.33 0 0 0 0
1.33667 0 0 0 0
1.34333 0 0 0 0
1.35 0 0 0 0
1.35667 0 0 0 0
1.36333 0 0 0 0
1.37 0 0 0 0
1.37667 0 0 0 0
1.38333 0 0 0 0
1.39 0 0 0 0
1.39667 0 0 0 0
1.40333 0 0 0 0
1.41 0 0 0 0
1.41667 0 0 0 0
1.42333 0 0 0 0
1.43 0 0 0 0
1.43667 0 0 0 0
1.44333 0 0 0 0
1.45 0 0 0 0
1.45667 0 0 0 0
1.46333 0 0 0 0
1.47 0 0 0 0
1.47667 0 0 0 0
1.48333 0 0 0 0
1.49 0 0 0 0
1.49667 0 0 0 0
1.50333 0 0 0 0
1.51 0 0 0 0
1.51667 0 0 0 0
1.52333 0 0 0 0
1.53 0 0 0 0
1.53667 0 0 0 0
1.54333 0 0 0 0
1.55 0 0 0 0
1.55667 0 0 0 0
1.56333 0 0 0 0
1.57 0 0 0 0
1.57667 0 0 0 0
1.58333 0 0 0 0
1.59 0 0 0 0
1.59667 0 0 0 0
1.60333 0 0 0 0
1.61 0 0 0 0
1.61667 0 0 0 0
1.62333 0 0 0 0
1.63 0 0 0 0
1.63667 0 0 0 0
1.64333 0 0 0 0
1.65 0 0 0 0
1.65667 0 0 0 0
1.66333 0 0 0 0
1.67 0 0 0 0
1.67667 0 0 0 0
1.68333 0 0 0 0
1.69 0 0 0 0
1.69667 0 0 0 0
1.70333 0 0 0 0
1.71 0 0 0 0
1.71667 0 0 0 0
1.72333 0 0 0 0
1.73 0 0 0 0
1.73667 0 0 0 0
1.74333 0 0 0 0
1.75 0 0 0 0
1.75667 0 0 0 0
1.76333 0 0 0 0
1.77 0 0 0 0
1.77667 0 0 0 0
1.78333 0 0 0 0
1.79 0 0 0 0
1.79667 0 0 0 0
1.80333 0 0 0 0
1.81 0 0 0 0
1.81667 0 0 0 0
1.82333 0 0 0 0
1.83 0 0 0 0
1.83667 0 0 0 0
1.84333 0 0 0 0
1.85 0 0 0 0
1.85667 0 0 0 0
1.86333 0 0 0 0
1.87 0 0 0 0
1.87667 0 0 0 0
1.88333 0 0 0 0
1.89 0 0 0 0
1.89667 0 0 0 0
1.90333 0 0 0 0
1.91 0 0 0 0
1.91667 0 0 0 0
1.92333 0 0 0 0
1.93 0 0 0 0
1.93667 0 0 0 0
1.94333 0 0 0 0
1.95 0 0 0 0
1.95667 0 0 0 0
1.96333 0 0 0 0
1.97 0 0 0 0
1.97667 0 0 0 0
1.98333 0 0 0 0
1.99 0 0 0 0
1.99667 0 0 0 0
