0.00333333 65 23 2 0
0.01 70 22 3 1
0.0166667 75 23 3 1
0.0233333 65 38 1 3
0.03 75 24 1 1
0.0366667 102 46 3 0
0.0433333 124 43 8 1
0.05 146 61 4 0
0.0566667 183 81 9 4
0.0633333 226 96 3 1
0.07 223 112 5 3
0.0766667 220 79 7 5
0.0833333 252 96 7 0
0.09 257 83 2 2
0.0966667 233 91 5 2
0.103333 220 90 9 6
0.11 246 83 11 3
0.116667 222 83 7 2
0.123333 258 92 9 5
0.13 205 80 8 4
0.136667 246 68 2 2
0.143333 182 58 3 4
0.15 203 72 8 6
0.156667 207 66 5 2
0.163333 195 51 5 2
0.17 205 57 5 3
0.176667 203 48 2 3
0.183333 187 57 8 1
0.19 191 55 2 2
0.196667 217 63 4 0
0.203333 186 57 3 4
0.21 175 47 4 1
0.216667 146 50 6 3
0.223333 159 42 5 0
0.23 149 29 4 1
0.236667 149 39 6 2
0.243333 155 44 10 2
0.25 143 51 4 3
0.256667 132 39 1 2
0.263333 128 32 3 0
0.27 122 42 2 0
0.276667 138 34 7 3
0.283333 133 46 5 2
0.29 123 52 1 0
0.296667 118 38 4 0
0.303333 100 35 2 2
0.31 87 35 4 1
0.316667 95 31 6 2
0.323333 112 34 5 0
0.33 103 31 2 0
0.336667 114 26 1 3
0.343333 85 26 2 2
0.35 91 27 4 1
0.356667 102 23 3 3
0.363333 82 27 3 0
0.37 84 24 1 1
0.376667 71 23 5 2
0.383333 77 27 2 3
0.39 76 24 2 1
0.396667 75 25 4 0
0.403333 76 32 3 0
0.41 67 31 1 2
0.416667 77 17 3 1
0.423333 91 17 2 0
0.43 85 24 1 2
0.436667 72 19 1 1
0.443333 91 21 1 1
0.45 78 17 0 2
0.456667 71 22 4 1
0.463333 81 25 1 1
0.47 78 25 5 0
0.476667 68 14 2 1
0.483333 28 12 3 1
0.49 52 15 2 0
0.496667 41 10 0 0
0.503333 36 12 3 0
0.51 49 13 5 1
0.516667 30 14 0 1
0.523333 33 12 2 0
0.53 39 12 0 2
0.536667 39 18 0 0
0.543333 43 18 3 1
0.55 36 10 3 1
0.556667 28 11 0 0
0.563333 23 15 0 1
0.57 39 7 1 0
0.576667 37 18 3 0
0.583333 44 19 3 1
0.59 47 13 0 1
0.596667 33 8 2 0
0.603333 34 7 1 0
0.61 35 9 1 0
0.616667 30 10 3 1
0.623333 26 10 0 0
0.63 28 13 0 0
0.636667 44 9 1 0
0.643333 31 14 1 4
0.65 29 6 1 0
0.656667 24 12 0 1
0.663333 2169 377 26 12
0.67 0 0 0 0
0.676667 0 0 0 0
0.683333 0 0 0 0
0.69 0 0 0 0
0.696667 0 0 0 0
0.703333 0 0 0 0
0.71 0 0 0 0
0.716667 0 0 0 0
0.723333 0 0 0 0
0.73 0 0 0 0
0.736667 0 0 0 0
0.743333 0 0 0 0
0.75 0 0 0 0
0.756667 0 0 0 0
0.763333 0 0 0 0
0.77 0 0 0 0
0.776667 0 0 0 0
0.783333 0 0 0 0
0.79 0 0 0 0
0.796667 0 0 0 0
0.803333 0 0 0 0
0.81 0 0 0 0
0.816667 0 0 0 0
0.823333 0 0 0 0
0.83 0 0 0 0
0.836667 0 0 0 0
0.843333 0 0 0 0
0.85 0 0 0 0
0.856667 0 0 0 0
0.863333 0 0 0 0
0.87 0 0 0 0
0.876667 0 0 0 0
0.883333 0 0 0 0
0.89 0 0 0 0
0.896667 0 0 0 0
0.903333 0 0 0 0
0.91 0 0 0 0
0.916667 0 0 0 0
0.923333 0 0 0 0
0.93 0 0 0 0
0.936667 0 0 0 0
0.943333 0 0 0 0
0.95 0 0 0 0
0.956667 0 0 0 0
0.963333 0 0 0 0
0.97 0 0 0 0
0.976667 0 0 0 0
0.983333 0 0 0 0
0.99 0 0 0 0
0.996667 0 0 0 0
1.00333 0 0 0 0
1.01 0 0 0 0
1.01667 0 0 0 0
1.02333 0 0 0 0
1.03 0 0 0 0
1.03667 0 0 0 0
1.04333 0 0 0 0
1.05 0 0 0 0
1.05667 0 0 0 0
1.06333 0 0 0 0
1.07 0 0 0 0
1.07667 0 0 0 0
1.08333 0 0 0 0
1.09 0 0 0 0
1.09667 0 0 0 0
1.10333 0 0 0 0
1.11 0 0 0 0
1.11667 0 0 0 0
1.12333 0 0 0 0
1.13 0 0 0 0
1.13667 0 0 0 0
1.14333 0 0 0 0
1.15 0 0 0 0
1.15667 0 0 0 0
1.16333 0 0 0 0
1.17 0 0 0 0
1.17667 0 0 0 0
1.18333 0 0 0 0
1.19 0 0 0 0
1.19667 0 0 0 0
1.20333 0 0 0 0
1.21 0 0 0 0
1.21667 0 0 0 0
1.22333 0 0 0 0
1.23 0 0 0 0
1.23667 0 0 0 0
1.24333 0 0 0 0
1.25 0 0 0 0
1.25667 0 0 0 0
1.26333 0 0 0 0
1.27 0 0 0 0
1.27667 0 0 0 0
1.28333 0 0 0 0
1.29 0 0 0 0
1.29667 0 0 0 0
1.30333 0 0 0 0
1.31 0 0 0 0
1.31667 0 0 0 0
1.32333 0 0 0 0
1.33 0 0 0 0
1.33667 0 0 0 0
1.34333 0 0 0 0
1.35 0 0 0 0
1.35667 0 0 0 0
1.36333 0 0 0 0
1.37 0 0 0 0
1.37667 0 0 0 0
1.38333 0 0 0 0
1.39 0 0 0 0
1.39667 0 0 0 0
1.40333 0 0 0 0
1.41 0 0 0 0
1.41667 0 0 0 0
1.42333 0 0 0 0
1.43 0 0 0 0
1.43667 0 0 0 0
1.44333 0 0 0 0
1.45 0 0 0 0
1.45667 0 0 0 0
1.46333 0 0 0 0
1.47 0 0 0 0
1.47667 0 0 0 0
1.48333 0 0 0 0
1.49 0 0 0 0
1.49667 0 0 0 0
1.50333 0 0 0 0
1.51 0 0 0 0
1.51667 0 0 0 0
1.52333 0 0 0 0
1.53 0 0 0 0
1.53667 0 0 0 0
1.54333 0 0 0 0
1.55 0 0 0 0
1.55667 0 0 0 0
1.56333 0 0 0 0
1.57 0 0 0 0
1.57667 0 0 0 0
1.58333 0 0 0 0
1.59 0 0 0 0
1.59667 0 0 0 0
1.60333 0 0 0 0
1.61 0 0 0 0
1.61667 0 0 0 0
1.62333 0 0 0 0
1.63 0 0 0 0
1.63667 0 0 0 0
1.64333 0 0 0 0
1.65 0 0 0 0
1.65667 0 0 0 0
1.66333 0 0 0 0
1.67 0 0 0 0
1.67667 0 0 0 0
1.68333 0 0 0 0
1.69 0 0 0 0
1.69667 0 0 0 0
1.70333 0 0 0 0
1.71 0 0 0 0
1.71667 0 0 0 0
1.72333 0 0 0 0
1.73 0 0 0 0
1.73667 0 0 0 0
1.74333 0 0 0 0
1.75 0 0 0 0
1.75667 0 0 0 0
1.76333 0 0 0 0
1.77 0 0 0 0
1.77667 0 0 0 0
1.78333 0 0 0 0
1.79 0 0 0 0
1.79667 0 0 0 0
1.80333 0 0 0 0
1.81 0 0 0 0
1.81667 0 0 0 0
1.82333 0 0 0 0
1.83 0 0 0 0
1.83667 0 0 0 0
1.84333 0 0 0 0
1.85 0 0 0 0
1.85667 0 0 0 0
1.86333 0 0 0 0
1.87 0 0 0 0
1.87667 0 0 0 0
1.88333 0 0 0 0
1.89 0 0 0 0
1.89667 0 0 0 0
1.90333 0 0 0 0
1.91 0 0 0 0
1.91667 0 0 0 0
1.92333 0 0 0 0
1.93 0 0 0 0
1.93667 0 0 0 0
1.94333 0 0 0 0
1.95 0 0 0 0
1.95667 0 0 0 0
1.96333 0 0 0 0
1.97 0 0 0 0
1.97667 0 0 0 0
1.98333 0 0 0 0
1.99 0 0 0 0
1.99667 0 0 0 0
