0.00333333 17 53 10 4
0.01 11 64 14 4
0.0166667 19 71 26 4
0.0233333 13 53 36 4
0.03 34 71 23 8
0.0366667 29 93 35 3
0.0433333 33 135 31 6
0.05 36 164 62 5
0.0566667 40 214 67 11
0.0633333 47 160 64 15
0.07 50 231 67 13
0.0766667 30 210 98 16
0.0833333 43 197 73 13
0.09 53 213 84 18
0.0966667 42 230 73 9
0.103333 46 216 69 11
0.11 40 200 76 22
0.116667 51 237 78 13
0.123333 38 232 57 13
0.13 39 232 56 12
0.136667 46 171 55 19
0.143333 30 207 44 10
0.15 35 175 62 11
0.156667 35 138 44 13
0.163333 36 151 45 6
0.17 39 155 52 9
0.176667 40 147 50 5
0.183333 48 165 52 17
0.19 38 166 64 13
0.196667 36 165 56 12
0.203333 38 169 55 8
0.21 28 155 57 9
0.216667 28 134 40 15
0.223333 30 173 39 8
0.23 24 119 37 6
0.236667 24 123 36 11
0.243333 30 118 33 7
0.25 28 128 30 9
0.256667 27 111 33 8
0.263333 16 88 22 10
0.27 23 102 36 9
0.276667 25 118 28 4
0.283333 24 91 31 7
0.29 17 92 18 5
0.296667 17 97 26 7
0.303333 13 87 20 10
0.31 14 84 28 1
0.316667 20 78 17 4
0.323333 20 91 27 7
0.33 27 82 32 6
0.336667 19 84 19 5
0.343333 6 70 18 3
0.35 17 79 24 4
0.356667 19 64 22 9
0.363333 13 71 20 6
0.37 6 72 21 6
0.376667 12 49 25 4
0.383333 13 64 25 4
0.39 11 55 24 4
0.396667 12 63 10 2
0.403333 7 66 18 4
0.41 19 69 21 2
0.416667 17 69 24 3
0.423333 22 60 16 3
0.43 9 64 19 3
0.436667 16 58 13 0
0.443333 13 43 22 6
0.45 18 56 19 2
0.456667 14 56 19 9
0.463333 17 59 23 5
0.47 12 65 22 5
0.476667 18 39 16 5
0.483333 11 36 13 5
0.49 8 42 13 4
0.496667 11 32 14 3
0.503333 7 25 13 3
0.51 11 32 9 6
0.516667 8 27 7 2
0.523333 9 31 9 2
0.53 8 28 9 2
0.536667 8 24 8 5
0.543333 7 36 15 4
0.55 5 29 12 2
0.556667 10 23 7 1
0.563333 13 36 9 3
0.57 5 27 8 5
0.576667 3 25 8 1
0.583333 6 22 10 4
0.59 6 29 9 0
0.596667 11 32 14 1
0.603333 5 27 8 2
0.61 8 26 6 1
0.616667 1 11 3 4
0.623333 6 20 6 2
0.63 9 33 8 5
0.636667 8 32 5 4
0.643333 3 14 3 4
0.65 2 30 13 1
0.656667 3 23 11 4
0.663333 243 1487 392 58
0.67 0 0 0 0
0.676667 0 0 0 0
0.683333 0 0 0 0
0.69 0 0 0 0
0.696667 0 0 0 0
0.703333 0 0 0 0
0.71 0 0 0 0
0.716667 0 0 0 0
0.723333 0 0 0 0
0.73 0 0 0 0
0.736667 0 0 0 0
0.743333 0 0 0 0
0.75 0 0 0 0
0.756667 0 0 0 0
0.763333 0 0 0 0
0.77 0 0 0 0
0.776667 0 0 0 0
0.783333 0 0 0 0
0.79 0 0 0 0
0.796667 0 0 0 0
0.803333 0 0 0 0
0.81 0 0 0 0
0.816667 0 0 0 0
0.823333 0 0 0 0
0.83 0 0 0 0
0.836667 0 0 0 0
0.843333 0 0 0 0
0.85 0 0 0 0
0.856667 0 0 0 0
0.863333 0 0 0 0
0.87 0 0 0 0
0.876667 0 0 0 0
0.883333 0 0 0 0
0.89 0 0 0 0
0.896667 0 0 0 0
0.903333 0 0 0 0
0.91 0 0 0 0
0.916667 0 0 0 0
0.923333 0 0 0 0
0.93 0 0 0 0
0.936667 0 0 0 0
0.943333 0 0 0 0
0.95 0 0 0 0
0.956667 0 0 0 0
0.963333 0 0 0 0
0.97 0 0 0 0
0.976667 0 0 0 0
0.983333 0 0 0 0
0.99 0 0 0 0
0.996667 0 0 0 0
1.00333 0 0 0 0
1.01 0 0 0 0
1.01667 0 0 0 0
1.02333 0 0 0 0
1.03 0 0 0 0
1.03667 0 0 0 0
1.04333 0 0 0 0
1.05 0 0 0 0
1.05667 0 0 0 0
1.06333 0 0 0 0
1.07 0 0 0 0
1.07667 0 0 0 0
1.08333 0 0 0 0
1.09 0 0 0 0
1.09667 0 0 0 0
1.10333 0 0 0 0
1.11 0 0 0 0
1.11667 0 0 0 0
1.12333 0 0 0 0
1.13 0 0 0 0
1.13667 0 0 0 0
1.14333 0 0 0 0
1.15 0 0 0 0
1.15667 0 0 0 0
1.16333 0 0 0 0
1.17 0 0 0 0
1.17667 0 0 0 0
1.18333 0 0 0 0
1.19 0 0 0 0
1.19667 0 0 0 0
1.20333 0 0 0 0
1.21 0 0 0 0
1.21667 0 0 0 0
1.22333 0 0 0 0
1.23 0 0 0 0
1.23667 0 0 0 0
1.24333 0 0 0 0
1.25 0 0 0 0
1.25667 0 0 0 0
1.26333 0 0 0 0
1.27 0 0 0 0
1.27667 0 0 0 0
1.28333 0 0 0 0
1.29 0 0 0 0
1.29667 0 0 0 0
1.30333 0 0 0 0
1.31 0 0 0 0
1.31667 0 0 0 0
1.32333 0 0 0 0
1.33 0 0 0 0
1.33667 0 0 0 0
1.34333 0 0 0 0
1.35 0 0 0 0
1.35667 0 0 0 0
1.36333 0 0 0 0
1.37 0 0 0 0
1.37667 0 0 0 0
1.38333 0 0 0 0
1.39 0 0 0 0
1.39667 0 0 0 0
1.40333 0 0 0 0
1.41 0 0 0 0
1.41667 0 0 0 0
1.42333 0 0 0 0
1.43 0 0 0 0
1.43667 0 0 0 0
1.44333 0 0 0 0
1.45 0 0 0 0
1.45667 0 0 0 0
1.46333 0 0 0 0
1.47 0 0 0 0
1.47667 0 0 0 0
1.48333 0 0 0 0
1.49 0 0 0 0
1.49667 0 0 0 0
1.50333 0 0 0 0
1.51 0 0 0 0
1.51667 0 0 0 0
1.52333 0 0 0 0
1.53 0 0 0 0
1.53667 0 0 0 0
1.54333 0 0 0 0
1.55 0 0 0 0
1.55667 0 0 0 0
1.56333 0 0 0 0
1.57 0 0 0 0
1.57667 0 0 0 0
1.58333 0 0 0 0
1.59 0 0 0 0
1.59667 0 0 0 0
1.60333 0 0 0 0
1.61 0 0 0 0
1.61667 0 0 0 0
1.62333 0 0 0 0
1.63 0 0 0 0
1.63667 0 0 0 0
1.64333 0 0 0 0
1.65 0 0 0 0
1.65667 0 0 0 0
1.66333 0 0 0 0
1.67 0 0 0 0
1.67667 0 0 0 0
1.68333 0 0 0 0
1.69 0 0 0 0
1.69667 0 0 0 0
1.70333 0 0 0 0
1.71 0 0 0 0
1.71667 0 0 0 0
1.72333 0 0 0 0
1.73 0 0 0 0
1.73667 0 0 0 0
1.74333 0 0 0 0
1.75 0 0 0 0
1.75667 0 0 0 0
1.76333 0 0 0 0
1.77 0 0 0 0
1.77667 0 0 0 0
1.78333 0 0 0 0
1.79 0 0 0 0
1.79667 0 0 0 0
1.80333 0 0 0 0
1.81 0 0 0 0
1.81667 0 0 0 0
1.82333 0 0 0 0
1.83 0 0 0 0
1.83667 0 0 0 0
1.84333 0 0 0 0
1.85 0 0 0 0
1.85667 0 0 0 0
1.86333 0 0 0 0
1.87 0 0 0 0
1.87667 0 0 0 0
1.88333 0 0 0 0
1.89 0 0 0 0
1.89667 0 0 0 0
1.90333 0 0 0 0
1.91 0 0 0 0
1.91667 0 0 0 0
1.92333 0 0 0 0
1.93 0 0 0 0
1.93667 0 0 0 0
1.94333 0 0 0 0
1.95 0 0 0 0
1.95667 0 0 0 0
1.96333 0 0 0 0
1.97 0 0 0 0
1.97667 0 0 0 0
1.98333 0 0 0 0
1.99 0 0 0 0
1.99667 0 0 0 0
