0.00333333 31 2 1 0
0.01 35 12 1 0
0.0166667 45 11 0 1
0.0233333 34 6 2 0
0.03 37 7 0 0
0.0366667 59 6 1 0
0.0433333 61 16 0 1
0.05 73 19 1 0
0.0566667 76 16 0 0
0.0633333 86 23 0 0
0.07 88 21 3 1
0.0766667 78 24 1 1
0.0833333 87 20 0 0
0.09 97 19 1 0
0.0966667 81 29 1 0
0.103333 106 20 2 4
0.11 113 28 3 1
0.116667 108 21 3 1
0.123333 100 16 1 2
0.13 96 20 0 1
0.136667 84 25 0 1
0.143333 91 17 0 1
0.15 105 13 3 2
0.156667 80 15 0 0
0.163333 76 25 1 2
0.17 94 9 6 1
0.176667 87 9 0 1
0.183333 99 15 2 0
0.19 85 12 1 1
0.196667 105 19 1 3
0.203333 75 14 0 1
0.21 94 17 3 0
0.216667 94 11 1 0
0.223333 85 19 1 0
0.23 81 12 2 1
0.236667 66 10 2 2
0.243333 70 10 0 0
0.25 62 15 1 2
0.256667 73 11 1 0
0.263333 68 8 3 1
0.27 73 14 0 0
0.276667 61 5 0 0
0.283333 69 5 1 2
0.29 62 12 0 2
0.296667 66 11 1 1
0.303333 55 7 3 0
0.31 77 11 0 0
0.316667 63 9 0 1
0.323333 48 8 1 0
0.33 57 10 1 0
0.336667 51 11 1 2
0.343333 54 10 0 0
0.35 63 11 4 0
0.356667 40 8 1 1
0.363333 57 5 0 0
0.37 52 17 0 1
0.376667 59 8 1 2
0.383333 49 8 1 0
0.39 51 6 2 0
0.396667 45 10 2 0
0.403333 54 6 2 0
0.41 59 8 1 1
0.416667 52 11 1 0
0.423333 47 10 0 0
0.43 28 6 0 1
0.436667 51 16 0 1
0.443333 41 7 1 0
0.45 44 13 1 0
0.456667 55 10 2 0
0.463333 60 5 0 0
0.47 50 5 1 0
0.476667 44 12 0 0
0.483333 32 5 1 0
0.49 35 14 0 0
0.496667 31 6 0 0
0.503333 29 5 1 0
0.51 38 6 1 0
0.516667 30 5 0 0
0.523333 24 5 0 0
0.53 33 5 0 1
0.536667 24 5 0 1
0.543333 21 10 0 0
0.55 18 4 0 0
0.556667 24 0 0 0
0.563333 35 5 1 0
0.57 27 4 0 1
0.576667 21 3 0 0
0.583333 23 6 0 1
0.59 31 7 0 0
0.596667 18 5 2 1
0.603333 24 12 1 0
0.61 22 5 0 0
0.616667 24 8 0 0
0.623333 30 5 1 0
0.63 29 3 0 0
0.636667 38 1 1 0
0.643333 20 3 0 1
0.65 25 2 0 0
0.656667 24 6 0 1
0.663333 1526 127 13 6
0.67 0 0 0 0
0.676667 0 0 0 0
0.683333 0 0 0 0
0.69 0 0 0 0
0.696667 0 0 0 0
0.703333 0 0 0 0
0.71 0 0 0 0
0.716667 0 0 0 0
0.723333 0 0 0 0
0.73 0 0 0 0
0.736667 0 0 0 0
0.743333 0 0 0 0
0.75 0 0 0 0
0.756667 0 0 0 0
0.763333 0 0 0 0
0.77 0 0 0 0
0.776667 0 0 0 0
0.783333 0 0 0 0
0.79 0 0 0 0
0.796667 0 0 0 0
0.803333 0 0 0 0
0.81 0 0 0 0
0.816667 0 0 0 0
0.823333 0 0 0 0
0.83 0 0 0 0
0.836667 0 0 0 0
0.843333 0 0 0 0
0.85 0 0 0 0
0.856667 0 0 0 0
0.863333 0 0 0 0
0.87 0 0 0 0
0.876667 0 0 0 0
0.883333 0 0 0 0
0.89 0 0 0 0
0.896667 0 0 0 0
0.903333 0 0 0 0
0.91 0 0 0 0
0.916667 0 0 0 0
0.923333 0 0 0 0
0.93 0 0 0 0
0.936667 0 0 0 0
0.943333 0 0 0 0
0.95 0 0 0 0
0.956667 0 0 0 0
0.963333 0 0 0 0
0.97 0 0 0 0
0.976667 0 0 0 0
0.983333 0 0 0 0
0.99 0 0 0 0
0.996667 0 0 0 0
1.00333 0 0 0 0
1.01 0 0 0 0
1.01667 0 0 0 0
1.02333 0 0 0 0
1.03 0 0 0 0
1.03667 0 0 0 0
1.04333 0 0 0 0
1.05 0 0 0 0
1.05667 0 0 0 0
1.06333 0 0 0 0
1.07 0 0 0 0
1.07667 0 0 0 0
1.08333 0 0 0 0
1.09 0 0 0 0
1.09667 0 0 0 0
1.10333 0 0 0 0
1.11 0 0 0 0
1.11667 0 0 0 0
1.12333 0 0 0 0
1.13 0 0 0 0
1.13667 0 0 0 0
1.14333 0 0 0 0
1.15 0 0 0 0
1.15667 0 0 0 0
1.16333 0 0 0 0
1.17 0 0 0 0
1.17667 0 0 0 0
1.18333 0 0 0 0
1.19 0 0 0 0
1.19667 0 0 0 0
1.20333 0 0 0 0
1.21 0 0 0 0
1.21667 0 0 0 0
1.22333 0 0 0 0
1.23 0 0 0 0
1.23667 0 0 0 0
1.24333 0 0 0 0
1.25 0 0 0 0
1.25667 0 0 0 0
1.26333 0 0 0 0
1.27 0 0 0 0
1.27667 0 0 0 0
1.28333 0 0 0 0
1.29 0 0 0 0
1.29667 0 0 0 0
1.30333 0 0 0 0
1.31 0 0 0 0
1.31667 0 0 0 0
1.32333 0 0 0 0
1.33 0 0 0 0
1.33667 0 0 0 0
1.34333 0 0 0 0
1.35 0 0 0 0
1.35667 0 0 0 0
1.36333 0 0 0 0
1.37 0 0 0 0
1.37667 0 0 0 0
1.38333 0 0 0 0
1.39 0 0 0 0
1.39667 0 0 0 0
1.40333 0 0 0 0
1.41 0 0 0 0
1.41667 0 0 0 0
1.42333 0 0 0 0
1.43 0 0 0 0
1.43667 0 0 0 0
1.44333 0 0 0 0
1.45 0 0 0 0
1.45667 0 0 0 0
1.46333 0 0 0 0
1.47 0 0 0 0
1.47667 0 0 0 0
1.48333 0 0 0 0
1.49 0 0 0 0
1.49667 0 0 0 0
1.50333 0 0 0 0
1.51 0 0 0 0
1.51667 0 0 0 0
1.52333 0 0 0 0
1.53 0 0 0 0
1.53667 0 0 0 0
1.54333 0 0 0 0
1.55 0 0 0 0
1.55667 0 0 0 0
1.56333 0 0 0 0
1.57 0 0 0 0
1.57667 0 0 0 0
1.58333 0 0 0 0
1.59 0 0 0 0
1.59667 0 0 0 0
1.60333 0 0 0 0
1.61 0 0 0 0
1.61667 0 0 0 0
1.62333 0 0 0 0
1.63 0 0 0 0
1.63667 0 0 0 0
1.64333 0 0 0 0
1.65 0 0 0 0
1.65667 0 0 0 0
1.66333 0 0 0 0
1.67 0 0 0 0
1.67667 0 0 0 0
1.68333 0 0 0 0
1.69 0 0 0 0
1.69667 0 0 0 0
1.70333 0 0 0 0
1.71 0 0 0 0
1.71667 0 0 0 0
1.72333 0 0 0 0
1.73 0 0 0 0
1.73667 0 0 0 0
1.74333 0 0 0 0
1.75 0 0 0 0
1.75667 0 0 0 0
1.76333 0 0 0 0
1.77 0 0 0 0
1.77667 0 0 0 0
1.78333 0 0 0 0
1.79 0 0 0 0
1.79667 0 0 0 0
1.80333 0 0 0 0
1.81 0 0 0 0
1.81667 0 0 0 0
1.82333 0 0 0 0
1.83 0 0 0 0
1.83667 0 0 0 0
1.84333 0 0 0 0
1.85 0 0 0 0
1.85667 0 0 0 0
1.86333 0 0 0 0
1.87 0 0 0 0
1.87667 0 0 0 0
1.88333 0 0 0 0
1.89 0 0 0 0
1.89667 0 0 0 0
1.90333 0 0 0 0
1.91 0 0 0 0
1.91667 0 0 0 0
1.92333 0 0 0 0
1.93 0 0 0 0
1.93667 0 0 0 0
1.94333 0 0 0 0
1.95 0 0 0 0
1.95667 0 0 0 0
1.96333 0 0 0 0
1.97 0 0 0 0
1.97667 0 0 0 0
1.98333 0 0 0 0
1.99 0 0 0 0
1.99667 0 0 0 0
