0.00333333 3 35 26 2
0.01 11 44 21 4
0.0166667 9 53 26 2
0.0233333 14 37 23 3
0.03 16 46 30 1
0.0366667 18 67 33 10
0.0433333 17 108 42 10
0.05 26 129 52 10
0.0566667 38 140 67 11
0.0633333 40 142 63 20
0.07 44 161 83 16
0.0766667 43 169 90 17
0.0833333 46 152 65 9
0.09 51 158 79 15
0.0966667 41 160 78 15
0.103333 51 138 91 10
0.11 43 140 80 12
0.116667 29 141 85 11
0.123333 33 136 77 4
0.13 26 141 73 7
0.136667 34 120 55 7
0.143333 34 138 71 7
0.15 31 108 55 10
0.156667 31 104 65 13
0.163333 23 93 57 9
0.17 37 95 62 9
0.176667 37 97 72 6
0.183333 29 109 63 12
0.19 17 89 63 8
0.196667 23 106 65 9
0.203333 28 93 50 5
0.21 26 82 57 12
0.216667 28 81 41 5
0.223333 22 76 62 9
0.23 16 82 47 3
0.236667 27 90 55 9
0.243333 16 64 45 4
0.25 27 75 37 4
0.256667 18 74 46 6
0.263333 14 64 44 6
0.27 18 52 29 7
0.276667 15 78 47 5
0.283333 15 59 37 6
0.29 17 62 27 4
0.296667 16 59 28 8
0.303333 16 55 29 3
0.31 29 63 31 2
0.316667 22 59 27 1
0.323333 16 58 26 9
0.33 12 64 27 2
0.336667 23 51 37 2
0.343333 12 38 25 5
0.35 15 60 33 5
0.356667 13 49 34 1
0.363333 7 49 26 3
0.37 13 54 19 5
0.376667 17 21 27 9
0.383333 21 38 26 5
0.39 9 48 22 2
0.396667 12 46 17 5
0.403333 15 39 22 4
0.41 17 31 28 7
0.416667 14 39 19 3
0.423333 10 44 33 2
0.43 8 44 24 5
0.436667 12 36 25 5
0.443333 9 37 17 2
0.45 7 38 11 1
0.456667 12 32 23 8
0.463333 6 39 27 4
0.47 10 30 24 2
0.476667 12 29 21 1
0.483333 6 21 12 2
0.49 12 23 19 5
0.496667 11 18 15 2
0.503333 9 18 19 4
0.51 8 16 20 2
0.516667 5 35 12 0
0.523333 5 21 9 2
0.53 9 29 12 0
0.536667 3 19 9 1
0.543333 5 15 11 9
0.55 8 17 17 2
0.556667 4 18 12 4
0.563333 9 18 12 4
0.57 4 24 16 4
0.576667 13 16 15 2
0.583333 5 11 14 7
0.59 5 18 8 3
0.596667 3 19 16 2
0.603333 5 19 15 2
0.61 3 17 4 2
0.616667 7 15 9 2
0.623333 3 14 8 2
0.63 8 18 11 2
0.636667 7 12 14 4
0.643333 7 17 15 1
0.65 3 20 7 1
0.656667 2 21 10 0
0.663333 200 749 540 37
0.67 0 0 0 0
0.676667 0 0 0 0
0.683333 0 0 0 0
0.69 0 0 0 0
0.696667 0 0 0 0
0.703333 0 0 0 0
0.71 0 0 0 0
0.716667 0 0 0 0
0.723333 0 0 0 0
0.73 0 0 0 0
0.736667 0 0 0 0
0.743333 0 0 0 0
0.75 0 0 0 0
0.756667 0 0 0 0
0.763333 0 0 0 0
0.77 0 0 0 0
0.776667 0 0 0 0
0.783333 0 0 0 0
0.79 0 0 0 0
0.796667 0 0 0 0
0.803333 0 0 0 0
0.81 0 0 0 0
0.816667 0 0 0 0
0.823333 0 0 0 0
0.83 0 0 0 0
0.836667 0 0 0 0
0.843333 0 0 0 0
0.85 0 0 0 0
0.856667 0 0 0 0
0.863333 0 0 0 0
0.87 0 0 0 0
0.876667 0 0 0 0
0.883333 0 0 0 0
0.89 0 0 0 0
0.896667 0 0 0 0
0.903333 0 0 0 0
0.91 0 0 0 0
0.916667 0 0 0 0
0.923333 0 0 0 0
0.93 0 0 0 0
0.936667 0 0 0 0
0.943333 0 0 0 0
0.95 0 0 0 0
0.956667 0 0 0 0
0.963333 0 0 0 0
0.97 0 0 0 0
0.976667 0 0 0 0
0.983333 0 0 0 0
0.99 0 0 0 0
0.996667 0 0 0 0
1.00333 0 0 0 0
1.01 0 0 0 0
1.01667 0 0 0 0
1.02333 0 0 0 0
1.03 0 0 0 0
1.03667 0 0 0 0
1.04333 0 0 0 0
1.05 0 0 0 0
1.05667 0 0 0 0
1.06333 0 0 0 0
1.07 0 0 0 0
1.07667 0 0 0 0
1.08333 0 0 0 0
1.09 0 0 0 0
1.09667 0 0 0 0
1.10333 0 0 0 0
1.11 0 0 0 0
1.11667 0 0 0 0
1.12333 0 0 0 0
1.13 0 0 0 0
1.13667 0 0 0 0
1.14333 0 0 0 0
1.15 0 0 0 0
1.15667 0 0 0 0
1.16333 0 0 0 0
1.17 0 0 0 0
1.17667 0 0 0 0
1.18333 0 0 0 0
1.19 0 0 0 0
1.19667 0 0 0 0
1.20333 0 0 0 0
1.21 0 0 0 0
1.21667 0 0 0 0
1.22333 0 0 0 0
1.23 0 0 0 0
1.23667 0 0 0 0
1.24333 0 0 0 0
1.25 0 0 0 0
1.25667 0 0 0 0
1.26333 0 0 0 0
1.27 0 0 0 0
1.27667 0 0 0 0
1.28333 0 0 0 0
1.29 0 0 0 0
1.29667 0 0 0 0
1.30333 0 0 0 0
1.31 0 0 0 0
1.31667 0 0 0 0
1.32333 0 0 0 0
1.33 0 0 0 0
1.33667 0 0 0 0
1.34333 0 0 0 0
1.35 0 0 0 0
1.35667 0 0 0 0
1.36333 0 0 0 0
1.37 0 0 0 0
1.37667 0 0 0 0
1.38333 0 0 0 0
1.39 0 0 0 0
1.39667 0 0 0 0
1.40333 0 0 0 0
1.41 0 0 0 0
1.41667 0 0 0 0
1.42333 0 0 0 0
1.43 0 0 0 0
1.43667 0 0 0 0
1.44333 0 0 0 0
1.45 0 0 0 0
1.45667 0 0 0 0
1.46333 0 0 0 0
1.47 0 0 0 0
1.47667 0 0 0 0
1.48333 0 0 0 0
1.49 0 0 0 0
1.49667 0 0 0 0
1.50333 0 0 0 0
1.51 0 0 0 0
1.51667 0 0 0 0
1.52333 0 0 0 0
1.53 0 0 0 0
1.53667 0 0 0 0
1.54333 0 0 0 0
1.55 0 0 0 0
1.55667 0 0 0 0
1.56333 0 0 0 0
1.57 0 0 0 0
1.57667 0 0 0 0
1.58333 0 0 0 0
1.59 0 0 0 0
1.59667 0 0 0 0
1.60333 0 0 0 0
1.61 0 0 0 0
1.61667 0 0 0 0
1.62333 0 0 0 0
1.63 0 0 0 0
1.63667 0 0 0 0
1.64333 0 0 0 0
1.65 0 0 0 0
1.65667 0 0 0 0
1.66333 0 0 0 0
1.67 0 0 0 0
1.67667 0 0 0 0
1.68333 0 0 0 0
1.69 0 0 0 0
1.69667 0 0 0 0
1.70333 0 0 0 0
1.71 0 0 0 0
1.71667 0 0 0 0
1.72333 0 0 0 0
1.73 0 0 0 0
1.73667 0 0 0 0
1.74333 0 0 0 0
1.75 0 0 0 0
1.75667 0 0 0 0
1.76333 0 0 0 0
1.77 0 0 0 0
1.77667 0 0 0 0
1.78333 0 0 0 0
1.79 0 0 0 0
1.79667 0 0 0 0
1.80333 0 0 0 0
1.81 0 0 0 0
1.81667 0 0 0 0
1.82333 0 0 0 0
1.83 0 0 0 0
1.83667 0 0 0 0
1.84333 0 0 0 0
1.85 0 0 0 0
1.85667 0 0 0 0
1.86333 0 0 0 0
1.87 0 0 0 0
1.87667 0 0 0 0
1.88333 0 0 0 0
1.89 0 0 0 0
1.89667 0 0 0 0
1.90333 0 0 0 0
1.91 0 0 0 0
1.91667 0 0 0 0
1.92333 0 0 0 0
1.93 0 0 0 0
1.93667 0 0 0 0
1.94333 0 0 0 0
1.95 0 0 0 0
1.95667 0 0 0 0
1.96333 0 0 0 0
1.97 0 0 0 0
1.97667 0 0 0 0
1.98333 0 0 0 0
1.99 0 0 0 0
1.99667 0 0 0 0
