0.00333333 7 80 22 1
0.01 10 74 13 3
0.0166667 9 71 24 7
0.0233333 11 98 29 3
0.03 12 99 16 5
0.0366667 16 103 29 5
0.0433333 27 127 52 8
0.05 28 132 47 2
0.0566667 31 197 59 6
0.0633333 40 202 65 13
0.07 35 218 84 4
0.0766667 27 206 87 8
0.0833333 49 221 75 13
0.09 33 252 81 14
0.0966667 29 242 77 16
0.103333 29 226 62 12
0.11 33 228 74 8
0.116667 46 260 70 14
0.123333 23 221 70 10
0.13 30 243 63 9
0.136667 27 219 60 14
0.143333 27 210 65 5
0.15 22 191 64 9
0.156667 18 216 69 8
0.163333 19 172 80 9
0.17 20 201 60 8
0.176667 17 215 52 10
0.183333 24 216 49 5
0.19 13 230 63 5
0.196667 26 209 66 9
0.203333 18 217 63 9
0.21 19 192 54 3
0.216667 15 209 50 4
0.223333 23 177 47 4
0.23 16 192 47 5
0.236667 15 178 54 6
0.243333 15 139 37 5
0.25 17 156 49 6
0.256667 15 148 43 6
0.263333 16 136 36 1
0.27 18 117 50 6
0.276667 17 130 46 11
0.283333 11 112 34 4
0.29 11 89 34 2
0.296667 14 96 32 5
0.303333 11 109 27 2
0.31 13 129 34 3
0.316667 17 106 26 5
0.323333 11 104 29 3
0.33 7 98 27 3
0.336667 14 95 42 2
0.343333 10 102 30 6
0.35 8 83 48 2
0.356667 11 84 26 7
0.363333 12 98 30 3
0.37 9 97 32 0
0.376667 9 74 37 8
0.383333 8 92 23 3
0.39 11 90 28 3
0.396667 13 88 21 5
0.403333 8 73 18 1
0.41 13 76 31 2
0.416667 10 86 22 0
0.423333 6 81 26 1
0.43 9 80 25 1
0.436667 6 81 22 0
0.443333 10 64 24 2
0.45 3 73 32 3
0.456667 7 59 20 5
0.463333 13 83 32 0
0.47 9 81 19 2
0.476667 6 71 29 4
0.483333 9 50 12 1
0.49 4 44 20 3
0.496667 6 35 19 7
0.503333 7 28 14 3
0.51 5 47 13 0
0.516667 3 31 23 4
0.523333 5 47 11 0
0.53 5 35 14 2
0.536667 5 29 10 4
0.543333 9 33 11 1
0.55 5 49 13 2
0.556667 8 35 5 0
0.563333 5 38 16 0
0.57 3 33 8 3
0.576667 4 28 12 2
0.583333 2 44 12 0
0.59 1 27 14 2
0.596667 3 32 14 1
0.603333 1 27 9 0
0.61 7 35 6 0
0.616667 4 32 12 2
0.623333 6 35 11 3
0.63 7 24 12 2
0.636667 10 30 11 3
0.643333 5 34 5 2
0.65 3 31 13 2
0.656667 5 31 13 0
0.663333 139 2733 709 33
0.67 0 0 0 0
0.676667 0 0 0 0
0.683333 0 0 0 0
0.69 0 0 0 0
0.696667 0 0 0 0
0.703333 0 0 0 0
0.71 0 0 0 0
0.716667 0 0 0 0
0.723333 0 0 0 0
0.73 0 0 0 0
0.736667 0 0 0 0
0.743333 0 0 0 0
0.75 0 0 0 0
0.756667 0 0 0 0
0.763333 0 0 0 0
0.77 0 0 0 0
0.776667 0 0 0 0
0.783333 0 0 0 0
0.79 0 0 0 0
0.796667 0 0 0 0
0.803333 0 0 0 0
0.81 0 0 0 0
0.816667 0 0 0 0
0.823333 0 0 0 0
0.83 0 0 0 0
0.836667 0 0 0 0
0.843333 0 0 0 0
0.85 0 0 0 0
0.856667 0 0 0 0
0.863333 0 0 0 0
0.87 0 0 0 0
0.876667 0 0 0 0
0.883333 0 0 0 0
0.89 0 0 0 0
0.896667 0 0 0 0
0.903333 0 0 0 0
0.91 0 0 0 0
0.916667 0 0 0 0
0.923333 0 0 0 0
0.93 0 0 0 0
0.936667 0 0 0 0
0.943333 0 0 0 0
0.95 0 0 0 0
0.956667 0 0 0 0
0.963333 0 0 0 0
0.97 0 0 0 0
0.976667 0 0 0 0
0.983333 0 0 0 0
0.99 0 0 0 0
0.996667 0 0 0 0
1.00333 0 0 0 0
1.01 0 0 0 0
1.01667 0 0 0 0
1.02333 0 0 0 0
1.03 0 0 0 0
1.03667 0 0 0 0
1.04333 0 0 0 0
1.05 0 0 0 0
1.05667 0 0 0 0
1.06333 0 0 0 0
1.07 0 0 0 0
1.07667 0 0 0 0
1.08333 0 0 0 0
1.09 0 0 0 0
1.09667 0 0 0 0
1.10333 0 0 0 0
1.11 0 0 0 0
1.11667 0 0 0 0
1.12333 0 0 0 0
1.13 0 0 0 0
1.13667 0 0 0 0
1.14333 0 0 0 0
1.15 0 0 0 0
1.15667 0 0 0 0
1.16333 0 0 0 0
1.17 0 0 0 0
1.17667 0 0 0 0
1.18333 0 0 0 0
1.19 0 0 0 0
1.19667 0 0 0 0
1.20333 0 0 0 0
1.21 0 0 0 0
1.21667 0 0 0 0
1.22333 0 0 0 0
1.23 0 0 0 0
1.23667 0 0 0 0
1.24333 0 0 0 0
1.25 0 0 0 0
1.25667 0 0 0 0
1.26333 0 0 0 0
1.27 0 0 0 0
1.27667 0 0 0 0
1.28333 0 0 0 0
1.29 0 0 0 0
1.29667 0 0 0 0
1.30333 0 0 0 0
1.31 0 0 0 0
1.31667 0 0 0 0
1.32333 0 0 0 0
1.33 0 0 0 0
1.33667 0 0 0 0
1.34333 0 0 0 0
1.35 0 0 0 0
1.35667 0 0 0 0
1.36333 0 0 0 0
1.37 0 0 0 0
1.37667 0 0 0 0
1.38333 0 0 0 0
1.39 0 0 0 0
1.39667 0 0 0 0
1.40333 0 0 0 0
1.41 0 0 0 0
1.41667 0 0 0 0
1.42333 0 0 0 0
1.43 0 0 0 0
1.43667 0 0 0 0
1.44333 0 0 0 0
1.45 0 0 0 0
1.45667 0 0 0 0
1.46333 0 0 0 0
1.47 0 0 0 0
1.47667 0 0 0 0
1.48333 0 0 0 0
1.49 0 0 0 0
1.49667 0 0 0 0
1.50333 0 0 0 0
1.51 0 0 0 0
1.51667 0 0 0 0
1.52333 0 0 0 0
1.53 0 0 0 0
1.53667 0 0 0 0
1.54333 0 0 0 0
1.55 0 0 0 0
1.55667 0 0 0 0
1.56333 0 0 0 0
1.57 0 0 0 0
1.57667 0 0 0 0
1.58333 0 0 0 0
1.59 0 0 0 0
1.59667 0 0 0 0
1.60333 0 0 0 0
1.61 0 0 0 0
1.61667 0 0 0 0
1.62333 0 0 0 0
1.63 0 0 0 0
1.63667 0 0 0 0
1.64333 0 0 0 0
1.65 0 0 0 0
1.65667 0 0 0 0
1.66333 0 0 0 0
1.67 0 0 0 0
1.67667 0 0 0 0
1.68333 0 0 0 0
1.69 0 0 0 0
1.69667 0 0 0 0
1.70333 0 0 0 0
1.71 0 0 0 0
1.71667 0 0 0 0
1.72333 0 0 0 0
1.73 0 0 0 0
1.73667 0 0 0 0
1.74333 0 0 0 0
1.75 0 0 0 0
1.75667 0 0 0 0
1.76333 0 0 0 0
1.77 0 0 0 0
1.77667 0 0 0 0
1.78333 0 0 0 0
1.79 0 0 0 0
1.79667 0 0 0 0
1.80333 0 0 0 0
1.81 0 0 0 0
1.81667 0 0 0 0
1.82333 0 0 0 0
1.83 0 0 0 0
1.83667 0 0 0 0
1.84333 0 0 0 0
1.85 0 0 0 0
1.85667 0 0 0 0
1.86333 0 0 0 0
1.87 0 0 0 0
1.87667 0 0 0 0
1.88333 0 0 0 0
1.89 0 0 0 0
1.89667 0 0 0 0
1.90333 0 0 0 0
1.91 0 0 0 0
1.91667 0 0 0 0
1.92333 0 0 0 0
1.93 0 0 0 0
1.93667 0 0 0 0
1.94333 0 0 0 0
1.95 0 0 0 0
1.95667 0 0 0 0
1.96333 0 0 0 0
1.97 0 0 0 0
1.97667 0 0 0 0
1.98333 0 0 0 0
1.99 0 0 0 0
1.99667 0 0 0 0
