0.00333333 25 62 4 1
0.01 48 65 8 1
0.0166667 49 64 5 0
0.0233333 40 70 4 2
0.03 50 67 8 0
0.0366667 72 103 12 5
0.0433333 63 134 23 2
0.05 100 165 16 5
0.0566667 113 216 20 6
0.0633333 151 242 17 3
0.07 135 224 23 6
0.0766667 128 226 28 10
0.0833333 152 255 21 7
0.09 149 249 27 4
0.0966667 144 245 18 3
0.103333 132 234 26 5
0.11 156 257 21 2
0.116667 128 236 23 2
0.123333 114 264 22 4
0.13 107 237 23 5
0.136667 131 184 19 9
0.143333 119 199 12 4
0.15 101 193 24 8
0.156667 92 203 14 5
0.163333 107 189 16 4
0.17 119 168 16 1
0.176667 103 175 14 7
0.183333 93 178 21 3
0.19 108 167 16 1
0.196667 107 164 22 0
0.203333 85 179 13 6
0.21 87 168 4 5
0.216667 73 160 12 2
0.223333 84 131 13 3
0.23 87 144 15 4
0.236667 87 148 14 3
0.243333 71 116 12 5
0.25 69 135 14 2
0.256667 59 98 8 2
0.263333 64 115 8 3
0.27 51 109 10 4
0.276667 58 111 11 3
0.283333 63 100 8 3
0.29 54 83 6 0
0.296667 59 92 11 3
0.303333 58 96 9 3
0.31 58 109 14 0
0.316667 62 82 12 3
0.323333 53 64 7 1
0.33 54 96 15 1
0.336667 45 90 14 6
0.343333 50 71 7 3
0.35 41 87 9 0
0.356667 46 93 7 0
0.363333 46 77 6 2
0.37 41 54 10 1
0.376667 36 76 10 4
0.383333 31 66 4 1
0.39 42 66 6 2
0.396667 46 66 4 2
0.403333 40 65 8 0
0.41 31 68 12 0
0.416667 39 63 12 1
0.423333 31 77 7 0
0.43 35 49 7 1
0.436667 25 59 4 0
0.443333 35 50 7 0
0.45 39 60 5 0
0.456667 31 53 12 2
0.463333 34 49 6 3
0.47 25 61 5 2
0.476667 39 52 7 1
0.483333 22 40 6 0
0.49 25 50 7 2
0.496667 16 37 4 2
0.503333 24 43 7 1
0.51 26 31 5 1
0.516667 28 40 9 1
0.523333 25 38 3 0
0.53 25 29 4 3
0.536667 16 27 2 1
0.543333 15 38 8 1
0.55 19 24 4 3
0.556667 14 27 6 0
0.563333 15 32 4 1
0.57 18 45 7 1
0.576667 20 39 14 1
0.583333 25 29 5 2
0.59 19 32 6 2
0.596667 25 34 3 1
0.603333 9 41 7 2
0.61 20 33 4 2
0.616667 17 21 10 0
0.623333 20 33 6 1
0.63 20 32 4 4
0.636667 21 30 3 4
0.643333 19 29 7 1
0.65 13 30 4 3
0.656667 14 36 8 1
0.663333 812 1618 125 31
0.67 0 0 0 0
0.676667 0 0 0 0
0.683333 0 0 0 0
0.69 0 0 0 0
0.696667 0 0 0 0
0.703333 0 0 0 0
0.71 0 0 0 0
0.716667 0 0 0 0
0.723333 0 0 0 0
0.73 0 0 0 0
0.736667 0 0 0 0
0.743333 0 0 0 0
0.75 0 0 0 0
0.756667 0 0 0 0
0.763333 0 0 0 0
0.77 0 0 0 0
0.776667 0 0 0 0
0.783333 0 0 0 0
0.79 0 0 0 0
0.796667 0 0 0 0
0.803333 0 0 0 0
0.81 0 0 0 0
0.816667 0 0 0 0
0.823333 0 0 0 0
0.83 0 0 0 0
0.836667 0 0 0 0
0.843333 0 0 0 0
0.85 0 0 0 0
0.856667 0 0 0 0
0.863333 0 0 0 0
0.87 0 0 0 0
0.876667 0 0 0 0
0.883333 0 0 0 0
0.89 0 0 0 0
0.896667 0 0 0 0
0.903333 0 0 0 0
0.91 0 0 0 0
0.916667 0 0 0 0
0.923333 0 0 0 0
0.93 0 0 0 0
0.936667 0 0 0 0
0.943333 0 0 0 0
0.95 0 0 0 0
0.956667 0 0 0 0
0.963333 0 0 0 0
0.97 0 0 0 0
0.976667 0 0 0 0
0.983333 0 0 0 0
0.99 0 0 0 0
0.996667 0 0 0 0
1.00333 0 0 0 0
1.01 0 0 0 0
1.01667 0 0 0 0
1.02333 0 0 0 0
1.03 0 0 0 0
1.03667 0 0 0 0
1.04333 0 0 0 0
1.05 0 0 0 0
1.05667 0 0 0 0
1.06333 0 0 0 0
1.07 0 0 0 0
1.07667 0 0 0 0
1.08333 0 0 0 0
1.09 0 0 0 0
1.09667 0 0 0 0
1.10333 0 0 0 0
1.11 0 0 0 0
1.11667 0 0 0 0
1.12333 0 0 0 0
1.13 0 0 0 0
1.13667 0 0 0 0
1.14333 0 0 0 0
1.15 0 0 0 0
1.15667 0 0 0 0
1.16333 0 0 0 0
1.17 0 0 0 0
1.17667 0 0 0 0
1.18333 0 0 0 0
1.19 0 0 0 0
1.19667 0 0 0 0
1.20333 0 0 0 0
1.21 0 0 0 0
1.21667 0 0 0 0
1.22333 0 0 0 0
1.23 0 0 0 0
1.23667 0 0 0 0
1.24333 0 0 0 0
1.25 0 0 0 0
1.25667 0 0 0 0
1.26333 0 0 0 0
1.27 0 0 0 0
1.27667 0 0 0 0
1.28333 0 0 0 0
1.29 0 0 0 0
1.29667 0 0 0 0
1.30333 0 0 0 0
1.31 0 0 0 0
1.31667 0 0 0 0
1.32333 0 0 0 0
1.33 0 0 0 0
1.33667 0 0 0 0
1.34333 0 0 0 0
1.35 0 0 0 0
1.35667 0 0 0 0
1.36333 0 0 0 0
1.37 0 0 0 0
1.37667 0 0 0 0
1.38333 0 0 0 0
1.39 0 0 0 0
1.39667 0 0 0 0
1.40333 0 0 0 0
1.41 0 0 0 0
1.41667 0 0 0 0
1.42333 0 0 0 0
1.43 0 0 0 0
1.43667 0 0 0 0
1.44333 0 0 0 0
1.45 0 0 0 0
1.45667 0 0 0 0
1.46333 0 0 0 0
1.47 0 0 0 0
1.47667 0 0 0 0
1.48333 0 0 0 0
1.49 0 0 0 0
1.49667 0 0 0 0
1.50333 0 0 0 0
1.51 0 0 0 0
1.51667 0 0 0 0
1.52333 0 0 0 0
1.53 0 0 0 0
1.53667 0 0 0 0
1.54333 0 0 0 0
1.55 0 0 0 0
1.55667 0 0 0 0
1.56333 0 0 0 0
1.57 0 0 0 0
1.57667 0 0 0 0
1.58333 0 0 0 0
1.59 0 0 0 0
1.59667 0 0 0 0
1.60333 0 0 0 0
1.61 0 0 0 0
1.61667 0 0 0 0
1.62333 0 0 0 0
1.63 0 0 0 0
1.63667 0 0 0 0
1.64333 0 0 0 0
1.65 0 0 0 0
1.65667 0 0 0 0
1.66333 0 0 0 0
1.67 0 0 0 0
1.67667 0 0 0 0
1.68333 0 0 0 0
1.69 0 0 0 0
1.69667 0 0 0 0
1.70333 0 0 0 0
1.71 0 0 0 0
1.71667 0 0 0 0
1.72333 0 0 0 0
1.73 0 0 0 0
1.73667 0 0 0 0
1.74333 0 0 0 0
1.75 0 0 0 0
1.75667 0 0 0 0
1.76333 0 0 0 0
1.77 0 0 0 0
1.77667 0 0 0 0
1.78333 0 0 0 0
1.79 0 0 0 0
1.79667 0 0 0 0
1.80333 0 0 0 0
1.81 0 0 0 0
1.81667 0 0 0 0
1.82333 0 0 0 0
1.83 0 0 0 0
1.83667 0 0 0 0
1.84333 0 0 0 0
1.85 0 0 0 0
1.85667 0 0 0 0
1.86333 0 0 0 0
1.87 0 0 0 0
1.87667 0 0 0 0
1.88333 0 0 0 0
1.89 0 0 0 0
1.89667 0 0 0 0
1.90333 0 0 0 0
1.91 0 0 0 0
1.91667 0 0 0 0
1.92333 0 0 0 0
1.93 0 0 0 0
1.93667 0 0 0 0
1.94333 0 0 0 0
1.95 0 0 0 0
1.95667 0 0 0 0
1.96333 0 0 0 0
1.97 0 0 0 0
1.97667 0 0 0 0
1.98333 0 0 0 0
1.99 0 0 0 0
1.99667 0 0 0 0
