0.00333333 4 23 27 10
0.01 5 30 39 17
0.0166667 9 31 30 9
0.0233333 10 43 41 12
0.03 5 41 44 12
0.0366667 9 50 55 20
0.0433333 18 64 94 17
0.05 7 67 105 27
0.0566667 26 82 111 32
0.0633333 36 92 105 33
0.07 14 123 150 45
0.0766667 19 91 119 37
0.0833333 24 100 122 33
0.09 17 96 147 42
0.0966667 26 102 123 37
0.103333 32 121 110 32
0.11 23 82 140 38
0.116667 25 96 130 37
0.123333 21 80 115 31
0.13 32 85 114 27
0.136667 21 85 79 49
0.143333 25 82 93 29
0.15 17 96 105 34
0.156667 21 76 102 29
0.163333 17 74 85 29
0.17 19 74 79 33
0.176667 17 77 101 37
0.183333 19 86 63 31
0.19 20 82 104 34
0.196667 18 80 101 29
0.203333 9 85 84 33
0.21 12 94 74 22
0.216667 15 70 88 27
0.223333 7 53 64 19
0.23 17 60 79 26
0.236667 17 49 57 17
0.243333 14 62 59 16
0.25 23 59 56 16
0.256667 12 48 62 18
0.263333 13 53 66 27
0.27 10 43 45 16
0.276667 7 47 55 18
0.283333 7 36 45 15
0.29 11 48 44 12
0.296667 11 45 59 17
0.303333 12 52 55 23
0.31 7 37 38 19
0.316667 13 33 47 19
0.323333 11 40 41 11
0.33 10 32 40 21
0.336667 10 35 54 11
0.343333 8 34 39 13
0.35 8 25 41 13
0.356667 11 29 28 18
0.363333 8 29 40 12
0.37 10 34 25 17
0.376667 5 39 43 11
0.383333 9 29 37 12
0.39 12 26 31 14
0.396667 7 22 41 14
0.403333 6 35 25 16
0.41 5 27 28 11
0.416667 9 26 41 15
0.423333 8 25 32 10
0.43 6 25 26 16
0.436667 9 41 30 11
0.443333 8 23 32 17
0.45 6 33 31 9
0.456667 7 18 34 16
0.463333 7 29 14 12
0.47 12 26 23 13
0.476667 5 27 31 8
0.483333 5 17 30 7
0.49 0 26 19 7
0.496667 7 19 27 7
0.503333 9 20 17 6
0.51 4 16 17 7
0.516667 4 18 23 11
0.523333 7 19 18 6
0.53 8 21 13 3
0.536667 5 16 23 9
0.543333 6 14 23 8
0.55 3 22 18 4
0.556667 1 16 23 6
0.563333 7 18 19 11
0.57 2 19 9 4
0.576667 7 20 18 9
0.583333 4 11 14 2
0.59 6 21 13 8
0.596667 3 11 13 4
0.603333 5 14 13 7
0.61 4 10 7 5
0.616667 5 10 26 7
0.623333 1 15 13 9
0.63 4 16 18 6
0.636667 4 15 13 3
0.643333 2 7 16 4
0.65 4 17 10 8
0.656667 3 10 10 5
0.663333 142 722 631 228
0.67 0 0 0 0
0.676667 0 0 0 0
0.683333 0 0 0 0
0.69 0 0 0 0
0.696667 0 0 0 0
0.703333 0 0 0 0
0.71 0 0 0 0
0.716667 0 0 0 0
0.723333 0 0 0 0
0.73 0 0 0 0
0.736667 0 0 0 0
0.743333 0 0 0 0
0.75 0 0 0 0
0.756667 0 0 0 0
0.763333 0 0 0 0
0.77 0 0 0 0
0.776667 0 0 0 0
0.783333 0 0 0 0
0.79 0 0 0 0
0.796667 0 0 0 0
0.803333 0 0 0 0
0.81 0 0 0 0
0.816667 0 0 0 0
0.823333 0 0 0 0
0.83 0 0 0 0
0.836667 0 0 0 0
0.843333 0 0 0 0
0.85 0 0 0 0
0.856667 0 0 0 0
0.863333 0 0 0 0
0.87 0 0 0 0
0.876667 0 0 0 0
0.883333 0 0 0 0
0.89 0 0 0 0
0.896667 0 0 0 0
0.903333 0 0 0 0
0.91 0 0 0 0
0.916667 0 0 0 0
0.923333 0 0 0 0
0.93 0 0 0 0
0.936667 0 0 0 0
0.943333 0 0 0 0
0.95 0 0 0 0
0.956667 0 0 0 0
0.963333 0 0 0 0
0.97 0 0 0 0
0.976667 0 0 0 0
0.983333 0 0 0 0
0.99 0 0 0 0
0.996667 0 0 0 0
1.00333 0 0 0 0
1.01 0 0 0 0
1.01667 0 0 0 0
1.02333 0 0 0 0
1.03 0 0 0 0
1.03667 0 0 0 0
1.04333 0 0 0 0
1.05 0 0 0 0
1.05667 0 0 0 0
1.06333 0 0 0 0
1.07 0 0 0 0
1.07667 0 0 0 0
1.08333 0 0 0 0
1.09 0 0 0 0
1.09667 0 0 0 0
1.10333 0 0 0 0
1.11 0 0 0 0
1.11667 0 0 0 0
1.12333 0 0 0 0
1.13 0 0 0 0
1.13667 0 0 0 0
1.14333 0 0 0 0
1.15 0 0 0 0
1.15667 0 0 0 0
1.16333 0 0 0 0
1.17 0 0 0 0
1.17667 0 0 0 0
1.18333 0 0 0 0
1.19 0 0 0 0
1.19667 0 0 0 0
1.20333 0 0 0 0
1.21 0 0 0 0
1.21667 0 0 0 0
1.22333 0 0 0 0
1.23 0 0 0 0
1.23667 0 0 0 0
1.24333 0 0 0 0
1.25 0 0 0 0
1.25667 0 0 0 0
1.26333 0 0 0 0
1.27 0 0 0 0
1.27667 0 0 0 0
1.28333 0 0 0 0
1.29 0 0 0 0
1.29667 0 0 0 0
1.30333 0 0 0 0
1.31 0 0 0 0
1.31667 0 0 0 0
1.32333 0 0 0 0
1.33 0 0 0 0
1.33667 0 0 0 0
1.34333 0 0 0 0
1.35 0 0 0 0
1.35667 0 0 0 0
1.36333 0 0 0 0
1.37 0 0 0 0
1.37667 0 0 0 0
1.38333 0 0 0 0
1.39 0 0 0 0
1.39667 0 0 0 0
1.40333 0 0 0 0
1.41 0 0 0 0
1.41667 0 0 0 0
1.42333 0 0 0 0
1.43 0 0 0 0
1.43667 0 0 0 0
1.44333 0 0 0 0
1.45 0 0 0 0
1.45667 0 0 0 0
1.46333 0 0 0 0
1.47 0 0 0 0
1.47667 0 0 0 0
1.48333 0 0 0 0
1.49 0 0 0 0
1.49667 0 0 0 0
1.50333 0 0 0 0
1.51 0 0 0 0
1.51667 0 0 0 0
1.52333 0 0 0 0
1.53 0 0 0 0
1.53667 0 0 0 0
1.54333 0 0 0 0
1.55 0 0 0 0
1.55667 0 0 0 0
1.56333 0 0 0 0
1.57 0 0 0 0
1.57667 0 0 0 0
1.58333 0 0 0 0
1.59 0 0 0 0
1.59667 0 0 0 0
1.60333 0 0 0 0
1.61 0 0 0 0
1.61667 0 0 0 0
1.62333 0 0 0 0
1.63 0 0 0 0
1.63667 0 0 0 0
1.64333 0 0 0 0
1.65 0 0 0 0
1.65667 0 0 0 0
1.66333 0 0 0 0
1.67 0 0 0 0
1.67667 0 0 0 0
1.68333 0 0 0 0
1.69 0 0 0 0
1.69667 0 0 0 0
1.70333 0 0 0 0
1.71 0 0 0 0
1.71667 0 0 0 0
1.72333 0 0 0 0
1.73 0 0 0 0
1.73667 0 0 0 0
1.74333 0 0 0 0
1.75 0 0 0 0
1.75667 0 0 0 0
1.76333 0 0 0 0
1.77 0 0 0 0
1.77667 0 0 0 0
1.78333 0 0 0 0
1.79 0 0 0 0
1.79667 0 0 0 0
1.80333 0 0 0 0
1.81 0 0 0 0
1.81667 0 0 0 0
1.82333 0 0 0 0
1.83 0 0 0 0
1.83667 0 0 0 0
1.84333 0 0 0 0
1.85 0 0 0 0
1.85667 0 0 0 0
1.86333 0 0 0 0
1.87 0 0 0 0
1.87667 0 0 0 0
1.88333 0 0 0 0
1.89 0 0 0 0
1.89667 0 0 0 0
1.90333 0 0 0 0
1.91 0 0 0 0
1.91667 0 0 0 0
1.92333 0 0 0 0
1.93 0 0 0 0
1.93667 0 0 0 0
1.94333 0 0 0 0
1.95 0 0 0 0
1.95667 0 0 0 0
1.96333 0 0 0 0
1.97 0 0 0 0
1.97667 0 0 0 0
1.98333 0 0 0 0
1.99 0 0 0 0
1.99667 0 0 0 0
