0.00333333 28 118 4 4
0.01 27 123 12 2
0.0166667 29 126 13 2
0.0233333 25 121 12 2
0.03 36 166 7 2
0.0366667 35 174 15 4
0.0433333 61 227 20 3
0.05 77 261 14 7
0.0566667 74 274 26 7
0.0633333 96 354 30 6
0.07 111 346 26 8
0.0766667 102 408 32 6
0.0833333 112 397 32 6
0.09 92 426 24 6
0.0966667 95 444 26 3
0.103333 97 419 22 9
0.11 95 421 27 5
0.116667 97 424 27 5
0.123333 92 403 31 5
0.13 84 423 29 14
0.136667 75 440 19 13
0.143333 75 416 14 3
0.15 77 411 21 7
0.156667 69 383 28 11
0.163333 76 392 20 7
0.17 63 355 27 7
0.176667 75 374 20 6
0.183333 80 402 12 5
0.19 65 431 18 4
0.196667 79 444 14 3
0.203333 64 409 18 5
0.21 73 395 16 2
0.216667 56 387 21 8
0.223333 62 369 11 6
0.23 52 336 14 10
0.236667 52 339 23 8
0.243333 42 297 12 4
0.25 49 310 14 2
0.256667 50 274 12 3
0.263333 41 258 7 7
0.27 46 247 14 5
0.276667 59 244 8 3
0.283333 56 206 17 3
0.29 38 205 12 5
0.296667 41 206 8 4
0.303333 35 192 13 6
0.31 42 203 13 4
0.316667 57 162 8 3
0.323333 42 187 11 3
0.33 26 173 8 4
0.336667 45 158 10 3
0.343333 34 156 6 2
0.35 30 176 10 3
0.356667 32 140 9 2
0.363333 37 161 9 6
0.37 31 138 10 4
0.376667 42 139 8 3
0.383333 37 151 9 1
0.39 25 123 10 0
0.396667 34 151 3 0
0.403333 35 155 7 2
0.41 27 136 9 3
0.416667 30 140 10 2
0.423333 31 141 10 4
0.43 29 138 10 2
0.436667 36 152 10 3
0.443333 25 144 6 1
0.45 26 166 9 0
0.456667 35 145 3 2
0.463333 24 145 10 1
0.47 25 147 10 2
0.476667 21 106 5 1
0.483333 24 82 8 1
0.49 24 91 5 5
0.496667 19 69 9 2
0.503333 19 82 8 1
0.51 11 75 8 1
0.516667 18 73 6 2
0.523333 18 55 6 0
0.53 14 62 4 0
0.536667 20 62 2 0
0.543333 13 67 5 0
0.55 12 60 5 2
0.556667 13 42 6 2
0.563333 11 58 8 0
0.57 10 55 3 0
0.576667 12 53 6 1
0.583333 19 52 2 0
0.59 18 38 7 3
0.596667 14 45 3 1
0.603333 11 63 1 2
0.61 11 60 2 5
0.616667 12 35 4 3
0.623333 9 43 4 1
0.63 13 55 5 0
0.636667 21 58 5 1
0.643333 12 43 2 1
0.65 9 52 4 1
0.656667 10 50 4 3
0.663333 587 6001 135 43
0.67 0 0 0 0
0.676667 0 0 0 0
0.683333 0 0 0 0
0.69 0 0 0 0
0.696667 0 0 0 0
0.703333 0 0 0 0
0.71 0 0 0 0
0.716667 0 0 0 0
0.723333 0 0 0 0
0.73 0 0 0 0
0.736667 0 0 0 0
0.743333 0 0 0 0
0.75 0 0 0 0
0.756667 0 0 0 0
0.763333 0 0 0 0
0.77 0 0 0 0
0.776667 0 0 0 0
0.783333 0 0 0 0
0.79 0 0 0 0
0.796667 0 0 0 0
0.803333 0 0 0 0
0.81 0 0 0 0
0.816667 0 0 0 0
0.823333 0 0 0 0
0.83 0 0 0 0
0.836667 0 0 0 0
0.843333 0 0 0 0
0.85 0 0 0 0
0.856667 0 0 0 0
0.863333 0 0 0 0
0.87 0 0 0 0
0.876667 0 0 0 0
0.883333 0 0 0 0
0.89 0 0 0 0
0.896667 0 0 0 0
0.903333 0 0 0 0
0.91 0 0 0 0
0.916667 0 0 0 0
0.923333 0 0 0 0
0.93 0 0 0 0
0.936667 0 0 0 0
0.943333 0 0 0 0
0.95 0 0 0 0
0.956667 0 0 0 0
0.963333 0 0 0 0
0.97 0 0 0 0
0.976667 0 0 0 0
0.983333 0 0 0 0
0.99 0 0 0 0
0.996667 0 0 0 0
1.00333 0 0 0 0
1.01 0 0 0 0
1.01667 0 0 0 0
1.02333 0 0 0 0
1.03 0 0 0 0
1.03667 0 0 0 0
1.04333 0 0 0 0
1.05 0 0 0 0
1.05667 0 0 0 0
1.06333 0 0 0 0
1.07 0 0 0 0
1.07667 0 0 0 0
1.08333 0 0 0 0
1.09 0 0 0 0
1.09667 0 0 0 0
1.10333 0 0 0 0
1.11 0 0 0 0
1.11667 0 0 0 0
1.12333 0 0 0 0
1.13 0 0 0 0
1.13667 0 0 0 0
1.14333 0 0 0 0
1.15 0 0 0 0
1.15667 0 0 0 0
1.16333 0 0 0 0
1.17 0 0 0 0
1.17667 0 0 0 0
1.18333 0 0 0 0
1.19 0 0 0 0
1.19667 0 0 0 0
1.20333 0 0 0 0
1.21 0 0 0 0
1.21667 0 0 0 0
1.22333 0 0 0 0
1.23 0 0 0 0
1.23667 0 0 0 0
1.24333 0 0 0 0
1.25 0 0 0 0
1.25667 0 0 0 0
1.26333 0 0 0 0
1.27 0 0 0 0
1.27667 0 0 0 0
1.28333 0 0 0 0
1.29 0 0 0 0
1.29667 0 0 0 0
1.30333 0 0 0 0
1.31 0 0 0 0
1.31667 0 0 0 0
1.32333 0 0 0 0
1.33 0 0 0 0
1.33667 0 0 0 0
1.34333 0 0 0 0
1.35 0 0 0 0
1.35667 0 0 0 0
1.36333 0 0 0 0
1.37 0 0 0 0
1.37667 0 0 0 0
1.38333 0 0 0 0
1.39 0 0 0 0
1.39667 0 0 0 0
1.40333 0 0 0 0
1.41 0 0 0 0
1.41667 0 0 0 0
1.42333 0 0 0 0
1.43 0 0 0 0
1.43667 0 0 0 0
1.44333 0 0 0 0
1.45 0 0 0 0
1.45667 0 0 0 0
1.46333 0 0 0 0
1.47 0 0 0 0
1.47667 0 0 0 0
1.48333 0 0 0 0
1.49 0 0 0 0
1.49667 0 0 0 0
1.50333 0 0 0 0
1.51 0 0 0 0
1.51667 0 0 0 0
1.52333 0 0 0 0
1.53 0 0 0 0
1.53667 0 0 0 0
1.54333 0 0 0 0
1.55 0 0 0 0
1.55667 0 0 0 0
1.56333 0 0 0 0
1.57 0 0 0 0
1.57667 0 0 0 0
1.58333 0 0 0 0
1.59 0 0 0 0
1.59667 0 0 0 0
1.60333 0 0 0 0
1.61 0 0 0 0
1.61667 0 0 0 0
1.62333 0 0 0 0
1.63 0 0 0 0
1.63667 0 0 0 0
1.64333 0 0 0 0
1.65 0 0 0 0
1.65667 0 0 0 0
1.66333 0 0 0 0
1.67 0 0 0 0
1.67667 0 0 0 0
1.68333 0 0 0 0
1.69 0 0 0 0
1.69667 0 0 0 0
1.70333 0 0 0 0
1.71 0 0 0 0
1.71667 0 0 0 0
1.72333 0 0 0 0
1.73 0 0 0 0
1.73667 0 0 0 0
1.74333 0 0 0 0
1.75 0 0 0 0
1.75667 0 0 0 0
1.76333 0 0 0 0
1.77 0 0 0 0
1.77667 0 0 0 0
1.78333 0 0 0 0
1.79 0 0 0 0
1.79667 0 0 0 0
1.80333 0 0 0 0
1.81 0 0 0 0
1.81667 0 0 0 0
1.82333 0 0 0 0
1.83 0 0 0 0
1.83667 0 0 0 0
1.84333 0 0 0 0
1.85 0 0 0 0
1.85667 0 0 0 0
1.86333 0 0 0 0
1.87 0 0 0 0
1.87667 0 0 0 0
1.88333 0 0 0 0
1.89 0 0 0 0
1.89667 0 0 0 0
1.90333 0 0 0 0
1.91 0 0 0 0
1.91667 0 0 0 0
1.92333 0 0 0 0
1.93 0 0 0 0
1.93667 0 0 0 0
1.94333 0 0 0 0
1.95 0 0 0 0
1.95667 0 0 0 0
1.96333 0 0 0 0
1.97 0 0 0 0
1.97667 0 0 0 0
1.98333 0 0 0 0
1.99 0 0 0 0
1.99667 0 0 0 0
