0.00333333 33 18 3 4
0.01 52 27 1 1
0.0166667 44 32 7 5
0.0233333 47 41 7 1
0.03 57 33 2 3
0.0366667 56 59 5 7
0.0433333 63 60 11 2
0.05 97 91 7 7
0.0566667 98 112 12 3
0.0633333 117 117 8 7
0.07 128 133 17 7
0.0766667 121 112 15 4
0.0833333 144 116 19 7
0.09 142 112 19 7
0.0966667 135 123 18 6
0.103333 138 108 12 6
0.11 145 114 18 9
0.116667 156 106 17 6
0.123333 154 127 16 7
0.13 139 109 6 7
0.136667 124 82 11 2
0.143333 126 84 8 7
0.15 116 74 12 8
0.156667 130 92 16 1
0.163333 115 81 9 6
0.17 123 84 10 7
0.176667 106 77 9 3
0.183333 119 73 6 1
0.19 122 70 9 6
0.196667 110 77 12 9
0.203333 125 75 7 4
0.21 125 92 7 5
0.216667 104 70 9 3
0.223333 107 69 11 10
0.23 104 65 6 4
0.236667 97 71 1 4
0.243333 82 52 4 2
0.25 92 52 5 4
0.256667 86 51 3 6
0.263333 93 51 4 3
0.27 91 67 12 4
0.276667 94 54 3 3
0.283333 80 40 3 5
0.29 70 49 7 1
0.296667 76 27 4 3
0.303333 74 52 6 5
0.31 92 45 5 4
0.316667 59 46 3 4
0.323333 58 48 4 4
0.33 61 42 5 3
0.336667 63 33 7 2
0.343333 55 39 0 2
0.35 52 38 0 4
0.356667 54 34 9 3
0.363333 55 38 6 0
0.37 52 36 3 2
0.376667 61 28 7 1
0.383333 67 36 4 3
0.39 51 34 7 4
0.396667 56 21 2 4
0.403333 50 27 7 2
0.41 49 36 4 3
0.416667 45 30 4 4
0.423333 45 36 10 1
0.43 59 23 4 2
0.436667 48 34 3 1
0.443333 50 29 4 3
0.45 45 28 10 3
0.456667 37 26 3 1
0.463333 41 23 0 1
0.47 40 21 2 2
0.476667 35 28 3 5
0.483333 48 16 2 2
0.49 23 26 3 1
0.496667 34 22 1 2
0.503333 28 22 7 1
0.51 27 21 4 3
0.516667 26 24 4 1
0.523333 32 22 5 0
0.53 25 18 1 2
0.536667 21 15 1 7
0.543333 31 21 5 1
0.55 19 19 3 1
0.556667 19 14 4 3
0.563333 22 14 2 3
0.57 23 16 4 1
0.576667 21 23 1 0
0.583333 18 12 2 2
0.59 16 17 2 4
0.596667 27 13 2 3
0.603333 20 11 3 2
0.61 12 22 4 1
0.616667 28 8 2 3
0.623333 22 14 1 2
0.63 24 13 2 1
0.636667 27 16 2 2
0.643333 16 17 1 2
0.65 11 13 0 1
0.656667 20 13 3 2
0.663333 1513 611 66 64
0.67 0 0 0 0
0.676667 0 0 0 0
0.683333 0 0 0 0
0.69 0 0 0 0
0.696667 0 0 0 0
0.703333 0 0 0 0
0.71 0 0 0 0
0.716667 0 0 0 0
0.723333 0 0 0 0
0.73 0 0 0 0
0.736667 0 0 0 0
0.743333 0 0 0 0
0.75 0 0 0 0
0.756667 0 0 0 0
0.763333 0 0 0 0
0.77 0 0 0 0
0.776667 0 0 0 0
0.783333 0 0 0 0
0.79 0 0 0 0
0.796667 0 0 0 0
0.803333 0 0 0 0
0.81 0 0 0 0
0.816667 0 0 0 0
0.823333 0 0 0 0
0.83 0 0 0 0
0.836667 0 0 0 0
0.843333 0 0 0 0
0.85 0 0 0 0
0.856667 0 0 0 0
0.863333 0 0 0 0
0.87 0 0 0 0
0.876667 0 0 0 0
0.883333 0 0 0 0
0.89 0 0 0 0
0.896667 0 0 0 0
0.903333 0 0 0 0
0.91 0 0 0 0
0.916667 0 0 0 0
0.923333 0 0 0 0
0.93 0 0 0 0
0.936667 0 0 0 0
0.943333 0 0 0 0
0.95 0 0 0 0
0.956667 0 0 0 0
0.963333 0 0 0 0
0.97 0 0 0 0
0.976667 0 0 0 0
0.983333 0 0 0 0
0.99 0 0 0 0
0.996667 0 0 0 0
1.00333 0 0 0 0
1.01 0 0 0 0
1.01667 0 0 0 0
1.02333 0 0 0 0
1.03 0 0 0 0
1.03667 0 0 0 0
1.04333 0 0 0 0
1.05 0 0 0 0
1.05667 0 0 0 0
1.06333 0 0 0 0
1.07 0 0 0 0
1.07667 0 0 0 0
1.08333 0 0 0 0
1.09 0 0 0 0
1.09667 0 0 0 0
1.10333 0 0 0 0
1.11 0 0 0 0
1.11667 0 0 0 0
1.12333 0 0 0 0
1.13 0 0 0 0
1.13667 0 0 0 0
1.14333 0 0 0 0
1.15 0 0 0 0
1.15667 0 0 0 0
1.16333 0 0 0 0
1.17 0 0 0 0
1.17667 0 0 0 0
1.18333 0 0 0 0
1.19 0 0 0 0
1.19667 0 0 0 0
1.20333 0 0 0 0
1.21 0 0 0 0
1.21667 0 0 0 0
1.22333 0 0 0 0
1.23 0 0 0 0
1.23667 0 0 0 0
1.24333 0 0 0 0
1.25 0 0 0 0
1.25667 0 0 0 0
1.26333 0 0 0 0
1.27 0 0 0 0
1.27667 0 0 0 0
1.28333 0 0 0 0
1.29 0 0 0 0
1.29667 0 0 0 0
1.30333 0 0 0 0
1.31 0 0 0 0
1.31667 0 0 0 0
1.32333 0 0 0 0
1.33 0 0 0 0
1.33667 0 0 0 0
1.34333 0 0 0 0
1.35 0 0 0 0
1.35667 0 0 0 0
1.36333 0 0 0 0
1.37 0 0 0 0
1.37667 0 0 0 0
1.38333 0 0 0 0
1.39 0 0 0 0
1.39667 0 0 0 0
1.40333 0 0 0 0
1.41 0 0 0 0
1.41667 0 0 0 0
1.42333 0 0 0 0
1.43 0 0 0 0
1.43667 0 0 0 0
1.44333 0 0 0 0
1.45 0 0 0 0
1.45667 0 0 0 0
1.46333 0 0 0 0
1.47 0 0 0 0
1.47667 0 0 0 0
1.48333 0 0 0 0
1.49 0 0 0 0
1.49667 0 0 0 0
1.50333 0 0 0 0
1.51 0 0 0 0
1.51667 0 0 0 0
1.52333 0 0 0 0
1.53 0 0 0 0
1.53667 0 0 0 0
1.54333 0 0 0 0
1.55 0 0 0 0
1.55667 0 0 0 0
1.56333 0 0 0 0
1.57 0 0 0 0
1.57667 0 0 0 0
1.58333 0 0 0 0
1.59 0 0 0 0
1.59667 0 0 0 0
1.60333 0 0 0 0
1.61 0 0 0 0
1.61667 0 0 0 0
1.62333 0 0 0 0
1.63 0 0 0 0
1.63667 0 0 0 0
1.64333 0 0 0 0
1.65 0 0 0 0
1.65667 0 0 0 0
1.66333 0 0 0 0
1.67 0 0 0 0
1.67667 0 0 0 0
1.68333 0 0 0 0
1.69 0 0 0 0
1.69667 0 0 0 0
1.70333 0 0 0 0
1.71 0 0 0 0
1.71667 0 0 0 0
1.72333 0 0 0 0
1.73 0 0 0 0
1.73667 0 0 0 0
1.74333 0 0 0 0
1.75 0 0 0 0
1.75667 0 0 0 0
1.76333 0 0 0 0
1.77 0 0 0 0
1.77667 0 0 0 0
1.78333 0 0 0 0
1.79 0 0 0 0
1.79667 0 0 0 0
1.80333 0 0 0 0
1.81 0 0 0 0
1.81667 0 0 0 0
1.82333 0 0 0 0
1.83 0 0 0 0
1.83667 0 0 0 0
1.84333 0 0 0 0
1.85 0 0 0 0
1.85667 0 0 0 0
1.86333 0 0 0 0
1.87 0 0 0 0
1.87667 0 0 0 0
1.88333 0 0 0 0
1.89 0 0 0 0
1.89667 0 0 0 0
1.90333 0 0 0 0
1.91 0 0 0 0
1.91667 0 0 0 0
1.92333 0 0 0 0
1.93 0 0 0 0
1.93667 0 0 0 0
1.94333 0 0 0 0
1.95 0 0 0 0
1.95667 0 0 0 0
1.96333 0 0 0 0
1.97 0 0 0 0
1.97667 0 0 0 0
1.98333 0 0 0 0
1.99 0 0 0 0
1.99667 0 0 0 0
