0.00333333 30 67 9 1
0.01 31 60 9 1
0.0166667 51 69 5 0
0.0233333 32 87 4 5
0.03 44 84 7 4
0.0366667 61 120 9 3
0.0433333 85 166 12 3
0.05 102 204 11 2
0.0566667 112 246 13 4
0.0633333 150 255 14 6
0.07 143 252 23 7
0.0766667 139 266 24 7
0.0833333 145 271 17 6
0.09 154 303 16 4
0.0966667 168 261 15 3
0.103333 143 266 21 5
0.11 165 272 18 6
0.116667 148 275 19 3
0.123333 142 291 23 3
0.13 110 269 14 3
0.136667 124 224 15 7
0.143333 121 227 17 5
0.15 108 228 22 3
0.156667 112 233 13 8
0.163333 115 223 15 5
0.17 111 209 18 1
0.176667 100 198 17 4
0.183333 109 237 11 2
0.19 98 215 10 0
0.196667 113 203 16 1
0.203333 84 219 14 6
0.21 94 189 9 5
0.216667 67 174 11 5
0.223333 86 145 14 5
0.23 81 168 16 2
0.236667 78 170 9 4
0.243333 83 155 12 4
0.25 77 166 11 2
0.256667 69 118 5 1
0.263333 59 149 6 4
0.27 62 139 7 2
0.276667 70 130 15 4
0.283333 62 121 6 1
0.29 58 113 7 0
0.296667 64 136 10 4
0.303333 63 109 6 3
0.31 60 128 9 1
0.316667 63 102 10 2
0.323333 64 99 8 1
0.33 47 102 11 2
0.336667 44 105 8 2
0.343333 53 75 7 1
0.35 35 103 8 2
0.356667 43 103 7 0
0.363333 45 90 10 4
0.37 42 89 7 1
0.376667 44 91 8 3
0.383333 27 69 4 1
0.39 42 65 5 1
0.396667 44 65 7 1
0.403333 48 75 10 0
0.41 39 83 11 0
0.416667 46 76 8 0
0.423333 35 73 9 0
0.43 30 85 7 1
0.436667 26 59 2 0
0.443333 38 65 5 1
0.45 41 63 6 1
0.456667 37 76 9 0
0.463333 44 62 8 3
0.47 27 65 5 3
0.476667 30 58 5 2
0.483333 17 63 4 1
0.49 25 53 3 2
0.496667 16 44 2 1
0.503333 22 46 4 5
0.51 22 43 7 0
0.516667 26 50 10 2
0.523333 26 44 2 1
0.53 16 39 7 1
0.536667 19 39 1 0
0.543333 15 32 7 0
0.55 18 34 2 2
0.556667 12 38 3 1
0.563333 19 30 6 1
0.57 19 41 5 1
0.576667 14 44 12 0
0.583333 19 34 3 1
0.59 21 29 5 1
0.596667 20 46 0 1
0.603333 17 47 6 1
0.61 19 28 4 1
0.616667 23 25 6 2
0.623333 19 31 8 2
0.63 17 39 5 3
0.636667 19 29 3 4
0.643333 17 35 7 2
0.65 17 40 4 1
0.656667 19 33 6 1
0.663333 867 2160 117 23
0.67 0 0 0 0
0.676667 0 0 0 0
0.683333 0 0 0 0
0.69 0 0 0 0
0.696667 0 0 0 0
0.703333 0 0 0 0
0.71 0 0 0 0
0.716667 0 0 0 0
0.723333 0 0 0 0
0.73 0 0 0 0
0.736667 0 0 0 0
0.743333 0 0 0 0
0.75 0 0 0 0
0.756667 0 0 0 0
0.763333 0 0 0 0
0.77 0 0 0 0
0.776667 0 0 0 0
0.783333 0 0 0 0
0.79 0 0 0 0
0.796667 0 0 0 0
0.803333 0 0 0 0
0.81 0 0 0 0
0.816667 0 0 0 0
0.823333 0 0 0 0
0.83 0 0 0 0
0.836667 0 0 0 0
0.843333 0 0 0 0
0.85 0 0 0 0
0.856667 0 0 0 0
0.863333 0 0 0 0
0.87 0 0 0 0
0.876667 0 0 0 0
0.883333 0 0 0 0
0.89 0 0 0 0
0.896667 0 0 0 0
0.903333 0 0 0 0
0.91 0 0 0 0
0.916667 0 0 0 0
0.923333 0 0 0 0
0.93 0 0 0 0
0.936667 0 0 0 0
0.943333 0 0 0 0
0.95 0 0 0 0
0.956667 0 0 0 0
0.963333 0 0 0 0
0.97 0 0 0 0
0.976667 0 0 0 0
0.983333 0 0 0 0
0.99 0 0 0 0
0.996667 0 0 0 0
1.00333 0 0 0 0
1.01 0 0 0 0
1.01667 0 0 0 0
1.02333 0 0 0 0
1.03 0 0 0 0
1.03667 0 0 0 0
1.04333 0 0 0 0
1.05 0 0 0 0
1.05667 0 0 0 0
1.06333 0 0 0 0
1.07 0 0 0 0
1.07667 0 0 0 0
1.08333 0 0 0 0
1.09 0 0 0 0
1.09667 0 0 0 0
1.10333 0 0 0 0
1.11 0 0 0 0
1.11667 0 0 0 0
1.12333 0 0 0 0
1.13 0 0 0 0
1.13667 0 0 0 0
1.14333 0 0 0 0
1.15 0 0 0 0
1.15667 0 0 0 0
1.16333 0 0 0 0
1.17 0 0 0 0
1.17667 0 0 0 0
1.18333 0 0 0 0
1.19 0 0 0 0
1.19667 0 0 0 0
1.20333 0 0 0 0
1.21 0 0 0 0
1.21667 0 0 0 0
1.22333 0 0 0 0
1.23 0 0 0 0
1.23667 0 0 0 0
1.24333 0 0 0 0
1.25 0 0 0 0
1.25667 0 0 0 0
1.26333 0 0 0 0
1.27 0 0 0 0
1.27667 0 0 0 0
1.28333 0 0 0 0
1.29 0 0 0 0
1.29667 0 0 0 0
1.30333 0 0 0 0
1.31 0 0 0 0
1.31667 0 0 0 0
1.32333 0 0 0 0
1.33 0 0 0 0
1.33667 0 0 0 0
1.34333 0 0 0 0
1.35 0 0 0 0
1.35667 0 0 0 0
1.36333 0 0 0 0
1.37 0 0 0 0
1.37667 0 0 0 0
1.38333 0 0 0 0
1.39 0 0 0 0
1.39667 0 0 0 0
1.40333 0 0 0 0
1.41 0 0 0 0
1.41667 0 0 0 0
1.42333 0 0 0 0
1.43 0 0 0 0
1.43667 0 0 0 0
1.44333 0 0 0 0
1.45 0 0 0 0
1.45667 0 0 0 0
1.46333 0 0 0 0
1.47 0 0 0 0
1.47667 0 0 0 0
1.48333 0 0 0 0
1.49 0 0 0 0
1.49667 0 0 0 0
1.50333 0 0 0 0
1.51 0 0 0 0
1.51667 0 0 0 0
1.52333 0 0 0 0
1.53 0 0 0 0
1.53667 0 0 0 0
1.54333 0 0 0 0
1.55 0 0 0 0
1.55667 0 0 0 0
1.56333 0 0 0 0
1.57 0 0 0 0
1.57667 0 0 0 0
1.58333 0 0 0 0
1.59 0 0 0 0
1.59667 0 0 0 0
1.60333 0 0 0 0
1.61 0 0 0 0
1.61667 0 0 0 0
1.62333 0 0 0 0
1.63 0 0 0 0
1.63667 0 0 0 0
1.64333 0 0 0 0
1.65 0 0 0 0
1.65667 0 0 0 0
1.66333 0 0 0 0
1.67 0 0 0 0
1.67667 0 0 0 0
1.68333 0 0 0 0
1.69 0 0 0 0
1.69667 0 0 0 0
1.70333 0 0 0 0
1.71 0 0 0 0
1.71667 0 0 0 0
1.72333 0 0 0 0
1.73 0 0 0 0
1.73667 0 0 0 0
1.74333 0 0 0 0
1.75 0 0 0 0
1.75667 0 0 0 0
1.76333 0 0 0 0
1.77 0 0 0 0
1.77667 0 0 0 0
1.78333 0 0 0 0
1.79 0 0 0 0
1.79667 0 0 0 0
1.80333 0 0 0 0
1.81 0 0 0 0
1.81667 0 0 0 0
1.82333 0 0 0 0
1.83 0 0 0 0
1.83667 0 0 0 0
1.84333 0 0 0 0
1.85 0 0 0 0
1.85667 0 0 0 0
1.86333 0 0 0 0
1.87 0 0 0 0
1.87667 0 0 0 0
1.88333 0 0 0 0
1.89 0 0 0 0
1.89667 0 0 0 0
1.90333 0 0 0 0
1.91 0 0 0 0
1.91667 0 0 0 0
1.92333 0 0 0 0
1.93 0 0 0 0
1.93667 0 0 0 0
1.94333 0 0 0 0
1.95 0 0 0 0
1.95667 0 0 0 0
1.96333 0 0 0 0
1.97 0 0 0 0
1.97667 0 0 0 0
1.98333 0 0 0 0
1.99 0 0 0 0
1.99667 0 0 0 0
