0.00333333 113 17 1 3
0.01 128 37 2 4
0.0166667 166 41 2 1
0.0233333 163 43 2 1
0.03 156 46 0 3
0.0366667 177 48 3 2
0.0433333 195 46 2 1
0.05 246 86 4 2
0.0566667 263 95 9 6
0.0633333 282 84 3 4
0.07 300 116 7 5
0.0766667 355 116 4 2
0.0833333 362 114 7 3
0.09 347 122 8 2
0.0966667 362 131 4 7
0.103333 317 102 7 10
0.11 368 103 6 6
0.116667 397 98 5 6
0.123333 430 107 5 9
0.13 372 110 7 3
0.136667 385 82 5 7
0.143333 398 92 3 7
0.15 411 90 4 6
0.156667 377 98 5 0
0.163333 368 79 7 8
0.17 386 72 3 4
0.176667 358 74 4 5
0.183333 455 78 2 3
0.19 548 76 7 8
0.196667 526 76 1 10
0.203333 487 78 4 5
0.21 433 67 2 7
0.216667 433 96 3 7
0.223333 391 81 6 3
0.23 369 62 4 9
0.236667 334 82 1 2
0.243333 278 66 3 7
0.25 292 75 3 2
0.256667 256 56 2 4
0.263333 244 71 0 5
0.27 271 60 3 1
0.276667 260 40 4 5
0.283333 236 45 1 7
0.29 218 58 0 5
0.296667 223 60 2 2
0.303333 228 62 1 2
0.31 226 37 4 3
0.316667 175 53 0 4
0.323333 196 46 4 3
0.33 162 44 2 1
0.336667 189 33 4 5
0.343333 169 38 0 2
0.35 167 25 4 4
0.356667 178 37 4 3
0.363333 176 37 2 2
0.37 149 33 4 8
0.376667 165 41 3 3
0.383333 169 31 2 0
0.39 157 34 2 5
0.396667 150 35 1 4
0.403333 172 36 4 2
0.41 168 33 1 1
0.416667 148 37 1 2
0.423333 149 46 4 2
0.43 155 37 1 3
0.436667 167 43 1 5
0.443333 168 28 1 5
0.45 156 46 3 2
0.456667 169 27 3 4
0.463333 160 29 1 1
0.47 171 34 0 3
0.476667 142 43 1 1
0.483333 89 19 3 2
0.49 84 32 1 3
0.496667 79 25 2 0
0.503333 77 31 0 0
0.51 64 23 1 6
0.516667 73 27 3 4
0.523333 71 20 3 1
0.53 63 11 1 1
0.536667 77 16 0 4
0.543333 64 21 0 2
0.55 45 24 0 0
0.556667 52 10 0 3
0.563333 31 14 2 2
0.57 51 25 1 3
0.576667 52 8 2 1
0.583333 54 22 3 3
0.59 54 13 0 2
0.596667 34 19 0 2
0.603333 38 11 1 0
0.61 40 14 4 6
0.616667 46 23 1 1
0.623333 45 10 0 1
0.63 44 18 0 1
0.636667 70 23 0 3
0.643333 40 15 1 0
0.65 33 17 0 1
0.656667 41 16 4 3
0.663333 7938 777 24 116
0.67 0 0 0 0
0.676667 0 0 0 0
0.683333 0 0 0 0
0.69 0 0 0 0
0.696667 0 0 0 0
0.703333 0 0 0 0
0.71 0 0 0 0
0.716667 0 0 0 0
0.723333 0 0 0 0
0.73 0 0 0 0
0.736667 0 0 0 0
0.743333 0 0 0 0
0.75 0 0 0 0
0.756667 0 0 0 0
0.763333 0 0 0 0
0.77 0 0 0 0
0.776667 0 0 0 0
0.783333 0 0 0 0
0.79 0 0 0 0
0.796667 0 0 0 0
0.803333 0 0 0 0
0.81 0 0 0 0
0.816667 0 0 0 0
0.823333 0 0 0 0
0.83 0 0 0 0
0.836667 0 0 0 0
0.843333 0 0 0 0
0.85 0 0 0 0
0.856667 0 0 0 0
0.863333 0 0 0 0
0.87 0 0 0 0
0.876667 0 0 0 0
0.883333 0 0 0 0
0.89 0 0 0 0
0.896667 0 0 0 0
0.903333 0 0 0 0
0.91 0 0 0 0
0.916667 0 0 0 0
0.923333 0 0 0 0
0.93 0 0 0 0
0.936667 0 0 0 0
0.943333 0 0 0 0
0.95 0 0 0 0
0.956667 0 0 0 0
0.963333 0 0 0 0
0.97 0 0 0 0
0.976667 0 0 0 0
0.983333 0 0 0 0
0.99 0 0 0 0
0.996667 0 0 0 0
1.00333 0 0 0 0
1.01 0 0 0 0
1.01667 0 0 0 0
1.02333 0 0 0 0
1.03 0 0 0 0
1.03667 0 0 0 0
1.04333 0 0 0 0
1.05 0 0 0 0
1.05667 0 0 0 0
1.06333 0 0 0 0
1.07 0 0 0 0
1.07667 0 0 0 0
1.08333 0 0 0 0
1.09 0 0 0 0
1.09667 0 0 0 0
1.10333 0 0 0 0
1.11 0 0 0 0
1.11667 0 0 0 0
1.12333 0 0 0 0
1.13 0 0 0 0
1.13667 0 0 0 0
1.14333 0 0 0 0
1.15 0 0 0 0
1.15667 0 0 0 0
1.16333 0 0 0 0
1.17 0 0 0 0
1.17667 0 0 0 0
1.18333 0 0 0 0
1.19 0 0 0 0
1.19667 0 0 0 0
1.20333 0 0 0 0
1.21 0 0 0 0
1.21667 0 0 0 0
1.22333 0 0 0 0
1.23 0 0 0 0
1.23667 0 0 0 0
1.24333 0 0 0 0
1.25 0 0 0 0
1.25667 0 0 0 0
1.26333 0 0 0 0
1.27 0 0 0 0
1.27667 0 0 0 0
1.28333 0 0 0 0
1.29 0 0 0 0
1.29667 0 0 0 0
1.30333 0 0 0 0
1.31 0 0 0 0
1.31667 0 0 0 0
1.32333 0 0 0 0
1.33 0 0 0 0
1.33667 0 0 0 0
1.34333 0 0 0 0
1.35 0 0 0 0
1.35667 0 0 0 0
1.36333 0 0 0 0
1.37 0 0 0 0
1.37667 0 0 0 0
1.38333 0 0 0 0
1.39 0 0 0 0
1.39667 0 0 0 0
1.40333 0 0 0 0
1.41 0 0 0 0
1.41667 0 0 0 0
1.42333 0 0 0 0
1.43 0 0 0 0
1.43667 0 0 0 0
1.44333 0 0 0 0
1.45 0 0 0 0
1.45667 0 0 0 0
1.46333 0 0 0 0
1.47 0 0 0 0
1.47667 0 0 0 0
1.48333 0 0 0 0
1.49 0 0 0 0
1.49667 0 0 0 0
1.50333 0 0 0 0
1.51 0 0 0 0
1.51667 0 0 0 0
1.52333 0 0 0 0
1.53 0 0 0 0
1.53667 0 0 0 0
1.54333 0 0 0 0
1.55 0 0 0 0
1.55667 0 0 0 0
1.56333 0 0 0 0
1.57 0 0 0 0
1.57667 0 0 0 0
1.58333 0 0 0 0
1.59 0 0 0 0
1.59667 0 0 0 0
1.60333 0 0 0 0
1.61 0 0 0 0
1.61667 0 0 0 0
1.62333 0 0 0 0
1.63 0 0 0 0
1.63667 0 0 0 0
1.64333 0 0 0 0
1.65 0 0 0 0
1.65667 0 0 0 0
1.66333 0 0 0 0
1.67 0 0 0 0
1.67667 0 0 0 0
1.68333 0 0 0 0
1.69 0 0 0 0
1.69667 0 0 0 0
1.70333 0 0 0 0
1.71 0 0 0 0
1.71667 0 0 0 0
1.72333 0 0 0 0
1.73 0 0 0 0
1.73667 0 0 0 0
1.74333 0 0 0 0
1.75 0 0 0 0
1.75667 0 0 0 0
1.76333 0 0 0 0
1.77 0 0 0 0
1.77667 0 0 0 0
1.78333 0 0 0 0
1.79 0 0 0 0
1.79667 0 0 0 0
1.80333 0 0 0 0
1.81 0 0 0 0
1.81667 0 0 0 0
1.82333 0 0 0 0
1.83 0 0 0 0
1.83667 0 0 0 0
1.84333 0 0 0 0
1.85 0 0 0 0
1.85667 0 0 0 0
1.86333 0 0 0 0
1.87 0 0 0 0
1.87667 0 0 0 0
1.88333 0 0 0 0
1.89 0 0 0 0
1.89667 0 0 0 0
1.90333 0 0 0 0
1.91 0 0 0 0
1.91667 0 0 0 0
1.92333 0 0 0 0
1.93 0 0 0 0
1.93667 0 0 0 0
1.94333 0 0 0 0
1.95 0 0 0 0
1.95667 0 0 0 0
1.96333 0 0 0 0
1.97 0 0 0 0
1.97667 0 0 0 0
1.98333 0 0 0 0
1.99 0 0 0 0
1.99667 0 0 0 0
