0.00333333 3 66 33 1
0.01 2 54 26 5
0.0166667 6 54 39 7
0.0233333 10 66 33 4
0.03 10 61 28 6
0.0366667 11 90 39 5
0.0433333 16 102 58 9
0.05 22 115 67 7
0.0566667 21 140 78 13
0.0633333 25 127 76 12
0.07 20 178 112 12
0.0766667 16 178 101 13
0.0833333 30 176 105 17
0.09 26 185 108 9
0.0966667 30 196 99 14
0.103333 30 160 92 9
0.11 25 154 106 9
0.116667 29 185 117 13
0.123333 19 172 110 14
0.13 19 171 85 8
0.136667 14 159 88 13
0.143333 20 157 97 10
0.15 16 121 96 15
0.156667 14 151 85 9
0.163333 12 143 100 12
0.17 10 158 68 7
0.176667 14 141 85 14
0.183333 18 195 83 7
0.19 19 173 101 10
0.196667 19 179 89 5
0.203333 14 169 89 4
0.21 12 140 94 2
0.216667 8 169 77 9
0.223333 25 123 64 6
0.23 14 131 71 5
0.236667 8 117 71 9
0.243333 15 112 56 2
0.25 11 103 69 8
0.256667 11 107 55 9
0.263333 14 92 53 4
0.27 13 96 66 8
0.276667 15 96 61 8
0.283333 7 95 54 5
0.29 11 88 56 4
0.296667 8 83 35 6
0.303333 5 74 38 4
0.31 8 98 58 6
0.316667 14 86 35 5
0.323333 4 89 45 5
0.33 6 84 28 6
0.336667 6 80 55 4
0.343333 4 74 36 5
0.35 5 63 44 3
0.356667 4 61 45 8
0.363333 9 77 41 3
0.37 5 75 37 3
0.376667 6 67 54 6
0.383333 7 54 28 1
0.39 8 54 51 5
0.396667 11 61 37 6
0.403333 8 63 28 3
0.41 9 71 37 3
0.416667 7 49 33 1
0.423333 8 62 34 2
0.43 7 61 32 5
0.436667 7 58 38 3
0.443333 7 47 33 3
0.45 5 63 36 2
0.456667 4 52 33 3
0.463333 9 64 47 5
0.47 6 58 27 2
0.476667 7 48 33 4
0.483333 7 42 19 4
0.49 3 35 20 4
0.496667 4 37 21 6
0.503333 5 33 22 2
0.51 4 30 18 0
0.516667 5 29 22 2
0.523333 3 29 14 2
0.53 8 29 16 2
0.536667 6 29 15 3
0.543333 4 27 16 2
0.55 3 41 11 0
0.556667 4 20 11 2
0.563333 5 21 17 1
0.57 2 22 13 3
0.576667 3 23 21 3
0.583333 4 33 21 0
0.59 1 18 16 5
0.596667 3 22 17 3
0.603333 3 23 17 1
0.61 1 31 13 1
0.616667 4 24 14 3
0.623333 5 28 12 3
0.63 5 19 11 2
0.636667 5 20 14 3
0.643333 6 30 7 2
0.65 0 29 20 1
0.656667 6 27 14 0
0.663333 108 1869 1091 48
0.67 0 0 0 0
0.676667 0 0 0 0
0.683333 0 0 0 0
0.69 0 0 0 0
0.696667 0 0 0 0
0.703333 0 0 0 0
0.71 0 0 0 0
0.716667 0 0 0 0
0.723333 0 0 0 0
0.73 0 0 0 0
0.736667 0 0 0 0
0.743333 0 0 0 0
0.75 0 0 0 0
0.756667 0 0 0 0
0.763333 0 0 0 0
0.77 0 0 0 0
0.776667 0 0 0 0
0.783333 0 0 0 0
0.79 0 0 0 0
0.796667 0 0 0 0
0.803333 0 0 0 0
0.81 0 0 0 0
0.816667 0 0 0 0
0.823333 0 0 0 0
0.83 0 0 0 0
0.836667 0 0 0 0
0.843333 0 0 0 0
0.85 0 0 0 0
0.856667 0 0 0 0
0.863333 0 0 0 0
0.87 0 0 0 0
0.876667 0 0 0 0
0.883333 0 0 0 0
0.89 0 0 0 0
0.896667 0 0 0 0
0.903333 0 0 0 0
0.91 0 0 0 0
0.916667 0 0 0 0
0.923333 0 0 0 0
0.93 0 0 0 0
0.936667 0 0 0 0
0.943333 0 0 0 0
0.95 0 0 0 0
0.956667 0 0 0 0
0.963333 0 0 0 0
0.97 0 0 0 0
0.976667 0 0 0 0
0.983333 0 0 0 0
0.99 0 0 0 0
0.996667 0 0 0 0
1.00333 0 0 0 0
1.01 0 0 0 0
1.01667 0 0 0 0
1.02333 0 0 0 0
1.03 0 0 0 0
1.03667 0 0 0 0
1.04333 0 0 0 0
1.05 0 0 0 0
1.05667 0 0 0 0
1.06333 0 0 0 0
1.07 0 0 0 0
1.07667 0 0 0 0
1.08333 0 0 0 0
1.09 0 0 0 0
1.09667 0 0 0 0
1.10333 0 0 0 0
1.11 0 0 0 0
1.11667 0 0 0 0
1.12333 0 0 0 0
1.13 0 0 0 0
1.13667 0 0 0 0
1.14333 0 0 0 0
1.15 0 0 0 0
1.15667 0 0 0 0
1.16333 0 0 0 0
1.17 0 0 0 0
1.17667 0 0 0 0
1.18333 0 0 0 0
1.19 0 0 0 0
1.19667 0 0 0 0
1.20333 0 0 0 0
1.21 0 0 0 0
1.21667 0 0 0 0
1.22333 0 0 0 0
1.23 0 0 0 0
1.23667 0 0 0 0
1.24333 0 0 0 0
1.25 0 0 0 0
1.25667 0 0 0 0
1.26333 0 0 0 0
1.27 0 0 0 0
1.27667 0 0 0 0
1.28333 0 0 0 0
1.29 0 0 0 0
1.29667 0 0 0 0
1.30333 0 0 0 0
1.31 0 0 0 0
1.31667 0 0 0 0
1.32333 0 0 0 0
1.33 0 0 0 0
1.33667 0 0 0 0
1.34333 0 0 0 0
1.35 0 0 0 0
1.35667 0 0 0 0
1.36333 0 0 0 0
1.37 0 0 0 0
1.37667 0 0 0 0
1.38333 0 0 0 0
1.39 0 0 0 0
1.39667 0 0 0 0
1.40333 0 0 0 0
1.41 0 0 0 0
1.41667 0 0 0 0
1.42333 0 0 0 0
1.43 0 0 0 0
1.43667 0 0 0 0
1.44333 0 0 0 0
1.45 0 0 0 0
1.45667 0 0 0 0
1.46333 0 0 0 0
1.47 0 0 0 0
1.47667 0 0 0 0
1.48333 0 0 0 0
1.49 0 0 0 0
1.49667 0 0 0 0
1.50333 0 0 0 0
1.51 0 0 0 0
1.51667 0 0 0 0
1.52333 0 0 0 0
1.53 0 0 0 0
1.53667 0 0 0 0
1.54333 0 0 0 0
1.55 0 0 0 0
1.55667 0 0 0 0
1.56333 0 0 0 0
1.57 0 0 0 0
1.57667 0 0 0 0
1.58333 0 0 0 0
1.59 0 0 0 0
1.59667 0 0 0 0
1.60333 0 0 0 0
1.61 0 0 0 0
1.61667 0 0 0 0
1.62333 0 0 0 0
1.63 0 0 0 0
1.63667 0 0 0 0
1.64333 0 0 0 0
1.65 0 0 0 0
1.65667 0 0 0 0
1.66333 0 0 0 0
1.67 0 0 0 0
1.67667 0 0 0 0
1.68333 0 0 0 0
1.69 0 0 0 0
1.69667 0 0 0 0
1.70333 0 0 0 0
1.71 0 0 0 0
1.71667 0 0 0 0
1.72333 0 0 0 0
1.73 0 0 0 0
1.73667 0 0 0 0
1.74333 0 0 0 0
1.75 0 0 0 0
1.75667 0 0 0 0
1.76333 0 0 0 0
1.77 0 0 0 0
1.77667 0 0 0 0
1.78333 0 0 0 0
1.79 0 0 0 0
1.79667 0 0 0 0
1.80333 0 0 0 0
1.81 0 0 0 0
1.81667 0 0 0 0
1.82333 0 0 0 0
1.83 0 0 0 0
1.83667 0 0 0 0
1.84333 0 0 0 0
1.85 0 0 0 0
1.85667 0 0 0 0
1.86333 0 0 0 0
1.87 0 0 0 0
1.87667 0 0 0 0
1.88333 0 0 0 0
1.89 0 0 0 0
1.89667 0 0 0 0
1.90333 0 0 0 0
1.91 0 0 0 0
1.91667 0 0 0 0
1.92333 0 0 0 0
1.93 0 0 0 0
1.93667 0 0 0 0
1.94333 0 0 0 0
1.95 0 0 0 0
1.95667 0 0 0 0
1.96333 0 0 0 0
1.97 0 0 0 0
1.97667 0 0 0 0
1.98333 0 0 0 0
1.99 0 0 0 0
1.99667 0 0 0 0
