0.00333333 1 13 39 9
0.01 2 18 58 18
0.0166667 3 26 63 15
0.0233333 3 19 70 23
0.03 6 17 65 19
0.0366667 4 18 109 21
0.0433333 10 35 121 41
0.05 12 51 163 47
0.0566667 18 46 192 47
0.0633333 16 55 210 58
0.07 12 57 230 82
0.0766667 14 58 241 64
0.0833333 12 63 248 65
0.09 5 63 227 60
0.0966667 7 51 243 72
0.103333 4 72 224 70
0.11 12 56 231 64
0.116667 16 56 240 62
0.123333 11 56 202 60
0.13 17 49 182 54
0.136667 9 41 191 57
0.143333 11 64 168 55
0.15 7 51 198 56
0.156667 12 46 199 41
0.163333 7 49 160 44
0.17 12 41 158 42
0.176667 6 37 174 45
0.183333 6 51 156 50
0.19 8 41 161 48
0.196667 9 50 191 39
0.203333 1 41 155 37
0.21 10 42 155 40
0.216667 9 41 141 30
0.223333 5 26 140 31
0.23 6 38 139 31
0.236667 2 43 120 38
0.243333 5 33 118 29
0.25 9 29 128 31
0.256667 11 29 110 30
0.263333 3 34 105 34
0.27 5 24 100 36
0.276667 4 35 107 29
0.283333 6 34 89 27
0.29 2 25 94 16
0.296667 5 23 93 29
0.303333 6 20 91 30
0.31 8 25 88 14
0.316667 8 22 75 22
0.323333 6 24 84 17
0.33 4 21 64 25
0.336667 5 28 62 22
0.343333 6 23 78 23
0.35 6 21 85 19
0.356667 4 24 73 23
0.363333 2 16 48 21
0.37 5 17 60 20
0.376667 5 26 77 14
0.383333 6 18 70 19
0.39 2 22 79 22
0.396667 0 16 71 22
0.403333 4 17 49 11
0.41 3 15 59 14
0.416667 4 18 73 13
0.423333 3 17 63 11
0.43 4 21 65 22
0.436667 1 13 66 16
0.443333 7 20 66 15
0.45 4 26 60 15
0.456667 5 20 52 18
0.463333 5 25 40 7
0.47 6 16 63 18
0.476667 1 15 52 15
0.483333 4 12 37 14
0.49 3 15 34 11
0.496667 3 12 36 8
0.503333 2 12 40 20
0.51 4 15 36 10
0.516667 3 10 41 10
0.523333 3 11 39 13
0.53 3 7 37 8
0.536667 1 6 29 7
0.543333 3 6 37 9
0.55 1 13 37 8
0.556667 1 10 30 10
0.563333 1 14 24 7
0.57 3 8 35 6
0.576667 6 11 37 7
0.583333 0 14 34 11
0.59 3 10 26 13
0.596667 0 12 25 8
0.603333 2 10 19 7
0.61 1 6 25 11
0.616667 1 9 29 6
0.623333 2 12 21 5
0.63 2 12 29 5
0.636667 3 12 29 9
0.643333 1 5 20 7
0.65 4 10 27 8
0.656667 1 6 20 4
0.663333 58 390 1610 344
0.67 0 0 0 0
0.676667 0 0 0 0
0.683333 0 0 0 0
0.69 0 0 0 0
0.696667 0 0 0 0
0.703333 0 0 0 0
0.71 0 0 0 0
0.716667 0 0 0 0
0.723333 0 0 0 0
0.73 0 0 0 0
0.736667 0 0 0 0
0.743333 0 0 0 0
0.75 0 0 0 0
0.756667 0 0 0 0
0.763333 0 0 0 0
0.77 0 0 0 0
0.776667 0 0 0 0
0.783333 0 0 0 0
0.79 0 0 0 0
0.796667 0 0 0 0
0.803333 0 0 0 0
0.81 0 0 0 0
0.816667 0 0 0 0
0.823333 0 0 0 0
0.83 0 0 0 0
0.836667 0 0 0 0
0.843333 0 0 0 0
0.85 0 0 0 0
0.856667 0 0 0 0
0.863333 0 0 0 0
0.87 0 0 0 0
0.876667 0 0 0 0
0.883333 0 0 0 0
0.89 0 0 0 0
0.896667 0 0 0 0
0.903333 0 0 0 0
0.91 0 0 0 0
0.916667 0 0 0 0
0.923333 0 0 0 0
0.93 0 0 0 0
0.936667 0 0 0 0
0.943333 0 0 0 0
0.95 0 0 0 0
0.956667 0 0 0 0
0.963333 0 0 0 0
0.97 0 0 0 0
0.976667 0 0 0 0
0.983333 0 0 0 0
0.99 0 0 0 0
0.996667 0 0 0 0
1.00333 0 0 0 0
1.01 0 0 0 0
1.01667 0 0 0 0
1.02333 0 0 0 0
1.03 0 0 0 0
1.03667 0 0 0 0
1.04333 0 0 0 0
1.05 0 0 0 0
1.05667 0 0 0 0
1.06333 0 0 0 0
1.07 0 0 0 0
1.07667 0 0 0 0
1.08333 0 0 0 0
1.09 0 0 0 0
1.09667 0 0 0 0
1.10333 0 0 0 0
1.11 0 0 0 0
1.11667 0 0 0 0
1.12333 0 0 0 0
1.13 0 0 0 0
1.13667 0 0 0 0
1.14333 0 0 0 0
1.15 0 0 0 0
1.15667 0 0 0 0
1.16333 0 0 0 0
1.17 0 0 0 0
1.17667 0 0 0 0
1.18333 0 0 0 0
1.19 0 0 0 0
1.19667 0 0 0 0
1.20333 0 0 0 0
1.21 0 0 0 0
1.21667 0 0 0 0
1.22333 0 0 0 0
1.23 0 0 0 0
1.23667 0 0 0 0
1.24333 0 0 0 0
1.25 0 0 0 0
1.25667 0 0 0 0
1.26333 0 0 0 0
1.27 0 0 0 0
1.27667 0 0 0 0
1.28333 0 0 0 0
1.29 0 0 0 0
1.29667 0 0 0 0
1.30333 0 0 0 0
1.31 0 0 0 0
1.31667 0 0 0 0
1.32333 0 0 0 0
1.33 0 0 0 0
1.33667 0 0 0 0
1.34333 0 0 0 0
1.35 0 0 0 0
1.35667 0 0 0 0
1.36333 0 0 0 0
1.37 0 0 0 0
1.37667 0 0 0 0
1.38333 0 0 0 0
1.39 0 0 0 0
1.39667 0 0 0 0
1.40333 0 0 0 0
1.41 0 0 0 0
1.41667 0 0 0 0
1.42333 0 0 0 0
1.43 0 0 0 0
1.43667 0 0 0 0
1.44333 0 0 0 0
1.45 0 0 0 0
1.45667 0 0 0 0
1.46333 0 0 0 0
1.47 0 0 0 0
1.47667 0 0 0 0
1.48333 0 0 0 0
1.49 0 0 0 0
1.49667 0 0 0 0
1.50333 0 0 0 0
1.51 0 0 0 0
1.51667 0 0 0 0
1.52333 0 0 0 0
1.53 0 0 0 0
1.53667 0 0 0 0
1.54333 0 0 0 0
1.55 0 0 0 0
1.55667 0 0 0 0
1.56333 0 0 0 0
1.57 0 0 0 0
1.57667 0 0 0 0
1.58333 0 0 0 0
1.59 0 0 0 0
1.59667 0 0 0 0
1.60333 0 0 0 0
1.61 0 0 0 0
1.61667 0 0 0 0
1.62333 0 0 0 0
1.63 0 0 0 0
1.63667 0 0 0 0
1.64333 0 0 0 0
1.65 0 0 0 0
1.65667 0 0 0 0
1.66333 0 0 0 0
1.67 0 0 0 0
1.67667 0 0 0 0
1.68333 0 0 0 0
1.69 0 0 0 0
1.69667 0 0 0 0
1.70333 0 0 0 0
1.71 0 0 0 0
1.71667 0 0 0 0
1.72333 0 0 0 0
1.73 0 0 0 0
1.73667 0 0 0 0
1.74333 0 0 0 0
1.75 0 0 0 0
1.75667 0 0 0 0
1.76333 0 0 0 0
1.77 0 0 0 0
1.77667 0 0 0 0
1.78333 0 0 0 0
1.79 0 0 0 0
1.79667 0 0 0 0
1.80333 0 0 0 0
1.81 0 0 0 0
1.81667 0 0 0 0
1.82333 0 0 0 0
1.83 0 0 0 0
1.83667 0 0 0 0
1.84333 0 0 0 0
1.85 0 0 0 0
1.85667 0 0 0 0
1.86333 0 0 0 0
1.87 0 0 0 0
1.87667 0 0 0 0
1.88333 0 0 0 0
1.89 0 0 0 0
1.89667 0 0 0 0
1.90333 0 0 0 0
1.91 0 0 0 0
1.91667 0 0 0 0
1.92333 0 0 0 0
1.93 0 0 0 0
1.93667 0 0 0 0
1.94333 0 0 0 0
1.95 0 0 0 0
1.95667 0 0 0 0
1.96333 0 0 0 0
1.97 0 0 0 0
1.97667 0 0 0 0
1.98333 0 0 0 0
1.99 0 0 0 0
1.99667 0 0 0 0
