0.00333333 84 37 1 0
0.01 108 44 5 1
0.0166667 133 53 2 2
0.0233333 121 55 3 0
0.03 130 44 6 1
0.0366667 158 62 8 2
0.0433333 173 84 7 0
0.05 230 115 0 6
0.0566667 291 113 6 6
0.0633333 337 132 6 3
0.07 285 142 4 5
0.0766667 328 149 5 1
0.0833333 341 151 2 4
0.09 366 157 7 6
0.0966667 347 172 7 3
0.103333 338 129 4 3
0.11 357 137 4 6
0.116667 389 150 4 6
0.123333 426 134 8 1
0.13 371 164 1 3
0.136667 359 116 1 1
0.143333 385 109 3 3
0.15 312 119 4 4
0.156667 349 97 8 2
0.163333 348 109 3 4
0.17 358 100 4 3
0.176667 319 106 3 4
0.183333 347 136 5 1
0.19 398 88 6 4
0.196667 399 120 2 3
0.203333 363 105 3 4
0.21 349 102 6 4
0.216667 318 96 2 7
0.223333 267 101 2 7
0.23 312 88 5 2
0.236667 281 93 2 2
0.243333 270 72 1 4
0.25 249 84 6 3
0.256667 241 72 1 5
0.263333 199 84 7 4
0.27 212 66 4 1
0.276667 189 63 0 1
0.283333 180 65 4 0
0.29 185 66 1 2
0.296667 172 61 0 4
0.303333 205 68 6 1
0.31 181 77 3 4
0.316667 163 59 2 1
0.323333 163 47 4 1
0.33 167 63 2 2
0.336667 154 45 4 2
0.343333 162 61 4 2
0.35 151 38 3 3
0.356667 150 53 2 2
0.363333 156 39 0 2
0.37 152 60 6 3
0.376667 127 57 0 0
0.383333 136 43 1 2
0.39 147 34 3 3
0.396667 134 38 1 0
0.403333 163 53 4 4
0.41 119 36 3 2
0.416667 124 54 1 6
0.423333 111 37 3 1
0.43 114 51 4 1
0.436667 126 35 1 3
0.443333 129 43 2 3
0.45 133 39 2 1
0.456667 129 46 3 0
0.463333 127 29 1 2
0.47 101 46 0 0
0.476667 105 41 2 2
0.483333 70 29 1 3
0.49 83 19 3 2
0.496667 69 33 3 1
0.503333 62 24 2 2
0.51 65 25 2 0
0.516667 60 27 4 1
0.523333 58 22 2 3
0.53 54 20 0 1
0.536667 66 15 1 2
0.543333 70 21 3 0
0.55 51 13 0 1
0.556667 60 20 3 0
0.563333 36 20 2 0
0.57 43 24 2 3
0.576667 63 20 2 3
0.583333 55 37 1 0
0.59 56 14 1 0
0.596667 44 18 1 2
0.603333 43 21 3 3
0.61 33 21 2 0
0.616667 49 22 1 2
0.623333 48 18 0 3
0.63 40 24 0 1
0.636667 55 22 1 1
0.643333 50 19 1 0
0.65 39 19 2 3
0.656667 30 12 2 3
0.663333 5070 1065 27 42
0.67 0 0 0 0
0.676667 0 0 0 0
0.683333 0 0 0 0
0.69 0 0 0 0
0.696667 0 0 0 0
0.703333 0 0 0 0
0.71 0 0 0 0
0.716667 0 0 0 0
0.723333 0 0 0 0
0.73 0 0 0 0
0.736667 0 0 0 0
0.743333 0 0 0 0
0.75 0 0 0 0
0.756667 0 0 0 0
0.763333 0 0 0 0
0.77 0 0 0 0
0.776667 0 0 0 0
0.783333 0 0 0 0
0.79 0 0 0 0
0.796667 0 0 0 0
0.803333 0 0 0 0
0.81 0 0 0 0
0.816667 0 0 0 0
0.823333 0 0 0 0
0.83 0 0 0 0
0.836667 0 0 0 0
0.843333 0 0 0 0
0.85 0 0 0 0
0.856667 0 0 0 0
0.863333 0 0 0 0
0.87 0 0 0 0
0.876667 0 0 0 0
0.883333 0 0 0 0
0.89 0 0 0 0
0.896667 0 0 0 0
0.903333 0 0 0 0
0.91 0 0 0 0
0.916667 0 0 0 0
0.923333 0 0 0 0
0.93 0 0 0 0
0.936667 0 0 0 0
0.943333 0 0 0 0
0.95 0 0 0 0
0.956667 0 0 0 0
0.963333 0 0 0 0
0.97 0 0 0 0
0.976667 0 0 0 0
0.983333 0 0 0 0
0.99 0 0 0 0
0.996667 0 0 0 0
1.00333 0 0 0 0
1.01 0 0 0 0
1.01667 0 0 0 0
1.02333 0 0 0 0
1.03 0 0 0 0
1.03667 0 0 0 0
1.04333 0 0 0 0
1.05 0 0 0 0
1.05667 0 0 0 0
1.06333 0 0 0 0
1.07 0 0 0 0
1.07667 0 0 0 0
1.08333 0 0 0 0
1.09 0 0 0 0
1.09667 0 0 0 0
1.10333 0 0 0 0
1.11 0 0 0 0
1.11667 0 0 0 0
1.12333 0 0 0 0
1.13 0 0 0 0
1.13667 0 0 0 0
1.14333 0 0 0 0
1.15 0 0 0 0
1.15667 0 0 0 0
1.16333 0 0 0 0
1.17 0 0 0 0
1.17667 0 0 0 0
1.18333 0 0 0 0
1.19 0 0 0 0
1.19667 0 0 0 0
1.20333 0 0 0 0
1.21 0 0 0 0
1.21667 0 0 0 0
1.22333 0 0 0 0
1.23 0 0 0 0
1.23667 0 0 0 0
1.24333 0 0 0 0
1.25 0 0 0 0
1.25667 0 0 0 0
1.26333 0 0 0 0
1.27 0 0 0 0
1.27667 0 0 0 0
1.28333 0 0 0 0
1.29 0 0 0 0
1.29667 0 0 0 0
1.30333 0 0 0 0
1.31 0 0 0 0
1.31667 0 0 0 0
1.32333 0 0 0 0
1.33 0 0 0 0
1.33667 0 0 0 0
1.34333 0 0 0 0
1.35 0 0 0 0
1.35667 0 0 0 0
1.36333 0 0 0 0
1.37 0 0 0 0
1.37667 0 0 0 0
1.38333 0 0 0 0
1.39 0 0 0 0
1.39667 0 0 0 0
1.40333 0 0 0 0
1.41 0 0 0 0
1.41667 0 0 0 0
1.42333 0 0 0 0
1.43 0 0 0 0
1.43667 0 0 0 0
1.44333 0 0 0 0
1.45 0 0 0 0
1.45667 0 0 0 0
1.46333 0 0 0 0
1.47 0 0 0 0
1.47667 0 0 0 0
1.48333 0 0 0 0
1.49 0 0 0 0
1.49667 0 0 0 0
1.50333 0 0 0 0
1.51 0 0 0 0
1.51667 0 0 0 0
1.52333 0 0 0 0
1.53 0 0 0 0
1.53667 0 0 0 0
1.54333 0 0 0 0
1.55 0 0 0 0
1.55667 0 0 0 0
1.56333 0 0 0 0
1.57 0 0 0 0
1.57667 0 0 0 0
1.58333 0 0 0 0
1.59 0 0 0 0
1.59667 0 0 0 0
1.60333 0 0 0 0
1.61 0 0 0 0
1.61667 0 0 0 0
1.62333 0 0 0 0
1.63 0 0 0 0
1.63667 0 0 0 0
1.64333 0 0 0 0
1.65 0 0 0 0
1.65667 0 0 0 0
1.66333 0 0 0 0
1.67 0 0 0 0
1.67667 0 0 0 0
1.68333 0 0 0 0
1.69 0 0 0 0
1.69667 0 0 0 0
1.70333 0 0 0 0
1.71 0 0 0 0
1.71667 0 0 0 0
1.72333 0 0 0 0
1.73 0 0 0 0
1.73667 0 0 0 0
1.74333 0 0 0 0
1.75 0 0 0 0
1.75667 0 0 0 0
1.76333 0 0 0 0
1.77 0 0 0 0
1.77667 0 0 0 0
1.78333 0 0 0 0
1.79 0 0 0 0
1.79667 0 0 0 0
1.80333 0 0 0 0
1.81 0 0 0 0
1.81667 0 0 0 0
1.82333 0 0 0 0
1.83 0 0 0 0
1.83667 0 0 0 0
1.84333 0 0 0 0
1.85 0 0 0 0
1.85667 0 0 0 0
1.86333 0 0 0 0
1.87 0 0 0 0
1.87667 0 0 0 0
1.88333 0 0 0 0
1.89 0 0 0 0
1.89667 0 0 0 0
1.90333 0 0 0 0
1.91 0 0 0 0
1.91667 0 0 0 0
1.92333 0 0 0 0
1.93 0 0 0 0
1.93667 0 0 0 0
1.94333 0 0 0 0
1.95 0 0 0 0
1.95667 0 0 0 0
1.96333 0 0 0 0
1.97 0 0 0 0
1.97667 0 0 0 0
1.98333 0 0 0 0
1.99 0 0 0 0
1.99667 0 0 0 0
