0.00333333 5 9 22 6
0.01 8 14 27 4
0.0166667 7 13 30 5
0.0233333 12 16 34 6
0.03 6 14 35 7
0.0366667 5 26 45 15
0.0433333 12 36 63 8
0.05 9 40 81 16
0.0566667 13 45 87 18
0.0633333 12 63 89 19
0.07 14 57 67 19
0.0766667 19 47 97 21
0.0833333 16 55 94 22
0.09 15 50 98 21
0.0966667 26 43 94 21
0.103333 17 43 114 16
0.11 14 44 87 14
0.116667 14 36 114 17
0.123333 10 43 103 13
0.13 9 49 100 14
0.136667 13 33 101 13
0.143333 15 53 93 15
0.15 9 51 63 16
0.156667 11 36 97 11
0.163333 12 28 83 17
0.17 12 31 94 11
0.176667 11 33 78 15
0.183333 16 29 80 6
0.19 12 41 86 16
0.196667 17 40 82 14
0.203333 14 20 88 6
0.21 7 33 94 9
0.216667 14 29 76 8
0.223333 9 30 65 20
0.23 11 28 57 20
0.236667 7 34 70 10
0.243333 8 17 54 8
0.25 8 21 66 15
0.256667 6 20 55 7
0.263333 6 18 51 11
0.27 7 23 56 8
0.276667 5 22 51 9
0.283333 8 21 49 8
0.29 8 13 62 7
0.296667 8 13 51 6
0.303333 6 18 53 7
0.31 8 25 61 6
0.316667 5 23 39 8
0.323333 8 21 70 7
0.33 5 15 40 5
0.336667 7 21 56 9
0.343333 6 24 45 10
0.35 3 24 38 4
0.356667 13 13 30 4
0.363333 3 17 42 9
0.37 8 17 31 10
0.376667 1 14 47 6
0.383333 9 23 33 8
0.39 8 9 45 9
0.396667 10 13 28 3
0.403333 4 14 37 6
0.41 6 16 27 2
0.416667 6 18 34 9
0.423333 5 17 32 4
0.43 6 9 30 4
0.436667 3 17 37 4
0.443333 6 15 21 6
0.45 7 11 45 5
0.456667 6 13 39 6
0.463333 5 16 34 5
0.47 2 10 37 6
0.476667 3 6 30 7
0.483333 5 10 23 4
0.49 4 7 34 1
0.496667 1 15 24 3
0.503333 2 9 28 3
0.51 1 5 25 1
0.516667 4 11 20 9
0.523333 3 12 21 10
0.53 6 8 21 3
0.536667 4 9 24 1
0.543333 1 5 18 5
0.55 4 10 22 3
0.556667 5 3 16 1
0.563333 5 9 25 2
0.57 6 3 19 4
0.576667 4 6 21 3
0.583333 3 8 18 3
0.59 6 7 18 4
0.596667 7 6 18 1
0.603333 2 5 18 4
0.61 3 4 15 5
0.616667 7 8 12 8
0.623333 6 5 21 1
0.63 3 9 11 4
0.636667 3 8 28 6
0.643333 4 7 13 6
0.65 5 8 18 9
0.656667 3 7 10 5
0.663333 89 204 970 93
0.67 0 0 0 0
0.676667 0 0 0 0
0.683333 0 0 0 0
0.69 0 0 0 0
0.696667 0 0 0 0
0.703333 0 0 0 0
0.71 0 0 0 0
0.716667 0 0 0 0
0.723333 0 0 0 0
0.73 0 0 0 0
0.736667 0 0 0 0
0.743333 0 0 0 0
0.75 0 0 0 0
0.756667 0 0 0 0
0.763333 0 0 0 0
0.77 0 0 0 0
0.776667 0 0 0 0
0.783333 0 0 0 0
0.79 0 0 0 0
0.796667 0 0 0 0
0.803333 0 0 0 0
0.81 0 0 0 0
0.816667 0 0 0 0
0.823333 0 0 0 0
0.83 0 0 0 0
0.836667 0 0 0 0
0.843333 0 0 0 0
0.85 0 0 0 0
0.856667 0 0 0 0
0.863333 0 0 0 0
0.87 0 0 0 0
0.876667 0 0 0 0
0.883333 0 0 0 0
0.89 0 0 0 0
0.896667 0 0 0 0
0.903333 0 0 0 0
0.91 0 0 0 0
0.916667 0 0 0 0
0.923333 0 0 0 0
0.93 0 0 0 0
0.936667 0 0 0 0
0.943333 0 0 0 0
0.95 0 0 0 0
0.956667 0 0 0 0
0.963333 0 0 0 0
0.97 0 0 0 0
0.976667 0 0 0 0
0.983333 0 0 0 0
0.99 0 0 0 0
0.996667 0 0 0 0
1.00333 0 0 0 0
1.01 0 0 0 0
1.01667 0 0 0 0
1.02333 0 0 0 0
1.03 0 0 0 0
1.03667 0 0 0 0
1.04333 0 0 0 0
1.05 0 0 0 0
1.05667 0 0 0 0
1.06333 0 0 0 0
1.07 0 0 0 0
1.07667 0 0 0 0
1.08333 0 0 0 0
1.09 0 0 0 0
1.09667 0 0 0 0
1.10333 0 0 0 0
1.11 0 0 0 0
1.11667 0 0 0 0
1.12333 0 0 0 0
1.13 0 0 0 0
1.13667 0 0 0 0
1.14333 0 0 0 0
1.15 0 0 0 0
1.15667 0 0 0 0
1.16333 0 0 0 0
1.17 0 0 0 0
1.17667 0 0 0 0
1.18333 0 0 0 0
1.19 0 0 0 0
1.19667 0 0 0 0
1.20333 0 0 0 0
1.21 0 0 0 0
1.21667 0 0 0 0
1.22333 0 0 0 0
1.23 0 0 0 0
1.23667 0 0 0 0
1.24333 0 0 0 0
1.25 0 0 0 0
1.25667 0 0 0 0
1.26333 0 0 0 0
1.27 0 0 0 0
1.27667 0 0 0 0
1.28333 0 0 0 0
1.29 0 0 0 0
1.29667 0 0 0 0
1.30333 0 0 0 0
1.31 0 0 0 0
1.31667 0 0 0 0
1.32333 0 0 0 0
1.33 0 0 0 0
1.33667 0 0 0 0
1.34333 0 0 0 0
1.35 0 0 0 0
1.35667 0 0 0 0
1.36333 0 0 0 0
1.37 0 0 0 0
1.37667 0 0 0 0
1.38333 0 0 0 0
1.39 0 0 0 0
1.39667 0 0 0 0
1.40333 0 0 0 0
1.41 0 0 0 0
1.41667 0 0 0 0
1.42333 0 0 0 0
1.43 0 0 0 0
1.43667 0 0 0 0
1.44333 0 0 0 0
1.45 0 0 0 0
1.45667 0 0 0 0
1.46333 0 0 0 0
1.47 0 0 0 0
1.47667 0 0 0 0
1.48333 0 0 0 0
1.49 0 0 0 0
1.49667 0 0 0 0
1.50333 0 0 0 0
1.51 0 0 0 0
1.51667 0 0 0 0
1.52333 0 0 0 0
1.53 0 0 0 0
1.53667 0 0 0 0
1.54333 0 0 0 0
1.55 0 0 0 0
1.55667 0 0 0 0
1.56333 0 0 0 0
1.57 0 0 0 0
1.57667 0 0 0 0
1.58333 0 0 0 0
1.59 0 0 0 0
1.59667 0 0 0 0
1.60333 0 0 0 0
1.61 0 0 0 0
1.61667 0 0 0 0
1.62333 0 0 0 0
1.63 0 0 0 0
1.63667 0 0 0 0
1.64333 0 0 0 0
1.65 0 0 0 0
1.65667 0 0 0 0
1.66333 0 0 0 0
1.67 0 0 0 0
1.67667 0 0 0 0
1.68333 0 0 0 0
1.69 0 0 0 0
1.69667 0 0 0 0
1.70333 0 0 0 0
1.71 0 0 0 0
1.71667 0 0 0 0
1.72333 0 0 0 0
1.73 0 0 0 0
1.73667 0 0 0 0
1.74333 0 0 0 0
1.75 0 0 0 0
1.75667 0 0 0 0
1.76333 0 0 0 0
1.77 0 0 0 0
1.77667 0 0 0 0
1.78333 0 0 0 0
1.79 0 0 0 0
1.79667 0 0 0 0
1.80333 0 0 0 0
1.81 0 0 0 0
1.81667 0 0 0 0
1.82333 0 0 0 0
1.83 0 0 0 0
1.83667 0 0 0 0
1.84333 0 0 0 0
1.85 0 0 0 0
1.85667 0 0 0 0
1.86333 0 0 0 0
1.87 0 0 0 0
1.87667 0 0 0 0
1.88333 0 0 0 0
1.89 0 0 0 0
1.89667 0 0 0 0
1.90333 0 0 0 0
1.91 0 0 0 0
1.91667 0 0 0 0
1.92333 0 0 0 0
1.93 0 0 0 0
1.93667 0 0 0 0
1.94333 0 0 0 0
1.95 0 0 0 0
1.95667 0 0 0 0
1.96333 0 0 0 0
1.97 0 0 0 0
1.97667 0 0 0 0
1.98333 0 0 0 0
1.99 0 0 0 0
1.99667 0 0 0 0
