0.00333333 5 11 37 20
0.01 3 10 40 24
0.0166667 2 17 43 22
0.0233333 8 15 48 26
0.03 4 21 67 27
0.0366667 5 28 71 36
0.0433333 7 31 110 44
0.05 8 29 148 55
0.0566667 15 49 140 74
0.0633333 15 34 176 77
0.07 13 66 186 94
0.0766667 12 44 193 80
0.0833333 18 46 189 95
0.09 8 37 181 70
0.0966667 11 48 182 97
0.103333 16 45 184 74
0.11 11 37 164 73
0.116667 17 50 195 93
0.123333 10 48 160 74
0.13 18 39 156 69
0.136667 10 44 172 66
0.143333 16 39 133 69
0.15 13 37 151 63
0.156667 13 38 141 57
0.163333 13 29 132 68
0.17 10 31 110 61
0.176667 9 33 149 63
0.183333 9 39 116 53
0.19 10 45 129 52
0.196667 12 35 112 64
0.203333 7 42 124 58
0.21 6 27 123 53
0.216667 8 38 101 54
0.223333 8 31 94 53
0.23 6 29 97 41
0.236667 11 22 93 52
0.243333 7 36 89 40
0.25 7 22 96 46
0.256667 3 26 66 51
0.263333 8 24 71 52
0.27 7 29 82 41
0.276667 6 29 76 41
0.283333 9 24 79 35
0.29 10 18 69 33
0.296667 6 26 81 40
0.303333 7 21 78 35
0.31 6 19 63 36
0.316667 3 25 53 38
0.323333 6 20 64 33
0.33 3 16 48 34
0.336667 5 19 65 33
0.343333 9 14 57 26
0.35 3 15 48 22
0.356667 5 12 69 27
0.363333 1 11 49 24
0.37 4 21 39 19
0.376667 1 16 47 31
0.383333 7 14 54 25
0.39 1 15 50 21
0.396667 5 11 41 26
0.403333 4 9 51 18
0.41 1 13 59 21
0.416667 6 14 51 28
0.423333 2 16 45 19
0.43 6 15 44 28
0.436667 6 10 33 22
0.443333 3 13 49 34
0.45 3 14 43 18
0.456667 3 11 33 29
0.463333 7 17 34 23
0.47 7 11 40 25
0.476667 3 16 38 21
0.483333 6 6 28 17
0.49 2 14 27 15
0.496667 3 7 16 7
0.503333 5 11 24 11
0.51 3 13 35 15
0.516667 1 12 34 10
0.523333 2 10 29 15
0.53 2 4 25 12
0.536667 3 9 27 13
0.543333 1 6 24 14
0.55 3 13 26 9
0.556667 5 11 31 10
0.563333 2 13 18 15
0.57 1 12 24 12
0.576667 6 11 21 17
0.583333 4 9 23 16
0.59 4 13 23 11
0.596667 4 6 21 8
0.603333 2 13 11 10
0.61 2 8 24 12
0.616667 2 10 16 10
0.623333 3 7 22 9
0.63 4 9 16 7
0.636667 1 12 18 9
0.643333 1 9 20 6
0.65 1 7 19 9
0.656667 3 11 20 9
0.663333 74 294 997 579
0.67 0 0 0 0
0.676667 0 0 0 0
0.683333 0 0 0 0
0.69 0 0 0 0
0.696667 0 0 0 0
0.703333 0 0 0 0
0.71 0 0 0 0
0.716667 0 0 0 0
0.723333 0 0 0 0
0.73 0 0 0 0
0.736667 0 0 0 0
0.743333 0 0 0 0
0.75 0 0 0 0
0.756667 0 0 0 0
0.763333 0 0 0 0
0.77 0 0 0 0
0.776667 0 0 0 0
0.783333 0 0 0 0
0.79 0 0 0 0
0.796667 0 0 0 0
0.803333 0 0 0 0
0.81 0 0 0 0
0.816667 0 0 0 0
0.823333 0 0 0 0
0.83 0 0 0 0
0.836667 0 0 0 0
0.843333 0 0 0 0
0.85 0 0 0 0
0.856667 0 0 0 0
0.863333 0 0 0 0
0.87 0 0 0 0
0.876667 0 0 0 0
0.883333 0 0 0 0
0.89 0 0 0 0
0.896667 0 0 0 0
0.903333 0 0 0 0
0.91 0 0 0 0
0.916667 0 0 0 0
0.923333 0 0 0 0
0.93 0 0 0 0
0.936667 0 0 0 0
0.943333 0 0 0 0
0.95 0 0 0 0
0.956667 0 0 0 0
0.963333 0 0 0 0
0.97 0 0 0 0
0.976667 0 0 0 0
0.983333 0 0 0 0
0.99 0 0 0 0
0.996667 0 0 0 0
1.00333 0 0 0 0
1.01 0 0 0 0
1.01667 0 0 0 0
1.02333 0 0 0 0
1.03 0 0 0 0
1.03667 0 0 0 0
1.04333 0 0 0 0
1.05 0 0 0 0
1.05667 0 0 0 0
1.06333 0 0 0 0
1.07 0 0 0 0
1.07667 0 0 0 0
1.08333 0 0 0 0
1.09 0 0 0 0
1.09667 0 0 0 0
1.10333 0 0 0 0
1.11 0 0 0 0
1.11667 0 0 0 0
1.12333 0 0 0 0
1.13 0 0 0 0
1.13667 0 0 0 0
1.14333 0 0 0 0
1.15 0 0 0 0
1.15667 0 0 0 0
1.16333 0 0 0 0
1.17 0 0 0 0
1.17667 0 0 0 0
1.18333 0 0 0 0
1.19 0 0 0 0
1.19667 0 0 0 0
1.20333 0 0 0 0
1.21 0 0 0 0
1.21667 0 0 0 0
1.22333 0 0 0 0
1.23 0 0 0 0
1.23667 0 0 0 0
1.24333 0 0 0 0
1.25 0 0 0 0
1.25667 0 0 0 0
1.26333 0 0 0 0
1.27 0 0 0 0
1.27667 0 0 0 0
1.28333 0 0 0 0
1.29 0 0 0 0
1.29667 0 0 0 0
1.30333 0 0 0 0
1.31 0 0 0 0
1.31667 0 0 0 0
1.32333 0 0 0 0
1.33 0 0 0 0
1.33667 0 0 0 0
1.34333 0 0 0 0
1.35 0 0 0 0
1.35667 0 0 0 0
1.36333 0 0 0 0
1.37 0 0 0 0
1.37667 0 0 0 0
1.38333 0 0 0 0
1.39 0 0 0 0
1.39667 0 0 0 0
1.40333 0 0 0 0
1.41 0 0 0 0
1.41667 0 0 0 0
1.42333 0 0 0 0
1.43 0 0 0 0
1.43667 0 0 0 0
1.44333 0 0 0 0
1.45 0 0 0 0
1.45667 0 0 0 0
1.46333 0 0 0 0
1.47 0 0 0 0
1.47667 0 0 0 0
1.48333 0 0 0 0
1.49 0 0 0 0
1.49667 0 0 0 0
1.50333 0 0 0 0
1.51 0 0 0 0
1.51667 0 0 0 0
1.52333 0 0 0 0
1.53 0 0 0 0
1.53667 0 0 0 0
1.54333 0 0 0 0
1.55 0 0 0 0
1.55667 0 0 0 0
1.56333 0 0 0 0
1.57 0 0 0 0
1.57667 0 0 0 0
1.58333 0 0 0 0
1.59 0 0 0 0
1.59667 0 0 0 0
1.60333 0 0 0 0
1.61 0 0 0 0
1.61667 0 0 0 0
1.62333 0 0 0 0
1.63 0 0 0 0
1.63667 0 0 0 0
1.64333 0 0 0 0
1.65 0 0 0 0
1.65667 0 0 0 0
1.66333 0 0 0 0
1.67 0 0 0 0
1.67667 0 0 0 0
1.68333 0 0 0 0
1.69 0 0 0 0
1.69667 0 0 0 0
1.70333 0 0 0 0
1.71 0 0 0 0
1.71667 0 0 0 0
1.72333 0 0 0 0
1.73 0 0 0 0
1.73667 0 0 0 0
1.74333 0 0 0 0
1.75 0 0 0 0
1.75667 0 0 0 0
1.76333 0 0 0 0
1.77 0 0 0 0
1.77667 0 0 0 0
1.78333 0 0 0 0
1.79 0 0 0 0
1.79667 0 0 0 0
1.80333 0 0 0 0
1.81 0 0 0 0
1.81667 0 0 0 0
1.82333 0 0 0 0
1.83 0 0 0 0
1.83667 0 0 0 0
1.84333 0 0 0 0
1.85 0 0 0 0
1.85667 0 0 0 0
1.86333 0 0 0 0
1.87 0 0 0 0
1.87667 0 0 0 0
1.88333 0 0 0 0
1.89 0 0 0 0
1.89667 0 0 0 0
1.90333 0 0 0 0
1.91 0 0 0 0
1.91667 0 0 0 0
1.92333 0 0 0 0
1.93 0 0 0 0
1.93667 0 0 0 0
1.94333 0 0 0 0
1.95 0 0 0 0
1.95667 0 0 0 0
1.96333 0 0 0 0
1.97 0 0 0 0
1.97667 0 0 0 0
1.98333 0 0 0 0
1.99 0 0 0 0
1.99667 0 0 0 0
