0.00333333 3 54 25 1
0.01 5 44 30 2
0.0166667 8 55 35 5
0.0233333 15 64 37 4
0.03 5 64 28 6
0.0366667 14 70 47 7
0.0433333 15 105 52 5
0.05 25 128 57 9
0.0566667 24 173 89 9
0.0633333 40 161 82 8
0.07 34 184 98 12
0.0766667 25 171 98 10
0.0833333 41 178 84 15
0.09 28 176 83 14
0.0966667 27 201 87 14
0.103333 31 165 78 9
0.11 36 154 86 12
0.116667 32 195 102 13
0.123333 27 153 102 5
0.13 27 165 75 5
0.136667 17 154 80 9
0.143333 27 162 94 10
0.15 21 128 70 8
0.156667 21 152 87 8
0.163333 13 116 77 13
0.17 24 126 74 7
0.176667 22 128 63 10
0.183333 20 130 75 12
0.19 16 138 92 7
0.196667 25 135 95 11
0.203333 18 138 85 5
0.21 13 125 70 7
0.216667 6 126 57 3
0.223333 15 110 63 6
0.23 15 123 62 6
0.236667 13 108 64 2
0.243333 16 90 52 4
0.25 15 97 36 9
0.256667 16 100 54 2
0.263333 18 87 45 4
0.27 13 67 42 8
0.276667 16 82 50 10
0.283333 9 74 39 6
0.29 9 86 42 1
0.296667 12 85 41 12
0.303333 7 91 46 6
0.31 16 95 41 2
0.316667 16 62 41 5
0.323333 11 67 44 5
0.33 10 81 37 3
0.336667 13 55 44 2
0.343333 7 62 33 2
0.35 11 58 40 4
0.356667 9 57 33 6
0.363333 12 54 37 1
0.37 6 57 27 3
0.376667 7 55 47 4
0.383333 14 64 28 1
0.39 5 60 39 3
0.396667 9 69 31 3
0.403333 9 50 26 2
0.41 15 59 33 2
0.416667 12 55 32 2
0.423333 6 56 34 3
0.43 7 54 36 4
0.436667 5 48 34 4
0.443333 10 48 33 3
0.45 11 45 34 4
0.456667 8 46 26 3
0.463333 8 57 29 2
0.47 10 40 27 4
0.476667 7 45 25 1
0.483333 9 32 18 4
0.49 9 25 19 5
0.496667 5 20 14 5
0.503333 4 24 17 2
0.51 4 31 20 3
0.516667 7 24 14 3
0.523333 1 31 7 2
0.53 3 25 10 1
0.536667 8 25 10 3
0.543333 6 21 22 1
0.55 6 32 13 1
0.556667 4 31 9 1
0.563333 6 22 22 0
0.57 3 27 16 4
0.576667 2 16 13 3
0.583333 3 21 20 3
0.59 3 23 12 3
0.596667 3 30 16 2
0.603333 4 20 14 0
0.61 3 30 13 1
0.616667 5 21 16 3
0.623333 4 20 11 1
0.63 6 22 11 1
0.636667 5 30 11 2
0.643333 0 28 10 0
0.65 1 28 11 1
0.656667 4 26 16 0
0.663333 131 1380 910 41
0.67 0 0 0 0
0.676667 0 0 0 0
0.683333 0 0 0 0
0.69 0 0 0 0
0.696667 0 0 0 0
0.703333 0 0 0 0
0.71 0 0 0 0
0.716667 0 0 0 0
0.723333 0 0 0 0
0.73 0 0 0 0
0.736667 0 0 0 0
0.743333 0 0 0 0
0.75 0 0 0 0
0.756667 0 0 0 0
0.763333 0 0 0 0
0.77 0 0 0 0
0.776667 0 0 0 0
0.783333 0 0 0 0
0.79 0 0 0 0
0.796667 0 0 0 0
0.803333 0 0 0 0
0.81 0 0 0 0
0.816667 0 0 0 0
0.823333 0 0 0 0
0.83 0 0 0 0
0.836667 0 0 0 0
0.843333 0 0 0 0
0.85 0 0 0 0
0.856667 0 0 0 0
0.863333 0 0 0 0
0.87 0 0 0 0
0.876667 0 0 0 0
0.883333 0 0 0 0
0.89 0 0 0 0
0.896667 0 0 0 0
0.903333 0 0 0 0
0.91 0 0 0 0
0.916667 0 0 0 0
0.923333 0 0 0 0
0.93 0 0 0 0
0.936667 0 0 0 0
0.943333 0 0 0 0
0.95 0 0 0 0
0.956667 0 0 0 0
0.963333 0 0 0 0
0.97 0 0 0 0
0.976667 0 0 0 0
0.983333 0 0 0 0
0.99 0 0 0 0
0.996667 0 0 0 0
1.00333 0 0 0 0
1.01 0 0 0 0
1.01667 0 0 0 0
1.02333 0 0 0 0
1.03 0 0 0 0
1.03667 0 0 0 0
1.04333 0 0 0 0
1.05 0 0 0 0
1.05667 0 0 0 0
1.06333 0 0 0 0
1.07 0 0 0 0
1.07667 0 0 0 0
1.08333 0 0 0 0
1.09 0 0 0 0
1.09667 0 0 0 0
1.10333 0 0 0 0
1.11 0 0 0 0
1.11667 0 0 0 0
1.12333 0 0 0 0
1.13 0 0 0 0
1.13667 0 0 0 0
1.14333 0 0 0 0
1.15 0 0 0 0
1.15667 0 0 0 0
1.16333 0 0 0 0
1.17 0 0 0 0
1.17667 0 0 0 0
1.18333 0 0 0 0
1.19 0 0 0 0
1.19667 0 0 0 0
1.20333 0 0 0 0
1.21 0 0 0 0
1.21667 0 0 0 0
1.22333 0 0 0 0
1.23 0 0 0 0
1.23667 0 0 0 0
1.24333 0 0 0 0
1.25 0 0 0 0
1.25667 0 0 0 0
1.26333 0 0 0 0
1.27 0 0 0 0
1.27667 0 0 0 0
1.28333 0 0 0 0
1.29 0 0 0 0
1.29667 0 0 0 0
1.30333 0 0 0 0
1.31 0 0 0 0
1.31667 0 0 0 0
1.32333 0 0 0 0
1.33 0 0 0 0
1.33667 0 0 0 0
1.34333 0 0 0 0
1.35 0 0 0 0
1.35667 0 0 0 0
1.36333 0 0 0 0
1.37 0 0 0 0
1.37667 0 0 0 0
1.38333 0 0 0 0
1.39 0 0 0 0
1.39667 0 0 0 0
1.40333 0 0 0 0
1.41 0 0 0 0
1.41667 0 0 0 0
1.42333 0 0 0 0
1.43 0 0 0 0
1.43667 0 0 0 0
1.44333 0 0 0 0
1.45 0 0 0 0
1.45667 0 0 0 0
1.46333 0 0 0 0
1.47 0 0 0 0
1.47667 0 0 0 0
1.48333 0 0 0 0
1.49 0 0 0 0
1.49667 0 0 0 0
1.50333 0 0 0 0
1.51 0 0 0 0
1.51667 0 0 0 0
1.52333 0 0 0 0
1.53 0 0 0 0
1.53667 0 0 0 0
1.54333 0 0 0 0
1.55 0 0 0 0
1.55667 0 0 0 0
1.56333 0 0 0 0
1.57 0 0 0 0
1.57667 0 0 0 0
1.58333 0 0 0 0
1.59 0 0 0 0
1.59667 0 0 0 0
1.60333 0 0 0 0
1.61 0 0 0 0
1.61667 0 0 0 0
1.62333 0 0 0 0
1.63 0 0 0 0
1.63667 0 0 0 0
1.64333 0 0 0 0
1.65 0 0 0 0
1.65667 0 0 0 0
1.66333 0 0 0 0
1.67 0 0 0 0
1.67667 0 0 0 0
1.68333 0 0 0 0
1.69 0 0 0 0
1.69667 0 0 0 0
1.70333 0 0 0 0
1.71 0 0 0 0
1.71667 0 0 0 0
1.72333 0 0 0 0
1.73 0 0 0 0
1.73667 0 0 0 0
1.74333 0 0 0 0
1.75 0 0 0 0
1.75667 0 0 0 0
1.76333 0 0 0 0
1.77 0 0 0 0
1.77667 0 0 0 0
1.78333 0 0 0 0
1.79 0 0 0 0
1.79667 0 0 0 0
1.80333 0 0 0 0
1.81 0 0 0 0
1.81667 0 0 0 0
1.82333 0 0 0 0
1.83 0 0 0 0
1.83667 0 0 0 0
1.84333 0 0 0 0
1.85 0 0 0 0
1.85667 0 0 0 0
1.86333 0 0 0 0
1.87 0 0 0 0
1.87667 0 0 0 0
1.88333 0 0 0 0
1.89 0 0 0 0
1.89667 0 0 0 0
1.90333 0 0 0 0
1.91 0 0 0 0
1.91667 0 0 0 0
1.92333 0 0 0 0
1.93 0 0 0 0
1.93667 0 0 0 0
1.94333 0 0 0 0
1.95 0 0 0 0
1.95667 0 0 0 0
1.96333 0 0 0 0
1.97 0 0 0 0
1.97667 0 0 0 0
1.98333 0 0 0 0
1.99 0 0 0 0
1.99667 0 0 0 0
