0.00333333 0 7 6 106
0.01 2 6 12 119
0.0166667 2 6 10 139
0.0233333 0 4 18 133
0.03 3 5 8 143
0.0366667 1 5 14 153
0.0433333 5 5 22 154
0.05 3 5 27 163
0.0566667 4 9 31 163
0.0633333 2 6 33 202
0.07 3 6 30 202
0.0766667 1 6 38 208
0.0833333 3 4 41 209
0.09 2 6 30 216
0.0966667 5 11 29 217
0.103333 3 10 36 245
0.11 3 6 31 237
0.116667 5 9 38 240
0.123333 1 9 26 255
0.13 8 10 28 266
0.136667 6 10 31 246
0.143333 3 10 26 253
0.15 1 8 27 242
0.156667 0 13 25 235
0.163333 3 8 24 244
0.17 4 12 24 258
0.176667 1 6 31 245
0.183333 6 13 25 269
0.19 5 15 32 289
0.196667 7 11 23 328
0.203333 10 12 24 324
0.21 4 10 23 371
0.216667 5 10 20 303
0.223333 7 11 25 288
0.23 3 10 14 273
0.236667 5 15 24 278
0.243333 0 10 22 257
0.25 2 8 15 233
0.256667 4 12 20 250
0.263333 4 9 21 243
0.27 3 11 16 235
0.276667 1 8 18 206
0.283333 4 12 15 200
0.29 4 14 16 181
0.296667 0 11 15 191
0.303333 6 8 22 205
0.31 5 8 20 165
0.316667 4 6 22 190
0.323333 2 9 20 181
0.33 4 5 9 174
0.336667 3 10 17 190
0.343333 4 12 22 157
0.35 3 11 14 171
0.356667 6 11 17 146
0.363333 1 9 14 158
0.37 4 9 5 166
0.376667 7 2 18 167
0.383333 2 7 12 154
0.39 1 6 13 151
0.396667 2 4 8 130
0.403333 3 9 16 162
0.41 4 6 15 130
0.416667 1 9 10 130
0.423333 2 5 11 126
0.43 4 10 16 139
0.436667 3 10 16 137
0.443333 5 7 13 138
0.45 4 3 9 145
0.456667 6 5 16 130
0.463333 6 7 15 142
0.47 4 14 13 145
0.476667 1 7 10 111
0.483333 2 4 9 68
0.49 0 1 13 70
0.496667 1 6 10 71
0.503333 0 6 9 55
0.51 2 4 5 59
0.516667 3 3 8 51
0.523333 0 5 10 52
0.53 3 5 5 42
0.536667 1 5 7 55
0.543333 1 4 6 54
0.55 3 7 3 39
0.556667 2 3 9 41
0.563333 0 5 14 31
0.57 1 3 9 40
0.576667 1 6 7 46
0.583333 3 1 4 45
0.59 5 5 5 42
0.596667 1 3 5 37
0.603333 1 3 4 38
0.61 1 5 10 34
0.616667 1 3 7 22
0.623333 3 6 8 33
0.63 3 3 7 36
0.636667 2 3 8 55
0.643333 2 1 5 16
0.65 2 3 11 24
0.656667 3 2 5 30
0.663333 155 380 177 7646
0.67 0 0 0 0
0.676667 0 0 0 0
0.683333 0 0 0 0
0.69 0 0 0 0
0.696667 0 0 0 0
0.703333 0 0 0 0
0.71 0 0 0 0
0.716667 0 0 0 0
0.723333 0 0 0 0
0.73 0 0 0 0
0.736667 0 0 0 0
0.743333 0 0 0 0
0.75 0 0 0 0
0.756667 0 0 0 0
0.763333 0 0 0 0
0.77 0 0 0 0
0.776667 0 0 0 0
0.783333 0 0 0 0
0.79 0 0 0 0
0.796667 0 0 0 0
0.803333 0 0 0 0
0.81 0 0 0 0
0.816667 0 0 0 0
0.823333 0 0 0 0
0.83 0 0 0 0
0.836667 0 0 0 0
0.843333 0 0 0 0
0.85 0 0 0 0
0.856667 0 0 0 0
0.863333 0 0 0 0
0.87 0 0 0 0
0.876667 0 0 0 0
0.883333 0 0 0 0
0.89 0 0 0 0
0.896667 0 0 0 0
0.903333 0 0 0 0
0.91 0 0 0 0
0.916667 0 0 0 0
0.923333 0 0 0 0
0.93 0 0 0 0
0.936667 0 0 0 0
0.943333 0 0 0 0
0.95 0 0 0 0
0.956667 0 0 0 0
0.963333 0 0 0 0
0.97 0 0 0 0
0.976667 0 0 0 0
0.983333 0 0 0 0
0.99 0 0 0 0
0.996667 0 0 0 0
1.00333 0 0 0 0
1.01 0 0 0 0
1.01667 0 0 0 0
1.02333 0 0 0 0
1.03 0 0 0 0
1.03667 0 0 0 0
1.04333 0 0 0 0
1.05 0 0 0 0
1.05667 0 0 0 0
1.06333 0 0 0 0
1.07 0 0 0 0
1.07667 0 0 0 0
1.08333 0 0 0 0
1.09 0 0 0 0
1.09667 0 0 0 0
1.10333 0 0 0 0
1.11 0 0 0 0
1.11667 0 0 0 0
1.12333 0 0 0 0
1.13 0 0 0 0
1.13667 0 0 0 0
1.14333 0 0 0 0
1.15 0 0 0 0
1.15667 0 0 0 0
1.16333 0 0 0 0
1.17 0 0 0 0
1.17667 0 0 0 0
1.18333 0 0 0 0
1.19 0 0 0 0
1.19667 0 0 0 0
1.20333 0 0 0 0
1.21 0 0 0 0
1.21667 0 0 0 0
1.22333 0 0 0 0
1.23 0 0 0 0
1.23667 0 0 0 0
1.24333 0 0 0 0
1.25 0 0 0 0
1.25667 0 0 0 0
1.26333 0 0 0 0
1.27 0 0 0 0
1.27667 0 0 0 0
1.28333 0 0 0 0
1.29 0 0 0 0
1.29667 0 0 0 0
1.30333 0 0 0 0
1.31 0 0 0 0
1.31667 0 0 0 0
1.32333 0 0 0 0
1.33 0 0 0 0
1.33667 0 0 0 0
1.34333 0 0 0 0
1.35 0 0 0 0
1.35667 0 0 0 0
1.36333 0 0 0 0
1.37 0 0 0 0
1.37667 0 0 0 0
1.38333 0 0 0 0
1.39 0 0 0 0
1.39667 0 0 0 0
1.40333 0 0 0 0
1.41 0 0 0 0
1.41667 0 0 0 0
1.42333 0 0 0 0
1.43 0 0 0 0
1.43667 0 0 0 0
1.44333 0 0 0 0
1.45 0 0 0 0
1.45667 0 0 0 0
1.46333 0 0 0 0
1.47 0 0 0 0
1.47667 0 0 0 0
1.48333 0 0 0 0
1.49 0 0 0 0
1.49667 0 0 0 0
1.50333 0 0 0 0
1.51 0 0 0 0
1.51667 0 0 0 0
1.52333 0 0 0 0
1.53 0 0 0 0
1.53667 0 0 0 0
1.54333 0 0 0 0
1.55 0 0 0 0
1.55667 0 0 0 0
1.56333 0 0 0 0
1.57 0 0 0 0
1.57667 0 0 0 0
1.58333 0 0 0 0
1.59 0 0 0 0
1.59667 0 0 0 0
1.60333 0 0 0 0
1.61 0 0 0 0
1.61667 0 0 0 0
1.62333 0 0 0 0
1.63 0 0 0 0
1.63667 0 0 0 0
1.64333 0 0 0 0
1.65 0 0 0 0
1.65667 0 0 0 0
1.66333 0 0 0 0
1.67 0 0 0 0
1.67667 0 0 0 0
1.68333 0 0 0 0
1.69 0 0 0 0
1.69667 0 0 0 0
1.70333 0 0 0 0
1.71 0 0 0 0
1.71667 0 0 0 0
1.72333 0 0 0 0
1.73 0 0 0 0
1.73667 0 0 0 0
1.74333 0 0 0 0
1.75 0 0 0 0
1.75667 0 0 0 0
1.76333 0 0 0 0
1.77 0 0 0 0
1.77667 0 0 0 0
1.78333 0 0 0 0
1.79 0 0 0 0
1.79667 0 0 0 0
1.80333 0 0 0 0
1.81 0 0 0 0
1.81667 0 0 0 0
1.82333 0 0 0 0
1.83 0 0 0 0
1.83667 0 0 0 0
1.84333 0 0 0 0
1.85 0 0 0 0
1.85667 0 0 0 0
1.86333 0 0 0 0
1.87 0 0 0 0
1.87667 0 0 0 0
1.88333 0 0 0 0
1.89 0 0 0 0
1.89667 0 0 0 0
1.90333 0 0 0 0
1.91 0 0 0 0
1.91667 0 0 0 0
1.92333 0 0 0 0
1.93 0 0 0 0
1.93667 0 0 0 0
1.94333 0 0 0 0
1.95 0 0 0 0
1.95667 0 0 0 0
1.96333 0 0 0 0
1.97 0 0 0 0
1.97667 0 0 0 0
1.98333 0 0 0 0
1.99 0 0 0 0
1.99667 0 0 0 0
