0.00333333 3 13 45 19
0.01 2 10 60 21
0.0166667 3 19 73 12
0.0233333 1 18 76 21
0.03 6 15 79 22
0.0366667 6 21 88 25
0.0433333 6 30 128 34
0.05 14 39 158 41
0.0566667 15 47 207 57
0.0633333 11 55 220 61
0.07 11 53 230 63
0.0766667 9 50 225 67
0.0833333 17 58 243 79
0.09 8 50 242 67
0.0966667 10 53 246 62
0.103333 8 59 262 64
0.11 15 51 249 62
0.116667 17 44 229 65
0.123333 10 60 229 49
0.13 13 44 210 47
0.136667 9 40 217 53
0.143333 10 42 193 51
0.15 7 36 210 45
0.156667 15 39 205 41
0.163333 6 46 176 42
0.17 9 41 180 39
0.176667 5 39 189 34
0.183333 13 44 173 44
0.19 10 45 174 34
0.196667 10 40 191 37
0.203333 4 41 198 34
0.21 8 40 187 24
0.216667 11 32 168 42
0.223333 6 25 129 32
0.23 10 29 149 34
0.236667 2 36 125 39
0.243333 8 40 124 37
0.25 7 33 130 32
0.256667 7 27 107 23
0.263333 5 26 120 31
0.27 4 21 117 23
0.276667 5 31 114 19
0.283333 5 28 107 22
0.29 2 21 99 19
0.296667 6 19 104 32
0.303333 5 18 103 30
0.31 8 22 94 19
0.316667 3 17 80 18
0.323333 5 16 88 14
0.33 4 13 76 19
0.336667 7 25 74 23
0.343333 4 20 74 27
0.35 6 14 84 13
0.356667 4 21 82 20
0.363333 5 13 53 16
0.37 5 20 68 16
0.376667 6 24 77 18
0.383333 7 18 62 15
0.39 3 16 79 16
0.396667 3 20 72 12
0.403333 4 12 70 12
0.41 5 17 72 17
0.416667 4 16 74 15
0.423333 4 15 75 8
0.43 3 25 57 17
0.436667 0 13 70 14
0.443333 5 15 54 18
0.45 4 19 67 16
0.456667 3 11 59 17
0.463333 4 12 36 12
0.47 6 15 81 12
0.476667 5 12 45 13
0.483333 1 11 37 7
0.49 2 6 36 11
0.496667 3 11 38 12
0.503333 3 14 36 16
0.51 2 16 39 6
0.516667 2 14 37 11
0.523333 1 13 41 15
0.53 5 10 38 11
0.536667 2 9 32 13
0.543333 6 5 26 10
0.55 1 13 33 12
0.556667 2 11 29 8
0.563333 3 14 32 5
0.57 4 9 37 6
0.576667 5 10 34 7
0.583333 1 10 34 9
0.59 2 16 36 11
0.596667 0 12 30 11
0.603333 2 11 31 3
0.61 1 9 23 12
0.616667 0 10 28 8
0.623333 1 14 24 8
0.63 2 6 31 5
0.636667 0 8 31 7
0.643333 5 7 19 7
0.65 3 5 26 9
0.656667 1 4 18 7
0.663333 57 266 1748 297
0.67 0 0 0 0
0.676667 0 0 0 0
0.683333 0 0 0 0
0.69 0 0 0 0
0.696667 0 0 0 0
0.703333 0 0 0 0
0.71 0 0 0 0
0.716667 0 0 0 0
0.723333 0 0 0 0
0.73 0 0 0 0
0.736667 0 0 0 0
0.743333 0 0 0 0
0.75 0 0 0 0
0.756667 0 0 0 0
0.763333 0 0 0 0
0.77 0 0 0 0
0.776667 0 0 0 0
0.783333 0 0 0 0
0.79 0 0 0 0
0.796667 0 0 0 0
0.803333 0 0 0 0
0.81 0 0 0 0
0.816667 0 0 0 0
0.823333 0 0 0 0
0.83 0 0 0 0
0.836667 0 0 0 0
0.843333 0 0 0 0
0.85 0 0 0 0
0.856667 0 0 0 0
0.863333 0 0 0 0
0.87 0 0 0 0
0.876667 0 0 0 0
0.883333 0 0 0 0
0.89 0 0 0 0
0.896667 0 0 0 0
0.903333 0 0 0 0
0.91 0 0 0 0
0.916667 0 0 0 0
0.923333 0 0 0 0
0.93 0 0 0 0
0.936667 0 0 0 0
0.943333 0 0 0 0
0.95 0 0 0 0
0.956667 0 0 0 0
0.963333 0 0 0 0
0.97 0 0 0 0
0.976667 0 0 0 0
0.983333 0 0 0 0
0.99 0 0 0 0
0.996667 0 0 0 0
1.00333 0 0 0 0
1.01 0 0 0 0
1.01667 0 0 0 0
1.02333 0 0 0 0
1.03 0 0 0 0
1.03667 0 0 0 0
1.04333 0 0 0 0
1.05 0 0 0 0
1.05667 0 0 0 0
1.06333 0 0 0 0
1.07 0 0 0 0
1.07667 0 0 0 0
1.08333 0 0 0 0
1.09 0 0 0 0
1.09667 0 0 0 0
1.10333 0 0 0 0
1.11 0 0 0 0
1.11667 0 0 0 0
1.12333 0 0 0 0
1.13 0 0 0 0
1.13667 0 0 0 0
1.14333 0 0 0 0
1.15 0 0 0 0
1.15667 0 0 0 0
1.16333 0 0 0 0
1.17 0 0 0 0
1.17667 0 0 0 0
1.18333 0 0 0 0
1.19 0 0 0 0
1.19667 0 0 0 0
1.20333 0 0 0 0
1.21 0 0 0 0
1.21667 0 0 0 0
1.22333 0 0 0 0
1.23 0 0 0 0
1.23667 0 0 0 0
1.24333 0 0 0 0
1.25 0 0 0 0
1.25667 0 0 0 0
1.26333 0 0 0 0
1.27 0 0 0 0
1.27667 0 0 0 0
1.28333 0 0 0 0
1.29 0 0 0 0
1.29667 0 0 0 0
1.30333 0 0 0 0
1.31 0 0 0 0
1.31667 0 0 0 0
1.32333 0 0 0 0
1.33 0 0 0 0
1.33667 0 0 0 0
1.34333 0 0 0 0
1.35 0 0 0 0
1.35667 0 0 0 0
1.36333 0 0 0 0
1.37 0 0 0 0
1.37667 0 0 0 0
1.38333 0 0 0 0
1.39 0 0 0 0
1.39667 0 0 0 0
1.40333 0 0 0 0
1.41 0 0 0 0
1.41667 0 0 0 0
1.42333 0 0 0 0
1.43 0 0 0 0
1.43667 0 0 0 0
1.44333 0 0 0 0
1.45 0 0 0 0
1.45667 0 0 0 0
1.46333 0 0 0 0
1.47 0 0 0 0
1.47667 0 0 0 0
1.48333 0 0 0 0
1.49 0 0 0 0
1.49667 0 0 0 0
1.50333 0 0 0 0
1.51 0 0 0 0
1.51667 0 0 0 0
1.52333 0 0 0 0
1.53 0 0 0 0
1.53667 0 0 0 0
1.54333 0 0 0 0
1.55 0 0 0 0
1.55667 0 0 0 0
1.56333 0 0 0 0
1.57 0 0 0 0
1.57667 0 0 0 0
1.58333 0 0 0 0
1.59 0 0 0 0
1.59667 0 0 0 0
1.60333 0 0 0 0
1.61 0 0 0 0
1.61667 0 0 0 0
1.62333 0 0 0 0
1.63 0 0 0 0
1.63667 0 0 0 0
1.64333 0 0 0 0
1.65 0 0 0 0
1.65667 0 0 0 0
1.66333 0 0 0 0
1.67 0 0 0 0
1.67667 0 0 0 0
1.68333 0 0 0 0
1.69 0 0 0 0
1.69667 0 0 0 0
1.70333 0 0 0 0
1.71 0 0 0 0
1.71667 0 0 0 0
1.72333 0 0 0 0
1.73 0 0 0 0
1.73667 0 0 0 0
1.74333 0 0 0 0
1.75 0 0 0 0
1.75667 0 0 0 0
1.76333 0 0 0 0
1.77 0 0 0 0
1.77667 0 0 0 0
1.78333 0 0 0 0
1.79 0 0 0 0
1.79667 0 0 0 0
1.80333 0 0 0 0
1.81 0 0 0 0
1.81667 0 0 0 0
1.82333 0 0 0 0
1.83 0 0 0 0
1.83667 0 0 0 0
1.84333 0 0 0 0
1.85 0 0 0 0
1.85667 0 0 0 0
1.86333 0 0 0 0
1.87 0 0 0 0
1.87667 0 0 0 0
1.88333 0 0 0 0
1.89 0 0 0 0
1.89667 0 0 0 0
1.90333 0 0 0 0
1.91 0 0 0 0
1.91667 0 0 0 0
1.92333 0 0 0 0
1.93 0 0 0 0
1.93667 0 0 0 0
1.94333 0 0 0 0
1.95 0 0 0 0
1.95667 0 0 0 0
1.96333 0 0 0 0
1.97 0 0 0 0
1.97667 0 0 0 0
1.98333 0 0 0 0
1.99 0 0 0 0
1.99667 0 0 0 0
