0.00333333 91 26 0 1
0.01 101 47 0 1
0.0166667 130 50 0 1
0.0233333 112 48 3 2
0.03 135 52 0 1
0.0366667 159 63 2 0
0.0433333 139 65 1 2
0.05 187 69 0 3
0.0566667 210 78 5 3
0.0633333 202 76 2 2
0.07 265 93 3 3
0.0766667 261 93 3 2
0.0833333 266 113 3 1
0.09 284 107 5 1
0.0966667 291 106 3 3
0.103333 304 108 0 4
0.11 277 123 4 4
0.116667 291 105 2 4
0.123333 307 121 1 1
0.13 332 100 2 1
0.136667 341 100 1 2
0.143333 299 111 0 3
0.15 274 89 1 2
0.156667 301 119 4 1
0.163333 303 109 2 6
0.17 262 93 0 3
0.176667 273 90 1 1
0.183333 307 91 1 1
0.19 366 129 1 5
0.196667 363 113 1 1
0.203333 326 101 2 2
0.21 307 105 0 7
0.216667 304 102 2 4
0.223333 283 102 2 3
0.23 255 81 4 2
0.236667 290 74 2 2
0.243333 242 74 4 1
0.25 240 84 5 3
0.256667 225 80 0 1
0.263333 239 76 2 2
0.27 228 62 1 0
0.276667 185 66 3 3
0.283333 212 55 0 4
0.29 186 66 1 2
0.296667 197 55 1 0
0.303333 190 64 0 0
0.31 174 59 3 0
0.316667 156 55 1 1
0.323333 160 42 0 4
0.33 178 55 1 3
0.336667 143 52 0 2
0.343333 167 45 2 1
0.35 138 49 1 1
0.356667 165 39 0 2
0.363333 136 60 0 2
0.37 136 41 0 0
0.376667 137 41 4 2
0.383333 131 48 3 1
0.39 157 49 1 1
0.396667 117 37 3 1
0.403333 132 37 4 2
0.41 122 59 0 3
0.416667 112 52 1 0
0.423333 121 44 1 1
0.43 118 35 1 1
0.436667 135 40 0 1
0.443333 132 53 1 4
0.45 123 33 0 1
0.456667 125 43 0 1
0.463333 123 48 3 1
0.47 138 52 1 2
0.476667 114 28 2 1
0.483333 89 24 2 1
0.49 78 26 0 0
0.496667 68 19 2 2
0.503333 47 20 0 1
0.51 65 29 0 0
0.516667 68 19 0 1
0.523333 56 22 1 2
0.53 64 25 0 2
0.536667 48 18 1 0
0.543333 65 25 0 1
0.55 41 20 0 3
0.556667 51 17 0 0
0.563333 54 14 0 1
0.57 47 16 0 1
0.576667 56 31 1 2
0.583333 44 19 0 1
0.59 53 22 0 0
0.596667 43 21 0 1
0.603333 41 10 0 1
0.61 57 23 0 1
0.616667 50 18 2 0
0.623333 45 10 1 0
0.63 47 16 1 0
0.636667 55 19 3 3
0.643333 31 17 0 1
0.65 48 13 0 2
0.656667 40 16 2 1
0.663333 5621 1611 12 37
0.67 0 0 0 0
0.676667 0 0 0 0
0.683333 0 0 0 0
0.69 0 0 0 0
0.696667 0 0 0 0
0.703333 0 0 0 0
0.71 0 0 0 0
0.716667 0 0 0 0
0.723333 0 0 0 0
0.73 0 0 0 0
0.736667 0 0 0 0
0.743333 0 0 0 0
0.75 0 0 0 0
0.756667 0 0 0 0
0.763333 0 0 0 0
0.77 0 0 0 0
0.776667 0 0 0 0
0.783333 0 0 0 0
0.79 0 0 0 0
0.796667 0 0 0 0
0.803333 0 0 0 0
0.81 0 0 0 0
0.816667 0 0 0 0
0.823333 0 0 0 0
0.83 0 0 0 0
0.836667 0 0 0 0
0.843333 0 0 0 0
0.85 0 0 0 0
0.856667 0 0 0 0
0.863333 0 0 0 0
0.87 0 0 0 0
0.876667 0 0 0 0
0.883333 0 0 0 0
0.89 0 0 0 0
0.896667 0 0 0 0
0.903333 0 0 0 0
0.91 0 0 0 0
0.916667 0 0 0 0
0.923333 0 0 0 0
0.93 0 0 0 0
0.936667 0 0 0 0
0.943333 0 0 0 0
0.95 0 0 0 0
0.956667 0 0 0 0
0.963333 0 0 0 0
0.97 0 0 0 0
0.976667 0 0 0 0
0.983333 0 0 0 0
0.99 0 0 0 0
0.996667 0 0 0 0
1.00333 0 0 0 0
1.01 0 0 0 0
1.01667 0 0 0 0
1.02333 0 0 0 0
1.03 0 0 0 0
1.03667 0 0 0 0
1.04333 0 0 0 0
1.05 0 0 0 0
1.05667 0 0 0 0
1.06333 0 0 0 0
1.07 0 0 0 0
1.07667 0 0 0 0
1.08333 0 0 0 0
1.09 0 0 0 0
1.09667 0 0 0 0
1.10333 0 0 0 0
1.11 0 0 0 0
1.11667 0 0 0 0
1.12333 0 0 0 0
1.13 0 0 0 0
1.13667 0 0 0 0
1.14333 0 0 0 0
1.15 0 0 0 0
1.15667 0 0 0 0
1.16333 0 0 0 0
1.17 0 0 0 0
1.17667 0 0 0 0
1.18333 0 0 0 0
1.19 0 0 0 0
1.19667 0 0 0 0
1.20333 0 0 0 0
1.21 0 0 0 0
1.21667 0 0 0 0
1.22333 0 0 0 0
1.23 0 0 0 0
1.23667 0 0 0 0
1.24333 0 0 0 0
1.25 0 0 0 0
1.25667 0 0 0 0
1.26333 0 0 0 0
1.27 0 0 0 0
1.27667 0 0 0 0
1.28333 0 0 0 0
1.29 0 0 0 0
1.29667 0 0 0 0
1.30333 0 0 0 0
1.31 0 0 0 0
1.31667 0 0 0 0
1.32333 0 0 0 0
1.33 0 0 0 0
1.33667 0 0 0 0
1.34333 0 0 0 0
1.35 0 0 0 0
1.35667 0 0 0 0
1.36333 0 0 0 0
1.37 0 0 0 0
1.37667 0 0 0 0
1.38333 0 0 0 0
1.39 0 0 0 0
1.39667 0 0 0 0
1.40333 0 0 0 0
1.41 0 0 0 0
1.41667 0 0 0 0
1.42333 0 0 0 0
1.43 0 0 0 0
1.43667 0 0 0 0
1.44333 0 0 0 0
1.45 0 0 0 0
1.45667 0 0 0 0
1.46333 0 0 0 0
1.47 0 0 0 0
1.47667 0 0 0 0
1.48333 0 0 0 0
1.49 0 0 0 0
1.49667 0 0 0 0
1.50333 0 0 0 0
1.51 0 0 0 0
1.51667 0 0 0 0
1.52333 0 0 0 0
1.53 0 0 0 0
1.53667 0 0 0 0
1.54333 0 0 0 0
1.55 0 0 0 0
1.55667 0 0 0 0
1.56333 0 0 0 0
1.57 0 0 0 0
1.57667 0 0 0 0
1.58333 0 0 0 0
1.59 0 0 0 0
1.59667 0 0 0 0
1.60333 0 0 0 0
1.61 0 0 0 0
1.61667 0 0 0 0
1.62333 0 0 0 0
1.63 0 0 0 0
1.63667 0 0 0 0
1.64333 0 0 0 0
1.65 0 0 0 0
1.65667 0 0 0 0
1.66333 0 0 0 0
1.67 0 0 0 0
1.67667 0 0 0 0
1.68333 0 0 0 0
1.69 0 0 0 0
1.69667 0 0 0 0
1.70333 0 0 0 0
1.71 0 0 0 0
1.71667 0 0 0 0
1.72333 0 0 0 0
1.73 0 0 0 0
1.73667 0 0 0 0
1.74333 0 0 0 0
1.75 0 0 0 0
1.75667 0 0 0 0
1.76333 0 0 0 0
1.77 0 0 0 0
1.77667 0 0 0 0
1.78333 0 0 0 0
1.79 0 0 0 0
1.79667 0 0 0 0
1.80333 0 0 0 0
1.81 0 0 0 0
1.81667 0 0 0 0
1.82333 0 0 0 0
1.83 0 0 0 0
1.83667 0 0 0 0
1.84333 0 0 0 0
1.85 0 0 0 0
1.85667 0 0 0 0
1.86333 0 0 0 0
1.87 0 0 0 0
1.87667 0 0 0 0
1.88333 0 0 0 0
1.89 0 0 0 0
1.89667 0 0 0 0
1.90333 0 0 0 0
1.91 0 0 0 0
1.91667 0 0 0 0
1.92333 0 0 0 0
1.93 0 0 0 0
1.93667 0 0 0 0
1.94333 0 0 0 0
1.95 0 0 0 0
1.95667 0 0 0 0
1.96333 0 0 0 0
1.97 0 0 0 0
1.97667 0 0 0 0
1.98333 0 0 0 0
1.99 0 0 0 0
1.99667 0 0 0 0
