0.00333333 2 2 57 31
0.01 1 11 57 37
0.0166667 2 6 68 41
0.0233333 1 6 71 43
0.03 2 6 91 62
0.0366667 1 5 99 58
0.0433333 4 9 160 79
0.05 1 19 176 105
0.0566667 5 10 191 140
0.0633333 8 21 260 151
0.07 9 26 234 166
0.0766667 11 21 230 178
0.0833333 1 24 271 165
0.09 2 15 273 157
0.0966667 6 25 273 162
0.103333 5 23 249 172
0.11 5 26 227 158
0.116667 5 26 235 128
0.123333 5 23 237 176
0.13 11 21 243 149
0.136667 6 12 226 132
0.143333 6 19 218 149
0.15 5 24 190 125
0.156667 5 12 215 125
0.163333 5 20 191 135
0.17 6 14 205 131
0.176667 2 11 175 109
0.183333 4 18 175 106
0.19 3 16 219 153
0.196667 4 27 180 105
0.203333 5 16 140 108
0.21 4 17 175 107
0.216667 6 16 165 113
0.223333 8 5 157 100
0.23 2 13 134 84
0.236667 4 9 153 81
0.243333 3 10 115 93
0.25 5 6 123 103
0.256667 4 10 131 63
0.263333 3 11 110 75
0.27 1 12 112 85
0.276667 3 8 117 74
0.283333 4 10 109 81
0.29 1 5 94 86
0.296667 2 7 101 77
0.303333 4 8 80 62
0.31 2 12 100 64
0.316667 2 12 91 59
0.323333 6 10 77 62
0.33 2 11 75 55
0.336667 4 9 90 56
0.343333 4 9 79 62
0.35 1 11 67 55
0.356667 0 10 70 57
0.363333 2 9 74 46
0.37 2 5 79 48
0.376667 2 9 74 54
0.383333 0 6 63 63
0.39 2 6 74 45
0.396667 1 7 76 42
0.403333 3 8 70 38
0.41 2 6 62 58
0.416667 1 7 68 47
0.423333 0 12 57 52
0.43 1 10 53 43
0.436667 4 10 58 34
0.443333 2 5 58 48
0.45 3 6 65 31
0.456667 0 8 72 41
0.463333 2 5 55 38
0.47 1 5 55 41
0.476667 0 5 58 42
0.483333 0 9 41 33
0.49 0 4 36 22
0.496667 2 3 38 30
0.503333 1 5 34 42
0.51 2 5 46 31
0.516667 1 7 39 27
0.523333 2 7 30 25
0.53 0 5 44 20
0.536667 0 2 38 22
0.543333 3 6 26 28
0.55 1 0 33 25
0.556667 3 4 33 23
0.563333 1 5 35 19
0.57 1 5 29 23
0.576667 2 6 28 23
0.583333 2 2 30 24
0.59 6 5 35 23
0.596667 1 4 31 20
0.603333 1 5 28 19
0.61 2 4 26 25
0.616667 1 6 31 16
0.623333 0 1 18 25
0.63 1 5 34 17
0.636667 0 3 40 18
0.643333 0 4 25 19
0.65 1 2 14 15
0.656667 2 6 24 18
0.663333 25 109 1677 985
0.67 0 0 0 0
0.676667 0 0 0 0
0.683333 0 0 0 0
0.69 0 0 0 0
0.696667 0 0 0 0
0.703333 0 0 0 0
0.71 0 0 0 0
0.716667 0 0 0 0
0.723333 0 0 0 0
0.73 0 0 0 0
0.736667 0 0 0 0
0.743333 0 0 0 0
0.75 0 0 0 0
0.756667 0 0 0 0
0.763333 0 0 0 0
0.77 0 0 0 0
0.776667 0 0 0 0
0.783333 0 0 0 0
0.79 0 0 0 0
0.796667 0 0 0 0
0.803333 0 0 0 0
0.81 0 0 0 0
0.816667 0 0 0 0
0.823333 0 0 0 0
0.83 0 0 0 0
0.836667 0 0 0 0
0.843333 0 0 0 0
0.85 0 0 0 0
0.856667 0 0 0 0
0.863333 0 0 0 0
0.87 0 0 0 0
0.876667 0 0 0 0
0.883333 0 0 0 0
0.89 0 0 0 0
0.896667 0 0 0 0
0.903333 0 0 0 0
0.91 0 0 0 0
0.916667 0 0 0 0
0.923333 0 0 0 0
0.93 0 0 0 0
0.936667 0 0 0 0
0.943333 0 0 0 0
0.95 0 0 0 0
0.956667 0 0 0 0
0.963333 0 0 0 0
0.97 0 0 0 0
0.976667 0 0 0 0
0.983333 0 0 0 0
0.99 0 0 0 0
0.996667 0 0 0 0
1.00333 0 0 0 0
1.01 0 0 0 0
1.01667 0 0 0 0
1.02333 0 0 0 0
1.03 0 0 0 0
1.03667 0 0 0 0
1.04333 0 0 0 0
1.05 0 0 0 0
1.05667 0 0 0 0
1.06333 0 0 0 0
1.07 0 0 0 0
1.07667 0 0 0 0
1.08333 0 0 0 0
1.09 0 0 0 0
1.09667 0 0 0 0
1.10333 0 0 0 0
1.11 0 0 0 0
1.11667 0 0 0 0
1.12333 0 0 0 0
1.13 0 0 0 0
1.13667 0 0 0 0
1.14333 0 0 0 0
1.15 0 0 0 0
1.15667 0 0 0 0
1.16333 0 0 0 0
1.17 0 0 0 0
1.17667 0 0 0 0
1.18333 0 0 0 0
1.19 0 0 0 0
1.19667 0 0 0 0
1.20333 0 0 0 0
1.21 0 0 0 0
1.21667 0 0 0 0
1.22333 0 0 0 0
1.23 0 0 0 0
1.23667 0 0 0 0
1.24333 0 0 0 0
1.25 0 0 0 0
1.25667 0 0 0 0
1.26333 0 0 0 0
1.27 0 0 0 0
1.27667 0 0 0 0
1.28333 0 0 0 0
1.29 0 0 0 0
1.29667 0 0 0 0
1.30333 0 0 0 0
1.31 0 0 0 0
1.31667 0 0 0 0
1.32333 0 0 0 0
1.33 0 0 0 0
1.33667 0 0 0 0
1.34333 0 0 0 0
1.35 0 0 0 0
1.35667 0 0 0 0
1.36333 0 0 0 0
1.37 0 0 0 0
1.37667 0 0 0 0
1.38333 0 0 0 0
1.39 0 0 0 0
1.39667 0 0 0 0
1.40333 0 0 0 0
1.41 0 0 0 0
1.41667 0 0 0 0
1.42333 0 0 0 0
1.43 0 0 0 0
1.43667 0 0 0 0
1.44333 0 0 0 0
1.45 0 0 0 0
1.45667 0 0 0 0
1.46333 0 0 0 0
1.47 0 0 0 0
1.47667 0 0 0 0
1.48333 0 0 0 0
1.49 0 0 0 0
1.49667 0 0 0 0
1.50333 0 0 0 0
1.51 0 0 0 0
1.51667 0 0 0 0
1.52333 0 0 0 0
1.53 0 0 0 0
1.53667 0 0 0 0
1.54333 0 0 0 0
1.55 0 0 0 0
1.55667 0 0 0 0
1.56333 0 0 0 0
1.57 0 0 0 0
1.57667 0 0 0 0
1.58333 0 0 0 0
1.59 0 0 0 0
1.59667 0 0 0 0
1.60333 0 0 0 0
1.61 0 0 0 0
1.61667 0 0 0 0
1.62333 0 0 0 0
1.63 0 0 0 0
1.63667 0 0 0 0
1.64333 0 0 0 0
1.65 0 0 0 0
1.65667 0 0 0 0
1.66333 0 0 0 0
1.67 0 0 0 0
1.67667 0 0 0 0
1.68333 0 0 0 0
1.69 0 0 0 0
1.69667 0 0 0 0
1.70333 0 0 0 0
1.71 0 0 0 0
1.71667 0 0 0 0
1.72333 0 0 0 0
1.73 0 0 0 0
1.73667 0 0 0 0
1.74333 0 0 0 0
1.75 0 0 0 0
1.75667 0 0 0 0
1.76333 0 0 0 0
1.77 0 0 0 0
1.77667 0 0 0 0
1.78333 0 0 0 0
1.79 0 0 0 0
1.79667 0 0 0 0
1.80333 0 0 0 0
1.81 0 0 0 0
1.81667 0 0 0 0
1.82333 0 0 0 0
1.83 0 0 0 0
1.83667 0 0 0 0
1.84333 0 0 0 0
1.85 0 0 0 0
1.85667 0 0 0 0
1.86333 0 0 0 0
1.87 0 0 0 0
1.87667 0 0 0 0
1.88333 0 0 0 0
1.89 0 0 0 0
1.89667 0 0 0 0
1.90333 0 0 0 0
1.91 0 0 0 0
1.91667 0 0 0 0
1.92333 0 0 0 0
1.93 0 0 0 0
1.93667 0 0 0 0
1.94333 0 0 0 0
1.95 0 0 0 0
1.95667 0 0 0 0
1.96333 0 0 0 0
1.97 0 0 0 0
1.97667 0 0 0 0
1.98333 0 0 0 0
1.99 0 0 0 0
1.99667 0 0 0 0
