0.00333333 19 55 1 2
0.01 40 57 11 2
0.0166667 44 61 5 4
0.0233333 49 73 3 4
0.03 51 91 9 3
0.0366667 45 98 10 3
0.0433333 75 127 23 4
0.05 99 154 19 6
0.0566667 101 196 23 6
0.0633333 120 253 28 13
0.07 134 236 19 7
0.0766667 143 212 19 8
0.0833333 130 232 23 16
0.09 149 235 24 7
0.0966667 158 241 20 7
0.103333 145 231 21 9
0.11 136 230 24 9
0.116667 139 221 32 8
0.123333 130 216 27 6
0.13 118 215 15 7
0.136667 115 193 17 14
0.143333 111 197 21 11
0.15 115 188 21 5
0.156667 107 180 12 6
0.163333 105 173 26 6
0.17 122 171 16 6
0.176667 115 164 16 5
0.183333 110 169 14 5
0.19 104 178 12 8
0.196667 109 152 10 7
0.203333 94 168 16 5
0.21 97 153 8 7
0.216667 82 158 10 9
0.223333 85 117 26 9
0.23 80 134 17 2
0.236667 80 145 11 4
0.243333 92 121 12 6
0.25 67 115 10 2
0.256667 59 107 10 5
0.263333 71 113 11 5
0.27 66 106 7 6
0.276667 68 107 13 5
0.283333 53 105 15 4
0.29 47 106 11 3
0.296667 63 77 4 3
0.303333 48 87 9 9
0.31 68 90 13 6
0.316667 62 73 2 4
0.323333 57 97 5 3
0.33 47 75 11 4
0.336667 55 76 6 7
0.343333 48 89 9 3
0.35 45 83 8 5
0.356667 50 70 7 3
0.363333 51 83 6 2
0.37 35 55 9 1
0.376667 51 67 11 5
0.383333 52 63 8 6
0.39 39 63 7 2
0.396667 46 53 6 3
0.403333 34 75 11 6
0.41 39 74 7 2
0.416667 36 55 6 3
0.423333 28 48 12 3
0.43 31 49 7 3
0.436667 29 64 5 1
0.443333 41 59 8 6
0.45 42 52 3 3
0.456667 32 49 8 5
0.463333 38 63 1 5
0.47 35 66 5 4
0.476667 37 47 9 4
0.483333 25 38 4 1
0.49 20 41 7 1
0.496667 21 35 5 0
0.503333 28 40 7 2
0.51 22 31 7 2
0.516667 20 41 7 4
0.523333 14 28 5 1
0.53 26 28 2 3
0.536667 23 22 2 2
0.543333 24 27 3 1
0.55 15 32 1 3
0.556667 20 23 4 1
0.563333 9 32 1 3
0.57 16 36 3 2
0.576667 14 31 5 0
0.583333 16 27 6 2
0.59 13 28 5 5
0.596667 24 24 1 1
0.603333 17 30 2 3
0.61 13 27 3 3
0.616667 14 21 10 0
0.623333 20 30 2 2
0.63 22 25 3 0
0.636667 16 28 5 1
0.643333 15 26 5 1
0.65 15 19 4 5
0.656667 9 22 6 2
0.663333 997 1517 103 52
0.67 0 0 0 0
0.676667 0 0 0 0
0.683333 0 0 0 0
0.69 0 0 0 0
0.696667 0 0 0 0
0.703333 0 0 0 0
0.71 0 0 0 0
0.716667 0 0 0 0
0.723333 0 0 0 0
0.73 0 0 0 0
0.736667 0 0 0 0
0.743333 0 0 0 0
0.75 0 0 0 0
0.756667 0 0 0 0
0.763333 0 0 0 0
0.77 0 0 0 0
0.776667 0 0 0 0
0.783333 0 0 0 0
0.79 0 0 0 0
0.796667 0 0 0 0
0.803333 0 0 0 0
0.81 0 0 0 0
0.816667 0 0 0 0
0.823333 0 0 0 0
0.83 0 0 0 0
0.836667 0 0 0 0
0.843333 0 0 0 0
0.85 0 0 0 0
0.856667 0 0 0 0
0.863333 0 0 0 0
0.87 0 0 0 0
0.876667 0 0 0 0
0.883333 0 0 0 0
0.89 0 0 0 0
0.896667 0 0 0 0
0.903333 0 0 0 0
0.91 0 0 0 0
0.916667 0 0 0 0
0.923333 0 0 0 0
0.93 0 0 0 0
0.936667 0 0 0 0
0.943333 0 0 0 0
0.95 0 0 0 0
0.956667 0 0 0 0
0.963333 0 0 0 0
0.97 0 0 0 0
0.976667 0 0 0 0
0.983333 0 0 0 0
0.99 0 0 0 0
0.996667 0 0 0 0
1.00333 0 0 0 0
1.01 0 0 0 0
1.01667 0 0 0 0
1.02333 0 0 0 0
1.03 0 0 0 0
1.03667 0 0 0 0
1.04333 0 0 0 0
1.05 0 0 0 0
1.05667 0 0 0 0
1.06333 0 0 0 0
1.07 0 0 0 0
1.07667 0 0 0 0
1.08333 0 0 0 0
1.09 0 0 0 0
1.09667 0 0 0 0
1.10333 0 0 0 0
1.11 0 0 0 0
1.11667 0 0 0 0
1.12333 0 0 0 0
1.13 0 0 0 0
1.13667 0 0 0 0
1.14333 0 0 0 0
1.15 0 0 0 0
1.15667 0 0 0 0
1.16333 0 0 0 0
1.17 0 0 0 0
1.17667 0 0 0 0
1.18333 0 0 0 0
1.19 0 0 0 0
1.19667 0 0 0 0
1.20333 0 0 0 0
1.21 0 0 0 0
1.21667 0 0 0 0
1.22333 0 0 0 0
1.23 0 0 0 0
1.23667 0 0 0 0
1.24333 0 0 0 0
1.25 0 0 0 0
1.25667 0 0 0 0
1.26333 0 0 0 0
1.27 0 0 0 0
1.27667 0 0 0 0
1.28333 0 0 0 0
1.29 0 0 0 0
1.29667 0 0 0 0
1.30333 0 0 0 0
1.31 0 0 0 0
1.31667 0 0 0 0
1.32333 0 0 0 0
1.33 0 0 0 0
1.33667 0 0 0 0
1.34333 0 0 0 0
1.35 0 0 0 0
1.35667 0 0 0 0
1.36333 0 0 0 0
1.37 0 0 0 0
1.37667 0 0 0 0
1.38333 0 0 0 0
1.39 0 0 0 0
1.39667 0 0 0 0
1.40333 0 0 0 0
1.41 0 0 0 0
1.41667 0 0 0 0
1.42333 0 0 0 0
1.43 0 0 0 0
1.43667 0 0 0 0
1.44333 0 0 0 0
1.45 0 0 0 0
1.45667 0 0 0 0
1.46333 0 0 0 0
1.47 0 0 0 0
1.47667 0 0 0 0
1.48333 0 0 0 0
1.49 0 0 0 0
1.49667 0 0 0 0
1.50333 0 0 0 0
1.51 0 0 0 0
1.51667 0 0 0 0
1.52333 0 0 0 0
1.53 0 0 0 0
1.53667 0 0 0 0
1.54333 0 0 0 0
1.55 0 0 0 0
1.55667 0 0 0 0
1.56333 0 0 0 0
1.57 0 0 0 0
1.57667 0 0 0 0
1.58333 0 0 0 0
1.59 0 0 0 0
1.59667 0 0 0 0
1.60333 0 0 0 0
1.61 0 0 0 0
1.61667 0 0 0 0
1.62333 0 0 0 0
1.63 0 0 0 0
1.63667 0 0 0 0
1.64333 0 0 0 0
1.65 0 0 0 0
1.65667 0 0 0 0
1.66333 0 0 0 0
1.67 0 0 0 0
1.67667 0 0 0 0
1.68333 0 0 0 0
1.69 0 0 0 0
1.69667 0 0 0 0
1.70333 0 0 0 0
1.71 0 0 0 0
1.71667 0 0 0 0
1.72333 0 0 0 0
1.73 0 0 0 0
1.73667 0 0 0 0
1.74333 0 0 0 0
1.75 0 0 0 0
1.75667 0 0 0 0
1.76333 0 0 0 0
1.77 0 0 0 0
1.77667 0 0 0 0
1.78333 0 0 0 0
1.79 0 0 0 0
1.79667 0 0 0 0
1.80333 0 0 0 0
1.81 0 0 0 0
1.81667 0 0 0 0
1.82333 0 0 0 0
1.83 0 0 0 0
1.83667 0 0 0 0
1.84333 0 0 0 0
1.85 0 0 0 0
1.85667 0 0 0 0
1.86333 0 0 0 0
1.87 0 0 0 0
1.87667 0 0 0 0
1.88333 0 0 0 0
1.89 0 0 0 0
1.89667 0 0 0 0
1.90333 0 0 0 0
1.91 0 0 0 0
1.91667 0 0 0 0
1.92333 0 0 0 0
1.93 0 0 0 0
1.93667 0 0 0 0
1.94333 0 0 0 0
1.95 0 0 0 0
1.95667 0 0 0 0
1.96333 0 0 0 0
1.97 0 0 0 0
1.97667 0 0 0 0
1.98333 0 0 0 0
1.99 0 0 0 0
1.99667 0 0 0 0
