0.00333333 38 28 1 0
0.01 51 33 1 1
0.0166667 66 41 3 2
0.0233333 64 35 2 1
0.03 71 45 1 1
0.0366667 90 68 5 1
0.0433333 106 72 4 0
0.05 146 88 4 0
0.0566667 171 97 4 1
0.0633333 178 110 6 4
0.07 196 145 6 3
0.0766667 201 136 8 2
0.0833333 187 143 7 2
0.09 195 162 8 4
0.0966667 184 149 8 0
0.103333 179 134 6 2
0.11 204 137 7 3
0.116667 196 135 11 2
0.123333 171 120 10 1
0.13 201 138 6 3
0.136667 184 106 5 4
0.143333 151 116 4 1
0.15 154 101 7 2
0.156667 155 141 3 1
0.163333 152 105 7 3
0.17 131 83 3 2
0.176667 148 110 9 3
0.183333 132 97 5 2
0.19 144 123 4 2
0.196667 140 103 4 1
0.203333 127 104 5 1
0.21 136 110 4 3
0.216667 136 105 8 0
0.223333 125 101 7 1
0.23 105 91 8 2
0.236667 136 95 8 5
0.243333 126 78 4 2
0.25 95 76 3 0
0.256667 110 71 10 2
0.263333 114 61 4 1
0.27 95 53 7 1
0.276667 102 80 8 2
0.283333 94 64 3 0
0.29 86 66 3 0
0.296667 97 65 0 2
0.303333 94 77 5 1
0.31 72 52 0 0
0.316667 88 65 4 2
0.323333 82 53 3 2
0.33 81 59 1 2
0.336667 69 48 4 0
0.343333 77 44 3 1
0.35 55 61 5 1
0.356667 58 47 4 2
0.363333 68 63 6 1
0.37 62 41 1 2
0.376667 46 45 5 1
0.383333 58 48 2 0
0.39 56 39 3 0
0.396667 72 44 5 1
0.403333 68 39 2 1
0.41 53 40 4 0
0.416667 54 44 1 1
0.423333 53 41 3 0
0.43 59 34 1 0
0.436667 51 44 2 0
0.443333 50 36 3 0
0.45 52 37 5 1
0.456667 45 44 5 1
0.463333 42 27 3 2
0.47 62 26 1 0
0.476667 45 45 4 1
0.483333 36 29 3 0
0.49 31 25 4 1
0.496667 40 20 0 1
0.503333 43 24 6 1
0.51 35 30 2 0
0.516667 30 19 1 0
0.523333 36 18 0 0
0.53 35 14 3 0
0.536667 33 23 0 1
0.543333 30 22 0 0
0.55 26 20 2 2
0.556667 35 16 3 0
0.563333 33 15 1 0
0.57 37 22 2 1
0.576667 31 13 1 0
0.583333 28 30 1 1
0.59 40 24 5 0
0.596667 25 22 2 0
0.603333 26 19 0 0
0.61 25 18 2 1
0.616667 25 13 1 1
0.623333 30 27 2 0
0.63 28 16 1 2
0.636667 32 30 2 0
0.643333 24 14 1 0
0.65 27 22 2 1
0.656667 28 17 1 0
0.663333 1432 1018 54 12
0.67 0 0 0 0
0.676667 0 0 0 0
0.683333 0 0 0 0
0.69 0 0 0 0
0.696667 0 0 0 0
0.703333 0 0 0 0
0.71 0 0 0 0
0.716667 0 0 0 0
0.723333 0 0 0 0
0.73 0 0 0 0
0.736667 0 0 0 0
0.743333 0 0 0 0
0.75 0 0 0 0
0.756667 0 0 0 0
0.763333 0 0 0 0
0.77 0 0 0 0
0.776667 0 0 0 0
0.783333 0 0 0 0
0.79 0 0 0 0
0.796667 0 0 0 0
0.803333 0 0 0 0
0.81 0 0 0 0
0.816667 0 0 0 0
0.823333 0 0 0 0
0.83 0 0 0 0
0.836667 0 0 0 0
0.843333 0 0 0 0
0.85 0 0 0 0
0.856667 0 0 0 0
0.863333 0 0 0 0
0.87 0 0 0 0
0.876667 0 0 0 0
0.883333 0 0 0 0
0.89 0 0 0 0
0.896667 0 0 0 0
0.903333 0 0 0 0
0.91 0 0 0 0
0.916667 0 0 0 0
0.923333 0 0 0 0
0.93 0 0 0 0
0.936667 0 0 0 0
0.943333 0 0 0 0
0.95 0 0 0 0
0.956667 0 0 0 0
0.963333 0 0 0 0
0.97 0 0 0 0
0.976667 0 0 0 0
0.983333 0 0 0 0
0.99 0 0 0 0
0.996667 0 0 0 0
1.00333 0 0 0 0
1.01 0 0 0 0
1.01667 0 0 0 0
1.02333 0 0 0 0
1.03 0 0 0 0
1.03667 0 0 0 0
1.04333 0 0 0 0
1.05 0 0 0 0
1.05667 0 0 0 0
1.06333 0 0 0 0
1.07 0 0 0 0
1.07667 0 0 0 0
1.08333 0 0 0 0
1.09 0 0 0 0
1.09667 0 0 0 0
1.10333 0 0 0 0
1.11 0 0 0 0
1.11667 0 0 0 0
1.12333 0 0 0 0
1.13 0 0 0 0
1.13667 0 0 0 0
1.14333 0 0 0 0
1.15 0 0 0 0
1.15667 0 0 0 0
1.16333 0 0 0 0
1.17 0 0 0 0
1.17667 0 0 0 0
1.18333 0 0 0 0
1.19 0 0 0 0
1.19667 0 0 0 0
1.20333 0 0 0 0
1.21 0 0 0 0
1.21667 0 0 0 0
1.22333 0 0 0 0
1.23 0 0 0 0
1.23667 0 0 0 0
1.24333 0 0 0 0
1.25 0 0 0 0
1.25667 0 0 0 0
1.26333 0 0 0 0
1.27 0 0 0 0
1.27667 0 0 0 0
1.28333 0 0 0 0
1.29 0 0 0 0
1.29667 0 0 0 0
1.30333 0 0 0 0
1.31 0 0 0 0
1.31667 0 0 0 0
1.32333 0 0 0 0
1.33 0 0 0 0
1.33667 0 0 0 0
1.34333 0 0 0 0
1.35 0 0 0 0
1.35667 0 0 0 0
1.36333 0 0 0 0
1.37 0 0 0 0
1.37667 0 0 0 0
1.38333 0 0 0 0
1.39 0 0 0 0
1.39667 0 0 0 0
1.40333 0 0 0 0
1.41 0 0 0 0
1.41667 0 0 0 0
1.42333 0 0 0 0
1.43 0 0 0 0
1.43667 0 0 0 0
1.44333 0 0 0 0
1.45 0 0 0 0
1.45667 0 0 0 0
1.46333 0 0 0 0
1.47 0 0 0 0
1.47667 0 0 0 0
1.48333 0 0 0 0
1.49 0 0 0 0
1.49667 0 0 0 0
1.50333 0 0 0 0
1.51 0 0 0 0
1.51667 0 0 0 0
1.52333 0 0 0 0
1.53 0 0 0 0
1.53667 0 0 0 0
1.54333 0 0 0 0
1.55 0 0 0 0
1.55667 0 0 0 0
1.56333 0 0 0 0
1.57 0 0 0 0
1.57667 0 0 0 0
1.58333 0 0 0 0
1.59 0 0 0 0
1.59667 0 0 0 0
1.60333 0 0 0 0
1.61 0 0 0 0
1.61667 0 0 0 0
1.62333 0 0 0 0
1.63 0 0 0 0
1.63667 0 0 0 0
1.64333 0 0 0 0
1.65 0 0 0 0
1.65667 0 0 0 0
1.66333 0 0 0 0
1.67 0 0 0 0
1.67667 0 0 0 0
1.68333 0 0 0 0
1.69 0 0 0 0
1.69667 0 0 0 0
1.70333 0 0 0 0
1.71 0 0 0 0
1.71667 0 0 0 0
1.72333 0 0 0 0
1.73 0 0 0 0
1.73667 0 0 0 0
1.74333 0 0 0 0
1.75 0 0 0 0
1.75667 0 0 0 0
1.76333 0 0 0 0
1.77 0 0 0 0
1.77667 0 0 0 0
1.78333 0 0 0 0
1.79 0 0 0 0
1.79667 0 0 0 0
1.80333 0 0 0 0
1.81 0 0 0 0
1.81667 0 0 0 0
1.82333 0 0 0 0
1.83 0 0 0 0
1.83667 0 0 0 0
1.84333 0 0 0 0
1.85 0 0 0 0
1.85667 0 0 0 0
1.86333 0 0 0 0
1.87 0 0 0 0
1.87667 0 0 0 0
1.88333 0 0 0 0
1.89 0 0 0 0
1.89667 0 0 0 0
1.90333 0 0 0 0
1.91 0 0 0 0
1.91667 0 0 0 0
1.92333 0 0 0 0
1.93 0 0 0 0
1.93667 0 0 0 0
1.94333 0 0 0 0
1.95 0 0 0 0
1.95667 0 0 0 0
1.96333 0 0 0 0
1.97 0 0 0 0
1.97667 0 0 0 0
1.98333 0 0 0 0
1.99 0 0 0 0
1.99667 0 0 0 0
