0.00333333 34 64 4 0
0.01 42 70 2 1
0.0166667 32 72 3 3
0.0233333 62 78 4 1
0.03 61 93 4 4
0.0366667 85 116 3 4
0.0433333 105 149 5 0
0.05 137 149 8 4
0.0566667 134 187 12 2
0.0633333 143 180 14 9
0.07 173 244 13 2
0.0766667 193 239 13 3
0.0833333 182 262 12 3
0.09 199 295 12 5
0.0966667 197 277 19 5
0.103333 183 258 8 5
0.11 188 248 15 1
0.116667 186 234 15 5
0.123333 169 254 18 5
0.13 169 253 10 4
0.136667 147 206 8 6
0.143333 156 195 10 1
0.15 141 203 14 2
0.156667 136 228 10 6
0.163333 136 209 3 2
0.17 132 193 10 6
0.176667 133 198 10 2
0.183333 123 201 7 0
0.19 134 202 7 3
0.196667 135 201 9 2
0.203333 128 227 6 2
0.21 131 178 7 1
0.216667 106 188 9 0
0.223333 104 183 5 4
0.23 93 162 12 2
0.236667 88 155 11 2
0.243333 94 155 10 1
0.25 95 148 8 1
0.256667 84 129 13 3
0.263333 92 129 3 3
0.27 89 110 5 1
0.276667 100 122 9 2
0.283333 68 100 5 0
0.29 78 111 4 1
0.296667 67 116 5 3
0.303333 66 120 3 0
0.31 61 109 7 2
0.316667 75 116 7 2
0.323333 72 95 2 2
0.33 61 97 4 1
0.336667 50 97 7 0
0.343333 53 92 4 1
0.35 56 84 10 1
0.356667 56 87 5 1
0.363333 52 83 5 0
0.37 53 74 6 2
0.376667 51 89 2 4
0.383333 53 82 3 0
0.39 43 73 5 0
0.396667 40 72 5 1
0.403333 59 73 7 0
0.41 57 95 7 1
0.416667 52 69 2 1
0.423333 44 61 8 1
0.43 44 64 7 2
0.436667 51 69 5 2
0.443333 52 72 5 0
0.45 45 71 6 0
0.456667 39 86 7 0
0.463333 52 88 6 3
0.47 51 71 4 2
0.476667 28 79 3 1
0.483333 32 51 3 0
0.49 37 43 2 1
0.496667 29 37 1 2
0.503333 37 32 4 2
0.51 28 47 4 0
0.516667 28 32 6 0
0.523333 25 38 2 0
0.53 25 33 3 0
0.536667 37 42 1 1
0.543333 27 25 4 0
0.55 32 28 0 0
0.556667 26 30 0 1
0.563333 23 44 2 2
0.57 24 36 4 0
0.576667 22 36 6 0
0.583333 30 31 1 1
0.59 26 37 2 1
0.596667 19 29 1 1
0.603333 22 36 2 1
0.61 30 34 4 1
0.616667 21 37 2 2
0.623333 25 32 6 1
0.63 21 36 0 1
0.636667 21 49 0 1
0.643333 20 32 5 0
0.65 26 26 0 0
0.656667 17 31 2 0
0.663333 1187 2243 68 17
0.67 0 0 0 0
0.676667 0 0 0 0
0.683333 0 0 0 0
0.69 0 0 0 0
0.696667 0 0 0 0
0.703333 0 0 0 0
0.71 0 0 0 0
0.716667 0 0 0 0
0.723333 0 0 0 0
0.73 0 0 0 0
0.736667 0 0 0 0
0.743333 0 0 0 0
0.75 0 0 0 0
0.756667 0 0 0 0
0.763333 0 0 0 0
0.77 0 0 0 0
0.776667 0 0 0 0
0.783333 0 0 0 0
0.79 0 0 0 0
0.796667 0 0 0 0
0.803333 0 0 0 0
0.81 0 0 0 0
0.816667 0 0 0 0
0.823333 0 0 0 0
0.83 0 0 0 0
0.836667 0 0 0 0
0.843333 0 0 0 0
0.85 0 0 0 0
0.856667 0 0 0 0
0.863333 0 0 0 0
0.87 0 0 0 0
0.876667 0 0 0 0
0.883333 0 0 0 0
0.89 0 0 0 0
0.896667 0 0 0 0
0.903333 0 0 0 0
0.91 0 0 0 0
0.916667 0 0 0 0
0.923333 0 0 0 0
0.93 0 0 0 0
0.936667 0 0 0 0
0.943333 0 0 0 0
0.95 0 0 0 0
0.956667 0 0 0 0
0.963333 0 0 0 0
0.97 0 0 0 0
0.976667 0 0 0 0
0.983333 0 0 0 0
0.99 0 0 0 0
0.996667 0 0 0 0
1.00333 0 0 0 0
1.01 0 0 0 0
1.01667 0 0 0 0
1.02333 0 0 0 0
1.03 0 0 0 0
1.03667 0 0 0 0
1.04333 0 0 0 0
1.05 0 0 0 0
1.05667 0 0 0 0
1.06333 0 0 0 0
1.07 0 0 0 0
1.07667 0 0 0 0
1.08333 0 0 0 0
1.09 0 0 0 0
1.09667 0 0 0 0
1.10333 0 0 0 0
1.11 0 0 0 0
1.11667 0 0 0 0
1.12333 0 0 0 0
1.13 0 0 0 0
1.13667 0 0 0 0
1.14333 0 0 0 0
1.15 0 0 0 0
1.15667 0 0 0 0
1.16333 0 0 0 0
1.17 0 0 0 0
1.17667 0 0 0 0
1.18333 0 0 0 0
1.19 0 0 0 0
1.19667 0 0 0 0
1.20333 0 0 0 0
1.21 0 0 0 0
1.21667 0 0 0 0
1.22333 0 0 0 0
1.23 0 0 0 0
1.23667 0 0 0 0
1.24333 0 0 0 0
1.25 0 0 0 0
1.25667 0 0 0 0
1.26333 0 0 0 0
1.27 0 0 0 0
1.27667 0 0 0 0
1.28333 0 0 0 0
1.29 0 0 0 0
1.29667 0 0 0 0
1.30333 0 0 0 0
1.31 0 0 0 0
1.31667 0 0 0 0
1.32333 0 0 0 0
1.33 0 0 0 0
1.33667 0 0 0 0
1.34333 0 0 0 0
1.35 0 0 0 0
1.35667 0 0 0 0
1.36333 0 0 0 0
1.37 0 0 0 0
1.37667 0 0 0 0
1.38333 0 0 0 0
1.39 0 0 0 0
1.39667 0 0 0 0
1.40333 0 0 0 0
1.41 0 0 0 0
1.41667 0 0 0 0
1.42333 0 0 0 0
1.43 0 0 0 0
1.43667 0 0 0 0
1.44333 0 0 0 0
1.45 0 0 0 0
1.45667 0 0 0 0
1.46333 0 0 0 0
1.47 0 0 0 0
1.47667 0 0 0 0
1.48333 0 0 0 0
1.49 0 0 0 0
1.49667 0 0 0 0
1.50333 0 0 0 0
1.51 0 0 0 0
1.51667 0 0 0 0
1.52333 0 0 0 0
1.53 0 0 0 0
1.53667 0 0 0 0
1.54333 0 0 0 0
1.55 0 0 0 0
1.55667 0 0 0 0
1.56333 0 0 0 0
1.57 0 0 0 0
1.57667 0 0 0 0
1.58333 0 0 0 0
1.59 0 0 0 0
1.59667 0 0 0 0
1.60333 0 0 0 0
1.61 0 0 0 0
1.61667 0 0 0 0
1.62333 0 0 0 0
1.63 0 0 0 0
1.63667 0 0 0 0
1.64333 0 0 0 0
1.65 0 0 0 0
1.65667 0 0 0 0
1.66333 0 0 0 0
1.67 0 0 0 0
1.67667 0 0 0 0
1.68333 0 0 0 0
1.69 0 0 0 0
1.69667 0 0 0 0
1.70333 0 0 0 0
1.71 0 0 0 0
1.71667 0 0 0 0
1.72333 0 0 0 0
1.73 0 0 0 0
1.73667 0 0 0 0
1.74333 0 0 0 0
1.75 0 0 0 0
1.75667 0 0 0 0
1.76333 0 0 0 0
1.77 0 0 0 0
1.77667 0 0 0 0
1.78333 0 0 0 0
1.79 0 0 0 0
1.79667 0 0 0 0
1.80333 0 0 0 0
1.81 0 0 0 0
1.81667 0 0 0 0
1.82333 0 0 0 0
1.83 0 0 0 0
1.83667 0 0 0 0
1.84333 0 0 0 0
1.85 0 0 0 0
1.85667 0 0 0 0
1.86333 0 0 0 0
1.87 0 0 0 0
1.87667 0 0 0 0
1.88333 0 0 0 0
1.89 0 0 0 0
1.89667 0 0 0 0
1.90333 0 0 0 0
1.91 0 0 0 0
1.91667 0 0 0 0
1.92333 0 0 0 0
1.93 0 0 0 0
1.93667 0 0 0 0
1.94333 0 0 0 0
1.95 0 0 0 0
1.95667 0 0 0 0
1.96333 0 0 0 0
1.97 0 0 0 0
1.97667 0 0 0 0
1.98333 0 0 0 0
1.99 0 0 0 0
1.99667 0 0 0 0
