0.00333333 0 2 62 19
0.01 0 0 70 19
0.0166667 1 3 73 23
0.0233333 0 3 65 22
0.03 1 2 71 25
0.0366667 0 2 86 49
0.0433333 0 2 94 46
0.05 1 3 147 57
0.0566667 1 5 121 67
0.0633333 1 4 132 81
0.07 0 6 133 63
0.0766667 0 6 149 68
0.0833333 0 8 177 85
0.09 2 4 151 85
0.0966667 0 3 153 67
0.103333 5 7 189 75
0.11 1 6 148 88
0.116667 0 4 169 72
0.123333 2 3 152 69
0.13 0 5 195 71
0.136667 0 6 156 57
0.143333 1 2 168 62
0.15 0 6 162 53
0.156667 2 2 140 59
0.163333 0 4 162 50
0.17 1 6 139 48
0.176667 1 2 147 38
0.183333 0 4 154 43
0.19 0 3 184 59
0.196667 1 4 173 45
0.203333 0 3 153 35
0.21 0 2 181 52
0.216667 1 3 155 40
0.223333 1 1 151 54
0.23 0 5 146 36
0.236667 1 2 146 34
0.243333 0 3 122 44
0.25 3 2 113 34
0.256667 2 6 127 38
0.263333 1 2 118 30
0.27 1 4 86 37
0.276667 0 1 110 38
0.283333 1 3 109 46
0.29 2 4 80 39
0.296667 1 4 95 42
0.303333 1 1 107 24
0.31 0 2 102 34
0.316667 1 5 98 32
0.323333 0 4 93 33
0.33 0 3 101 27
0.336667 0 2 98 31
0.343333 1 3 87 25
0.35 1 2 83 27
0.356667 0 4 70 23
0.363333 0 2 83 31
0.37 0 1 80 20
0.376667 1 2 90 29
0.383333 0 1 72 26
0.39 0 4 71 22
0.396667 0 1 73 32
0.403333 1 0 78 31
0.41 0 1 61 26
0.416667 0 2 59 31
0.423333 0 1 85 17
0.43 1 3 60 22
0.436667 0 1 66 29
0.443333 3 1 77 22
0.45 0 1 68 27
0.456667 0 2 59 26
0.463333 0 3 72 20
0.47 0 3 84 20
0.476667 2 2 65 15
0.483333 1 1 45 19
0.49 0 0 39 18
0.496667 0 2 39 17
0.503333 0 2 38 22
0.51 0 4 30 13
0.516667 1 7 30 21
0.523333 0 0 34 9
0.53 0 0 34 16
0.536667 1 0 33 19
0.543333 0 0 18 16
0.55 0 3 37 12
0.556667 1 2 30 14
0.563333 0 2 37 15
0.57 0 0 34 28
0.576667 0 0 25 11
0.583333 1 1 24 16
0.59 0 0 36 6
0.596667 0 2 26 10
0.603333 0 1 34 19
0.61 0 0 26 14
0.616667 0 1 34 15
0.623333 1 2 27 15
0.63 0 1 30 15
0.636667 0 0 31 16
0.643333 1 0 25 11
0.65 1 1 26 9
0.656667 0 3 31 13
0.663333 6 20 2830 463
0.67 0 0 0 0
0.676667 0 0 0 0
0.683333 0 0 0 0
0.69 0 0 0 0
0.696667 0 0 0 0
0.703333 0 0 0 0
0.71 0 0 0 0
0.716667 0 0 0 0
0.723333 0 0 0 0
0.73 0 0 0 0
0.736667 0 0 0 0
0.743333 0 0 0 0
0.75 0 0 0 0
0.756667 0 0 0 0
0.763333 0 0 0 0
0.77 0 0 0 0
0.776667 0 0 0 0
0.783333 0 0 0 0
0.79 0 0 0 0
0.796667 0 0 0 0
0.803333 0 0 0 0
0.81 0 0 0 0
0.816667 0 0 0 0
0.823333 0 0 0 0
0.83 0 0 0 0
0.836667 0 0 0 0
0.843333 0 0 0 0
0.85 0 0 0 0
0.856667 0 0 0 0
0.863333 0 0 0 0
0.87 0 0 0 0
0.876667 0 0 0 0
0.883333 0 0 0 0
0.89 0 0 0 0
0.896667 0 0 0 0
0.903333 0 0 0 0
0.91 0 0 0 0
0.916667 0 0 0 0
0.923333 0 0 0 0
0.93 0 0 0 0
0.936667 0 0 0 0
0.943333 0 0 0 0
0.95 0 0 0 0
0.956667 0 0 0 0
0.963333 0 0 0 0
0.97 0 0 0 0
0.976667 0 0 0 0
0.983333 0 0 0 0
0.99 0 0 0 0
0.996667 0 0 0 0
1.00333 0 0 0 0
1.01 0 0 0 0
1.01667 0 0 0 0
1.02333 0 0 0 0
1.03 0 0 0 0
1.03667 0 0 0 0
1.04333 0 0 0 0
1.05 0 0 0 0
1.05667 0 0 0 0
1.06333 0 0 0 0
1.07 0 0 0 0
1.07667 0 0 0 0
1.08333 0 0 0 0
1.09 0 0 0 0
1.09667 0 0 0 0
1.10333 0 0 0 0
1.11 0 0 0 0
1.11667 0 0 0 0
1.12333 0 0 0 0
1.13 0 0 0 0
1.13667 0 0 0 0
1.14333 0 0 0 0
1.15 0 0 0 0
1.15667 0 0 0 0
1.16333 0 0 0 0
1.17 0 0 0 0
1.17667 0 0 0 0
1.18333 0 0 0 0
1.19 0 0 0 0
1.19667 0 0 0 0
1.20333 0 0 0 0
1.21 0 0 0 0
1.21667 0 0 0 0
1.22333 0 0 0 0
1.23 0 0 0 0
1.23667 0 0 0 0
1.24333 0 0 0 0
1.25 0 0 0 0
1.25667 0 0 0 0
1.26333 0 0 0 0
1.27 0 0 0 0
1.27667 0 0 0 0
1.28333 0 0 0 0
1.29 0 0 0 0
1.29667 0 0 0 0
1.30333 0 0 0 0
1.31 0 0 0 0
1.31667 0 0 0 0
1.32333 0 0 0 0
1.33 0 0 0 0
1.33667 0 0 0 0
1.34333 0 0 0 0
1.35 0 0 0 0
1.35667 0 0 0 0
1.36333 0 0 0 0
1.37 0 0 0 0
1.37667 0 0 0 0
1.38333 0 0 0 0
1.39 0 0 0 0
1.39667 0 0 0 0
1.40333 0 0 0 0
1.41 0 0 0 0
1.41667 0 0 0 0
1.42333 0 0 0 0
1.43 0 0 0 0
1.43667 0 0 0 0
1.44333 0 0 0 0
1.45 0 0 0 0
1.45667 0 0 0 0
1.46333 0 0 0 0
1.47 0 0 0 0
1.47667 0 0 0 0
1.48333 0 0 0 0
1.49 0 0 0 0
1.49667 0 0 0 0
1.50333 0 0 0 0
1.51 0 0 0 0
1.51667 0 0 0 0
1.52333 0 0 0 0
1.53 0 0 0 0
1.53667 0 0 0 0
1.54333 0 0 0 0
1.55 0 0 0 0
1.55667 0 0 0 0
1.56333 0 0 0 0
1.57 0 0 0 0
1.57667 0 0 0 0
1.58333 0 0 0 0
1.59 0 0 0 0
1.59667 0 0 0 0
1.60333 0 0 0 0
1.61 0 0 0 0
1.61667 0 0 0 0
1.62333 0 0 0 0
1.63 0 0 0 0
1.63667 0 0 0 0
1.64333 0 0 0 0
1.65 0 0 0 0
1.65667 0 0 0 0
1.66333 0 0 0 0
1.67 0 0 0 0
1.67667 0 0 0 0
1.68333 0 0 0 0
1.69 0 0 0 0
1.69667 0 0 0 0
1.70333 0 0 0 0
1.71 0 0 0 0
1.71667 0 0 0 0
1.72333 0 0 0 0
1.73 0 0 0 0
1.73667 0 0 0 0
1.74333 0 0 0 0
1.75 0 0 0 0
1.75667 0 0 0 0
1.76333 0 0 0 0
1.77 0 0 0 0
1.77667 0 0 0 0
1.78333 0 0 0 0
1.79 0 0 0 0
1.79667 0 0 0 0
1.80333 0 0 0 0
1.81 0 0 0 0
1.81667 0 0 0 0
1.82333 0 0 0 0
1.83 0 0 0 0
1.83667 0 0 0 0
1.84333 0 0 0 0
1.85 0 0 0 0
1.85667 0 0 0 0
1.86333 0 0 0 0
1.87 0 0 0 0
1.87667 0 0 0 0
1.88333 0 0 0 0
1.89 0 0 0 0
1.89667 0 0 0 0
1.90333 0 0 0 0
1.91 0 0 0 0
1.91667 0 0 0 0
1.92333 0 0 0 0
1.93 0 0 0 0
1.93667 0 0 0 0
1.94333 0 0 0 0
1.95 0 0 0 0
1.95667 0 0 0 0
1.96333 0 0 0 0
1.97 0 0 0 0
1.97667 0 0 0 0
1.98333 0 0 0 0
1.99 0 0 0 0
1.99667 0 0 0 0
