0.00333333 0 1 17 78
0.01 0 1 26 69
0.0166667 1 3 23 77
0.0233333 0 2 33 82
0.03 1 1 29 85
0.0366667 0 4 49 93
0.0433333 1 0 57 135
0.05 2 5 78 170
0.0566667 0 4 86 196
0.0633333 1 5 92 244
0.07 4 3 96 247
0.0766667 1 2 102 225
0.0833333 2 4 106 245
0.09 0 5 102 270
0.0966667 2 5 92 247
0.103333 2 6 85 255
0.11 3 8 72 294
0.116667 3 4 90 255
0.123333 2 3 73 264
0.13 2 3 72 260
0.136667 1 3 71 260
0.143333 1 2 80 216
0.15 2 1 77 253
0.156667 2 2 69 214
0.163333 2 2 72 203
0.17 5 2 57 217
0.176667 2 4 63 205
0.183333 2 1 61 201
0.19 3 8 59 248
0.196667 1 2 64 257
0.203333 2 1 51 204
0.21 0 2 69 189
0.216667 0 3 58 201
0.223333 2 1 55 186
0.23 3 2 43 204
0.236667 0 1 54 186
0.243333 4 0 53 185
0.25 0 1 46 160
0.256667 1 4 41 164
0.263333 0 2 49 136
0.27 1 3 36 170
0.276667 1 3 48 144
0.283333 1 3 45 152
0.29 0 1 36 128
0.296667 2 2 33 128
0.303333 3 1 29 125
0.31 0 2 39 115
0.316667 0 4 31 120
0.323333 2 1 40 118
0.33 2 2 46 104
0.336667 1 4 31 114
0.343333 0 2 41 101
0.35 1 4 46 120
0.356667 1 2 27 100
0.363333 0 3 27 94
0.37 3 4 25 106
0.376667 1 1 33 83
0.383333 0 1 37 107
0.39 1 1 25 80
0.396667 0 0 24 99
0.403333 0 4 26 76
0.41 2 4 28 94
0.416667 0 2 30 91
0.423333 1 0 26 67
0.43 0 0 28 91
0.436667 2 2 30 81
0.443333 0 0 26 82
0.45 0 3 27 97
0.456667 1 2 31 88
0.463333 2 3 21 92
0.47 1 2 24 95
0.476667 0 1 14 69
0.483333 1 2 16 38
0.49 0 2 14 56
0.496667 0 1 12 44
0.503333 0 1 19 43
0.51 0 0 17 54
0.516667 0 1 17 33
0.523333 0 1 17 41
0.53 0 0 18 44
0.536667 1 1 16 46
0.543333 0 1 18 32
0.55 0 0 17 38
0.556667 0 1 14 49
0.563333 1 0 12 41
0.57 2 1 12 40
0.576667 0 1 11 34
0.583333 0 2 15 35
0.59 1 2 11 35
0.596667 0 1 14 29
0.603333 1 1 18 40
0.61 1 0 15 36
0.616667 0 1 12 49
0.623333 1 0 12 26
0.63 1 0 13 40
0.636667 1 0 17 43
0.643333 0 1 10 31
0.65 0 1 21 42
0.656667 3 0 12 28
0.663333 16 14 493 2730
0.67 0 0 0 0
0.676667 0 0 0 0
0.683333 0 0 0 0
0.69 0 0 0 0
0.696667 0 0 0 0
0.703333 0 0 0 0
0.71 0 0 0 0
0.716667 0 0 0 0
0.723333 0 0 0 0
0.73 0 0 0 0
0.736667 0 0 0 0
0.743333 0 0 0 0
0.75 0 0 0 0
0.756667 0 0 0 0
0.763333 0 0 0 0
0.77 0 0 0 0
0.776667 0 0 0 0
0.783333 0 0 0 0
0.79 0 0 0 0
0.796667 0 0 0 0
0.803333 0 0 0 0
0.81 0 0 0 0
0.816667 0 0 0 0
0.823333 0 0 0 0
0.83 0 0 0 0
0.836667 0 0 0 0
0.843333 0 0 0 0
0.85 0 0 0 0
0.856667 0 0 0 0
0.863333 0 0 0 0
0.87 0 0 0 0
0.876667 0 0 0 0
0.883333 0 0 0 0
0.89 0 0 0 0
0.896667 0 0 0 0
0.903333 0 0 0 0
0.91 0 0 0 0
0.916667 0 0 0 0
0.923333 0 0 0 0
0.93 0 0 0 0
0.936667 0 0 0 0
0.943333 0 0 0 0
0.95 0 0 0 0
0.956667 0 0 0 0
0.963333 0 0 0 0
0.97 0 0 0 0
0.976667 0 0 0 0
0.983333 0 0 0 0
0.99 0 0 0 0
0.996667 0 0 0 0
1.00333 0 0 0 0
1.01 0 0 0 0
1.01667 0 0 0 0
1.02333 0 0 0 0
1.03 0 0 0 0
1.03667 0 0 0 0
1.04333 0 0 0 0
1.05 0 0 0 0
1.05667 0 0 0 0
1.06333 0 0 0 0
1.07 0 0 0 0
1.07667 0 0 0 0
1.08333 0 0 0 0
1.09 0 0 0 0
1.09667 0 0 0 0
1.10333 0 0 0 0
1.11 0 0 0 0
1.11667 0 0 0 0
1.12333 0 0 0 0
1.13 0 0 0 0
1.13667 0 0 0 0
1.14333 0 0 0 0
1.15 0 0 0 0
1.15667 0 0 0 0
1.16333 0 0 0 0
1.17 0 0 0 0
1.17667 0 0 0 0
1.18333 0 0 0 0
1.19 0 0 0 0
1.19667 0 0 0 0
1.20333 0 0 0 0
1.21 0 0 0 0
1.21667 0 0 0 0
1.22333 0 0 0 0
1.23 0 0 0 0
1.23667 0 0 0 0
1.24333 0 0 0 0
1.25 0 0 0 0
1.25667 0 0 0 0
1.26333 0 0 0 0
1.27 0 0 0 0
1.27667 0 0 0 0
1.28333 0 0 0 0
1.29 0 0 0 0
1.29667 0 0 0 0
1.30333 0 0 0 0
1.31 0 0 0 0
1.31667 0 0 0 0
1.32333 0 0 0 0
1.33 0 0 0 0
1.33667 0 0 0 0
1.34333 0 0 0 0
1.35 0 0 0 0
1.35667 0 0 0 0
1.36333 0 0 0 0
1.37 0 0 0 0
1.37667 0 0 0 0
1.38333 0 0 0 0
1.39 0 0 0 0
1.39667 0 0 0 0
1.40333 0 0 0 0
1.41 0 0 0 0
1.41667 0 0 0 0
1.42333 0 0 0 0
1.43 0 0 0 0
1.43667 0 0 0 0
1.44333 0 0 0 0
1.45 0 0 0 0
1.45667 0 0 0 0
1.46333 0 0 0 0
1.47 0 0 0 0
1.47667 0 0 0 0
1.48333 0 0 0 0
1.49 0 0 0 0
1.49667 0 0 0 0
1.50333 0 0 0 0
1.51 0 0 0 0
1.51667 0 0 0 0
1.52333 0 0 0 0
1.53 0 0 0 0
1.53667 0 0 0 0
1.54333 0 0 0 0
1.55 0 0 0 0
1.55667 0 0 0 0
1.56333 0 0 0 0
1.57 0 0 0 0
1.57667 0 0 0 0
1.58333 0 0 0 0
1.59 0 0 0 0
1.59667 0 0 0 0
1.60333 0 0 0 0
1.61 0 0 0 0
1.61667 0 0 0 0
1.62333 0 0 0 0
1.63 0 0 0 0
1.63667 0 0 0 0
1.64333 0 0 0 0
1.65 0 0 0 0
1.65667 0 0 0 0
1.66333 0 0 0 0
1.67 0 0 0 0
1.67667 0 0 0 0
1.68333 0 0 0 0
1.69 0 0 0 0
1.69667 0 0 0 0
1.70333 0 0 0 0
1.71 0 0 0 0
1.71667 0 0 0 0
1.72333 0 0 0 0
1.73 0 0 0 0
1.73667 0 0 0 0
1.74333 0 0 0 0
1.75 0 0 0 0
1.75667 0 0 0 0
1.76333 0 0 0 0
1.77 0 0 0 0
1.77667 0 0 0 0
1.78333 0 0 0 0
1.79 0 0 0 0
1.79667 0 0 0 0
1.80333 0 0 0 0
1.81 0 0 0 0
1.81667 0 0 0 0
1.82333 0 0 0 0
1.83 0 0 0 0
1.83667 0 0 0 0
1.84333 0 0 0 0
1.85 0 0 0 0
1.85667 0 0 0 0
1.86333 0 0 0 0
1.87 0 0 0 0
1.87667 0 0 0 0
1.88333 0 0 0 0
1.89 0 0 0 0
1.89667 0 0 0 0
1.90333 0 0 0 0
1.91 0 0 0 0
1.91667 0 0 0 0
1.92333 0 0 0 0
1.93 0 0 0 0
1.93667 0 0 0 0
1.94333 0 0 0 0
1.95 0 0 0 0
1.95667 0 0 0 0
1.96333 0 0 0 0
1.97 0 0 0 0
1.97667 0 0 0 0
1.98333 0 0 0 0
1.99 0 0 0 0
1.99667 0 0 0 0
