0.00333333 9 24 16 23
0.01 13 33 22 17
0.0166667 6 32 16 9
0.0233333 11 35 14 19
0.03 10 36 24 8
0.0366667 10 33 20 21
0.0433333 20 47 42 27
0.05 17 64 48 30
0.0566667 26 70 60 39
0.0633333 32 79 74 32
0.07 21 92 71 34
0.0766667 29 101 71 41
0.0833333 17 86 73 28
0.09 33 91 66 40
0.0966667 15 86 78 36
0.103333 33 87 63 50
0.11 35 85 56 45
0.116667 22 89 58 53
0.123333 23 87 48 37
0.13 36 83 60 44
0.136667 30 69 45 43
0.143333 31 79 46 31
0.15 15 86 38 25
0.156667 33 62 53 53
0.163333 17 60 42 27
0.17 21 59 37 37
0.176667 22 59 34 45
0.183333 21 63 44 49
0.19 32 65 30 61
0.196667 34 72 31 53
0.203333 27 89 32 47
0.21 25 64 30 33
0.216667 20 53 41 45
0.223333 19 63 26 36
0.23 25 66 36 35
0.236667 24 59 31 32
0.243333 21 55 28 28
0.25 18 53 29 23
0.256667 15 42 31 27
0.263333 20 61 17 30
0.27 13 47 33 27
0.276667 13 46 31 29
0.283333 19 39 21 36
0.29 22 55 24 17
0.296667 15 46 30 15
0.303333 12 41 26 26
0.31 19 42 20 21
0.316667 15 36 29 15
0.323333 15 39 25 29
0.33 12 42 21 20
0.336667 20 39 14 20
0.343333 16 30 30 22
0.35 13 36 27 29
0.356667 20 33 22 22
0.363333 11 32 18 17
0.37 10 39 16 21
0.376667 13 37 16 22
0.383333 19 35 19 25
0.39 14 34 18 19
0.396667 19 33 16 18
0.403333 18 38 26 19
0.41 12 40 21 13
0.416667 13 39 22 26
0.423333 13 30 21 20
0.43 15 34 11 24
0.436667 17 20 26 20
0.443333 6 23 15 18
0.45 14 29 20 18
0.456667 14 29 16 19
0.463333 8 29 10 14
0.47 18 18 19 19
0.476667 9 28 12 13
0.483333 15 18 16 15
0.49 8 12 10 9
0.496667 11 20 13 9
0.503333 9 14 17 11
0.51 6 17 9 10
0.516667 7 27 13 13
0.523333 7 22 9 7
0.53 7 25 13 9
0.536667 6 22 12 9
0.543333 5 19 14 8
0.55 6 14 14 10
0.556667 7 16 16 7
0.563333 7 21 6 6
0.57 11 12 8 11
0.576667 4 17 8 16
0.583333 7 17 11 7
0.59 9 20 9 6
0.596667 6 13 10 8
0.603333 8 15 5 8
0.61 5 15 4 11
0.616667 10 16 16 8
0.623333 2 11 7 3
0.63 9 23 7 7
0.636667 4 13 11 10
0.643333 7 16 12 5
0.65 3 12 8 10
0.656667 3 14 5 7
0.663333 466 891 245 655
0.67 0 0 0 0
0.676667 0 0 0 0
0.683333 0 0 0 0
0.69 0 0 0 0
0.696667 0 0 0 0
0.703333 0 0 0 0
0.71 0 0 0 0
0.716667 0 0 0 0
0.723333 0 0 0 0
0.73 0 0 0 0
0.736667 0 0 0 0
0.743333 0 0 0 0
0.75 0 0 0 0
0.756667 0 0 0 0
0.763333 0 0 0 0
0.77 0 0 0 0
0.776667 0 0 0 0
0.783333 0 0 0 0
0.79 0 0 0 0
0.796667 0 0 0 0
0.803333 0 0 0 0
0.81 0 0 0 0
0.816667 0 0 0 0
0.823333 0 0 0 0
0.83 0 0 0 0
0.836667 0 0 0 0
0.843333 0 0 0 0
0.85 0 0 0 0
0.856667 0 0 0 0
0.863333 0 0 0 0
0.87 0 0 0 0
0.876667 0 0 0 0
0.883333 0 0 0 0
0.89 0 0 0 0
0.896667 0 0 0 0
0.903333 0 0 0 0
0.91 0 0 0 0
0.916667 0 0 0 0
0.923333 0 0 0 0
0.93 0 0 0 0
0.936667 0 0 0 0
0.943333 0 0 0 0
0.95 0 0 0 0
0.956667 0 0 0 0
0.963333 0 0 0 0
0.97 0 0 0 0
0.976667 0 0 0 0
0.983333 0 0 0 0
0.99 0 0 0 0
0.996667 0 0 0 0
1.00333 0 0 0 0
1.01 0 0 0 0
1.01667 0 0 0 0
1.02333 0 0 0 0
1.03 0 0 0 0
1.03667 0 0 0 0
1.04333 0 0 0 0
1.05 0 0 0 0
1.05667 0 0 0 0
1.06333 0 0 0 0
1.07 0 0 0 0
1.07667 0 0 0 0
1.08333 0 0 0 0
1.09 0 0 0 0
1.09667 0 0 0 0
1.10333 0 0 0 0
1.11 0 0 0 0
1.11667 0 0 0 0
1.12333 0 0 0 0
1.13 0 0 0 0
1.13667 0 0 0 0
1.14333 0 0 0 0
1.15 0 0 0 0
1.15667 0 0 0 0
1.16333 0 0 0 0
1.17 0 0 0 0
1.17667 0 0 0 0
1.18333 0 0 0 0
1.19 0 0 0 0
1.19667 0 0 0 0
1.20333 0 0 0 0
1.21 0 0 0 0
1.21667 0 0 0 0
1.22333 0 0 0 0
1.23 0 0 0 0
1.23667 0 0 0 0
1.24333 0 0 0 0
1.25 0 0 0 0
1.25667 0 0 0 0
1.26333 0 0 0 0
1.27 0 0 0 0
1.27667 0 0 0 0
1.28333 0 0 0 0
1.29 0 0 0 0
1.29667 0 0 0 0
1.30333 0 0 0 0
1.31 0 0 0 0
1.31667 0 0 0 0
1.32333 0 0 0 0
1.33 0 0 0 0
1.33667 0 0 0 0
1.34333 0 0 0 0
1.35 0 0 0 0
1.35667 0 0 0 0
1.36333 0 0 0 0
1.37 0 0 0 0
1.37667 0 0 0 0
1.38333 0 0 0 0
1.39 0 0 0 0
1.39667 0 0 0 0
1.40333 0 0 0 0
1.41 0 0 0 0
1.41667 0 0 0 0
1.42333 0 0 0 0
1.43 0 0 0 0
1.43667 0 0 0 0
1.44333 0 0 0 0
1.45 0 0 0 0
1.45667 0 0 0 0
1.46333 0 0 0 0
1.47 0 0 0 0
1.47667 0 0 0 0
1.48333 0 0 0 0
1.49 0 0 0 0
1.49667 0 0 0 0
1.50333 0 0 0 0
1.51 0 0 0 0
1.51667 0 0 0 0
1.52333 0 0 0 0
1.53 0 0 0 0
1.53667 0 0 0 0
1.54333 0 0 0 0
1.55 0 0 0 0
1.55667 0 0 0 0
1.56333 0 0 0 0
1.57 0 0 0 0
1.57667 0 0 0 0
1.58333 0 0 0 0
1.59 0 0 0 0
1.59667 0 0 0 0
1.60333 0 0 0 0
1.61 0 0 0 0
1.61667 0 0 0 0
1.62333 0 0 0 0
1.63 0 0 0 0
1.63667 0 0 0 0
1.64333 0 0 0 0
1.65 0 0 0 0
1.65667 0 0 0 0
1.66333 0 0 0 0
1.67 0 0 0 0
1.67667 0 0 0 0
1.68333 0 0 0 0
1.69 0 0 0 0
1.69667 0 0 0 0
1.70333 0 0 0 0
1.71 0 0 0 0
1.71667 0 0 0 0
1.72333 0 0 0 0
1.73 0 0 0 0
1.73667 0 0 0 0
1.74333 0 0 0 0
1.75 0 0 0 0
1.75667 0 0 0 0
1.76333 0 0 0 0
1.77 0 0 0 0
1.77667 0 0 0 0
1.78333 0 0 0 0
1.79 0 0 0 0
1.79667 0 0 0 0
1.80333 0 0 0 0
1.81 0 0 0 0
1.81667 0 0 0 0
1.82333 0 0 0 0
1.83 0 0 0 0
1.83667 0 0 0 0
1.84333 0 0 0 0
1.85 0 0 0 0
1.85667 0 0 0 0
1.86333 0 0 0 0
1.87 0 0 0 0
1.87667 0 0 0 0
1.88333 0 0 0 0
1.89 0 0 0 0
1.89667 0 0 0 0
1.90333 0 0 0 0
1.91 0 0 0 0
1.91667 0 0 0 0
1.92333 0 0 0 0
1.93 0 0 0 0
1.93667 0 0 0 0
1.94333 0 0 0 0
1.95 0 0 0 0
1.95667 0 0 0 0
1.96333 0 0 0 0
1.97 0 0 0 0
1.97667 0 0 0 0
1.98333 0 0 0 0
1.99 0 0 0 0
1.99667 0 0 0 0
