0.00333333 38 43 5 0
0.01 51 58 2 3
0.0166667 61 65 0 1
0.0233333 76 61 2 3
0.03 64 58 1 2
0.0366667 98 90 3 1
0.0433333 112 125 5 3
0.05 144 120 5 1
0.0566667 178 140 7 1
0.0633333 197 154 5 4
0.07 188 217 13 3
0.0766667 178 207 15 3
0.0833333 220 214 8 3
0.09 203 237 12 7
0.0966667 250 207 15 2
0.103333 204 200 9 3
0.11 214 219 9 3
0.116667 214 205 10 6
0.123333 217 211 11 2
0.13 194 179 6 4
0.136667 178 174 9 5
0.143333 181 177 6 1
0.15 173 151 10 2
0.156667 153 184 8 6
0.163333 152 170 6 2
0.17 158 147 12 2
0.176667 167 136 5 1
0.183333 152 152 4 2
0.19 155 162 7 2
0.196667 172 158 6 0
0.203333 148 175 4 1
0.21 155 157 5 3
0.216667 126 147 5 0
0.223333 110 154 2 2
0.23 116 124 13 1
0.236667 110 122 7 1
0.243333 112 120 10 3
0.25 89 103 8 1
0.256667 103 95 6 4
0.263333 100 103 3 3
0.27 111 84 10 2
0.276667 92 96 9 2
0.283333 93 92 13 0
0.29 100 99 6 0
0.296667 78 85 5 3
0.303333 87 95 2 2
0.31 87 102 8 4
0.316667 71 84 8 3
0.323333 73 95 4 2
0.33 77 92 3 3
0.336667 78 67 4 1
0.343333 78 60 4 1
0.35 85 77 3 1
0.356667 67 60 5 1
0.363333 62 67 6 2
0.37 70 64 4 1
0.376667 47 90 2 1
0.383333 68 61 2 1
0.39 46 64 3 0
0.396667 62 52 7 1
0.403333 68 60 7 0
0.41 61 58 10 1
0.416667 58 43 4 1
0.423333 46 58 5 0
0.43 44 56 4 0
0.436667 54 58 2 2
0.443333 55 61 4 0
0.45 56 48 2 0
0.456667 61 67 6 0
0.463333 58 59 6 4
0.47 50 53 4 1
0.476667 36 55 4 0
0.483333 43 48 1 0
0.49 44 34 3 1
0.496667 41 39 2 1
0.503333 39 28 3 2
0.51 34 27 3 0
0.516667 37 32 4 0
0.523333 30 36 0 0
0.53 34 31 3 1
0.536667 37 29 1 1
0.543333 36 27 2 1
0.55 38 27 1 0
0.556667 33 37 0 0
0.563333 26 29 3 1
0.57 27 25 4 1
0.576667 22 27 5 0
0.583333 29 34 1 2
0.59 27 27 3 0
0.596667 28 21 2 1
0.603333 30 25 4 1
0.61 34 30 3 1
0.616667 22 28 1 2
0.623333 33 29 6 0
0.63 27 24 0 1
0.636667 33 35 1 1
0.643333 27 21 5 0
0.65 31 16 0 1
0.656667 17 25 2 0
0.663333 1421 1540 62 16
0.67 0 0 0 0
0.676667 0 0 0 0
0.683333 0 0 0 0
0.69 0 0 0 0
0.696667 0 0 0 0
0.703333 0 0 0 0
0.71 0 0 0 0
0.716667 0 0 0 0
0.723333 0 0 0 0
0.73 0 0 0 0
0.736667 0 0 0 0
0.743333 0 0 0 0
0.75 0 0 0 0
0.756667 0 0 0 0
0.763333 0 0 0 0
0.77 0 0 0 0
0.776667 0 0 0 0
0.783333 0 0 0 0
0.79 0 0 0 0
0.796667 0 0 0 0
0.803333 0 0 0 0
0.81 0 0 0 0
0.816667 0 0 0 0
0.823333 0 0 0 0
0.83 0 0 0 0
0.836667 0 0 0 0
0.843333 0 0 0 0
0.85 0 0 0 0
0.856667 0 0 0 0
0.863333 0 0 0 0
0.87 0 0 0 0
0.876667 0 0 0 0
0.883333 0 0 0 0
0.89 0 0 0 0
0.896667 0 0 0 0
0.903333 0 0 0 0
0.91 0 0 0 0
0.916667 0 0 0 0
0.923333 0 0 0 0
0.93 0 0 0 0
0.936667 0 0 0 0
0.943333 0 0 0 0
0.95 0 0 0 0
0.956667 0 0 0 0
0.963333 0 0 0 0
0.97 0 0 0 0
0.976667 0 0 0 0
0.983333 0 0 0 0
0.99 0 0 0 0
0.996667 0 0 0 0
1.00333 0 0 0 0
1.01 0 0 0 0
1.01667 0 0 0 0
1.02333 0 0 0 0
1.03 0 0 0 0
1.03667 0 0 0 0
1.04333 0 0 0 0
1.05 0 0 0 0
1.05667 0 0 0 0
1.06333 0 0 0 0
1.07 0 0 0 0
1.07667 0 0 0 0
1.08333 0 0 0 0
1.09 0 0 0 0
1.09667 0 0 0 0
1.10333 0 0 0 0
1.11 0 0 0 0
1.11667 0 0 0 0
1.12333 0 0 0 0
1.13 0 0 0 0
1.13667 0 0 0 0
1.14333 0 0 0 0
1.15 0 0 0 0
1.15667 0 0 0 0
1.16333 0 0 0 0
1.17 0 0 0 0
1.17667 0 0 0 0
1.18333 0 0 0 0
1.19 0 0 0 0
1.19667 0 0 0 0
1.20333 0 0 0 0
1.21 0 0 0 0
1.21667 0 0 0 0
1.22333 0 0 0 0
1.23 0 0 0 0
1.23667 0 0 0 0
1.24333 0 0 0 0
1.25 0 0 0 0
1.25667 0 0 0 0
1.26333 0 0 0 0
1.27 0 0 0 0
1.27667 0 0 0 0
1.28333 0 0 0 0
1.29 0 0 0 0
1.29667 0 0 0 0
1.30333 0 0 0 0
1.31 0 0 0 0
1.31667 0 0 0 0
1.32333 0 0 0 0
1.33 0 0 0 0
1.33667 0 0 0 0
1.34333 0 0 0 0
1.35 0 0 0 0
1.35667 0 0 0 0
1.36333 0 0 0 0
1.37 0 0 0 0
1.37667 0 0 0 0
1.38333 0 0 0 0
1.39 0 0 0 0
1.39667 0 0 0 0
1.40333 0 0 0 0
1.41 0 0 0 0
1.41667 0 0 0 0
1.42333 0 0 0 0
1.43 0 0 0 0
1.43667 0 0 0 0
1.44333 0 0 0 0
1.45 0 0 0 0
1.45667 0 0 0 0
1.46333 0 0 0 0
1.47 0 0 0 0
1.47667 0 0 0 0
1.48333 0 0 0 0
1.49 0 0 0 0
1.49667 0 0 0 0
1.50333 0 0 0 0
1.51 0 0 0 0
1.51667 0 0 0 0
1.52333 0 0 0 0
1.53 0 0 0 0
1.53667 0 0 0 0
1.54333 0 0 0 0
1.55 0 0 0 0
1.55667 0 0 0 0
1.56333 0 0 0 0
1.57 0 0 0 0
1.57667 0 0 0 0
1.58333 0 0 0 0
1.59 0 0 0 0
1.59667 0 0 0 0
1.60333 0 0 0 0
1.61 0 0 0 0
1.61667 0 0 0 0
1.62333 0 0 0 0
1.63 0 0 0 0
1.63667 0 0 0 0
1.64333 0 0 0 0
1.65 0 0 0 0
1.65667 0 0 0 0
1.66333 0 0 0 0
1.67 0 0 0 0
1.67667 0 0 0 0
1.68333 0 0 0 0
1.69 0 0 0 0
1.69667 0 0 0 0
1.70333 0 0 0 0
1.71 0 0 0 0
1.71667 0 0 0 0
1.72333 0 0 0 0
1.73 0 0 0 0
1.73667 0 0 0 0
1.74333 0 0 0 0
1.75 0 0 0 0
1.75667 0 0 0 0
1.76333 0 0 0 0
1.77 0 0 0 0
1.77667 0 0 0 0
1.78333 0 0 0 0
1.79 0 0 0 0
1.79667 0 0 0 0
1.80333 0 0 0 0
1.81 0 0 0 0
1.81667 0 0 0 0
1.82333 0 0 0 0
1.83 0 0 0 0
1.83667 0 0 0 0
1.84333 0 0 0 0
1.85 0 0 0 0
1.85667 0 0 0 0
1.86333 0 0 0 0
1.87 0 0 0 0
1.87667 0 0 0 0
1.88333 0 0 0 0
1.89 0 0 0 0
1.89667 0 0 0 0
1.90333 0 0 0 0
1.91 0 0 0 0
1.91667 0 0 0 0
1.92333 0 0 0 0
1.93 0 0 0 0
1.93667 0 0 0 0
1.94333 0 0 0 0
1.95 0 0 0 0
1.95667 0 0 0 0
1.96333 0 0 0 0
1.97 0 0 0 0
1.97667 0 0 0 0
1.98333 0 0 0 0
1.99 0 0 0 0
1.99667 0 0 0 0
