0.00333333 36 116 4 2
0.01 37 123 4 3
0.0166667 29 158 5 1
0.0233333 38 154 6 1
0.03 54 172 4 1
0.0366667 47 170 4 3
0.0433333 77 231 6 1
0.05 88 245 7 4
0.0566667 96 312 12 3
0.0633333 119 319 16 5
0.07 126 338 13 5
0.0766667 128 387 19 4
0.0833333 144 416 22 4
0.09 116 423 13 4
0.0966667 125 437 17 2
0.103333 134 357 18 8
0.11 131 389 20 2
0.116667 132 387 10 6
0.123333 129 413 10 1
0.13 112 425 19 6
0.136667 121 366 10 9
0.143333 119 413 13 2
0.15 103 420 7 3
0.156667 93 381 11 4
0.163333 79 394 10 6
0.17 113 369 13 3
0.176667 75 397 12 2
0.183333 95 447 7 3
0.19 72 567 7 4
0.196667 100 481 13 2
0.203333 123 489 15 2
0.21 103 454 6 3
0.216667 77 397 17 4
0.223333 71 397 12 1
0.23 76 376 11 1
0.236667 77 319 9 1
0.243333 72 317 14 1
0.25 76 291 4 1
0.256667 82 254 7 0
0.263333 71 248 8 3
0.27 70 240 9 4
0.276667 66 233 6 2
0.283333 50 245 9 0
0.29 54 209 6 1
0.296667 53 213 9 2
0.303333 59 221 7 1
0.31 59 197 9 1
0.316667 54 168 6 1
0.323333 49 188 7 2
0.33 42 155 4 5
0.336667 51 190 1 2
0.343333 47 176 6 1
0.35 41 187 5 1
0.356667 51 184 4 1
0.363333 52 213 8 0
0.37 40 143 6 1
0.376667 31 160 8 1
0.383333 34 155 6 2
0.39 38 157 9 1
0.396667 51 167 2 0
0.403333 52 139 5 1
0.41 42 160 6 4
0.416667 31 143 6 1
0.423333 41 156 8 1
0.43 33 133 11 3
0.436667 40 168 7 2
0.443333 44 144 5 2
0.45 34 162 5 0
0.456667 37 168 7 2
0.463333 53 142 6 1
0.47 38 154 8 0
0.476667 37 129 2 1
0.483333 27 88 3 1
0.49 30 87 7 0
0.496667 22 86 3 0
0.503333 20 65 2 1
0.51 20 73 4 0
0.516667 18 76 4 0
0.523333 26 73 1 2
0.53 16 55 3 0
0.536667 22 76 2 1
0.543333 22 60 5 0
0.55 19 65 1 1
0.556667 28 47 3 1
0.563333 21 56 2 1
0.57 16 45 4 1
0.576667 12 64 4 1
0.583333 24 52 0 0
0.59 17 54 3 2
0.596667 14 51 4 1
0.603333 14 65 1 2
0.61 22 42 3 2
0.616667 17 47 2 2
0.623333 20 49 7 1
0.63 24 48 6 0
0.636667 18 68 2 0
0.643333 20 34 1 1
0.65 13 37 0 2
0.656667 21 39 2 1
0.663333 910 6723 88 28
0.67 0 0 0 0
0.676667 0 0 0 0
0.683333 0 0 0 0
0.69 0 0 0 0
0.696667 0 0 0 0
0.703333 0 0 0 0
0.71 0 0 0 0
0.716667 0 0 0 0
0.723333 0 0 0 0
0.73 0 0 0 0
0.736667 0 0 0 0
0.743333 0 0 0 0
0.75 0 0 0 0
0.756667 0 0 0 0
0.763333 0 0 0 0
0.77 0 0 0 0
0.776667 0 0 0 0
0.783333 0 0 0 0
0.79 0 0 0 0
0.796667 0 0 0 0
0.803333 0 0 0 0
0.81 0 0 0 0
0.816667 0 0 0 0
0.823333 0 0 0 0
0.83 0 0 0 0
0.836667 0 0 0 0
0.843333 0 0 0 0
0.85 0 0 0 0
0.856667 0 0 0 0
0.863333 0 0 0 0
0.87 0 0 0 0
0.876667 0 0 0 0
0.883333 0 0 0 0
0.89 0 0 0 0
0.896667 0 0 0 0
0.903333 0 0 0 0
0.91 0 0 0 0
0.916667 0 0 0 0
0.923333 0 0 0 0
0.93 0 0 0 0
0.936667 0 0 0 0
0.943333 0 0 0 0
0.95 0 0 0 0
0.956667 0 0 0 0
0.963333 0 0 0 0
0.97 0 0 0 0
0.976667 0 0 0 0
0.983333 0 0 0 0
0.99 0 0 0 0
0.996667 0 0 0 0
1.00333 0 0 0 0
1.01 0 0 0 0
1.01667 0 0 0 0
1.02333 0 0 0 0
1.03 0 0 0 0
1.03667 0 0 0 0
1.04333 0 0 0 0
1.05 0 0 0 0
1.05667 0 0 0 0
1.06333 0 0 0 0
1.07 0 0 0 0
1.07667 0 0 0 0
1.08333 0 0 0 0
1.09 0 0 0 0
1.09667 0 0 0 0
1.10333 0 0 0 0
1.11 0 0 0 0
1.11667 0 0 0 0
1.12333 0 0 0 0
1.13 0 0 0 0
1.13667 0 0 0 0
1.14333 0 0 0 0
1.15 0 0 0 0
1.15667 0 0 0 0
1.16333 0 0 0 0
1.17 0 0 0 0
1.17667 0 0 0 0
1.18333 0 0 0 0
1.19 0 0 0 0
1.19667 0 0 0 0
1.20333 0 0 0 0
1.21 0 0 0 0
1.21667 0 0 0 0
1.22333 0 0 0 0
1.23 0 0 0 0
1.23667 0 0 0 0
1.24333 0 0 0 0
1.25 0 0 0 0
1.25667 0 0 0 0
1.26333 0 0 0 0
1.27 0 0 0 0
1.27667 0 0 0 0
1.28333 0 0 0 0
1.29 0 0 0 0
1.29667 0 0 0 0
1.30333 0 0 0 0
1.31 0 0 0 0
1.31667 0 0 0 0
1.32333 0 0 0 0
1.33 0 0 0 0
1.33667 0 0 0 0
1.34333 0 0 0 0
1.35 0 0 0 0
1.35667 0 0 0 0
1.36333 0 0 0 0
1.37 0 0 0 0
1.37667 0 0 0 0
1.38333 0 0 0 0
1.39 0 0 0 0
1.39667 0 0 0 0
1.40333 0 0 0 0
1.41 0 0 0 0
1.41667 0 0 0 0
1.42333 0 0 0 0
1.43 0 0 0 0
1.43667 0 0 0 0
1.44333 0 0 0 0
1.45 0 0 0 0
1.45667 0 0 0 0
1.46333 0 0 0 0
1.47 0 0 0 0
1.47667 0 0 0 0
1.48333 0 0 0 0
1.49 0 0 0 0
1.49667 0 0 0 0
1.50333 0 0 0 0
1.51 0 0 0 0
1.51667 0 0 0 0
1.52333 0 0 0 0
1.53 0 0 0 0
1.53667 0 0 0 0
1.54333 0 0 0 0
1.55 0 0 0 0
1.55667 0 0 0 0
1.56333 0 0 0 0
1.57 0 0 0 0
1.57667 0 0 0 0
1.58333 0 0 0 0
1.59 0 0 0 0
1.59667 0 0 0 0
1.60333 0 0 0 0
1.61 0 0 0 0
1.61667 0 0 0 0
1.62333 0 0 0 0
1.63 0 0 0 0
1.63667 0 0 0 0
1.64333 0 0 0 0
1.65 0 0 0 0
1.65667 0 0 0 0
1.66333 0 0 0 0
1.67 0 0 0 0
1.67667 0 0 0 0
1.68333 0 0 0 0
1.69 0 0 0 0
1.69667 0 0 0 0
1.70333 0 0 0 0
1.71 0 0 0 0
1.71667 0 0 0 0
1.72333 0 0 0 0
1.73 0 0 0 0
1.73667 0 0 0 0
1.74333 0 0 0 0
1.75 0 0 0 0
1.75667 0 0 0 0
1.76333 0 0 0 0
1.77 0 0 0 0
1.77667 0 0 0 0
1.78333 0 0 0 0
1.79 0 0 0 0
1.79667 0 0 0 0
1.80333 0 0 0 0
1.81 0 0 0 0
1.81667 0 0 0 0
1.82333 0 0 0 0
1.83 0 0 0 0
1.83667 0 0 0 0
1.84333 0 0 0 0
1.85 0 0 0 0
1.85667 0 0 0 0
1.86333 0 0 0 0
1.87 0 0 0 0
1.87667 0 0 0 0
1.88333 0 0 0 0
1.89 0 0 0 0
1.89667 0 0 0 0
1.90333 0 0 0 0
1.91 0 0 0 0
1.91667 0 0 0 0
1.92333 0 0 0 0
1.93 0 0 0 0
1.93667 0 0 0 0
1.94333 0 0 0 0
1.95 0 0 0 0
1.95667 0 0 0 0
1.96333 0 0 0 0
1.97 0 0 0 0
1.97667 0 0 0 0
1.98333 0 0 0 0
1.99 0 0 0 0
1.99667 0 0 0 0
