0.00333333 24 36 4 0
0.01 28 52 4 2
0.0166667 36 47 8 2
0.0233333 37 47 6 3
0.03 46 57 6 2
0.0366667 39 69 10 2
0.0433333 60 98 12 0
0.05 89 135 10 3
0.0566667 104 172 18 5
0.0633333 115 177 16 3
0.07 106 168 18 1
0.0766667 114 161 23 5
0.0833333 119 168 22 3
0.09 114 194 15 7
0.0966667 107 171 23 2
0.103333 106 172 20 1
0.11 133 164 15 2
0.116667 114 165 23 3
0.123333 100 147 20 3
0.13 89 165 21 5
0.136667 105 126 10 1
0.143333 95 112 16 1
0.15 92 131 12 2
0.156667 81 128 20 2
0.163333 68 123 18 1
0.17 80 130 17 1
0.176667 81 103 20 5
0.183333 85 116 24 6
0.19 80 105 20 3
0.196667 83 111 15 3
0.203333 61 113 19 3
0.21 62 80 15 2
0.216667 78 95 20 4
0.223333 58 73 17 1
0.23 59 93 11 1
0.236667 60 107 11 5
0.243333 60 84 20 1
0.25 53 76 15 0
0.256667 31 71 14 2
0.263333 49 72 9 1
0.27 49 75 23 0
0.276667 56 71 12 2
0.283333 43 71 10 2
0.29 34 63 10 1
0.296667 39 69 5 1
0.303333 51 64 8 4
0.31 57 64 3 1
0.316667 33 54 13 3
0.323333 47 48 9 1
0.33 41 58 5 1
0.336667 37 58 6 0
0.343333 46 54 10 1
0.35 41 69 7 1
0.356667 32 56 10 2
0.363333 36 63 8 1
0.37 30 62 6 1
0.376667 33 52 13 3
0.383333 40 56 11 1
0.39 31 56 5 2
0.396667 30 43 10 2
0.403333 31 41 8 1
0.41 30 43 5 2
0.416667 42 48 10 0
0.423333 22 47 6 1
0.43 25 43 13 0
0.436667 22 38 3 1
0.443333 32 26 10 0
0.45 25 37 9 0
0.456667 24 46 9 2
0.463333 35 46 5 0
0.47 15 31 10 1
0.476667 28 37 2 1
0.483333 13 26 4 1
0.49 21 34 6 0
0.496667 20 24 6 1
0.503333 17 27 5 1
0.51 34 23 2 1
0.516667 24 25 5 0
0.523333 16 20 5 1
0.53 18 21 4 0
0.536667 23 22 9 1
0.543333 18 25 4 2
0.55 15 18 7 1
0.556667 9 23 6 0
0.563333 21 25 1 0
0.57 13 22 3 0
0.576667 11 24 6 0
0.583333 13 23 2 1
0.59 15 22 5 1
0.596667 18 31 3 1
0.603333 12 26 6 2
0.61 18 13 3 1
0.616667 9 22 6 1
0.623333 15 15 7 2
0.63 12 17 3 2
0.636667 13 25 7 0
0.643333 16 26 3 1
0.65 11 16 6 2
0.656667 17 19 8 0
0.663333 586 936 165 6
0.67 0 0 0 0
0.676667 0 0 0 0
0.683333 0 0 0 0
0.69 0 0 0 0
0.696667 0 0 0 0
0.703333 0 0 0 0
0.71 0 0 0 0
0.716667 0 0 0 0
0.723333 0 0 0 0
0.73 0 0 0 0
0.736667 0 0 0 0
0.743333 0 0 0 0
0.75 0 0 0 0
0.756667 0 0 0 0
0.763333 0 0 0 0
0.77 0 0 0 0
0.776667 0 0 0 0
0.783333 0 0 0 0
0.79 0 0 0 0
0.796667 0 0 0 0
0.803333 0 0 0 0
0.81 0 0 0 0
0.816667 0 0 0 0
0.823333 0 0 0 0
0.83 0 0 0 0
0.836667 0 0 0 0
0.843333 0 0 0 0
0.85 0 0 0 0
0.856667 0 0 0 0
0.863333 0 0 0 0
0.87 0 0 0 0
0.876667 0 0 0 0
0.883333 0 0 0 0
0.89 0 0 0 0
0.896667 0 0 0 0
0.903333 0 0 0 0
0.91 0 0 0 0
0.916667 0 0 0 0
0.923333 0 0 0 0
0.93 0 0 0 0
0.936667 0 0 0 0
0.943333 0 0 0 0
0.95 0 0 0 0
0.956667 0 0 0 0
0.963333 0 0 0 0
0.97 0 0 0 0
0.976667 0 0 0 0
0.983333 0 0 0 0
0.99 0 0 0 0
0.996667 0 0 0 0
1.00333 0 0 0 0
1.01 0 0 0 0
1.01667 0 0 0 0
1.02333 0 0 0 0
1.03 0 0 0 0
1.03667 0 0 0 0
1.04333 0 0 0 0
1.05 0 0 0 0
1.05667 0 0 0 0
1.06333 0 0 0 0
1.07 0 0 0 0
1.07667 0 0 0 0
1.08333 0 0 0 0
1.09 0 0 0 0
1.09667 0 0 0 0
1.10333 0 0 0 0
1.11 0 0 0 0
1.11667 0 0 0 0
1.12333 0 0 0 0
1.13 0 0 0 0
1.13667 0 0 0 0
1.14333 0 0 0 0
1.15 0 0 0 0
1.15667 0 0 0 0
1.16333 0 0 0 0
1.17 0 0 0 0
1.17667 0 0 0 0
1.18333 0 0 0 0
1.19 0 0 0 0
1.19667 0 0 0 0
1.20333 0 0 0 0
1.21 0 0 0 0
1.21667 0 0 0 0
1.22333 0 0 0 0
1.23 0 0 0 0
1.23667 0 0 0 0
1.24333 0 0 0 0
1.25 0 0 0 0
1.25667 0 0 0 0
1.26333 0 0 0 0
1.27 0 0 0 0
1.27667 0 0 0 0
1.28333 0 0 0 0
1.29 0 0 0 0
1.29667 0 0 0 0
1.30333 0 0 0 0
1.31 0 0 0 0
1.31667 0 0 0 0
1.32333 0 0 0 0
1.33 0 0 0 0
1.33667 0 0 0 0
1.34333 0 0 0 0
1.35 0 0 0 0
1.35667 0 0 0 0
1.36333 0 0 0 0
1.37 0 0 0 0
1.37667 0 0 0 0
1.38333 0 0 0 0
1.39 0 0 0 0
1.39667 0 0 0 0
1.40333 0 0 0 0
1.41 0 0 0 0
1.41667 0 0 0 0
1.42333 0 0 0 0
1.43 0 0 0 0
1.43667 0 0 0 0
1.44333 0 0 0 0
1.45 0 0 0 0
1.45667 0 0 0 0
1.46333 0 0 0 0
1.47 0 0 0 0
1.47667 0 0 0 0
1.48333 0 0 0 0
1.49 0 0 0 0
1.49667 0 0 0 0
1.50333 0 0 0 0
1.51 0 0 0 0
1.51667 0 0 0 0
1.52333 0 0 0 0
1.53 0 0 0 0
1.53667 0 0 0 0
1.54333 0 0 0 0
1.55 0 0 0 0
1.55667 0 0 0 0
1.56333 0 0 0 0
1.57 0 0 0 0
1.57667 0 0 0 0
1.58333 0 0 0 0
1.59 0 0 0 0
1.59667 0 0 0 0
1.60333 0 0 0 0
1.61 0 0 0 0
1.61667 0 0 0 0
1.62333 0 0 0 0
1.63 0 0 0 0
1.63667 0 0 0 0
1.64333 0 0 0 0
1.65 0 0 0 0
1.65667 0 0 0 0
1.66333 0 0 0 0
1.67 0 0 0 0
1.67667 0 0 0 0
1.68333 0 0 0 0
1.69 0 0 0 0
1.69667 0 0 0 0
1.70333 0 0 0 0
1.71 0 0 0 0
1.71667 0 0 0 0
1.72333 0 0 0 0
1.73 0 0 0 0
1.73667 0 0 0 0
1.74333 0 0 0 0
1.75 0 0 0 0
1.75667 0 0 0 0
1.76333 0 0 0 0
1.77 0 0 0 0
1.77667 0 0 0 0
1.78333 0 0 0 0
1.79 0 0 0 0
1.79667 0 0 0 0
1.80333 0 0 0 0
1.81 0 0 0 0
1.81667 0 0 0 0
1.82333 0 0 0 0
1.83 0 0 0 0
1.83667 0 0 0 0
1.84333 0 0 0 0
1.85 0 0 0 0
1.85667 0 0 0 0
1.86333 0 0 0 0
1.87 0 0 0 0
1.87667 0 0 0 0
1.88333 0 0 0 0
1.89 0 0 0 0
1.89667 0 0 0 0
1.90333 0 0 0 0
1.91 0 0 0 0
1.91667 0 0 0 0
1.92333 0 0 0 0
1.93 0 0 0 0
1.93667 0 0 0 0
1.94333 0 0 0 0
1.95 0 0 0 0
1.95667 0 0 0 0
1.96333 0 0 0 0
1.97 0 0 0 0
1.97667 0 0 0 0
1.98333 0 0 0 0
1.99 0 0 0 0
1.99667 0 0 0 0
