0.00333333 4 10 29 33
0.01 2 15 23 46
0.0166667 1 9 40 44
0.0233333 5 15 43 43
0.03 0 16 36 50
0.0366667 3 32 52 51
0.0433333 3 15 75 53
0.05 5 20 102 80
0.0566667 7 23 110 101
0.0633333 4 25 137 107
0.07 11 23 105 97
0.0766667 8 28 137 124
0.0833333 4 32 138 119
0.09 10 33 138 131
0.0966667 11 34 107 116
0.103333 6 23 137 132
0.11 7 39 133 112
0.116667 6 31 110 114
0.123333 6 28 109 121
0.13 4 31 113 114
0.136667 4 32 104 124
0.143333 9 29 95 137
0.15 8 21 95 106
0.156667 5 24 97 110
0.163333 7 37 99 134
0.17 5 22 91 102
0.176667 7 20 79 98
0.183333 4 27 73 96
0.19 10 35 79 114
0.196667 8 28 84 111
0.203333 6 25 72 99
0.21 4 33 72 99
0.216667 9 25 64 110
0.223333 8 22 65 91
0.23 2 17 79 94
0.236667 5 19 60 79
0.243333 4 24 75 82
0.25 5 20 73 82
0.256667 6 18 65 60
0.263333 3 14 67 81
0.27 4 19 48 91
0.276667 0 15 50 76
0.283333 4 21 57 68
0.29 5 17 43 65
0.296667 2 13 52 57
0.303333 3 14 41 58
0.31 6 18 46 56
0.316667 5 26 44 61
0.323333 6 18 63 51
0.33 1 15 51 62
0.336667 8 19 47 48
0.343333 6 16 30 55
0.35 4 16 35 46
0.356667 2 17 36 52
0.363333 6 17 41 48
0.37 6 14 38 56
0.376667 1 12 38 45
0.383333 2 16 44 39
0.39 4 19 41 50
0.396667 6 11 31 42
0.403333 3 13 44 44
0.41 8 21 37 43
0.416667 3 14 38 46
0.423333 3 16 45 39
0.43 4 15 30 41
0.436667 4 16 31 41
0.443333 6 14 32 49
0.45 4 11 23 43
0.456667 6 15 35 46
0.463333 6 12 32 49
0.47 5 10 30 37
0.476667 4 13 27 32
0.483333 5 11 24 29
0.49 1 14 28 31
0.496667 3 4 26 31
0.503333 1 6 29 29
0.51 4 9 15 29
0.516667 1 15 25 26
0.523333 5 10 24 19
0.53 3 3 12 16
0.536667 2 3 21 22
0.543333 1 5 21 21
0.55 2 4 20 24
0.556667 1 8 25 22
0.563333 1 10 15 24
0.57 4 12 19 17
0.576667 2 5 15 24
0.583333 5 8 21 25
0.59 4 5 17 23
0.596667 4 11 17 18
0.603333 0 7 19 20
0.61 0 8 15 26
0.616667 2 2 20 18
0.623333 5 9 18 12
0.63 2 3 18 18
0.636667 2 4 21 21
0.643333 2 7 13 18
0.65 2 5 14 23
0.656667 4 3 24 19
0.663333 68 380 723 1400
0.67 0 0 0 0
0.676667 0 0 0 0
0.683333 0 0 0 0
0.69 0 0 0 0
0.696667 0 0 0 0
0.703333 0 0 0 0
0.71 0 0 0 0
0.716667 0 0 0 0
0.723333 0 0 0 0
0.73 0 0 0 0
0.736667 0 0 0 0
0.743333 0 0 0 0
0.75 0 0 0 0
0.756667 0 0 0 0
0.763333 0 0 0 0
0.77 0 0 0 0
0.776667 0 0 0 0
0.783333 0 0 0 0
0.79 0 0 0 0
0.796667 0 0 0 0
0.803333 0 0 0 0
0.81 0 0 0 0
0.816667 0 0 0 0
0.823333 0 0 0 0
0.83 0 0 0 0
0.836667 0 0 0 0
0.843333 0 0 0 0
0.85 0 0 0 0
0.856667 0 0 0 0
0.863333 0 0 0 0
0.87 0 0 0 0
0.876667 0 0 0 0
0.883333 0 0 0 0
0.89 0 0 0 0
0.896667 0 0 0 0
0.903333 0 0 0 0
0.91 0 0 0 0
0.916667 0 0 0 0
0.923333 0 0 0 0
0.93 0 0 0 0
0.936667 0 0 0 0
0.943333 0 0 0 0
0.95 0 0 0 0
0.956667 0 0 0 0
0.963333 0 0 0 0
0.97 0 0 0 0
0.976667 0 0 0 0
0.983333 0 0 0 0
0.99 0 0 0 0
0.996667 0 0 0 0
1.00333 0 0 0 0
1.01 0 0 0 0
1.01667 0 0 0 0
1.02333 0 0 0 0
1.03 0 0 0 0
1.03667 0 0 0 0
1.04333 0 0 0 0
1.05 0 0 0 0
1.05667 0 0 0 0
1.06333 0 0 0 0
1.07 0 0 0 0
1.07667 0 0 0 0
1.08333 0 0 0 0
1.09 0 0 0 0
1.09667 0 0 0 0
1.10333 0 0 0 0
1.11 0 0 0 0
1.11667 0 0 0 0
1.12333 0 0 0 0
1.13 0 0 0 0
1.13667 0 0 0 0
1.14333 0 0 0 0
1.15 0 0 0 0
1.15667 0 0 0 0
1.16333 0 0 0 0
1.17 0 0 0 0
1.17667 0 0 0 0
1.18333 0 0 0 0
1.19 0 0 0 0
1.19667 0 0 0 0
1.20333 0 0 0 0
1.21 0 0 0 0
1.21667 0 0 0 0
1.22333 0 0 0 0
1.23 0 0 0 0
1.23667 0 0 0 0
1.24333 0 0 0 0
1.25 0 0 0 0
1.25667 0 0 0 0
1.26333 0 0 0 0
1.27 0 0 0 0
1.27667 0 0 0 0
1.28333 0 0 0 0
1.29 0 0 0 0
1.29667 0 0 0 0
1.30333 0 0 0 0
1.31 0 0 0 0
1.31667 0 0 0 0
1.32333 0 0 0 0
1.33 0 0 0 0
1.33667 0 0 0 0
1.34333 0 0 0 0
1.35 0 0 0 0
1.35667 0 0 0 0
1.36333 0 0 0 0
1.37 0 0 0 0
1.37667 0 0 0 0
1.38333 0 0 0 0
1.39 0 0 0 0
1.39667 0 0 0 0
1.40333 0 0 0 0
1.41 0 0 0 0
1.41667 0 0 0 0
1.42333 0 0 0 0
1.43 0 0 0 0
1.43667 0 0 0 0
1.44333 0 0 0 0
1.45 0 0 0 0
1.45667 0 0 0 0
1.46333 0 0 0 0
1.47 0 0 0 0
1.47667 0 0 0 0
1.48333 0 0 0 0
1.49 0 0 0 0
1.49667 0 0 0 0
1.50333 0 0 0 0
1.51 0 0 0 0
1.51667 0 0 0 0
1.52333 0 0 0 0
1.53 0 0 0 0
1.53667 0 0 0 0
1.54333 0 0 0 0
1.55 0 0 0 0
1.55667 0 0 0 0
1.56333 0 0 0 0
1.57 0 0 0 0
1.57667 0 0 0 0
1.58333 0 0 0 0
1.59 0 0 0 0
1.59667 0 0 0 0
1.60333 0 0 0 0
1.61 0 0 0 0
1.61667 0 0 0 0
1.62333 0 0 0 0
1.63 0 0 0 0
1.63667 0 0 0 0
1.64333 0 0 0 0
1.65 0 0 0 0
1.65667 0 0 0 0
1.66333 0 0 0 0
1.67 0 0 0 0
1.67667 0 0 0 0
1.68333 0 0 0 0
1.69 0 0 0 0
1.69667 0 0 0 0
1.70333 0 0 0 0
1.71 0 0 0 0
1.71667 0 0 0 0
1.72333 0 0 0 0
1.73 0 0 0 0
1.73667 0 0 0 0
1.74333 0 0 0 0
1.75 0 0 0 0
1.75667 0 0 0 0
1.76333 0 0 0 0
1.77 0 0 0 0
1.77667 0 0 0 0
1.78333 0 0 0 0
1.79 0 0 0 0
1.79667 0 0 0 0
1.80333 0 0 0 0
1.81 0 0 0 0
1.81667 0 0 0 0
1.82333 0 0 0 0
1.83 0 0 0 0
1.83667 0 0 0 0
1.84333 0 0 0 0
1.85 0 0 0 0
1.85667 0 0 0 0
1.86333 0 0 0 0
1.87 0 0 0 0
1.87667 0 0 0 0
1.88333 0 0 0 0
1.89 0 0 0 0
1.89667 0 0 0 0
1.90333 0 0 0 0
1.91 0 0 0 0
1.91667 0 0 0 0
1.92333 0 0 0 0
1.93 0 0 0 0
1.93667 0 0 0 0
1.94333 0 0 0 0
1.95 0 0 0 0
1.95667 0 0 0 0
1.96333 0 0 0 0
1.97 0 0 0 0
1.97667 0 0 0 0
1.98333 0 0 0 0
1.99 0 0 0 0
1.99667 0 0 0 0
