0.00333333 1 0 11 177
0.01 2 2 10 220
0.0166667 4 1 25 236
0.0233333 0 1 10 213
0.03 2 1 17 206
0.0366667 4 2 21 226
0.0433333 1 0 32 251
0.05 1 3 44 293
0.0566667 1 6 53 312
0.0633333 1 5 62 355
0.07 3 3 51 357
0.0766667 4 10 55 396
0.0833333 3 7 53 428
0.09 4 4 56 401
0.0966667 0 4 39 410
0.103333 6 3 61 434
0.11 5 2 56 435
0.116667 1 2 52 466
0.123333 4 2 56 490
0.13 3 6 43 490
0.136667 5 4 30 502
0.143333 2 5 32 468
0.15 1 3 47 505
0.156667 1 3 32 484
0.163333 2 5 35 468
0.17 4 6 37 474
0.176667 2 2 42 442
0.183333 2 2 46 591
0.19 5 3 35 719
0.196667 10 2 30 705
0.203333 7 3 33 672
0.21 9 4 37 590
0.216667 5 5 37 564
0.223333 3 3 21 524
0.23 3 3 23 492
0.236667 1 7 26 439
0.243333 2 2 29 391
0.25 5 3 16 402
0.256667 2 0 16 367
0.263333 2 2 30 351
0.27 4 2 24 342
0.276667 4 2 29 282
0.283333 4 2 30 308
0.29 2 4 19 289
0.296667 2 3 17 277
0.303333 1 1 16 260
0.31 3 2 13 242
0.316667 3 2 17 208
0.323333 3 4 19 262
0.33 1 2 25 232
0.336667 1 1 18 251
0.343333 1 2 19 226
0.35 1 3 16 228
0.356667 0 1 16 205
0.363333 1 1 12 251
0.37 5 1 15 223
0.376667 2 2 13 207
0.383333 0 2 17 201
0.39 3 1 11 200
0.396667 1 1 18 201
0.403333 2 6 14 219
0.41 1 1 30 195
0.416667 1 5 15 202
0.423333 1 2 14 192
0.43 3 0 14 191
0.436667 4 1 12 242
0.443333 0 1 13 193
0.45 2 3 18 245
0.456667 4 0 7 204
0.463333 2 0 17 232
0.47 1 1 10 214
0.476667 3 1 9 198
0.483333 3 1 10 97
0.49 2 0 13 117
0.496667 3 1 8 90
0.503333 2 0 6 97
0.51 0 0 10 75
0.516667 2 2 10 84
0.523333 1 0 7 64
0.53 2 4 9 81
0.536667 0 0 7 51
0.543333 2 3 9 64
0.55 0 1 9 53
0.556667 1 3 7 71
0.563333 0 0 6 43
0.57 2 2 11 81
0.576667 1 0 5 74
0.583333 0 1 9 73
0.59 0 1 9 73
0.596667 0 1 13 55
0.603333 2 0 6 62
0.61 1 1 5 46
0.616667 1 1 4 55
0.623333 1 2 5 53
0.63 3 0 6 57
0.636667 0 0 8 88
0.643333 0 1 5 39
0.65 0 1 5 57
0.656667 1 1 9 33
0.663333 87 24 205 11549
0.67 0 0 0 0
0.676667 0 0 0 0
0.683333 0 0 0 0
0.69 0 0 0 0
0.696667 0 0 0 0
0.703333 0 0 0 0
0.71 0 0 0 0
0.716667 0 0 0 0
0.723333 0 0 0 0
0.73 0 0 0 0
0.736667 0 0 0 0
0.743333 0 0 0 0
0.75 0 0 0 0
0.756667 0 0 0 0
0.763333 0 0 0 0
0.77 0 0 0 0
0.776667 0 0 0 0
0.783333 0 0 0 0
0.79 0 0 0 0
0.796667 0 0 0 0
0.803333 0 0 0 0
0.81 0 0 0 0
0.816667 0 0 0 0
0.823333 0 0 0 0
0.83 0 0 0 0
0.836667 0 0 0 0
0.843333 0 0 0 0
0.85 0 0 0 0
0.856667 0 0 0 0
0.863333 0 0 0 0
0.87 0 0 0 0
0.876667 0 0 0 0
0.883333 0 0 0 0
0.89 0 0 0 0
0.896667 0 0 0 0
0.903333 0 0 0 0
0.91 0 0 0 0
0.916667 0 0 0 0
0.923333 0 0 0 0
0.93 0 0 0 0
0.936667 0 0 0 0
0.943333 0 0 0 0
0.95 0 0 0 0
0.956667 0 0 0 0
0.963333 0 0 0 0
0.97 0 0 0 0
0.976667 0 0 0 0
0.983333 0 0 0 0
0.99 0 0 0 0
0.996667 0 0 0 0
1.00333 0 0 0 0
1.01 0 0 0 0
1.01667 0 0 0 0
1.02333 0 0 0 0
1.03 0 0 0 0
1.03667 0 0 0 0
1.04333 0 0 0 0
1.05 0 0 0 0
1.05667 0 0 0 0
1.06333 0 0 0 0
1.07 0 0 0 0
1.07667 0 0 0 0
1.08333 0 0 0 0
1.09 0 0 0 0
1.09667 0 0 0 0
1.10333 0 0 0 0
1.11 0 0 0 0
1.11667 0 0 0 0
1.12333 0 0 0 0
1.13 0 0 0 0
1.13667 0 0 0 0
1.14333 0 0 0 0
1.15 0 0 0 0
1.15667 0 0 0 0
1.16333 0 0 0 0
1.17 0 0 0 0
1.17667 0 0 0 0
1.18333 0 0 0 0
1.19 0 0 0 0
1.19667 0 0 0 0
1.20333 0 0 0 0
1.21 0 0 0 0
1.21667 0 0 0 0
1.22333 0 0 0 0
1.23 0 0 0 0
1.23667 0 0 0 0
1.24333 0 0 0 0
1.25 0 0 0 0
1.25667 0 0 0 0
1.26333 0 0 0 0
1.27 0 0 0 0
1.27667 0 0 0 0
1.28333 0 0 0 0
1.29 0 0 0 0
1.29667 0 0 0 0
1.30333 0 0 0 0
1.31 0 0 0 0
1.31667 0 0 0 0
1.32333 0 0 0 0
1.33 0 0 0 0
1.33667 0 0 0 0
1.34333 0 0 0 0
1.35 0 0 0 0
1.35667 0 0 0 0
1.36333 0 0 0 0
1.37 0 0 0 0
1.37667 0 0 0 0
1.38333 0 0 0 0
1.39 0 0 0 0
1.39667 0 0 0 0
1.40333 0 0 0 0
1.41 0 0 0 0
1.41667 0 0 0 0
1.42333 0 0 0 0
1.43 0 0 0 0
1.43667 0 0 0 0
1.44333 0 0 0 0
1.45 0 0 0 0
1.45667 0 0 0 0
1.46333 0 0 0 0
1.47 0 0 0 0
1.47667 0 0 0 0
1.48333 0 0 0 0
1.49 0 0 0 0
1.49667 0 0 0 0
1.50333 0 0 0 0
1.51 0 0 0 0
1.51667 0 0 0 0
1.52333 0 0 0 0
1.53 0 0 0 0
1.53667 0 0 0 0
1.54333 0 0 0 0
1.55 0 0 0 0
1.55667 0 0 0 0
1.56333 0 0 0 0
1.57 0 0 0 0
1.57667 0 0 0 0
1.58333 0 0 0 0
1.59 0 0 0 0
1.59667 0 0 0 0
1.60333 0 0 0 0
1.61 0 0 0 0
1.61667 0 0 0 0
1.62333 0 0 0 0
1.63 0 0 0 0
1.63667 0 0 0 0
1.64333 0 0 0 0
1.65 0 0 0 0
1.65667 0 0 0 0
1.66333 0 0 0 0
1.67 0 0 0 0
1.67667 0 0 0 0
1.68333 0 0 0 0
1.69 0 0 0 0
1.69667 0 0 0 0
1.70333 0 0 0 0
1.71 0 0 0 0
1.71667 0 0 0 0
1.72333 0 0 0 0
1.73 0 0 0 0
1.73667 0 0 0 0
1.74333 0 0 0 0
1.75 0 0 0 0
1.75667 0 0 0 0
1.76333 0 0 0 0
1.77 0 0 0 0
1.77667 0 0 0 0
1.78333 0 0 0 0
1.79 0 0 0 0
1.79667 0 0 0 0
1.80333 0 0 0 0
1.81 0 0 0 0
1.81667 0 0 0 0
1.82333 0 0 0 0
1.83 0 0 0 0
1.83667 0 0 0 0
1.84333 0 0 0 0
1.85 0 0 0 0
1.85667 0 0 0 0
1.86333 0 0 0 0
1.87 0 0 0 0
1.87667 0 0 0 0
1.88333 0 0 0 0
1.89 0 0 0 0
1.89667 0 0 0 0
1.90333 0 0 0 0
1.91 0 0 0 0
1.91667 0 0 0 0
1.92333 0 0 0 0
1.93 0 0 0 0
1.93667 0 0 0 0
1.94333 0 0 0 0
1.95 0 0 0 0
1.95667 0 0 0 0
1.96333 0 0 0 0
1.97 0 0 0 0
1.97667 0 0 0 0
1.98333 0 0 0 0
1.99 0 0 0 0
1.99667 0 0 0 0
