0.00333333 3 11 38 20
0.01 2 8 62 23
0.0166667 1 16 72 17
0.0233333 5 18 65 21
0.03 11 13 80 34
0.0366667 0 14 92 28
0.0433333 9 24 113 49
0.05 10 31 175 62
0.0566667 16 44 212 57
0.0633333 11 38 222 72
0.07 13 38 222 69
0.0766667 11 35 209 78
0.0833333 10 38 250 86
0.09 8 38 251 81
0.0966667 7 48 256 69
0.103333 11 41 254 76
0.11 12 37 255 66
0.116667 7 37 246 87
0.123333 7 40 232 62
0.13 17 38 227 60
0.136667 10 36 217 57
0.143333 15 32 202 70
0.15 5 30 194 47
0.156667 7 35 201 51
0.163333 6 24 179 52
0.17 8 22 169 52
0.176667 9 26 202 47
0.183333 12 28 169 53
0.19 9 34 194 54
0.196667 10 32 188 47
0.203333 8 29 183 39
0.21 8 25 174 44
0.216667 4 17 138 44
0.223333 9 17 131 38
0.23 7 24 146 36
0.236667 2 26 100 52
0.243333 4 20 118 39
0.25 9 22 132 38
0.256667 8 18 109 31
0.263333 6 18 100 35
0.27 3 18 133 23
0.276667 5 17 116 30
0.283333 4 16 89 26
0.29 5 16 114 28
0.296667 3 11 111 27
0.303333 3 20 106 28
0.31 1 17 97 22
0.316667 4 14 78 23
0.323333 7 11 89 27
0.33 4 14 70 30
0.336667 7 14 79 26
0.343333 3 13 77 34
0.35 4 7 71 19
0.356667 3 13 86 26
0.363333 1 10 64 25
0.37 6 11 68 21
0.376667 8 16 93 26
0.383333 2 18 77 18
0.39 5 15 79 26
0.396667 5 13 60 14
0.403333 3 12 70 14
0.41 2 21 66 17
0.416667 3 10 90 20
0.423333 6 13 56 25
0.43 2 10 76 17
0.436667 3 8 66 19
0.443333 3 14 56 27
0.45 2 11 55 14
0.456667 2 5 59 16
0.463333 4 8 46 16
0.47 3 13 53 13
0.476667 0 8 55 18
0.483333 0 7 36 19
0.49 4 2 38 15
0.496667 1 8 37 14
0.503333 2 14 34 16
0.51 2 10 30 6
0.516667 2 9 27 14
0.523333 2 9 38 8
0.53 3 8 32 16
0.536667 1 4 29 11
0.543333 4 5 30 10
0.55 1 10 43 18
0.556667 1 8 28 8
0.563333 1 12 26 10
0.57 2 7 36 9
0.576667 8 10 28 11
0.583333 2 9 36 10
0.59 2 11 24 9
0.596667 4 6 26 15
0.603333 1 9 28 5
0.61 0 2 26 11
0.616667 1 0 22 7
0.623333 4 7 29 6
0.63 2 5 25 7
0.636667 1 9 31 7
0.643333 2 6 21 9
0.65 2 4 22 8
0.656667 5 6 28 12
0.663333 50 182 1620 420
0.67 0 0 0 0
0.676667 0 0 0 0
0.683333 0 0 0 0
0.69 0 0 0 0
0.696667 0 0 0 0
0.703333 0 0 0 0
0.71 0 0 0 0
0.716667 0 0 0 0
0.723333 0 0 0 0
0.73 0 0 0 0
0.736667 0 0 0 0
0.743333 0 0 0 0
0.75 0 0 0 0
0.756667 0 0 0 0
0.763333 0 0 0 0
0.77 0 0 0 0
0.776667 0 0 0 0
0.783333 0 0 0 0
0.79 0 0 0 0
0.796667 0 0 0 0
0.803333 0 0 0 0
0.81 0 0 0 0
0.816667 0 0 0 0
0.823333 0 0 0 0
0.83 0 0 0 0
0.836667 0 0 0 0
0.843333 0 0 0 0
0.85 0 0 0 0
0.856667 0 0 0 0
0.863333 0 0 0 0
0.87 0 0 0 0
0.876667 0 0 0 0
0.883333 0 0 0 0
0.89 0 0 0 0
0.896667 0 0 0 0
0.903333 0 0 0 0
0.91 0 0 0 0
0.916667 0 0 0 0
0.923333 0 0 0 0
0.93 0 0 0 0
0.936667 0 0 0 0
0.943333 0 0 0 0
0.95 0 0 0 0
0.956667 0 0 0 0
0.963333 0 0 0 0
0.97 0 0 0 0
0.976667 0 0 0 0
0.983333 0 0 0 0
0.99 0 0 0 0
0.996667 0 0 0 0
1.00333 0 0 0 0
1.01 0 0 0 0
1.01667 0 0 0 0
1.02333 0 0 0 0
1.03 0 0 0 0
1.03667 0 0 0 0
1.04333 0 0 0 0
1.05 0 0 0 0
1.05667 0 0 0 0
1.06333 0 0 0 0
1.07 0 0 0 0
1.07667 0 0 0 0
1.08333 0 0 0 0
1.09 0 0 0 0
1.09667 0 0 0 0
1.10333 0 0 0 0
1.11 0 0 0 0
1.11667 0 0 0 0
1.12333 0 0 0 0
1.13 0 0 0 0
1.13667 0 0 0 0
1.14333 0 0 0 0
1.15 0 0 0 0
1.15667 0 0 0 0
1.16333 0 0 0 0
1.17 0 0 0 0
1.17667 0 0 0 0
1.18333 0 0 0 0
1.19 0 0 0 0
1.19667 0 0 0 0
1.20333 0 0 0 0
1.21 0 0 0 0
1.21667 0 0 0 0
1.22333 0 0 0 0
1.23 0 0 0 0
1.23667 0 0 0 0
1.24333 0 0 0 0
1.25 0 0 0 0
1.25667 0 0 0 0
1.26333 0 0 0 0
1.27 0 0 0 0
1.27667 0 0 0 0
1.28333 0 0 0 0
1.29 0 0 0 0
1.29667 0 0 0 0
1.30333 0 0 0 0
1.31 0 0 0 0
1.31667 0 0 0 0
1.32333 0 0 0 0
1.33 0 0 0 0
1.33667 0 0 0 0
1.34333 0 0 0 0
1.35 0 0 0 0
1.35667 0 0 0 0
1.36333 0 0 0 0
1.37 0 0 0 0
1.37667 0 0 0 0
1.38333 0 0 0 0
1.39 0 0 0 0
1.39667 0 0 0 0
1.40333 0 0 0 0
1.41 0 0 0 0
1.41667 0 0 0 0
1.42333 0 0 0 0
1.43 0 0 0 0
1.43667 0 0 0 0
1.44333 0 0 0 0
1.45 0 0 0 0
1.45667 0 0 0 0
1.46333 0 0 0 0
1.47 0 0 0 0
1.47667 0 0 0 0
1.48333 0 0 0 0
1.49 0 0 0 0
1.49667 0 0 0 0
1.50333 0 0 0 0
1.51 0 0 0 0
1.51667 0 0 0 0
1.52333 0 0 0 0
1.53 0 0 0 0
1.53667 0 0 0 0
1.54333 0 0 0 0
1.55 0 0 0 0
1.55667 0 0 0 0
1.56333 0 0 0 0
1.57 0 0 0 0
1.57667 0 0 0 0
1.58333 0 0 0 0
1.59 0 0 0 0
1.59667 0 0 0 0
1.60333 0 0 0 0
1.61 0 0 0 0
1.61667 0 0 0 0
1.62333 0 0 0 0
1.63 0 0 0 0
1.63667 0 0 0 0
1.64333 0 0 0 0
1.65 0 0 0 0
1.65667 0 0 0 0
1.66333 0 0 0 0
1.67 0 0 0 0
1.67667 0 0 0 0
1.68333 0 0 0 0
1.69 0 0 0 0
1.69667 0 0 0 0
1.70333 0 0 0 0
1.71 0 0 0 0
1.71667 0 0 0 0
1.72333 0 0 0 0
1.73 0 0 0 0
1.73667 0 0 0 0
1.74333 0 0 0 0
1.75 0 0 0 0
1.75667 0 0 0 0
1.76333 0 0 0 0
1.77 0 0 0 0
1.77667 0 0 0 0
1.78333 0 0 0 0
1.79 0 0 0 0
1.79667 0 0 0 0
1.80333 0 0 0 0
1.81 0 0 0 0
1.81667 0 0 0 0
1.82333 0 0 0 0
1.83 0 0 0 0
1.83667 0 0 0 0
1.84333 0 0 0 0
1.85 0 0 0 0
1.85667 0 0 0 0
1.86333 0 0 0 0
1.87 0 0 0 0
1.87667 0 0 0 0
1.88333 0 0 0 0
1.89 0 0 0 0
1.89667 0 0 0 0
1.90333 0 0 0 0
1.91 0 0 0 0
1.91667 0 0 0 0
1.92333 0 0 0 0
1.93 0 0 0 0
1.93667 0 0 0 0
1.94333 0 0 0 0
1.95 0 0 0 0
1.95667 0 0 0 0
1.96333 0 0 0 0
1.97 0 0 0 0
1.97667 0 0 0 0
1.98333 0 0 0 0
1.99 0 0 0 0
1.99667 0 0 0 0
