0.00333333 1 3 42 37
0.01 3 4 38 41
0.0166667 1 1 39 42
0.0233333 1 5 43 34
0.03 0 4 52 41
0.0366667 4 5 66 65
0.0433333 2 9 81 77
0.05 3 8 119 91
0.0566667 4 9 124 108
0.0633333 1 12 136 95
0.07 5 12 162 110
0.0766667 6 10 148 104
0.0833333 8 17 131 124
0.09 3 7 137 117
0.0966667 3 11 138 121
0.103333 2 13 150 110
0.11 5 9 150 121
0.116667 3 13 142 129
0.123333 4 11 123 116
0.13 5 9 147 118
0.136667 4 7 128 112
0.143333 2 7 142 108
0.15 1 12 119 110
0.156667 5 8 107 92
0.163333 2 5 107 88
0.17 5 10 111 114
0.176667 7 10 110 86
0.183333 4 4 111 104
0.19 2 14 113 130
0.196667 6 15 109 116
0.203333 4 5 99 120
0.21 3 12 108 107
0.216667 4 4 84 75
0.223333 5 2 78 99
0.23 4 7 91 86
0.236667 5 10 74 79
0.243333 2 4 76 83
0.25 1 4 83 69
0.256667 4 5 68 61
0.263333 3 4 80 66
0.27 0 2 70 73
0.276667 3 3 85 86
0.283333 1 5 67 58
0.29 2 6 61 60
0.296667 1 6 52 60
0.303333 4 7 59 66
0.31 5 4 59 54
0.316667 2 5 66 52
0.323333 6 5 47 51
0.33 1 0 50 52
0.336667 2 0 55 57
0.343333 2 4 62 48
0.35 0 5 55 44
0.356667 2 3 51 46
0.363333 4 5 57 57
0.37 3 2 58 41
0.376667 1 1 56 37
0.383333 1 2 47 44
0.39 3 6 52 44
0.396667 2 4 49 43
0.403333 1 5 54 39
0.41 4 8 36 39
0.416667 2 3 44 55
0.423333 1 6 45 40
0.43 2 1 55 43
0.436667 2 1 38 31
0.443333 3 4 57 30
0.45 1 5 61 47
0.456667 3 3 41 37
0.463333 0 2 43 36
0.47 1 6 44 35
0.476667 3 4 44 28
0.483333 1 0 29 23
0.49 3 3 22 32
0.496667 2 2 23 25
0.503333 2 3 37 18
0.51 1 2 37 24
0.516667 0 3 17 22
0.523333 0 2 19 24
0.53 1 2 31 30
0.536667 0 3 19 17
0.543333 0 4 22 21
0.55 1 4 20 15
0.556667 2 3 17 18
0.563333 1 2 18 22
0.57 0 3 20 18
0.576667 1 1 19 9
0.583333 3 3 21 25
0.59 0 3 22 21
0.596667 1 1 28 19
0.603333 0 3 30 24
0.61 0 1 26 18
0.616667 1 3 22 14
0.623333 2 5 17 20
0.63 1 3 25 19
0.636667 2 2 24 20
0.643333 1 2 15 16
0.65 0 1 26 22
0.656667 1 4 21 17
0.663333 37 40 1041 1081
0.67 0 0 0 0
0.676667 0 0 0 0
0.683333 0 0 0 0
0.69 0 0 0 0
0.696667 0 0 0 0
0.703333 0 0 0 0
0.71 0 0 0 0
0.716667 0 0 0 0
0.723333 0 0 0 0
0.73 0 0 0 0
0.736667 0 0 0 0
0.743333 0 0 0 0
0.75 0 0 0 0
0.756667 0 0 0 0
0.763333 0 0 0 0
0.77 0 0 0 0
0.776667 0 0 0 0
0.783333 0 0 0 0
0.79 0 0 0 0
0.796667 0 0 0 0
0.803333 0 0 0 0
0.81 0 0 0 0
0.816667 0 0 0 0
0.823333 0 0 0 0
0.83 0 0 0 0
0.836667 0 0 0 0
0.843333 0 0 0 0
0.85 0 0 0 0
0.856667 0 0 0 0
0.863333 0 0 0 0
0.87 0 0 0 0
0.876667 0 0 0 0
0.883333 0 0 0 0
0.89 0 0 0 0
0.896667 0 0 0 0
0.903333 0 0 0 0
0.91 0 0 0 0
0.916667 0 0 0 0
0.923333 0 0 0 0
0.93 0 0 0 0
0.936667 0 0 0 0
0.943333 0 0 0 0
0.95 0 0 0 0
0.956667 0 0 0 0
0.963333 0 0 0 0
0.97 0 0 0 0
0.976667 0 0 0 0
0.983333 0 0 0 0
0.99 0 0 0 0
0.996667 0 0 0 0
1.00333 0 0 0 0
1.01 0 0 0 0
1.01667 0 0 0 0
1.02333 0 0 0 0
1.03 0 0 0 0
1.03667 0 0 0 0
1.04333 0 0 0 0
1.05 0 0 0 0
1.05667 0 0 0 0
1.06333 0 0 0 0
1.07 0 0 0 0
1.07667 0 0 0 0
1.08333 0 0 0 0
1.09 0 0 0 0
1.09667 0 0 0 0
1.10333 0 0 0 0
1.11 0 0 0 0
1.11667 0 0 0 0
1.12333 0 0 0 0
1.13 0 0 0 0
1.13667 0 0 0 0
1.14333 0 0 0 0
1.15 0 0 0 0
1.15667 0 0 0 0
1.16333 0 0 0 0
1.17 0 0 0 0
1.17667 0 0 0 0
1.18333 0 0 0 0
1.19 0 0 0 0
1.19667 0 0 0 0
1.20333 0 0 0 0
1.21 0 0 0 0
1.21667 0 0 0 0
1.22333 0 0 0 0
1.23 0 0 0 0
1.23667 0 0 0 0
1.24333 0 0 0 0
1.25 0 0 0 0
1.25667 0 0 0 0
1.26333 0 0 0 0
1.27 0 0 0 0
1.27667 0 0 0 0
1.28333 0 0 0 0
1.29 0 0 0 0
1.29667 0 0 0 0
1.30333 0 0 0 0
1.31 0 0 0 0
1.31667 0 0 0 0
1.32333 0 0 0 0
1.33 0 0 0 0
1.33667 0 0 0 0
1.34333 0 0 0 0
1.35 0 0 0 0
1.35667 0 0 0 0
1.36333 0 0 0 0
1.37 0 0 0 0
1.37667 0 0 0 0
1.38333 0 0 0 0
1.39 0 0 0 0
1.39667 0 0 0 0
1.40333 0 0 0 0
1.41 0 0 0 0
1.41667 0 0 0 0
1.42333 0 0 0 0
1.43 0 0 0 0
1.43667 0 0 0 0
1.44333 0 0 0 0
1.45 0 0 0 0
1.45667 0 0 0 0
1.46333 0 0 0 0
1.47 0 0 0 0
1.47667 0 0 0 0
1.48333 0 0 0 0
1.49 0 0 0 0
1.49667 0 0 0 0
1.50333 0 0 0 0
1.51 0 0 0 0
1.51667 0 0 0 0
1.52333 0 0 0 0
1.53 0 0 0 0
1.53667 0 0 0 0
1.54333 0 0 0 0
1.55 0 0 0 0
1.55667 0 0 0 0
1.56333 0 0 0 0
1.57 0 0 0 0
1.57667 0 0 0 0
1.58333 0 0 0 0
1.59 0 0 0 0
1.59667 0 0 0 0
1.60333 0 0 0 0
1.61 0 0 0 0
1.61667 0 0 0 0
1.62333 0 0 0 0
1.63 0 0 0 0
1.63667 0 0 0 0
1.64333 0 0 0 0
1.65 0 0 0 0
1.65667 0 0 0 0
1.66333 0 0 0 0
1.67 0 0 0 0
1.67667 0 0 0 0
1.68333 0 0 0 0
1.69 0 0 0 0
1.69667 0 0 0 0
1.70333 0 0 0 0
1.71 0 0 0 0
1.71667 0 0 0 0
1.72333 0 0 0 0
1.73 0 0 0 0
1.73667 0 0 0 0
1.74333 0 0 0 0
1.75 0 0 0 0
1.75667 0 0 0 0
1.76333 0 0 0 0
1.77 0 0 0 0
1.77667 0 0 0 0
1.78333 0 0 0 0
1.79 0 0 0 0
1.79667 0 0 0 0
1.80333 0 0 0 0
1.81 0 0 0 0
1.81667 0 0 0 0
1.82333 0 0 0 0
1.83 0 0 0 0
1.83667 0 0 0 0
1.84333 0 0 0 0
1.85 0 0 0 0
1.85667 0 0 0 0
1.86333 0 0 0 0
1.87 0 0 0 0
1.87667 0 0 0 0
1.88333 0 0 0 0
1.89 0 0 0 0
1.89667 0 0 0 0
1.90333 0 0 0 0
1.91 0 0 0 0
1.91667 0 0 0 0
1.92333 0 0 0 0
1.93 0 0 0 0
1.93667 0 0 0 0
1.94333 0 0 0 0
1.95 0 0 0 0
1.95667 0 0 0 0
1.96333 0 0 0 0
1.97 0 0 0 0
1.97667 0 0 0 0
1.98333 0 0 0 0
1.99 0 0 0 0
1.99667 0 0 0 0
