0.00333333 3 18 31 6
0.01 10 17 42 17
0.0166667 6 27 45 5
0.0233333 7 37 47 15
0.03 5 26 48 18
0.0366667 3 38 65 19
0.0433333 14 53 91 40
0.05 14 47 114 32
0.0566667 25 67 130 34
0.0633333 30 72 132 48
0.07 14 92 167 43
0.0766667 20 71 160 40
0.0833333 20 74 162 52
0.09 11 71 181 51
0.0966667 16 70 142 51
0.103333 19 86 137 46
0.11 16 78 159 52
0.116667 19 79 154 48
0.123333 16 70 145 39
0.13 31 58 126 35
0.136667 11 65 123 50
0.143333 20 73 116 32
0.15 17 73 140 43
0.156667 15 67 103 35
0.163333 12 65 112 40
0.17 20 53 104 46
0.176667 15 62 117 47
0.183333 11 70 100 36
0.19 17 64 108 36
0.196667 16 64 108 31
0.203333 11 59 95 37
0.21 12 64 84 23
0.216667 12 50 107 22
0.223333 9 45 83 24
0.23 14 47 91 33
0.236667 7 39 73 30
0.243333 10 48 88 23
0.25 18 40 86 24
0.256667 12 47 71 25
0.263333 7 32 58 34
0.27 11 34 64 23
0.276667 11 34 68 19
0.283333 8 30 65 21
0.29 8 43 53 9
0.296667 10 33 69 27
0.303333 10 33 63 32
0.31 9 27 41 19
0.316667 10 34 59 23
0.323333 13 23 52 16
0.33 7 26 54 17
0.336667 12 32 60 17
0.343333 8 22 45 13
0.35 5 23 46 17
0.356667 9 25 42 18
0.363333 8 28 43 15
0.37 10 30 46 22
0.376667 7 34 51 16
0.383333 7 30 34 17
0.39 6 22 33 12
0.396667 8 20 48 19
0.403333 4 26 38 17
0.41 5 19 41 11
0.416667 8 25 42 20
0.423333 7 16 34 12
0.43 8 17 42 21
0.436667 6 20 33 10
0.443333 4 14 32 22
0.45 4 28 53 9
0.456667 5 15 29 15
0.463333 8 24 24 10
0.47 8 24 37 26
0.476667 2 16 38 13
0.483333 5 16 27 11
0.49 3 18 29 6
0.496667 3 15 25 6
0.503333 7 13 23 5
0.51 1 17 20 10
0.516667 3 18 20 14
0.523333 3 16 31 9
0.53 8 13 23 1
0.536667 2 15 17 10
0.543333 5 9 20 7
0.55 1 18 23 6
0.556667 2 15 18 11
0.563333 1 18 18 9
0.57 3 15 12 8
0.576667 8 13 27 8
0.583333 4 7 18 9
0.59 7 16 21 8
0.596667 3 10 21 9
0.603333 4 19 17 11
0.61 2 9 16 8
0.616667 4 12 27 8
0.623333 3 10 14 11
0.63 3 14 13 8
0.636667 2 16 20 2
0.643333 1 7 22 5
0.65 3 12 12 5
0.656667 4 11 13 7
0.663333 107 486 838 297
0.67 0 0 0 0
0.676667 0 0 0 0
0.683333 0 0 0 0
0.69 0 0 0 0
0.696667 0 0 0 0
0.703333 0 0 0 0
0.71 0 0 0 0
0.716667 0 0 0 0
0.723333 0 0 0 0
0.73 0 0 0 0
0.736667 0 0 0 0
0.743333 0 0 0 0
0.75 0 0 0 0
0.756667 0 0 0 0
0.763333 0 0 0 0
0.77 0 0 0 0
0.776667 0 0 0 0
0.783333 0 0 0 0
0.79 0 0 0 0
0.796667 0 0 0 0
0.803333 0 0 0 0
0.81 0 0 0 0
0.816667 0 0 0 0
0.823333 0 0 0 0
0.83 0 0 0 0
0.836667 0 0 0 0
0.843333 0 0 0 0
0.85 0 0 0 0
0.856667 0 0 0 0
0.863333 0 0 0 0
0.87 0 0 0 0
0.876667 0 0 0 0
0.883333 0 0 0 0
0.89 0 0 0 0
0.896667 0 0 0 0
0.903333 0 0 0 0
0.91 0 0 0 0
0.916667 0 0 0 0
0.923333 0 0 0 0
0.93 0 0 0 0
0.936667 0 0 0 0
0.943333 0 0 0 0
0.95 0 0 0 0
0.956667 0 0 0 0
0.963333 0 0 0 0
0.97 0 0 0 0
0.976667 0 0 0 0
0.983333 0 0 0 0
0.99 0 0 0 0
0.996667 0 0 0 0
1.00333 0 0 0 0
1.01 0 0 0 0
1.01667 0 0 0 0
1.02333 0 0 0 0
1.03 0 0 0 0
1.03667 0 0 0 0
1.04333 0 0 0 0
1.05 0 0 0 0
1.05667 0 0 0 0
1.06333 0 0 0 0
1.07 0 0 0 0
1.07667 0 0 0 0
1.08333 0 0 0 0
1.09 0 0 0 0
1.09667 0 0 0 0
1.10333 0 0 0 0
1.11 0 0 0 0
1.11667 0 0 0 0
1.12333 0 0 0 0
1.13 0 0 0 0
1.13667 0 0 0 0
1.14333 0 0 0 0
1.15 0 0 0 0
1.15667 0 0 0 0
1.16333 0 0 0 0
1.17 0 0 0 0
1.17667 0 0 0 0
1.18333 0 0 0 0
1.19 0 0 0 0
1.19667 0 0 0 0
1.20333 0 0 0 0
1.21 0 0 0 0
1.21667 0 0 0 0
1.22333 0 0 0 0
1.23 0 0 0 0
1.23667 0 0 0 0
1.24333 0 0 0 0
1.25 0 0 0 0
1.25667 0 0 0 0
1.26333 0 0 0 0
1.27 0 0 0 0
1.27667 0 0 0 0
1.28333 0 0 0 0
1.29 0 0 0 0
1.29667 0 0 0 0
1.30333 0 0 0 0
1.31 0 0 0 0
1.31667 0 0 0 0
1.32333 0 0 0 0
1.33 0 0 0 0
1.33667 0 0 0 0
1.34333 0 0 0 0
1.35 0 0 0 0
1.35667 0 0 0 0
1.36333 0 0 0 0
1.37 0 0 0 0
1.37667 0 0 0 0
1.38333 0 0 0 0
1.39 0 0 0 0
1.39667 0 0 0 0
1.40333 0 0 0 0
1.41 0 0 0 0
1.41667 0 0 0 0
1.42333 0 0 0 0
1.43 0 0 0 0
1.43667 0 0 0 0
1.44333 0 0 0 0
1.45 0 0 0 0
1.45667 0 0 0 0
1.46333 0 0 0 0
1.47 0 0 0 0
1.47667 0 0 0 0
1.48333 0 0 0 0
1.49 0 0 0 0
1.49667 0 0 0 0
1.50333 0 0 0 0
1.51 0 0 0 0
1.51667 0 0 0 0
1.52333 0 0 0 0
1.53 0 0 0 0
1.53667 0 0 0 0
1.54333 0 0 0 0
1.55 0 0 0 0
1.55667 0 0 0 0
1.56333 0 0 0 0
1.57 0 0 0 0
1.57667 0 0 0 0
1.58333 0 0 0 0
1.59 0 0 0 0
1.59667 0 0 0 0
1.60333 0 0 0 0
1.61 0 0 0 0
1.61667 0 0 0 0
1.62333 0 0 0 0
1.63 0 0 0 0
1.63667 0 0 0 0
1.64333 0 0 0 0
1.65 0 0 0 0
1.65667 0 0 0 0
1.66333 0 0 0 0
1.67 0 0 0 0
1.67667 0 0 0 0
1.68333 0 0 0 0
1.69 0 0 0 0
1.69667 0 0 0 0
1.70333 0 0 0 0
1.71 0 0 0 0
1.71667 0 0 0 0
1.72333 0 0 0 0
1.73 0 0 0 0
1.73667 0 0 0 0
1.74333 0 0 0 0
1.75 0 0 0 0
1.75667 0 0 0 0
1.76333 0 0 0 0
1.77 0 0 0 0
1.77667 0 0 0 0
1.78333 0 0 0 0
1.79 0 0 0 0
1.79667 0 0 0 0
1.80333 0 0 0 0
1.81 0 0 0 0
1.81667 0 0 0 0
1.82333 0 0 0 0
1.83 0 0 0 0
1.83667 0 0 0 0
1.84333 0 0 0 0
1.85 0 0 0 0
1.85667 0 0 0 0
1.86333 0 0 0 0
1.87 0 0 0 0
1.87667 0 0 0 0
1.88333 0 0 0 0
1.89 0 0 0 0
1.89667 0 0 0 0
1.90333 0 0 0 0
1.91 0 0 0 0
1.91667 0 0 0 0
1.92333 0 0 0 0
1.93 0 0 0 0
1.93667 0 0 0 0
1.94333 0 0 0 0
1.95 0 0 0 0
1.95667 0 0 0 0
1.96333 0 0 0 0
1.97 0 0 0 0
1.97667 0 0 0 0
1.98333 0 0 0 0
1.99 0 0 0 0
1.99667 0 0 0 0
