0.00333333 53 67 1 1
0.01 60 90 4 2
0.0166667 78 83 4 0
0.0233333 65 94 5 2
0.03 89 104 2 2
0.0366667 96 118 10 5
0.0433333 127 135 6 4
0.05 140 200 7 2
0.0566667 172 222 7 7
0.0633333 200 206 10 3
0.07 184 230 5 2
0.0766667 217 285 10 2
0.0833333 233 280 14 3
0.09 227 274 13 3
0.0966667 249 294 11 4
0.103333 230 272 8 4
0.11 248 268 13 6
0.116667 247 283 10 5
0.123333 239 285 13 1
0.13 208 289 8 6
0.136667 228 246 9 8
0.143333 197 269 12 3
0.15 190 248 13 4
0.156667 183 227 9 2
0.163333 179 214 7 5
0.17 195 224 13 2
0.176667 183 235 10 4
0.183333 186 249 5 5
0.19 202 261 9 4
0.196667 178 226 6 3
0.203333 183 250 8 3
0.21 196 191 5 8
0.216667 170 224 6 3
0.223333 165 190 6 12
0.23 161 184 9 6
0.236667 127 193 10 6
0.243333 157 190 5 6
0.25 135 187 5 6
0.256667 135 153 5 2
0.263333 120 152 7 2
0.27 123 157 3 3
0.276667 136 142 3 3
0.283333 108 147 2 0
0.29 110 106 4 2
0.296667 94 119 4 2
0.303333 107 135 6 2
0.31 97 131 8 2
0.316667 90 106 3 4
0.323333 105 115 6 3
0.33 75 111 4 4
0.336667 89 106 6 6
0.343333 83 83 5 1
0.35 85 86 6 6
0.356667 74 110 6 1
0.363333 86 94 8 0
0.37 70 88 6 3
0.376667 85 95 12 2
0.383333 66 94 8 2
0.39 71 86 8 0
0.396667 90 96 2 2
0.403333 79 108 4 2
0.41 75 91 2 3
0.416667 57 73 1 6
0.423333 67 87 7 0
0.43 74 78 7 2
0.436667 59 86 1 3
0.443333 61 76 2 2
0.45 50 81 4 0
0.456667 64 91 1 3
0.463333 79 74 3 1
0.47 75 75 2 0
0.476667 65 74 2 3
0.483333 44 54 4 1
0.49 50 50 3 1
0.496667 36 44 4 1
0.503333 30 47 7 2
0.51 31 38 1 0
0.516667 40 44 4 0
0.523333 39 41 4 1
0.53 25 35 4 1
0.536667 37 35 2 0
0.543333 27 35 3 2
0.55 29 46 1 1
0.556667 38 34 2 0
0.563333 30 35 0 1
0.57 33 33 3 3
0.576667 27 40 5 3
0.583333 29 52 2 0
0.59 35 25 0 1
0.596667 29 33 0 1
0.603333 24 45 2 1
0.61 29 35 1 1
0.616667 30 21 6 2
0.623333 22 39 1 2
0.63 31 34 1 1
0.636667 36 37 2 0
0.643333 28 38 0 0
0.65 24 27 1 1
0.656667 16 27 3 3
0.663333 2193 2730 47 53
0.67 0 0 0 0
0.676667 0 0 0 0
0.683333 0 0 0 0
0.69 0 0 0 0
0.696667 0 0 0 0
0.703333 0 0 0 0
0.71 0 0 0 0
0.716667 0 0 0 0
0.723333 0 0 0 0
0.73 0 0 0 0
0.736667 0 0 0 0
0.743333 0 0 0 0
0.75 0 0 0 0
0.756667 0 0 0 0
0.763333 0 0 0 0
0.77 0 0 0 0
0.776667 0 0 0 0
0.783333 0 0 0 0
0.79 0 0 0 0
0.796667 0 0 0 0
0.803333 0 0 0 0
0.81 0 0 0 0
0.816667 0 0 0 0
0.823333 0 0 0 0
0.83 0 0 0 0
0.836667 0 0 0 0
0.843333 0 0 0 0
0.85 0 0 0 0
0.856667 0 0 0 0
0.863333 0 0 0 0
0.87 0 0 0 0
0.876667 0 0 0 0
0.883333 0 0 0 0
0.89 0 0 0 0
0.896667 0 0 0 0
0.903333 0 0 0 0
0.91 0 0 0 0
0.916667 0 0 0 0
0.923333 0 0 0 0
0.93 0 0 0 0
0.936667 0 0 0 0
0.943333 0 0 0 0
0.95 0 0 0 0
0.956667 0 0 0 0
0.963333 0 0 0 0
0.97 0 0 0 0
0.976667 0 0 0 0
0.983333 0 0 0 0
0.99 0 0 0 0
0.996667 0 0 0 0
1.00333 0 0 0 0
1.01 0 0 0 0
1.01667 0 0 0 0
1.02333 0 0 0 0
1.03 0 0 0 0
1.03667 0 0 0 0
1.04333 0 0 0 0
1.05 0 0 0 0
1.05667 0 0 0 0
1.06333 0 0 0 0
1.07 0 0 0 0
1.07667 0 0 0 0
1.08333 0 0 0 0
1.09 0 0 0 0
1.09667 0 0 0 0
1.10333 0 0 0 0
1.11 0 0 0 0
1.11667 0 0 0 0
1.12333 0 0 0 0
1.13 0 0 0 0
1.13667 0 0 0 0
1.14333 0 0 0 0
1.15 0 0 0 0
1.15667 0 0 0 0
1.16333 0 0 0 0
1.17 0 0 0 0
1.17667 0 0 0 0
1.18333 0 0 0 0
1.19 0 0 0 0
1.19667 0 0 0 0
1.20333 0 0 0 0
1.21 0 0 0 0
1.21667 0 0 0 0
1.22333 0 0 0 0
1.23 0 0 0 0
1.23667 0 0 0 0
1.24333 0 0 0 0
1.25 0 0 0 0
1.25667 0 0 0 0
1.26333 0 0 0 0
1.27 0 0 0 0
1.27667 0 0 0 0
1.28333 0 0 0 0
1.29 0 0 0 0
1.29667 0 0 0 0
1.30333 0 0 0 0
1.31 0 0 0 0
1.31667 0 0 0 0
1.32333 0 0 0 0
1.33 0 0 0 0
1.33667 0 0 0 0
1.34333 0 0 0 0
1.35 0 0 0 0
1.35667 0 0 0 0
1.36333 0 0 0 0
1.37 0 0 0 0
1.37667 0 0 0 0
1.38333 0 0 0 0
1.39 0 0 0 0
1.39667 0 0 0 0
1.40333 0 0 0 0
1.41 0 0 0 0
1.41667 0 0 0 0
1.42333 0 0 0 0
1.43 0 0 0 0
1.43667 0 0 0 0
1.44333 0 0 0 0
1.45 0 0 0 0
1.45667 0 0 0 0
1.46333 0 0 0 0
1.47 0 0 0 0
1.47667 0 0 0 0
1.48333 0 0 0 0
1.49 0 0 0 0
1.49667 0 0 0 0
1.50333 0 0 0 0
1.51 0 0 0 0
1.51667 0 0 0 0
1.52333 0 0 0 0
1.53 0 0 0 0
1.53667 0 0 0 0
1.54333 0 0 0 0
1.55 0 0 0 0
1.55667 0 0 0 0
1.56333 0 0 0 0
1.57 0 0 0 0
1.57667 0 0 0 0
1.58333 0 0 0 0
1.59 0 0 0 0
1.59667 0 0 0 0
1.60333 0 0 0 0
1.61 0 0 0 0
1.61667 0 0 0 0
1.62333 0 0 0 0
1.63 0 0 0 0
1.63667 0 0 0 0
1.64333 0 0 0 0
1.65 0 0 0 0
1.65667 0 0 0 0
1.66333 0 0 0 0
1.67 0 0 0 0
1.67667 0 0 0 0
1.68333 0 0 0 0
1.69 0 0 0 0
1.69667 0 0 0 0
1.70333 0 0 0 0
1.71 0 0 0 0
1.71667 0 0 0 0
1.72333 0 0 0 0
1.73 0 0 0 0
1.73667 0 0 0 0
1.74333 0 0 0 0
1.75 0 0 0 0
1.75667 0 0 0 0
1.76333 0 0 0 0
1.77 0 0 0 0
1.77667 0 0 0 0
1.78333 0 0 0 0
1.79 0 0 0 0
1.79667 0 0 0 0
1.80333 0 0 0 0
1.81 0 0 0 0
1.81667 0 0 0 0
1.82333 0 0 0 0
1.83 0 0 0 0
1.83667 0 0 0 0
1.84333 0 0 0 0
1.85 0 0 0 0
1.85667 0 0 0 0
1.86333 0 0 0 0
1.87 0 0 0 0
1.87667 0 0 0 0
1.88333 0 0 0 0
1.89 0 0 0 0
1.89667 0 0 0 0
1.90333 0 0 0 0
1.91 0 0 0 0
1.91667 0 0 0 0
1.92333 0 0 0 0
1.93 0 0 0 0
1.93667 0 0 0 0
1.94333 0 0 0 0
1.95 0 0 0 0
1.95667 0 0 0 0
1.96333 0 0 0 0
1.97 0 0 0 0
1.97667 0 0 0 0
1.98333 0 0 0 0
1.99 0 0 0 0
1.99667 0 0 0 0
