0.00333333 7 21 38 10
0.01 6 23 36 11
0.0166667 7 29 44 4
0.0233333 9 29 53 6
0.03 8 37 56 9
0.0366667 8 34 63 18
0.0433333 8 47 83 23
0.05 15 67 102 25
0.0566667 19 62 104 21
0.0633333 21 81 124 28
0.07 20 111 121 21
0.0766667 22 79 125 29
0.0833333 25 92 129 21
0.09 19 107 130 27
0.0966667 21 84 135 33
0.103333 21 82 169 25
0.11 23 74 145 24
0.116667 18 81 142 26
0.123333 12 97 136 22
0.13 20 77 133 23
0.136667 19 68 137 16
0.143333 18 60 134 14
0.15 13 66 116 20
0.156667 16 58 106 18
0.163333 20 59 99 24
0.17 15 55 104 27
0.176667 11 50 124 21
0.183333 14 52 97 15
0.19 16 55 121 29
0.196667 13 57 96 21
0.203333 14 62 105 12
0.21 12 42 96 10
0.216667 11 56 101 17
0.223333 13 64 108 19
0.23 11 54 61 15
0.236667 10 41 92 10
0.243333 10 32 85 12
0.25 12 56 81 11
0.256667 4 35 78 12
0.263333 7 31 58 15
0.27 10 48 68 16
0.276667 5 42 65 7
0.283333 10 26 63 14
0.29 15 23 67 9
0.296667 7 35 56 16
0.303333 7 32 69 16
0.31 9 42 58 8
0.316667 8 38 52 6
0.323333 8 25 64 16
0.33 13 20 45 8
0.336667 10 29 66 14
0.343333 6 21 47 14
0.35 8 24 57 5
0.356667 6 26 42 11
0.363333 10 25 47 9
0.37 7 18 32 10
0.376667 4 20 49 13
0.383333 9 24 42 9
0.39 8 30 40 8
0.396667 8 20 35 12
0.403333 5 27 47 6
0.41 5 15 36 8
0.416667 9 22 41 10
0.423333 8 15 36 5
0.43 6 23 40 8
0.436667 8 21 38 9
0.443333 8 25 40 3
0.45 3 19 29 6
0.456667 4 21 43 8
0.463333 8 22 32 5
0.47 10 20 37 4
0.476667 4 19 31 8
0.483333 5 12 27 9
0.49 5 15 37 2
0.496667 2 10 27 7
0.503333 5 12 24 6
0.51 3 16 22 2
0.516667 6 15 19 5
0.523333 5 12 18 3
0.53 6 10 24 7
0.536667 4 12 21 2
0.543333 4 12 17 4
0.55 3 13 21 1
0.556667 1 6 22 7
0.563333 2 12 17 10
0.57 4 17 17 2
0.576667 8 10 22 3
0.583333 0 11 15 7
0.59 2 9 16 5
0.596667 7 16 19 5
0.603333 2 9 19 2
0.61 2 8 19 4
0.616667 4 11 21 5
0.623333 3 14 18 0
0.63 4 11 19 3
0.636667 7 13 27 3
0.643333 5 11 24 5
0.65 3 10 17 5
0.656667 2 11 16 5
0.663333 84 395 994 113
0.67 0 0 0 0
0.676667 0 0 0 0
0.683333 0 0 0 0
0.69 0 0 0 0
0.696667 0 0 0 0
0.703333 0 0 0 0
0.71 0 0 0 0
0.716667 0 0 0 0
0.723333 0 0 0 0
0.73 0 0 0 0
0.736667 0 0 0 0
0.743333 0 0 0 0
0.75 0 0 0 0
0.756667 0 0 0 0
0.763333 0 0 0 0
0.77 0 0 0 0
0.776667 0 0 0 0
0.783333 0 0 0 0
0.79 0 0 0 0
0.796667 0 0 0 0
0.803333 0 0 0 0
0.81 0 0 0 0
0.816667 0 0 0 0
0.823333 0 0 0 0
0.83 0 0 0 0
0.836667 0 0 0 0
0.843333 0 0 0 0
0.85 0 0 0 0
0.856667 0 0 0 0
0.863333 0 0 0 0
0.87 0 0 0 0
0.876667 0 0 0 0
0.883333 0 0 0 0
0.89 0 0 0 0
0.896667 0 0 0 0
0.903333 0 0 0 0
0.91 0 0 0 0
0.916667 0 0 0 0
0.923333 0 0 0 0
0.93 0 0 0 0
0.936667 0 0 0 0
0.943333 0 0 0 0
0.95 0 0 0 0
0.956667 0 0 0 0
0.963333 0 0 0 0
0.97 0 0 0 0
0.976667 0 0 0 0
0.983333 0 0 0 0
0.99 0 0 0 0
0.996667 0 0 0 0
1.00333 0 0 0 0
1.01 0 0 0 0
1.01667 0 0 0 0
1.02333 0 0 0 0
1.03 0 0 0 0
1.03667 0 0 0 0
1.04333 0 0 0 0
1.05 0 0 0 0
1.05667 0 0 0 0
1.06333 0 0 0 0
1.07 0 0 0 0
1.07667 0 0 0 0
1.08333 0 0 0 0
1.09 0 0 0 0
1.09667 0 0 0 0
1.10333 0 0 0 0
1.11 0 0 0 0
1.11667 0 0 0 0
1.12333 0 0 0 0
1.13 0 0 0 0
1.13667 0 0 0 0
1.14333 0 0 0 0
1.15 0 0 0 0
1.15667 0 0 0 0
1.16333 0 0 0 0
1.17 0 0 0 0
1.17667 0 0 0 0
1.18333 0 0 0 0
1.19 0 0 0 0
1.19667 0 0 0 0
1.20333 0 0 0 0
1.21 0 0 0 0
1.21667 0 0 0 0
1.22333 0 0 0 0
1.23 0 0 0 0
1.23667 0 0 0 0
1.24333 0 0 0 0
1.25 0 0 0 0
1.25667 0 0 0 0
1.26333 0 0 0 0
1.27 0 0 0 0
1.27667 0 0 0 0
1.28333 0 0 0 0
1.29 0 0 0 0
1.29667 0 0 0 0
1.30333 0 0 0 0
1.31 0 0 0 0
1.31667 0 0 0 0
1.32333 0 0 0 0
1.33 0 0 0 0
1.33667 0 0 0 0
1.34333 0 0 0 0
1.35 0 0 0 0
1.35667 0 0 0 0
1.36333 0 0 0 0
1.37 0 0 0 0
1.37667 0 0 0 0
1.38333 0 0 0 0
1.39 0 0 0 0
1.39667 0 0 0 0
1.40333 0 0 0 0
1.41 0 0 0 0
1.41667 0 0 0 0
1.42333 0 0 0 0
1.43 0 0 0 0
1.43667 0 0 0 0
1.44333 0 0 0 0
1.45 0 0 0 0
1.45667 0 0 0 0
1.46333 0 0 0 0
1.47 0 0 0 0
1.47667 0 0 0 0
1.48333 0 0 0 0
1.49 0 0 0 0
1.49667 0 0 0 0
1.50333 0 0 0 0
1.51 0 0 0 0
1.51667 0 0 0 0
1.52333 0 0 0 0
1.53 0 0 0 0
1.53667 0 0 0 0
1.54333 0 0 0 0
1.55 0 0 0 0
1.55667 0 0 0 0
1.56333 0 0 0 0
1.57 0 0 0 0
1.57667 0 0 0 0
1.58333 0 0 0 0
1.59 0 0 0 0
1.59667 0 0 0 0
1.60333 0 0 0 0
1.61 0 0 0 0
1.61667 0 0 0 0
1.62333 0 0 0 0
1.63 0 0 0 0
1.63667 0 0 0 0
1.64333 0 0 0 0
1.65 0 0 0 0
1.65667 0 0 0 0
1.66333 0 0 0 0
1.67 0 0 0 0
1.67667 0 0 0 0
1.68333 0 0 0 0
1.69 0 0 0 0
1.69667 0 0 0 0
1.70333 0 0 0 0
1.71 0 0 0 0
1.71667 0 0 0 0
1.72333 0 0 0 0
1.73 0 0 0 0
1.73667 0 0 0 0
1.74333 0 0 0 0
1.75 0 0 0 0
1.75667 0 0 0 0
1.76333 0 0 0 0
1.77 0 0 0 0
1.77667 0 0 0 0
1.78333 0 0 0 0
1.79 0 0 0 0
1.79667 0 0 0 0
1.80333 0 0 0 0
1.81 0 0 0 0
1.81667 0 0 0 0
1.82333 0 0 0 0
1.83 0 0 0 0
1.83667 0 0 0 0
1.84333 0 0 0 0
1.85 0 0 0 0
1.85667 0 0 0 0
1.86333 0 0 0 0
1.87 0 0 0 0
1.87667 0 0 0 0
1.88333 0 0 0 0
1.89 0 0 0 0
1.89667 0 0 0 0
1.90333 0 0 0 0
1.91 0 0 0 0
1.91667 0 0 0 0
1.92333 0 0 0 0
1.93 0 0 0 0
1.93667 0 0 0 0
1.94333 0 0 0 0
1.95 0 0 0 0
1.95667 0 0 0 0
1.96333 0 0 0 0
1.97 0 0 0 0
1.97667 0 0 0 0
1.98333 0 0 0 0
1.99 0 0 0 0
1.99667 0 0 0 0
