0.00333333 1 18 87 8
0.01 3 14 76 5
0.0166667 4 21 86 7
0.0233333 4 24 87 8
0.03 3 19 81 6
0.0366667 9 28 111 10
0.0433333 4 29 125 12
0.05 13 34 135 23
0.0566667 8 55 157 17
0.0633333 14 49 181 23
0.07 11 70 226 38
0.0766667 13 63 218 33
0.0833333 17 58 235 20
0.09 11 69 229 25
0.0966667 7 62 230 24
0.103333 16 53 211 19
0.11 11 53 242 15
0.116667 8 68 230 19
0.123333 14 54 230 16
0.13 16 51 198 21
0.136667 4 35 205 15
0.143333 7 46 246 21
0.15 7 37 212 11
0.156667 5 36 236 15
0.163333 4 50 207 17
0.17 8 42 199 21
0.176667 13 33 216 19
0.183333 8 61 245 15
0.19 11 39 270 14
0.196667 4 53 246 14
0.203333 2 40 230 20
0.21 10 28 219 17
0.216667 5 37 227 17
0.223333 9 37 217 8
0.23 7 39 179 14
0.236667 4 27 201 10
0.243333 4 34 172 12
0.25 11 34 181 14
0.256667 3 34 148 17
0.263333 5 25 137 11
0.27 6 28 139 9
0.276667 5 20 153 10
0.283333 3 25 118 8
0.29 2 29 119 9
0.296667 2 34 111 9
0.303333 3 25 112 8
0.31 5 27 116 10
0.316667 2 23 104 8
0.323333 2 20 119 8
0.33 4 27 103 6
0.336667 4 27 106 6
0.343333 3 22 92 13
0.35 1 23 107 8
0.356667 1 18 93 11
0.363333 3 17 99 8
0.37 4 19 90 10
0.376667 7 16 103 14
0.383333 6 20 80 7
0.39 5 20 71 9
0.396667 0 13 86 7
0.403333 5 22 88 7
0.41 1 12 78 8
0.416667 4 17 102 6
0.423333 5 17 112 8
0.43 1 12 74 7
0.436667 4 18 93 9
0.443333 2 16 74 14
0.45 2 16 73 7
0.456667 3 15 77 5
0.463333 1 20 79 7
0.47 3 14 85 6
0.476667 2 9 76 3
0.483333 3 9 48 3
0.49 1 9 32 1
0.496667 2 17 52 2
0.503333 2 14 35 5
0.51 2 11 56 3
0.516667 2 9 33 6
0.523333 6 19 38 3
0.53 0 13 27 8
0.536667 2 8 27 2
0.543333 3 7 37 1
0.55 0 10 35 3
0.556667 2 6 36 5
0.563333 1 9 32 3
0.57 2 17 28 2
0.576667 1 9 22 1
0.583333 2 13 24 3
0.59 1 8 29 2
0.596667 1 12 37 8
0.603333 1 10 31 3
0.61 3 5 32 7
0.616667 2 7 27 5
0.623333 0 11 22 6
0.63 3 12 40 3
0.636667 2 10 34 4
0.643333 1 6 28 4
0.65 2 4 23 2
0.656667 0 9 23 5
0.663333 40 360 3513 70
0.67 0 0 0 0
0.676667 0 0 0 0
0.683333 0 0 0 0
0.69 0 0 0 0
0.696667 0 0 0 0
0.703333 0 0 0 0
0.71 0 0 0 0
0.716667 0 0 0 0
0.723333 0 0 0 0
0.73 0 0 0 0
0.736667 0 0 0 0
0.743333 0 0 0 0
0.75 0 0 0 0
0.756667 0 0 0 0
0.763333 0 0 0 0
0.77 0 0 0 0
0.776667 0 0 0 0
0.783333 0 0 0 0
0.79 0 0 0 0
0.796667 0 0 0 0
0.803333 0 0 0 0
0.81 0 0 0 0
0.816667 0 0 0 0
0.823333 0 0 0 0
0.83 0 0 0 0
0.836667 0 0 0 0
0.843333 0 0 0 0
0.85 0 0 0 0
0.856667 0 0 0 0
0.863333 0 0 0 0
0.87 0 0 0 0
0.876667 0 0 0 0
0.883333 0 0 0 0
0.89 0 0 0 0
0.896667 0 0 0 0
0.903333 0 0 0 0
0.91 0 0 0 0
0.916667 0 0 0 0
0.923333 0 0 0 0
0.93 0 0 0 0
0.936667 0 0 0 0
0.943333 0 0 0 0
0.95 0 0 0 0
0.956667 0 0 0 0
0.963333 0 0 0 0
0.97 0 0 0 0
0.976667 0 0 0 0
0.983333 0 0 0 0
0.99 0 0 0 0
0.996667 0 0 0 0
1.00333 0 0 0 0
1.01 0 0 0 0
1.01667 0 0 0 0
1.02333 0 0 0 0
1.03 0 0 0 0
1.03667 0 0 0 0
1.04333 0 0 0 0
1.05 0 0 0 0
1.05667 0 0 0 0
1.06333 0 0 0 0
1.07 0 0 0 0
1.07667 0 0 0 0
1.08333 0 0 0 0
1.09 0 0 0 0
1.09667 0 0 0 0
1.10333 0 0 0 0
1.11 0 0 0 0
1.11667 0 0 0 0
1.12333 0 0 0 0
1.13 0 0 0 0
1.13667 0 0 0 0
1.14333 0 0 0 0
1.15 0 0 0 0
1.15667 0 0 0 0
1.16333 0 0 0 0
1.17 0 0 0 0
1.17667 0 0 0 0
1.18333 0 0 0 0
1.19 0 0 0 0
1.19667 0 0 0 0
1.20333 0 0 0 0
1.21 0 0 0 0
1.21667 0 0 0 0
1.22333 0 0 0 0
1.23 0 0 0 0
1.23667 0 0 0 0
1.24333 0 0 0 0
1.25 0 0 0 0
1.25667 0 0 0 0
1.26333 0 0 0 0
1.27 0 0 0 0
1.27667 0 0 0 0
1.28333 0 0 0 0
1.29 0 0 0 0
1.29667 0 0 0 0
1.30333 0 0 0 0
1.31 0 0 0 0
1.31667 0 0 0 0
1.32333 0 0 0 0
1.33 0 0 0 0
1.33667 0 0 0 0
1.34333 0 0 0 0
1.35 0 0 0 0
1.35667 0 0 0 0
1.36333 0 0 0 0
1.37 0 0 0 0
1.37667 0 0 0 0
1.38333 0 0 0 0
1.39 0 0 0 0
1.39667 0 0 0 0
1.40333 0 0 0 0
1.41 0 0 0 0
1.41667 0 0 0 0
1.42333 0 0 0 0
1.43 0 0 0 0
1.43667 0 0 0 0
1.44333 0 0 0 0
1.45 0 0 0 0
1.45667 0 0 0 0
1.46333 0 0 0 0
1.47 0 0 0 0
1.47667 0 0 0 0
1.48333 0 0 0 0
1.49 0 0 0 0
1.49667 0 0 0 0
1.50333 0 0 0 0
1.51 0 0 0 0
1.51667 0 0 0 0
1.52333 0 0 0 0
1.53 0 0 0 0
1.53667 0 0 0 0
1.54333 0 0 0 0
1.55 0 0 0 0
1.55667 0 0 0 0
1.56333 0 0 0 0
1.57 0 0 0 0
1.57667 0 0 0 0
1.58333 0 0 0 0
1.59 0 0 0 0
1.59667 0 0 0 0
1.60333 0 0 0 0
1.61 0 0 0 0
1.61667 0 0 0 0
1.62333 0 0 0 0
1.63 0 0 0 0
1.63667 0 0 0 0
1.64333 0 0 0 0
1.65 0 0 0 0
1.65667 0 0 0 0
1.66333 0 0 0 0
1.67 0 0 0 0
1.67667 0 0 0 0
1.68333 0 0 0 0
1.69 0 0 0 0
1.69667 0 0 0 0
1.70333 0 0 0 0
1.71 0 0 0 0
1.71667 0 0 0 0
1.72333 0 0 0 0
1.73 0 0 0 0
1.73667 0 0 0 0
1.74333 0 0 0 0
1.75 0 0 0 0
1.75667 0 0 0 0
1.76333 0 0 0 0
1.77 0 0 0 0
1.77667 0 0 0 0
1.78333 0 0 0 0
1.79 0 0 0 0
1.79667 0 0 0 0
1.80333 0 0 0 0
1.81 0 0 0 0
1.81667 0 0 0 0
1.82333 0 0 0 0
1.83 0 0 0 0
1.83667 0 0 0 0
1.84333 0 0 0 0
1.85 0 0 0 0
1.85667 0 0 0 0
1.86333 0 0 0 0
1.87 0 0 0 0
1.87667 0 0 0 0
1.88333 0 0 0 0
1.89 0 0 0 0
1.89667 0 0 0 0
1.90333 0 0 0 0
1.91 0 0 0 0
1.91667 0 0 0 0
1.92333 0 0 0 0
1.93 0 0 0 0
1.93667 0 0 0 0
1.94333 0 0 0 0
1.95 0 0 0 0
1.95667 0 0 0 0
1.96333 0 0 0 0
1.97 0 0 0 0
1.97667 0 0 0 0
1.98333 0 0 0 0
1.99 0 0 0 0
1.99667 0 0 0 0
