0.00333333 10 13 30 11
0.01 5 10 42 19
0.0166667 8 11 46 13
0.0233333 1 22 54 17
0.03 2 29 52 21
0.0366667 2 29 75 24
0.0433333 8 39 104 36
0.05 10 39 111 37
0.0566667 22 50 162 47
0.0633333 22 51 172 54
0.07 14 59 171 59
0.0766667 8 51 159 61
0.0833333 15 52 175 81
0.09 13 56 191 70
0.0966667 11 47 190 67
0.103333 16 60 171 61
0.11 18 51 178 51
0.116667 11 44 172 66
0.123333 11 49 164 48
0.13 16 46 164 48
0.136667 13 43 150 52
0.143333 19 34 139 43
0.15 10 36 157 42
0.156667 7 34 152 41
0.163333 8 33 149 47
0.17 15 28 111 41
0.176667 18 32 157 47
0.183333 17 43 119 45
0.19 15 39 114 45
0.196667 14 53 127 39
0.203333 16 38 121 46
0.21 12 45 114 29
0.216667 11 22 118 47
0.223333 11 37 93 32
0.23 6 31 102 34
0.236667 11 23 84 35
0.243333 10 25 96 34
0.25 14 30 96 34
0.256667 6 17 58 27
0.263333 6 19 78 33
0.27 6 14 68 32
0.276667 4 20 73 17
0.283333 6 18 70 23
0.29 11 23 78 23
0.296667 5 24 80 30
0.303333 7 25 68 34
0.31 6 19 67 21
0.316667 7 19 57 26
0.323333 12 21 67 26
0.33 7 14 52 25
0.336667 7 14 55 23
0.343333 2 17 65 23
0.35 3 11 53 15
0.356667 8 17 48 28
0.363333 6 26 40 20
0.37 5 15 49 19
0.376667 3 21 52 23
0.383333 4 24 46 24
0.39 6 21 48 14
0.396667 9 13 46 14
0.403333 1 13 45 11
0.41 9 17 45 16
0.416667 5 16 44 14
0.423333 4 7 45 12
0.43 4 14 54 15
0.436667 6 11 48 8
0.443333 3 20 44 25
0.45 5 13 52 13
0.456667 3 7 43 25
0.463333 8 17 32 18
0.47 4 14 48 16
0.476667 5 14 36 22
0.483333 4 7 34 16
0.49 4 7 26 9
0.496667 3 13 23 11
0.503333 2 8 28 5
0.51 2 12 22 12
0.516667 2 12 27 15
0.523333 5 14 40 13
0.53 2 11 32 9
0.536667 1 8 20 15
0.543333 5 9 29 9
0.55 4 12 22 7
0.556667 3 7 28 11
0.563333 3 12 31 10
0.57 6 14 25 10
0.576667 10 10 22 6
0.583333 4 7 26 16
0.59 2 8 20 6
0.596667 5 8 14 7
0.603333 3 12 17 4
0.61 3 3 22 10
0.616667 3 5 23 7
0.623333 2 7 16 4
0.63 2 11 14 9
0.636667 1 10 21 6
0.643333 3 8 17 7
0.65 2 5 19 11
0.656667 4 6 19 6
0.663333 92 273 999 365
0.67 0 0 0 0
0.676667 0 0 0 0
0.683333 0 0 0 0
0.69 0 0 0 0
0.696667 0 0 0 0
0.703333 0 0 0 0
0.71 0 0 0 0
0.716667 0 0 0 0
0.723333 0 0 0 0
0.73 0 0 0 0
0.736667 0 0 0 0
0.743333 0 0 0 0
0.75 0 0 0 0
0.756667 0 0 0 0
0.763333 0 0 0 0
0.77 0 0 0 0
0.776667 0 0 0 0
0.783333 0 0 0 0
0.79 0 0 0 0
0.796667 0 0 0 0
0.803333 0 0 0 0
0.81 0 0 0 0
0.816667 0 0 0 0
0.823333 0 0 0 0
0.83 0 0 0 0
0.836667 0 0 0 0
0.843333 0 0 0 0
0.85 0 0 0 0
0.856667 0 0 0 0
0.863333 0 0 0 0
0.87 0 0 0 0
0.876667 0 0 0 0
0.883333 0 0 0 0
0.89 0 0 0 0
0.896667 0 0 0 0
0.903333 0 0 0 0
0.91 0 0 0 0
0.916667 0 0 0 0
0.923333 0 0 0 0
0.93 0 0 0 0
0.936667 0 0 0 0
0.943333 0 0 0 0
0.95 0 0 0 0
0.956667 0 0 0 0
0.963333 0 0 0 0
0.97 0 0 0 0
0.976667 0 0 0 0
0.983333 0 0 0 0
0.99 0 0 0 0
0.996667 0 0 0 0
1.00333 0 0 0 0
1.01 0 0 0 0
1.01667 0 0 0 0
1.02333 0 0 0 0
1.03 0 0 0 0
1.03667 0 0 0 0
1.04333 0 0 0 0
1.05 0 0 0 0
1.05667 0 0 0 0
1.06333 0 0 0 0
1.07 0 0 0 0
1.07667 0 0 0 0
1.08333 0 0 0 0
1.09 0 0 0 0
1.09667 0 0 0 0
1.10333 0 0 0 0
1.11 0 0 0 0
1.11667 0 0 0 0
1.12333 0 0 0 0
1.13 0 0 0 0
1.13667 0 0 0 0
1.14333 0 0 0 0
1.15 0 0 0 0
1.15667 0 0 0 0
1.16333 0 0 0 0
1.17 0 0 0 0
1.17667 0 0 0 0
1.18333 0 0 0 0
1.19 0 0 0 0
1.19667 0 0 0 0
1.20333 0 0 0 0
1.21 0 0 0 0
1.21667 0 0 0 0
1.22333 0 0 0 0
1.23 0 0 0 0
1.23667 0 0 0 0
1.24333 0 0 0 0
1.25 0 0 0 0
1.25667 0 0 0 0
1.26333 0 0 0 0
1.27 0 0 0 0
1.27667 0 0 0 0
1.28333 0 0 0 0
1.29 0 0 0 0
1.29667 0 0 0 0
1.30333 0 0 0 0
1.31 0 0 0 0
1.31667 0 0 0 0
1.32333 0 0 0 0
1.33 0 0 0 0
1.33667 0 0 0 0
1.34333 0 0 0 0
1.35 0 0 0 0
1.35667 0 0 0 0
1.36333 0 0 0 0
1.37 0 0 0 0
1.37667 0 0 0 0
1.38333 0 0 0 0
1.39 0 0 0 0
1.39667 0 0 0 0
1.40333 0 0 0 0
1.41 0 0 0 0
1.41667 0 0 0 0
1.42333 0 0 0 0
1.43 0 0 0 0
1.43667 0 0 0 0
1.44333 0 0 0 0
1.45 0 0 0 0
1.45667 0 0 0 0
1.46333 0 0 0 0
1.47 0 0 0 0
1.47667 0 0 0 0
1.48333 0 0 0 0
1.49 0 0 0 0
1.49667 0 0 0 0
1.50333 0 0 0 0
1.51 0 0 0 0
1.51667 0 0 0 0
1.52333 0 0 0 0
1.53 0 0 0 0
1.53667 0 0 0 0
1.54333 0 0 0 0
1.55 0 0 0 0
1.55667 0 0 0 0
1.56333 0 0 0 0
1.57 0 0 0 0
1.57667 0 0 0 0
1.58333 0 0 0 0
1.59 0 0 0 0
1.59667 0 0 0 0
1.60333 0 0 0 0
1.61 0 0 0 0
1.61667 0 0 0 0
1.62333 0 0 0 0
1.63 0 0 0 0
1.63667 0 0 0 0
1.64333 0 0 0 0
1.65 0 0 0 0
1.65667 0 0 0 0
1.66333 0 0 0 0
1.67 0 0 0 0
1.67667 0 0 0 0
1.68333 0 0 0 0
1.69 0 0 0 0
1.69667 0 0 0 0
1.70333 0 0 0 0
1.71 0 0 0 0
1.71667 0 0 0 0
1.72333 0 0 0 0
1.73 0 0 0 0
1.73667 0 0 0 0
1.74333 0 0 0 0
1.75 0 0 0 0
1.75667 0 0 0 0
1.76333 0 0 0 0
1.77 0 0 0 0
1.77667 0 0 0 0
1.78333 0 0 0 0
1.79 0 0 0 0
1.79667 0 0 0 0
1.80333 0 0 0 0
1.81 0 0 0 0
1.81667 0 0 0 0
1.82333 0 0 0 0
1.83 0 0 0 0
1.83667 0 0 0 0
1.84333 0 0 0 0
1.85 0 0 0 0
1.85667 0 0 0 0
1.86333 0 0 0 0
1.87 0 0 0 0
1.87667 0 0 0 0
1.88333 0 0 0 0
1.89 0 0 0 0
1.89667 0 0 0 0
1.90333 0 0 0 0
1.91 0 0 0 0
1.91667 0 0 0 0
1.92333 0 0 0 0
1.93 0 0 0 0
1.93667 0 0 0 0
1.94333 0 0 0 0
1.95 0 0 0 0
1.95667 0 0 0 0
1.96333 0 0 0 0
1.97 0 0 0 0
1.97667 0 0 0 0
1.98333 0 0 0 0
1.99 0 0 0 0
1.99667 0 0 0 0
