0.00333333 0 1 4 119
0.01 2 1 9 138
0.0166667 1 2 17 142
0.0233333 1 2 16 166
0.03 1 2 17 166
0.0366667 2 4 13 170
0.0433333 0 0 28 176
0.05 5 6 31 242
0.0566667 1 3 45 250
0.0633333 1 2 47 276
0.07 4 6 43 305
0.0766667 4 5 52 300
0.0833333 2 6 53 320
0.09 0 7 49 337
0.0966667 3 7 40 336
0.103333 1 2 47 366
0.11 2 12 43 378
0.116667 4 3 43 366
0.123333 3 6 31 369
0.13 2 9 34 385
0.136667 3 3 28 368
0.143333 2 5 51 349
0.15 3 5 38 383
0.156667 3 5 43 378
0.163333 4 3 28 381
0.17 2 4 37 370
0.176667 3 2 35 328
0.183333 4 2 30 397
0.19 5 5 26 467
0.196667 3 3 34 486
0.203333 6 3 37 419
0.21 3 2 36 401
0.216667 1 5 27 393
0.223333 2 4 19 363
0.23 3 4 28 320
0.236667 4 6 22 326
0.243333 2 5 36 288
0.25 4 5 26 321
0.256667 1 1 22 292
0.263333 0 5 26 253
0.27 5 5 18 261
0.276667 2 2 26 231
0.283333 2 0 22 254
0.29 1 2 10 213
0.296667 1 3 16 224
0.303333 1 8 20 220
0.31 2 3 23 204
0.316667 2 5 11 202
0.323333 2 5 23 215
0.33 3 2 21 181
0.336667 2 2 20 187
0.343333 3 2 13 172
0.35 1 2 11 155
0.356667 0 4 21 165
0.363333 3 2 16 151
0.37 2 1 12 184
0.376667 0 1 17 159
0.383333 3 1 17 153
0.39 1 4 10 153
0.396667 1 1 12 154
0.403333 3 6 21 158
0.41 0 4 11 129
0.416667 2 2 11 144
0.423333 0 0 17 160
0.43 2 1 15 149
0.436667 1 1 17 160
0.443333 1 4 14 162
0.45 0 0 13 156
0.456667 2 4 16 150
0.463333 2 2 10 158
0.47 3 7 9 149
0.476667 1 3 7 126
0.483333 3 2 7 68
0.49 0 2 12 81
0.496667 1 0 7 67
0.503333 1 1 9 56
0.51 3 4 13 55
0.516667 3 4 5 59
0.523333 1 2 3 61
0.53 1 5 9 58
0.536667 0 1 13 68
0.543333 0 1 10 69
0.55 2 2 10 66
0.556667 2 1 9 61
0.563333 1 1 13 48
0.57 0 0 9 51
0.576667 0 4 8 57
0.583333 0 4 10 60
0.59 1 1 9 53
0.596667 1 1 9 47
0.603333 0 2 6 53
0.61 0 1 7 53
0.616667 0 0 3 46
0.623333 1 0 9 51
0.63 1 1 5 38
0.636667 0 4 8 59
0.643333 0 0 4 46
0.65 2 2 10 59
0.656667 3 0 11 45
0.663333 43 64 233 7146
0.67 0 0 0 0
0.676667 0 0 0 0
0.683333 0 0 0 0
0.69 0 0 0 0
0.696667 0 0 0 0
0.703333 0 0 0 0
0.71 0 0 0 0
0.716667 0 0 0 0
0.723333 0 0 0 0
0.73 0 0 0 0
0.736667 0 0 0 0
0.743333 0 0 0 0
0.75 0 0 0 0
0.756667 0 0 0 0
0.763333 0 0 0 0
0.77 0 0 0 0
0.776667 0 0 0 0
0.783333 0 0 0 0
0.79 0 0 0 0
0.796667 0 0 0 0
0.803333 0 0 0 0
0.81 0 0 0 0
0.816667 0 0 0 0
0.823333 0 0 0 0
0.83 0 0 0 0
0.836667 0 0 0 0
0.843333 0 0 0 0
0.85 0 0 0 0
0.856667 0 0 0 0
0.863333 0 0 0 0
0.87 0 0 0 0
0.876667 0 0 0 0
0.883333 0 0 0 0
0.89 0 0 0 0
0.896667 0 0 0 0
0.903333 0 0 0 0
0.91 0 0 0 0
0.916667 0 0 0 0
0.923333 0 0 0 0
0.93 0 0 0 0
0.936667 0 0 0 0
0.943333 0 0 0 0
0.95 0 0 0 0
0.956667 0 0 0 0
0.963333 0 0 0 0
0.97 0 0 0 0
0.976667 0 0 0 0
0.983333 0 0 0 0
0.99 0 0 0 0
0.996667 0 0 0 0
1.00333 0 0 0 0
1.01 0 0 0 0
1.01667 0 0 0 0
1.02333 0 0 0 0
1.03 0 0 0 0
1.03667 0 0 0 0
1.04333 0 0 0 0
1.05 0 0 0 0
1.05667 0 0 0 0
1.06333 0 0 0 0
1.07 0 0 0 0
1.07667 0 0 0 0
1.08333 0 0 0 0
1.09 0 0 0 0
1.09667 0 0 0 0
1.10333 0 0 0 0
1.11 0 0 0 0
1.11667 0 0 0 0
1.12333 0 0 0 0
1.13 0 0 0 0
1.13667 0 0 0 0
1.14333 0 0 0 0
1.15 0 0 0 0
1.15667 0 0 0 0
1.16333 0 0 0 0
1.17 0 0 0 0
1.17667 0 0 0 0
1.18333 0 0 0 0
1.19 0 0 0 0
1.19667 0 0 0 0
1.20333 0 0 0 0
1.21 0 0 0 0
1.21667 0 0 0 0
1.22333 0 0 0 0
1.23 0 0 0 0
1.23667 0 0 0 0
1.24333 0 0 0 0
1.25 0 0 0 0
1.25667 0 0 0 0
1.26333 0 0 0 0
1.27 0 0 0 0
1.27667 0 0 0 0
1.28333 0 0 0 0
1.29 0 0 0 0
1.29667 0 0 0 0
1.30333 0 0 0 0
1.31 0 0 0 0
1.31667 0 0 0 0
1.32333 0 0 0 0
1.33 0 0 0 0
1.33667 0 0 0 0
1.34333 0 0 0 0
1.35 0 0 0 0
1.35667 0 0 0 0
1.36333 0 0 0 0
1.37 0 0 0 0
1.37667 0 0 0 0
1.38333 0 0 0 0
1.39 0 0 0 0
1.39667 0 0 0 0
1.40333 0 0 0 0
1.41 0 0 0 0
1.41667 0 0 0 0
1.42333 0 0 0 0
1.43 0 0 0 0
1.43667 0 0 0 0
1.44333 0 0 0 0
1.45 0 0 0 0
1.45667 0 0 0 0
1.46333 0 0 0 0
1.47 0 0 0 0
1.47667 0 0 0 0
1.48333 0 0 0 0
1.49 0 0 0 0
1.49667 0 0 0 0
1.50333 0 0 0 0
1.51 0 0 0 0
1.51667 0 0 0 0
1.52333 0 0 0 0
1.53 0 0 0 0
1.53667 0 0 0 0
1.54333 0 0 0 0
1.55 0 0 0 0
1.55667 0 0 0 0
1.56333 0 0 0 0
1.57 0 0 0 0
1.57667 0 0 0 0
1.58333 0 0 0 0
1.59 0 0 0 0
1.59667 0 0 0 0
1.60333 0 0 0 0
1.61 0 0 0 0
1.61667 0 0 0 0
1.62333 0 0 0 0
1.63 0 0 0 0
1.63667 0 0 0 0
1.64333 0 0 0 0
1.65 0 0 0 0
1.65667 0 0 0 0
1.66333 0 0 0 0
1.67 0 0 0 0
1.67667 0 0 0 0
1.68333 0 0 0 0
1.69 0 0 0 0
1.69667 0 0 0 0
1.70333 0 0 0 0
1.71 0 0 0 0
1.71667 0 0 0 0
1.72333 0 0 0 0
1.73 0 0 0 0
1.73667 0 0 0 0
1.74333 0 0 0 0
1.75 0 0 0 0
1.75667 0 0 0 0
1.76333 0 0 0 0
1.77 0 0 0 0
1.77667 0 0 0 0
1.78333 0 0 0 0
1.79 0 0 0 0
1.79667 0 0 0 0
1.80333 0 0 0 0
1.81 0 0 0 0
1.81667 0 0 0 0
1.82333 0 0 0 0
1.83 0 0 0 0
1.83667 0 0 0 0
1.84333 0 0 0 0
1.85 0 0 0 0
1.85667 0 0 0 0
1.86333 0 0 0 0
1.87 0 0 0 0
1.87667 0 0 0 0
1.88333 0 0 0 0
1.89 0 0 0 0
1.89667 0 0 0 0
1.90333 0 0 0 0
1.91 0 0 0 0
1.91667 0 0 0 0
1.92333 0 0 0 0
1.93 0 0 0 0
1.93667 0 0 0 0
1.94333 0 0 0 0
1.95 0 0 0 0
1.95667 0 0 0 0
1.96333 0 0 0 0
1.97 0 0 0 0
1.97667 0 0 0 0
1.98333 0 0 0 0
1.99 0 0 0 0
1.99667 0 0 0 0
