0.00333333 2 4 92 15
0.01 1 9 86 23
0.0166667 1 4 86 34
0.0233333 1 6 114 36
0.03 1 7 117 45
0.0366667 0 6 140 46
0.0433333 4 10 179 62
0.05 0 14 235 95
0.0566667 3 16 252 112
0.0633333 3 16 262 121
0.07 3 20 296 136
0.0766667 2 22 281 137
0.0833333 1 25 373 123
0.09 3 16 325 133
0.0966667 5 23 334 112
0.103333 9 15 333 128
0.11 5 19 332 105
0.116667 2 19 296 131
0.123333 2 18 306 98
0.13 1 10 338 109
0.136667 1 16 264 95
0.143333 1 12 331 96
0.15 1 15 305 74
0.156667 2 17 287 78
0.163333 4 17 271 86
0.17 3 14 254 79
0.176667 4 14 268 87
0.183333 2 16 292 84
0.19 3 10 311 108
0.196667 2 20 289 77
0.203333 3 12 286 69
0.21 3 14 249 58
0.216667 8 11 247 70
0.223333 5 9 275 77
0.23 5 17 237 66
0.236667 0 16 236 63
0.243333 2 12 202 55
0.25 3 8 197 72
0.256667 3 9 201 57
0.263333 2 11 190 44
0.27 2 10 149 53
0.276667 2 9 159 55
0.283333 1 5 154 55
0.29 0 7 146 61
0.296667 2 13 158 40
0.303333 0 9 122 36
0.31 2 10 148 49
0.316667 1 8 123 37
0.323333 1 7 134 50
0.33 1 10 124 38
0.336667 0 8 120 42
0.343333 2 10 105 45
0.35 1 13 111 38
0.356667 1 5 124 33
0.363333 1 8 115 35
0.37 2 12 119 36
0.376667 0 10 95 25
0.383333 2 8 98 24
0.39 1 10 100 39
0.396667 2 5 100 26
0.403333 0 6 92 30
0.41 2 1 101 21
0.416667 2 7 92 36
0.423333 1 4 91 37
0.43 0 7 97 28
0.436667 1 7 91 24
0.443333 1 7 101 36
0.45 0 9 113 27
0.456667 2 4 106 31
0.463333 2 6 87 29
0.47 1 4 97 42
0.476667 3 4 85 24
0.483333 1 4 57 22
0.49 1 11 62 25
0.496667 1 6 55 18
0.503333 0 6 42 25
0.51 0 5 49 27
0.516667 1 2 57 18
0.523333 2 2 45 21
0.53 2 3 46 14
0.536667 1 6 41 10
0.543333 2 3 35 18
0.55 1 3 38 19
0.556667 0 2 37 18
0.563333 1 4 52 17
0.57 0 9 40 15
0.576667 2 2 45 12
0.583333 1 2 46 16
0.59 1 4 50 14
0.596667 0 3 57 12
0.603333 3 4 43 14
0.61 1 4 50 17
0.616667 0 3 35 7
0.623333 0 2 37 15
0.63 1 1 37 12
0.636667 0 3 64 17
0.643333 2 6 36 13
0.65 1 4 31 11
0.656667 0 3 25 15
0.663333 13 119 3445 586
0.67 0 0 0 0
0.676667 0 0 0 0
0.683333 0 0 0 0
0.69 0 0 0 0
0.696667 0 0 0 0
0.703333 0 0 0 0
0.71 0 0 0 0
0.716667 0 0 0 0
0.723333 0 0 0 0
0.73 0 0 0 0
0.736667 0 0 0 0
0.743333 0 0 0 0
0.75 0 0 0 0
0.756667 0 0 0 0
0.763333 0 0 0 0
0.77 0 0 0 0
0.776667 0 0 0 0
0.783333 0 0 0 0
0.79 0 0 0 0
0.796667 0 0 0 0
0.803333 0 0 0 0
0.81 0 0 0 0
0.816667 0 0 0 0
0.823333 0 0 0 0
0.83 0 0 0 0
0.836667 0 0 0 0
0.843333 0 0 0 0
0.85 0 0 0 0
0.856667 0 0 0 0
0.863333 0 0 0 0
0.87 0 0 0 0
0.876667 0 0 0 0
0.883333 0 0 0 0
0.89 0 0 0 0
0.896667 0 0 0 0
0.903333 0 0 0 0
0.91 0 0 0 0
0.916667 0 0 0 0
0.923333 0 0 0 0
0.93 0 0 0 0
0.936667 0 0 0 0
0.943333 0 0 0 0
0.95 0 0 0 0
0.956667 0 0 0 0
0.963333 0 0 0 0
0.97 0 0 0 0
0.976667 0 0 0 0
0.983333 0 0 0 0
0.99 0 0 0 0
0.996667 0 0 0 0
1.00333 0 0 0 0
1.01 0 0 0 0
1.01667 0 0 0 0
1.02333 0 0 0 0
1.03 0 0 0 0
1.03667 0 0 0 0
1.04333 0 0 0 0
1.05 0 0 0 0
1.05667 0 0 0 0
1.06333 0 0 0 0
1.07 0 0 0 0
1.07667 0 0 0 0
1.08333 0 0 0 0
1.09 0 0 0 0
1.09667 0 0 0 0
1.10333 0 0 0 0
1.11 0 0 0 0
1.11667 0 0 0 0
1.12333 0 0 0 0
1.13 0 0 0 0
1.13667 0 0 0 0
1.14333 0 0 0 0
1.15 0 0 0 0
1.15667 0 0 0 0
1.16333 0 0 0 0
1.17 0 0 0 0
1.17667 0 0 0 0
1.18333 0 0 0 0
1.19 0 0 0 0
1.19667 0 0 0 0
1.20333 0 0 0 0
1.21 0 0 0 0
1.21667 0 0 0 0
1.22333 0 0 0 0
1.23 0 0 0 0
1.23667 0 0 0 0
1.24333 0 0 0 0
1.25 0 0 0 0
1.25667 0 0 0 0
1.26333 0 0 0 0
1.27 0 0 0 0
1.27667 0 0 0 0
1.28333 0 0 0 0
1.29 0 0 0 0
1.29667 0 0 0 0
1.30333 0 0 0 0
1.31 0 0 0 0
1.31667 0 0 0 0
1.32333 0 0 0 0
1.33 0 0 0 0
1.33667 0 0 0 0
1.34333 0 0 0 0
1.35 0 0 0 0
1.35667 0 0 0 0
1.36333 0 0 0 0
1.37 0 0 0 0
1.37667 0 0 0 0
1.38333 0 0 0 0
1.39 0 0 0 0
1.39667 0 0 0 0
1.40333 0 0 0 0
1.41 0 0 0 0
1.41667 0 0 0 0
1.42333 0 0 0 0
1.43 0 0 0 0
1.43667 0 0 0 0
1.44333 0 0 0 0
1.45 0 0 0 0
1.45667 0 0 0 0
1.46333 0 0 0 0
1.47 0 0 0 0
1.47667 0 0 0 0
1.48333 0 0 0 0
1.49 0 0 0 0
1.49667 0 0 0 0
1.50333 0 0 0 0
1.51 0 0 0 0
1.51667 0 0 0 0
1.52333 0 0 0 0
1.53 0 0 0 0
1.53667 0 0 0 0
1.54333 0 0 0 0
1.55 0 0 0 0
1.55667 0 0 0 0
1.56333 0 0 0 0
1.57 0 0 0 0
1.57667 0 0 0 0
1.58333 0 0 0 0
1.59 0 0 0 0
1.59667 0 0 0 0
1.60333 0 0 0 0
1.61 0 0 0 0
1.61667 0 0 0 0
1.62333 0 0 0 0
1.63 0 0 0 0
1.63667 0 0 0 0
1.64333 0 0 0 0
1.65 0 0 0 0
1.65667 0 0 0 0
1.66333 0 0 0 0
1.67 0 0 0 0
1.67667 0 0 0 0
1.68333 0 0 0 0
1.69 0 0 0 0
1.69667 0 0 0 0
1.70333 0 0 0 0
1.71 0 0 0 0
1.71667 0 0 0 0
1.72333 0 0 0 0
1.73 0 0 0 0
1.73667 0 0 0 0
1.74333 0 0 0 0
1.75 0 0 0 0
1.75667 0 0 0 0
1.76333 0 0 0 0
1.77 0 0 0 0
1.77667 0 0 0 0
1.78333 0 0 0 0
1.79 0 0 0 0
1.79667 0 0 0 0
1.80333 0 0 0 0
1.81 0 0 0 0
1.81667 0 0 0 0
1.82333 0 0 0 0
1.83 0 0 0 0
1.83667 0 0 0 0
1.84333 0 0 0 0
1.85 0 0 0 0
1.85667 0 0 0 0
1.86333 0 0 0 0
1.87 0 0 0 0
1.87667 0 0 0 0
1.88333 0 0 0 0
1.89 0 0 0 0
1.89667 0 0 0 0
1.90333 0 0 0 0
1.91 0 0 0 0
1.91667 0 0 0 0
1.92333 0 0 0 0
1.93 0 0 0 0
1.93667 0 0 0 0
1.94333 0 0 0 0
1.95 0 0 0 0
1.95667 0 0 0 0
1.96333 0 0 0 0
1.97 0 0 0 0
1.97667 0 0 0 0
1.98333 0 0 0 0
1.99 0 0 0 0
1.99667 0 0 0 0
