0.00333333 0 11 69 5
0.01 2 24 70 18
0.0166667 3 24 74 11
0.0233333 2 21 91 15
0.03 1 19 90 18
0.0366667 1 21 115 19
0.0433333 4 32 149 28
0.05 5 36 159 49
0.0566667 8 32 185 37
0.0633333 5 57 212 37
0.07 6 40 238 38
0.0766667 8 48 230 58
0.0833333 3 51 255 48
0.09 4 55 264 49
0.0966667 3 43 252 52
0.103333 7 54 235 51
0.11 7 57 265 35
0.116667 4 53 268 47
0.123333 6 55 229 55
0.13 6 62 256 41
0.136667 6 50 258 35
0.143333 3 56 240 45
0.15 8 48 225 27
0.156667 5 51 266 32
0.163333 4 46 214 34
0.17 2 54 235 40
0.176667 3 59 200 27
0.183333 4 46 252 29
0.19 4 45 236 27
0.196667 1 57 248 31
0.203333 6 47 220 24
0.21 8 53 213 30
0.216667 4 50 199 22
0.223333 3 44 219 21
0.23 6 28 207 31
0.236667 1 46 206 31
0.243333 3 42 163 23
0.25 2 33 155 20
0.256667 2 34 172 21
0.263333 2 31 146 28
0.27 2 20 146 23
0.276667 4 27 129 19
0.283333 3 34 145 26
0.29 4 25 132 20
0.296667 0 29 142 21
0.303333 6 20 117 19
0.31 2 31 119 18
0.316667 2 25 117 12
0.323333 1 28 102 13
0.33 4 27 106 13
0.336667 4 20 107 16
0.343333 1 10 120 21
0.35 1 27 115 9
0.356667 4 30 88 19
0.363333 3 19 101 21
0.37 3 28 92 17
0.376667 5 24 102 16
0.383333 5 26 99 23
0.39 1 25 97 17
0.396667 3 22 97 22
0.403333 0 22 72 16
0.41 3 21 80 15
0.416667 1 15 98 10
0.423333 1 13 92 18
0.43 2 23 89 10
0.436667 4 29 88 13
0.443333 4 20 81 7
0.45 3 18 82 10
0.456667 2 14 91 15
0.463333 1 18 82 15
0.47 4 13 97 8
0.476667 0 26 99 13
0.483333 2 6 50 15
0.49 3 21 49 8
0.496667 1 11 50 12
0.503333 3 9 44 12
0.51 2 18 45 8
0.516667 2 14 56 7
0.523333 1 17 44 11
0.53 1 9 37 10
0.536667 1 8 31 9
0.543333 2 11 50 8
0.55 1 12 42 9
0.556667 1 7 41 6
0.563333 3 9 44 4
0.57 2 6 50 8
0.576667 1 10 40 9
0.583333 3 14 38 9
0.59 0 7 39 7
0.596667 1 10 46 9
0.603333 2 10 33 11
0.61 3 11 32 6
0.616667 3 14 29 4
0.623333 3 6 46 3
0.63 2 7 36 8
0.636667 0 9 33 7
0.643333 1 6 50 7
0.65 0 5 43 11
0.656667 1 10 28 3
0.663333 25 667 3049 226
0.67 0 0 0 0
0.676667 0 0 0 0
0.683333 0 0 0 0
0.69 0 0 0 0
0.696667 0 0 0 0
0.703333 0 0 0 0
0.71 0 0 0 0
0.716667 0 0 0 0
0.723333 0 0 0 0
0.73 0 0 0 0
0.736667 0 0 0 0
0.743333 0 0 0 0
0.75 0 0 0 0
0.756667 0 0 0 0
0.763333 0 0 0 0
0.77 0 0 0 0
0.776667 0 0 0 0
0.783333 0 0 0 0
0.79 0 0 0 0
0.796667 0 0 0 0
0.803333 0 0 0 0
0.81 0 0 0 0
0.816667 0 0 0 0
0.823333 0 0 0 0
0.83 0 0 0 0
0.836667 0 0 0 0
0.843333 0 0 0 0
0.85 0 0 0 0
0.856667 0 0 0 0
0.863333 0 0 0 0
0.87 0 0 0 0
0.876667 0 0 0 0
0.883333 0 0 0 0
0.89 0 0 0 0
0.896667 0 0 0 0
0.903333 0 0 0 0
0.91 0 0 0 0
0.916667 0 0 0 0
0.923333 0 0 0 0
0.93 0 0 0 0
0.936667 0 0 0 0
0.943333 0 0 0 0
0.95 0 0 0 0
0.956667 0 0 0 0
0.963333 0 0 0 0
0.97 0 0 0 0
0.976667 0 0 0 0
0.983333 0 0 0 0
0.99 0 0 0 0
0.996667 0 0 0 0
1.00333 0 0 0 0
1.01 0 0 0 0
1.01667 0 0 0 0
1.02333 0 0 0 0
1.03 0 0 0 0
1.03667 0 0 0 0
1.04333 0 0 0 0
1.05 0 0 0 0
1.05667 0 0 0 0
1.06333 0 0 0 0
1.07 0 0 0 0
1.07667 0 0 0 0
1.08333 0 0 0 0
1.09 0 0 0 0
1.09667 0 0 0 0
1.10333 0 0 0 0
1.11 0 0 0 0
1.11667 0 0 0 0
1.12333 0 0 0 0
1.13 0 0 0 0
1.13667 0 0 0 0
1.14333 0 0 0 0
1.15 0 0 0 0
1.15667 0 0 0 0
1.16333 0 0 0 0
1.17 0 0 0 0
1.17667 0 0 0 0
1.18333 0 0 0 0
1.19 0 0 0 0
1.19667 0 0 0 0
1.20333 0 0 0 0
1.21 0 0 0 0
1.21667 0 0 0 0
1.22333 0 0 0 0
1.23 0 0 0 0
1.23667 0 0 0 0
1.24333 0 0 0 0
1.25 0 0 0 0
1.25667 0 0 0 0
1.26333 0 0 0 0
1.27 0 0 0 0
1.27667 0 0 0 0
1.28333 0 0 0 0
1.29 0 0 0 0
1.29667 0 0 0 0
1.30333 0 0 0 0
1.31 0 0 0 0
1.31667 0 0 0 0
1.32333 0 0 0 0
1.33 0 0 0 0
1.33667 0 0 0 0
1.34333 0 0 0 0
1.35 0 0 0 0
1.35667 0 0 0 0
1.36333 0 0 0 0
1.37 0 0 0 0
1.37667 0 0 0 0
1.38333 0 0 0 0
1.39 0 0 0 0
1.39667 0 0 0 0
1.40333 0 0 0 0
1.41 0 0 0 0
1.41667 0 0 0 0
1.42333 0 0 0 0
1.43 0 0 0 0
1.43667 0 0 0 0
1.44333 0 0 0 0
1.45 0 0 0 0
1.45667 0 0 0 0
1.46333 0 0 0 0
1.47 0 0 0 0
1.47667 0 0 0 0
1.48333 0 0 0 0
1.49 0 0 0 0
1.49667 0 0 0 0
1.50333 0 0 0 0
1.51 0 0 0 0
1.51667 0 0 0 0
1.52333 0 0 0 0
1.53 0 0 0 0
1.53667 0 0 0 0
1.54333 0 0 0 0
1.55 0 0 0 0
1.55667 0 0 0 0
1.56333 0 0 0 0
1.57 0 0 0 0
1.57667 0 0 0 0
1.58333 0 0 0 0
1.59 0 0 0 0
1.59667 0 0 0 0
1.60333 0 0 0 0
1.61 0 0 0 0
1.61667 0 0 0 0
1.62333 0 0 0 0
1.63 0 0 0 0
1.63667 0 0 0 0
1.64333 0 0 0 0
1.65 0 0 0 0
1.65667 0 0 0 0
1.66333 0 0 0 0
1.67 0 0 0 0
1.67667 0 0 0 0
1.68333 0 0 0 0
1.69 0 0 0 0
1.69667 0 0 0 0
1.70333 0 0 0 0
1.71 0 0 0 0
1.71667 0 0 0 0
1.72333 0 0 0 0
1.73 0 0 0 0
1.73667 0 0 0 0
1.74333 0 0 0 0
1.75 0 0 0 0
1.75667 0 0 0 0
1.76333 0 0 0 0
1.77 0 0 0 0
1.77667 0 0 0 0
1.78333 0 0 0 0
1.79 0 0 0 0
1.79667 0 0 0 0
1.80333 0 0 0 0
1.81 0 0 0 0
1.81667 0 0 0 0
1.82333 0 0 0 0
1.83 0 0 0 0
1.83667 0 0 0 0
1.84333 0 0 0 0
1.85 0 0 0 0
1.85667 0 0 0 0
1.86333 0 0 0 0
1.87 0 0 0 0
1.87667 0 0 0 0
1.88333 0 0 0 0
1.89 0 0 0 0
1.89667 0 0 0 0
1.90333 0 0 0 0
1.91 0 0 0 0
1.91667 0 0 0 0
1.92333 0 0 0 0
1.93 0 0 0 0
1.93667 0 0 0 0
1.94333 0 0 0 0
1.95 0 0 0 0
1.95667 0 0 0 0
1.96333 0 0 0 0
1.97 0 0 0 0
1.97667 0 0 0 0
1.98333 0 0 0 0
1.99 0 0 0 0
1.99667 0 0 0 0
