0.00333333 4 118 19 2
0.01 10 128 14 4
0.0166667 15 108 17 4
0.0233333 6 131 22 1
0.03 12 136 18 4
0.0366667 14 121 19 5
0.0433333 21 154 40 7
0.05 21 158 44 5
0.0566667 35 212 44 11
0.0633333 42 225 47 10
0.07 28 262 62 7
0.0766667 31 270 46 5
0.0833333 36 263 56 6
0.09 33 233 52 11
0.0966667 34 273 61 5
0.103333 35 265 43 16
0.11 37 257 50 7
0.116667 31 297 57 13
0.123333 34 286 59 9
0.13 36 299 54 4
0.136667 35 276 48 11
0.143333 23 285 42 9
0.15 26 276 50 6
0.156667 28 245 44 7
0.163333 17 234 59 4
0.17 20 275 46 5
0.176667 33 277 51 7
0.183333 19 305 39 8
0.19 18 341 39 6
0.196667 23 353 40 6
0.203333 13 366 48 3
0.21 20 316 43 9
0.216667 17 303 37 4
0.223333 20 275 30 4
0.23 17 252 34 3
0.236667 17 249 48 5
0.243333 23 189 39 6
0.25 17 212 32 9
0.256667 16 198 22 0
0.263333 19 196 37 4
0.27 13 172 37 3
0.276667 24 168 32 6
0.283333 20 176 26 2
0.29 14 156 33 4
0.296667 15 166 31 2
0.303333 8 135 26 3
0.31 18 146 37 2
0.316667 20 130 32 3
0.323333 11 137 21 5
0.33 8 154 20 1
0.336667 10 141 35 1
0.343333 20 160 25 4
0.35 10 125 34 3
0.356667 10 139 26 3
0.363333 12 121 21 5
0.37 18 118 30 3
0.376667 12 96 27 2
0.383333 9 127 19 2
0.39 10 123 23 4
0.396667 14 105 29 5
0.403333 5 121 14 4
0.41 8 111 23 2
0.416667 8 111 20 4
0.423333 16 115 18 2
0.43 3 112 24 2
0.436667 4 109 24 1
0.443333 13 105 19 3
0.45 10 122 23 4
0.456667 8 110 15 2
0.463333 11 133 28 1
0.47 8 117 12 0
0.476667 5 100 17 1
0.483333 8 67 14 1
0.49 7 65 20 2
0.496667 6 61 18 5
0.503333 3 31 16 3
0.51 3 54 12 1
0.516667 6 50 18 1
0.523333 7 44 7 0
0.53 5 48 11 0
0.536667 5 43 7 2
0.543333 8 39 10 1
0.55 3 47 10 2
0.556667 4 41 10 0
0.563333 4 34 12 2
0.57 7 41 4 1
0.576667 11 36 11 1
0.583333 2 43 16 2
0.59 7 34 11 2
0.596667 4 52 10 2
0.603333 3 35 7 3
0.61 6 36 8 1
0.616667 4 32 10 2
0.623333 2 38 11 1
0.63 8 30 13 1
0.636667 9 40 8 6
0.643333 8 36 8 1
0.65 5 38 17 1
0.656667 10 30 10 1
0.663333 178 5109 512 37
0.67 0 0 0 0
0.676667 0 0 0 0
0.683333 0 0 0 0
0.69 0 0 0 0
0.696667 0 0 0 0
0.703333 0 0 0 0
0.71 0 0 0 0
0.716667 0 0 0 0
0.723333 0 0 0 0
0.73 0 0 0 0
0.736667 0 0 0 0
0.743333 0 0 0 0
0.75 0 0 0 0
0.756667 0 0 0 0
0.763333 0 0 0 0
0.77 0 0 0 0
0.776667 0 0 0 0
0.783333 0 0 0 0
0.79 0 0 0 0
0.796667 0 0 0 0
0.803333 0 0 0 0
0.81 0 0 0 0
0.816667 0 0 0 0
0.823333 0 0 0 0
0.83 0 0 0 0
0.836667 0 0 0 0
0.843333 0 0 0 0
0.85 0 0 0 0
0.856667 0 0 0 0
0.863333 0 0 0 0
0.87 0 0 0 0
0.876667 0 0 0 0
0.883333 0 0 0 0
0.89 0 0 0 0
0.896667 0 0 0 0
0.903333 0 0 0 0
0.91 0 0 0 0
0.916667 0 0 0 0
0.923333 0 0 0 0
0.93 0 0 0 0
0.936667 0 0 0 0
0.943333 0 0 0 0
0.95 0 0 0 0
0.956667 0 0 0 0
0.963333 0 0 0 0
0.97 0 0 0 0
0.976667 0 0 0 0
0.983333 0 0 0 0
0.99 0 0 0 0
0.996667 0 0 0 0
1.00333 0 0 0 0
1.01 0 0 0 0
1.01667 0 0 0 0
1.02333 0 0 0 0
1.03 0 0 0 0
1.03667 0 0 0 0
1.04333 0 0 0 0
1.05 0 0 0 0
1.05667 0 0 0 0
1.06333 0 0 0 0
1.07 0 0 0 0
1.07667 0 0 0 0
1.08333 0 0 0 0
1.09 0 0 0 0
1.09667 0 0 0 0
1.10333 0 0 0 0
1.11 0 0 0 0
1.11667 0 0 0 0
1.12333 0 0 0 0
1.13 0 0 0 0
1.13667 0 0 0 0
1.14333 0 0 0 0
1.15 0 0 0 0
1.15667 0 0 0 0
1.16333 0 0 0 0
1.17 0 0 0 0
1.17667 0 0 0 0
1.18333 0 0 0 0
1.19 0 0 0 0
1.19667 0 0 0 0
1.20333 0 0 0 0
1.21 0 0 0 0
1.21667 0 0 0 0
1.22333 0 0 0 0
1.23 0 0 0 0
1.23667 0 0 0 0
1.24333 0 0 0 0
1.25 0 0 0 0
1.25667 0 0 0 0
1.26333 0 0 0 0
1.27 0 0 0 0
1.27667 0 0 0 0
1.28333 0 0 0 0
1.29 0 0 0 0
1.29667 0 0 0 0
1.30333 0 0 0 0
1.31 0 0 0 0
1.31667 0 0 0 0
1.32333 0 0 0 0
1.33 0 0 0 0
1.33667 0 0 0 0
1.34333 0 0 0 0
1.35 0 0 0 0
1.35667 0 0 0 0
1.36333 0 0 0 0
1.37 0 0 0 0
1.37667 0 0 0 0
1.38333 0 0 0 0
1.39 0 0 0 0
1.39667 0 0 0 0
1.40333 0 0 0 0
1.41 0 0 0 0
1.41667 0 0 0 0
1.42333 0 0 0 0
1.43 0 0 0 0
1.43667 0 0 0 0
1.44333 0 0 0 0
1.45 0 0 0 0
1.45667 0 0 0 0
1.46333 0 0 0 0
1.47 0 0 0 0
1.47667 0 0 0 0
1.48333 0 0 0 0
1.49 0 0 0 0
1.49667 0 0 0 0
1.50333 0 0 0 0
1.51 0 0 0 0
1.51667 0 0 0 0
1.52333 0 0 0 0
1.53 0 0 0 0
1.53667 0 0 0 0
1.54333 0 0 0 0
1.55 0 0 0 0
1.55667 0 0 0 0
1.56333 0 0 0 0
1.57 0 0 0 0
1.57667 0 0 0 0
1.58333 0 0 0 0
1.59 0 0 0 0
1.59667 0 0 0 0
1.60333 0 0 0 0
1.61 0 0 0 0
1.61667 0 0 0 0
1.62333 0 0 0 0
1.63 0 0 0 0
1.63667 0 0 0 0
1.64333 0 0 0 0
1.65 0 0 0 0
1.65667 0 0 0 0
1.66333 0 0 0 0
1.67 0 0 0 0
1.67667 0 0 0 0
1.68333 0 0 0 0
1.69 0 0 0 0
1.69667 0 0 0 0
1.70333 0 0 0 0
1.71 0 0 0 0
1.71667 0 0 0 0
1.72333 0 0 0 0
1.73 0 0 0 0
1.73667 0 0 0 0
1.74333 0 0 0 0
1.75 0 0 0 0
1.75667 0 0 0 0
1.76333 0 0 0 0
1.77 0 0 0 0
1.77667 0 0 0 0
1.78333 0 0 0 0
1.79 0 0 0 0
1.79667 0 0 0 0
1.80333 0 0 0 0
1.81 0 0 0 0
1.81667 0 0 0 0
1.82333 0 0 0 0
1.83 0 0 0 0
1.83667 0 0 0 0
1.84333 0 0 0 0
1.85 0 0 0 0
1.85667 0 0 0 0
1.86333 0 0 0 0
1.87 0 0 0 0
1.87667 0 0 0 0
1.88333 0 0 0 0
1.89 0 0 0 0
1.89667 0 0 0 0
1.90333 0 0 0 0
1.91 0 0 0 0
1.91667 0 0 0 0
1.92333 0 0 0 0
1.93 0 0 0 0
1.93667 0 0 0 0
1.94333 0 0 0 0
1.95 0 0 0 0
1.95667 0 0 0 0
1.96333 0 0 0 0
1.97 0 0 0 0
1.97667 0 0 0 0
1.98333 0 0 0 0
1.99 0 0 0 0
1.99667 0 0 0 0
