0.00333333 0 0 26 73
0.01 2 1 32 94
0.0166667 1 4 42 110
0.0233333 1 1 43 102
0.03 3 2 37 114
0.0366667 0 1 43 128
0.0433333 2 3 49 171
0.05 2 5 100 217
0.0566667 0 7 106 237
0.0633333 2 5 118 280
0.07 2 6 110 282
0.0766667 1 7 114 296
0.0833333 2 6 126 289
0.09 1 8 121 312
0.0966667 5 7 109 296
0.103333 4 9 110 329
0.11 2 11 91 330
0.116667 5 4 104 291
0.123333 3 7 85 329
0.13 2 4 100 307
0.136667 5 8 100 312
0.143333 3 4 82 282
0.15 3 5 90 294
0.156667 2 6 80 251
0.163333 4 5 87 274
0.17 2 9 65 258
0.176667 3 5 73 250
0.183333 1 5 71 244
0.19 3 7 77 297
0.196667 2 4 71 283
0.203333 4 4 62 248
0.21 3 6 66 239
0.216667 2 5 75 234
0.223333 1 3 74 232
0.23 0 3 58 219
0.236667 2 5 62 202
0.243333 5 3 63 194
0.25 2 3 48 193
0.256667 3 3 44 163
0.263333 1 8 53 171
0.27 3 4 48 153
0.276667 0 3 50 170
0.283333 1 3 45 170
0.29 1 3 45 148
0.296667 1 0 33 166
0.303333 2 1 36 141
0.31 1 2 31 143
0.316667 1 5 36 110
0.323333 1 3 34 133
0.33 1 2 46 124
0.336667 0 3 42 155
0.343333 1 3 31 126
0.35 2 4 48 124
0.356667 1 5 33 123
0.363333 1 6 27 100
0.37 1 4 35 91
0.376667 3 2 44 121
0.383333 0 4 38 109
0.39 2 0 31 111
0.396667 0 5 24 112
0.403333 3 2 21 93
0.41 1 2 34 109
0.416667 0 5 33 98
0.423333 0 3 31 77
0.43 2 3 31 115
0.436667 4 2 30 115
0.443333 0 2 21 98
0.45 0 1 26 124
0.456667 0 2 23 113
0.463333 1 2 33 111
0.47 5 2 25 99
0.476667 2 6 15 88
0.483333 2 2 18 54
0.49 0 3 23 64
0.496667 1 1 16 53
0.503333 0 2 17 36
0.51 1 1 15 53
0.516667 1 1 19 50
0.523333 0 2 22 53
0.53 1 1 18 46
0.536667 0 0 14 59
0.543333 0 1 10 47
0.55 0 0 19 46
0.556667 0 1 13 45
0.563333 1 1 10 34
0.57 2 3 18 43
0.576667 0 3 11 33
0.583333 1 1 21 43
0.59 2 3 13 37
0.596667 2 2 16 31
0.603333 3 2 15 42
0.61 1 1 13 36
0.616667 0 1 6 39
0.623333 0 1 17 31
0.63 0 1 15 44
0.636667 2 1 12 44
0.643333 0 3 13 33
0.65 1 2 17 42
0.656667 1 0 9 32
0.663333 20 28 563 3449
0.67 0 0 0 0
0.676667 0 0 0 0
0.683333 0 0 0 0
0.69 0 0 0 0
0.696667 0 0 0 0
0.703333 0 0 0 0
0.71 0 0 0 0
0.716667 0 0 0 0
0.723333 0 0 0 0
0.73 0 0 0 0
0.736667 0 0 0 0
0.743333 0 0 0 0
0.75 0 0 0 0
0.756667 0 0 0 0
0.763333 0 0 0 0
0.77 0 0 0 0
0.776667 0 0 0 0
0.783333 0 0 0 0
0.79 0 0 0 0
0.796667 0 0 0 0
0.803333 0 0 0 0
0.81 0 0 0 0
0.816667 0 0 0 0
0.823333 0 0 0 0
0.83 0 0 0 0
0.836667 0 0 0 0
0.843333 0 0 0 0
0.85 0 0 0 0
0.856667 0 0 0 0
0.863333 0 0 0 0
0.87 0 0 0 0
0.876667 0 0 0 0
0.883333 0 0 0 0
0.89 0 0 0 0
0.896667 0 0 0 0
0.903333 0 0 0 0
0.91 0 0 0 0
0.916667 0 0 0 0
0.923333 0 0 0 0
0.93 0 0 0 0
0.936667 0 0 0 0
0.943333 0 0 0 0
0.95 0 0 0 0
0.956667 0 0 0 0
0.963333 0 0 0 0
0.97 0 0 0 0
0.976667 0 0 0 0
0.983333 0 0 0 0
0.99 0 0 0 0
0.996667 0 0 0 0
1.00333 0 0 0 0
1.01 0 0 0 0
1.01667 0 0 0 0
1.02333 0 0 0 0
1.03 0 0 0 0
1.03667 0 0 0 0
1.04333 0 0 0 0
1.05 0 0 0 0
1.05667 0 0 0 0
1.06333 0 0 0 0
1.07 0 0 0 0
1.07667 0 0 0 0
1.08333 0 0 0 0
1.09 0 0 0 0
1.09667 0 0 0 0
1.10333 0 0 0 0
1.11 0 0 0 0
1.11667 0 0 0 0
1.12333 0 0 0 0
1.13 0 0 0 0
1.13667 0 0 0 0
1.14333 0 0 0 0
1.15 0 0 0 0
1.15667 0 0 0 0
1.16333 0 0 0 0
1.17 0 0 0 0
1.17667 0 0 0 0
1.18333 0 0 0 0
1.19 0 0 0 0
1.19667 0 0 0 0
1.20333 0 0 0 0
1.21 0 0 0 0
1.21667 0 0 0 0
1.22333 0 0 0 0
1.23 0 0 0 0
1.23667 0 0 0 0
1.24333 0 0 0 0
1.25 0 0 0 0
1.25667 0 0 0 0
1.26333 0 0 0 0
1.27 0 0 0 0
1.27667 0 0 0 0
1.28333 0 0 0 0
1.29 0 0 0 0
1.29667 0 0 0 0
1.30333 0 0 0 0
1.31 0 0 0 0
1.31667 0 0 0 0
1.32333 0 0 0 0
1.33 0 0 0 0
1.33667 0 0 0 0
1.34333 0 0 0 0
1.35 0 0 0 0
1.35667 0 0 0 0
1.36333 0 0 0 0
1.37 0 0 0 0
1.37667 0 0 0 0
1.38333 0 0 0 0
1.39 0 0 0 0
1.39667 0 0 0 0
1.40333 0 0 0 0
1.41 0 0 0 0
1.41667 0 0 0 0
1.42333 0 0 0 0
1.43 0 0 0 0
1.43667 0 0 0 0
1.44333 0 0 0 0
1.45 0 0 0 0
1.45667 0 0 0 0
1.46333 0 0 0 0
1.47 0 0 0 0
1.47667 0 0 0 0
1.48333 0 0 0 0
1.49 0 0 0 0
1.49667 0 0 0 0
1.50333 0 0 0 0
1.51 0 0 0 0
1.51667 0 0 0 0
1.52333 0 0 0 0
1.53 0 0 0 0
1.53667 0 0 0 0
1.54333 0 0 0 0
1.55 0 0 0 0
1.55667 0 0 0 0
1.56333 0 0 0 0
1.57 0 0 0 0
1.57667 0 0 0 0
1.58333 0 0 0 0
1.59 0 0 0 0
1.59667 0 0 0 0
1.60333 0 0 0 0
1.61 0 0 0 0
1.61667 0 0 0 0
1.62333 0 0 0 0
1.63 0 0 0 0
1.63667 0 0 0 0
1.64333 0 0 0 0
1.65 0 0 0 0
1.65667 0 0 0 0
1.66333 0 0 0 0
1.67 0 0 0 0
1.67667 0 0 0 0
1.68333 0 0 0 0
1.69 0 0 0 0
1.69667 0 0 0 0
1.70333 0 0 0 0
1.71 0 0 0 0
1.71667 0 0 0 0
1.72333 0 0 0 0
1.73 0 0 0 0
1.73667 0 0 0 0
1.74333 0 0 0 0
1.75 0 0 0 0
1.75667 0 0 0 0
1.76333 0 0 0 0
1.77 0 0 0 0
1.77667 0 0 0 0
1.78333 0 0 0 0
1.79 0 0 0 0
1.79667 0 0 0 0
1.80333 0 0 0 0
1.81 0 0 0 0
1.81667 0 0 0 0
1.82333 0 0 0 0
1.83 0 0 0 0
1.83667 0 0 0 0
1.84333 0 0 0 0
1.85 0 0 0 0
1.85667 0 0 0 0
1.86333 0 0 0 0
1.87 0 0 0 0
1.87667 0 0 0 0
1.88333 0 0 0 0
1.89 0 0 0 0
1.89667 0 0 0 0
1.90333 0 0 0 0
1.91 0 0 0 0
1.91667 0 0 0 0
1.92333 0 0 0 0
1.93 0 0 0 0
1.93667 0 0 0 0
1.94333 0 0 0 0
1.95 0 0 0 0
1.95667 0 0 0 0
1.96333 0 0 0 0
1.97 0 0 0 0
1.97667 0 0 0 0
1.98333 0 0 0 0
1.99 0 0 0 0
1.99667 0 0 0 0
