0.00333333 3 2 26 52
0.01 2 6 39 58
0.0166667 8 6 32 64
0.0233333 8 4 40 59
0.03 4 3 40 64
0.0366667 7 5 39 90
0.0433333 11 9 62 108
0.05 9 10 92 116
0.0566667 5 8 114 125
0.0633333 7 10 106 126
0.07 12 18 103 152
0.0766667 5 21 119 160
0.0833333 11 20 127 155
0.09 14 12 110 154
0.0966667 13 14 120 151
0.103333 9 14 121 161
0.11 7 15 122 175
0.116667 10 16 98 185
0.123333 11 20 94 166
0.13 9 11 104 170
0.136667 8 21 107 140
0.143333 8 11 93 160
0.15 6 10 68 145
0.156667 9 6 97 128
0.163333 4 11 75 137
0.17 8 8 69 158
0.176667 3 7 73 154
0.183333 7 12 80 151
0.19 13 10 82 203
0.196667 12 9 74 168
0.203333 5 9 66 176
0.21 6 12 65 134
0.216667 9 13 65 157
0.223333 7 9 64 148
0.23 3 7 60 132
0.236667 5 6 69 120
0.243333 2 15 52 129
0.25 1 5 36 115
0.256667 9 8 46 102
0.263333 8 9 63 104
0.27 7 9 46 94
0.276667 6 9 37 99
0.283333 6 11 51 107
0.29 7 12 56 74
0.296667 8 9 45 86
0.303333 2 7 46 83
0.31 4 5 35 70
0.316667 5 3 43 72
0.323333 4 7 49 74
0.33 6 6 33 76
0.336667 5 8 44 87
0.343333 4 9 42 71
0.35 3 7 37 69
0.356667 2 5 36 76
0.363333 2 6 35 52
0.37 6 11 43 72
0.376667 5 11 26 85
0.383333 2 6 24 75
0.39 6 8 27 79
0.396667 1 5 33 75
0.403333 2 4 34 72
0.41 2 9 25 60
0.416667 10 4 30 75
0.423333 5 8 30 57
0.43 5 3 14 54
0.436667 5 6 23 61
0.443333 9 5 29 61
0.45 5 5 29 67
0.456667 4 6 30 61
0.463333 4 4 29 57
0.47 3 7 18 70
0.476667 6 11 20 50
0.483333 7 1 21 29
0.49 2 4 19 28
0.496667 5 3 19 21
0.503333 4 1 20 28
0.51 3 0 23 28
0.516667 1 3 13 25
0.523333 6 3 17 23
0.53 4 2 12 32
0.536667 1 4 13 21
0.543333 2 4 23 30
0.55 2 8 16 21
0.556667 2 6 16 17
0.563333 2 1 22 28
0.57 3 5 12 24
0.576667 2 4 9 19
0.583333 4 1 10 27
0.59 4 5 11 19
0.596667 2 1 20 28
0.603333 5 2 15 15
0.61 3 0 26 25
0.616667 2 0 12 16
0.623333 1 5 16 23
0.63 4 5 10 27
0.636667 1 3 8 21
0.643333 2 3 16 22
0.65 2 1 18 35
0.656667 4 3 15 17
0.663333 132 80 576 2295
0.67 0 0 0 0
0.676667 0 0 0 0
0.683333 0 0 0 0
0.69 0 0 0 0
0.696667 0 0 0 0
0.703333 0 0 0 0
0.71 0 0 0 0
0.716667 0 0 0 0
0.723333 0 0 0 0
0.73 0 0 0 0
0.736667 0 0 0 0
0.743333 0 0 0 0
0.75 0 0 0 0
0.756667 0 0 0 0
0.763333 0 0 0 0
0.77 0 0 0 0
0.776667 0 0 0 0
0.783333 0 0 0 0
0.79 0 0 0 0
0.796667 0 0 0 0
0.803333 0 0 0 0
0.81 0 0 0 0
0.816667 0 0 0 0
0.823333 0 0 0 0
0.83 0 0 0 0
0.836667 0 0 0 0
0.843333 0 0 0 0
0.85 0 0 0 0
0.856667 0 0 0 0
0.863333 0 0 0 0
0.87 0 0 0 0
0.876667 0 0 0 0
0.883333 0 0 0 0
0.89 0 0 0 0
0.896667 0 0 0 0
0.903333 0 0 0 0
0.91 0 0 0 0
0.916667 0 0 0 0
0.923333 0 0 0 0
0.93 0 0 0 0
0.936667 0 0 0 0
0.943333 0 0 0 0
0.95 0 0 0 0
0.956667 0 0 0 0
0.963333 0 0 0 0
0.97 0 0 0 0
0.976667 0 0 0 0
0.983333 0 0 0 0
0.99 0 0 0 0
0.996667 0 0 0 0
1.00333 0 0 0 0
1.01 0 0 0 0
1.01667 0 0 0 0
1.02333 0 0 0 0
1.03 0 0 0 0
1.03667 0 0 0 0
1.04333 0 0 0 0
1.05 0 0 0 0
1.05667 0 0 0 0
1.06333 0 0 0 0
1.07 0 0 0 0
1.07667 0 0 0 0
1.08333 0 0 0 0
1.09 0 0 0 0
1.09667 0 0 0 0
1.10333 0 0 0 0
1.11 0 0 0 0
1.11667 0 0 0 0
1.12333 0 0 0 0
1.13 0 0 0 0
1.13667 0 0 0 0
1.14333 0 0 0 0
1.15 0 0 0 0
1.15667 0 0 0 0
1.16333 0 0 0 0
1.17 0 0 0 0
1.17667 0 0 0 0
1.18333 0 0 0 0
1.19 0 0 0 0
1.19667 0 0 0 0
1.20333 0 0 0 0
1.21 0 0 0 0
1.21667 0 0 0 0
1.22333 0 0 0 0
1.23 0 0 0 0
1.23667 0 0 0 0
1.24333 0 0 0 0
1.25 0 0 0 0
1.25667 0 0 0 0
1.26333 0 0 0 0
1.27 0 0 0 0
1.27667 0 0 0 0
1.28333 0 0 0 0
1.29 0 0 0 0
1.29667 0 0 0 0
1.30333 0 0 0 0
1.31 0 0 0 0
1.31667 0 0 0 0
1.32333 0 0 0 0
1.33 0 0 0 0
1.33667 0 0 0 0
1.34333 0 0 0 0
1.35 0 0 0 0
1.35667 0 0 0 0
1.36333 0 0 0 0
1.37 0 0 0 0
1.37667 0 0 0 0
1.38333 0 0 0 0
1.39 0 0 0 0
1.39667 0 0 0 0
1.40333 0 0 0 0
1.41 0 0 0 0
1.41667 0 0 0 0
1.42333 0 0 0 0
1.43 0 0 0 0
1.43667 0 0 0 0
1.44333 0 0 0 0
1.45 0 0 0 0
1.45667 0 0 0 0
1.46333 0 0 0 0
1.47 0 0 0 0
1.47667 0 0 0 0
1.48333 0 0 0 0
1.49 0 0 0 0
1.49667 0 0 0 0
1.50333 0 0 0 0
1.51 0 0 0 0
1.51667 0 0 0 0
1.52333 0 0 0 0
1.53 0 0 0 0
1.53667 0 0 0 0
1.54333 0 0 0 0
1.55 0 0 0 0
1.55667 0 0 0 0
1.56333 0 0 0 0
1.57 0 0 0 0
1.57667 0 0 0 0
1.58333 0 0 0 0
1.59 0 0 0 0
1.59667 0 0 0 0
1.60333 0 0 0 0
1.61 0 0 0 0
1.61667 0 0 0 0
1.62333 0 0 0 0
1.63 0 0 0 0
1.63667 0 0 0 0
1.64333 0 0 0 0
1.65 0 0 0 0
1.65667 0 0 0 0
1.66333 0 0 0 0
1.67 0 0 0 0
1.67667 0 0 0 0
1.68333 0 0 0 0
1.69 0 0 0 0
1.69667 0 0 0 0
1.70333 0 0 0 0
1.71 0 0 0 0
1.71667 0 0 0 0
1.72333 0 0 0 0
1.73 0 0 0 0
1.73667 0 0 0 0
1.74333 0 0 0 0
1.75 0 0 0 0
1.75667 0 0 0 0
1.76333 0 0 0 0
1.77 0 0 0 0
1.77667 0 0 0 0
1.78333 0 0 0 0
1.79 0 0 0 0
1.79667 0 0 0 0
1.80333 0 0 0 0
1.81 0 0 0 0
1.81667 0 0 0 0
1.82333 0 0 0 0
1.83 0 0 0 0
1.83667 0 0 0 0
1.84333 0 0 0 0
1.85 0 0 0 0
1.85667 0 0 0 0
1.86333 0 0 0 0
1.87 0 0 0 0
1.87667 0 0 0 0
1.88333 0 0 0 0
1.89 0 0 0 0
1.89667 0 0 0 0
1.90333 0 0 0 0
1.91 0 0 0 0
1.91667 0 0 0 0
1.92333 0 0 0 0
1.93 0 0 0 0
1.93667 0 0 0 0
1.94333 0 0 0 0
1.95 0 0 0 0
1.95667 0 0 0 0
1.96333 0 0 0 0
1.97 0 0 0 0
1.97667 0 0 0 0
1.98333 0 0 0 0
1.99 0 0 0 0
1.99667 0 0 0 0
