0.00333333 3 22 34 5
0.01 10 15 43 16
0.0166667 6 24 51 13
0.0233333 5 27 52 17
0.03 8 25 45 17
0.0366667 5 27 67 21
0.0433333 12 45 106 32
0.05 12 44 110 33
0.0566667 22 63 132 35
0.0633333 34 72 162 50
0.07 11 86 183 45
0.0766667 16 73 168 48
0.0833333 16 78 179 65
0.09 11 63 169 52
0.0966667 17 61 174 59
0.103333 17 82 149 49
0.11 20 75 160 48
0.116667 16 65 168 48
0.123333 14 67 150 47
0.13 27 48 145 40
0.136667 12 69 135 53
0.143333 21 61 126 35
0.15 16 59 155 43
0.156667 14 63 116 35
0.163333 11 54 117 37
0.17 20 47 119 47
0.176667 21 57 125 44
0.183333 10 60 105 37
0.19 17 50 116 38
0.196667 16 59 113 39
0.203333 10 66 98 37
0.21 13 49 88 24
0.216667 12 40 106 30
0.223333 11 37 80 27
0.23 12 46 96 37
0.236667 8 33 81 31
0.243333 12 43 90 25
0.25 11 32 81 26
0.256667 11 42 67 28
0.263333 9 34 68 29
0.27 5 36 77 29
0.276667 12 36 81 13
0.283333 10 31 73 19
0.29 6 32 60 10
0.296667 13 34 77 25
0.303333 9 31 58 35
0.31 8 25 43 22
0.316667 5 31 60 23
0.323333 12 22 58 17
0.33 6 21 44 22
0.336667 9 25 58 19
0.343333 5 22 52 14
0.35 6 20 44 19
0.356667 8 26 37 20
0.363333 9 24 42 19
0.37 11 23 41 19
0.376667 5 29 56 17
0.383333 11 24 41 18
0.39 5 22 38 13
0.396667 11 19 42 20
0.403333 5 20 48 17
0.41 6 14 41 15
0.416667 10 26 42 21
0.423333 3 12 40 14
0.43 7 19 41 19
0.436667 5 16 33 15
0.443333 6 18 32 25
0.45 4 19 54 13
0.456667 3 13 28 12
0.463333 9 27 33 13
0.47 7 18 43 23
0.476667 2 13 37 15
0.483333 6 7 39 14
0.49 2 15 33 9
0.496667 1 13 23 4
0.503333 5 12 27 5
0.51 1 17 29 11
0.516667 3 15 24 10
0.523333 4 14 35 10
0.53 5 13 24 4
0.536667 2 13 20 12
0.543333 6 11 19 9
0.55 2 19 24 7
0.556667 3 16 20 11
0.563333 1 16 21 8
0.57 3 12 16 8
0.576667 9 12 30 10
0.583333 5 9 23 11
0.59 7 18 19 9
0.596667 3 10 23 11
0.603333 3 18 13 7
0.61 2 7 21 7
0.616667 3 12 25 10
0.623333 3 10 15 11
0.63 3 12 18 11
0.636667 0 11 19 4
0.643333 1 6 21 8
0.65 3 9 15 6
0.656667 4 11 17 6
0.663333 89 414 883 313
0.67 0 0 0 0
0.676667 0 0 0 0
0.683333 0 0 0 0
0.69 0 0 0 0
0.696667 0 0 0 0
0.703333 0 0 0 0
0.71 0 0 0 0
0.716667 0 0 0 0
0.723333 0 0 0 0
0.73 0 0 0 0
0.736667 0 0 0 0
0.743333 0 0 0 0
0.75 0 0 0 0
0.756667 0 0 0 0
0.763333 0 0 0 0
0.77 0 0 0 0
0.776667 0 0 0 0
0.783333 0 0 0 0
0.79 0 0 0 0
0.796667 0 0 0 0
0.803333 0 0 0 0
0.81 0 0 0 0
0.816667 0 0 0 0
0.823333 0 0 0 0
0.83 0 0 0 0
0.836667 0 0 0 0
0.843333 0 0 0 0
0.85 0 0 0 0
0.856667 0 0 0 0
0.863333 0 0 0 0
0.87 0 0 0 0
0.876667 0 0 0 0
0.883333 0 0 0 0
0.89 0 0 0 0
0.896667 0 0 0 0
0.903333 0 0 0 0
0.91 0 0 0 0
0.916667 0 0 0 0
0.923333 0 0 0 0
0.93 0 0 0 0
0.936667 0 0 0 0
0.943333 0 0 0 0
0.95 0 0 0 0
0.956667 0 0 0 0
0.963333 0 0 0 0
0.97 0 0 0 0
0.976667 0 0 0 0
0.983333 0 0 0 0
0.99 0 0 0 0
0.996667 0 0 0 0
1.00333 0 0 0 0
1.01 0 0 0 0
1.01667 0 0 0 0
1.02333 0 0 0 0
1.03 0 0 0 0
1.03667 0 0 0 0
1.04333 0 0 0 0
1.05 0 0 0 0
1.05667 0 0 0 0
1.06333 0 0 0 0
1.07 0 0 0 0
1.07667 0 0 0 0
1.08333 0 0 0 0
1.09 0 0 0 0
1.09667 0 0 0 0
1.10333 0 0 0 0
1.11 0 0 0 0
1.11667 0 0 0 0
1.12333 0 0 0 0
1.13 0 0 0 0
1.13667 0 0 0 0
1.14333 0 0 0 0
1.15 0 0 0 0
1.15667 0 0 0 0
1.16333 0 0 0 0
1.17 0 0 0 0
1.17667 0 0 0 0
1.18333 0 0 0 0
1.19 0 0 0 0
1.19667 0 0 0 0
1.20333 0 0 0 0
1.21 0 0 0 0
1.21667 0 0 0 0
1.22333 0 0 0 0
1.23 0 0 0 0
1.23667 0 0 0 0
1.24333 0 0 0 0
1.25 0 0 0 0
1.25667 0 0 0 0
1.26333 0 0 0 0
1.27 0 0 0 0
1.27667 0 0 0 0
1.28333 0 0 0 0
1.29 0 0 0 0
1.29667 0 0 0 0
1.30333 0 0 0 0
1.31 0 0 0 0
1.31667 0 0 0 0
1.32333 0 0 0 0
1.33 0 0 0 0
1.33667 0 0 0 0
1.34333 0 0 0 0
1.35 0 0 0 0
1.35667 0 0 0 0
1.36333 0 0 0 0
1.37 0 0 0 0
1.37667 0 0 0 0
1.38333 0 0 0 0
1.39 0 0 0 0
1.39667 0 0 0 0
1.40333 0 0 0 0
1.41 0 0 0 0
1.41667 0 0 0 0
1.42333 0 0 0 0
1.43 0 0 0 0
1.43667 0 0 0 0
1.44333 0 0 0 0
1.45 0 0 0 0
1.45667 0 0 0 0
1.46333 0 0 0 0
1.47 0 0 0 0
1.47667 0 0 0 0
1.48333 0 0 0 0
1.49 0 0 0 0
1.49667 0 0 0 0
1.50333 0 0 0 0
1.51 0 0 0 0
1.51667 0 0 0 0
1.52333 0 0 0 0
1.53 0 0 0 0
1.53667 0 0 0 0
1.54333 0 0 0 0
1.55 0 0 0 0
1.55667 0 0 0 0
1.56333 0 0 0 0
1.57 0 0 0 0
1.57667 0 0 0 0
1.58333 0 0 0 0
1.59 0 0 0 0
1.59667 0 0 0 0
1.60333 0 0 0 0
1.61 0 0 0 0
1.61667 0 0 0 0
1.62333 0 0 0 0
1.63 0 0 0 0
1.63667 0 0 0 0
1.64333 0 0 0 0
1.65 0 0 0 0
1.65667 0 0 0 0
1.66333 0 0 0 0
1.67 0 0 0 0
1.67667 0 0 0 0
1.68333 0 0 0 0
1.69 0 0 0 0
1.69667 0 0 0 0
1.70333 0 0 0 0
1.71 0 0 0 0
1.71667 0 0 0 0
1.72333 0 0 0 0
1.73 0 0 0 0
1.73667 0 0 0 0
1.74333 0 0 0 0
1.75 0 0 0 0
1.75667 0 0 0 0
1.76333 0 0 0 0
1.77 0 0 0 0
1.77667 0 0 0 0
1.78333 0 0 0 0
1.79 0 0 0 0
1.79667 0 0 0 0
1.80333 0 0 0 0
1.81 0 0 0 0
1.81667 0 0 0 0
1.82333 0 0 0 0
1.83 0 0 0 0
1.83667 0 0 0 0
1.84333 0 0 0 0
1.85 0 0 0 0
1.85667 0 0 0 0
1.86333 0 0 0 0
1.87 0 0 0 0
1.87667 0 0 0 0
1.88333 0 0 0 0
1.89 0 0 0 0
1.89667 0 0 0 0
1.90333 0 0 0 0
1.91 0 0 0 0
1.91667 0 0 0 0
1.92333 0 0 0 0
1.93 0 0 0 0
1.93667 0 0 0 0
1.94333 0 0 0 0
1.95 0 0 0 0
1.95667 0 0 0 0
1.96333 0 0 0 0
1.97 0 0 0 0
1.97667 0 0 0 0
1.98333 0 0 0 0
1.99 0 0 0 0
1.99667 0 0 0 0
