0.00333333 2 7 33 23
0.01 2 3 42 27
0.0166667 7 12 54 24
0.0233333 9 15 49 26
0.03 6 21 85 33
0.0366667 2 15 80 38
0.0433333 7 13 109 57
0.05 8 35 165 71
0.0566667 13 32 169 84
0.0633333 11 33 177 83
0.07 13 48 188 95
0.0766667 5 43 200 81
0.0833333 11 41 192 108
0.09 9 32 193 105
0.0966667 13 45 219 113
0.103333 12 36 191 99
0.11 13 33 194 70
0.116667 13 28 199 94
0.123333 10 44 163 86
0.13 16 28 152 84
0.136667 9 36 155 74
0.143333 10 14 149 72
0.15 9 25 152 76
0.156667 6 25 147 69
0.163333 12 17 146 81
0.17 7 28 116 67
0.176667 9 26 121 75
0.183333 11 24 123 60
0.19 7 33 128 68
0.196667 13 32 128 81
0.203333 14 29 139 72
0.21 8 19 120 59
0.216667 3 21 114 74
0.223333 8 28 94 68
0.23 10 22 98 52
0.236667 4 23 92 74
0.243333 7 23 109 54
0.25 10 21 96 52
0.256667 2 19 77 57
0.263333 9 16 63 52
0.27 3 16 82 37
0.276667 3 21 91 47
0.283333 5 17 73 30
0.29 7 13 85 40
0.296667 7 17 73 39
0.303333 9 16 75 42
0.31 6 10 65 39
0.316667 7 13 66 32
0.323333 9 13 75 38
0.33 3 11 45 36
0.336667 4 14 63 39
0.343333 1 15 59 33
0.35 3 11 59 33
0.356667 4 11 64 30
0.363333 1 11 62 23
0.37 4 10 44 28
0.376667 2 14 59 34
0.383333 5 20 57 31
0.39 3 13 54 25
0.396667 6 10 45 22
0.403333 5 11 56 20
0.41 2 14 52 15
0.416667 4 12 58 31
0.423333 3 16 43 26
0.43 3 14 58 29
0.436667 3 6 37 30
0.443333 6 12 48 34
0.45 3 14 44 28
0.456667 3 2 33 35
0.463333 3 11 34 25
0.47 4 6 40 25
0.476667 3 12 43 29
0.483333 6 9 30 19
0.49 2 9 28 18
0.496667 4 7 22 15
0.503333 4 7 21 13
0.51 2 8 22 14
0.516667 0 10 25 12
0.523333 5 14 29 18
0.53 3 8 18 17
0.536667 3 6 19 21
0.543333 4 4 21 14
0.55 2 14 28 12
0.556667 2 8 24 11
0.563333 1 7 22 13
0.57 3 10 30 10
0.576667 8 5 20 13
0.583333 6 9 23 18
0.59 6 10 18 16
0.596667 5 4 21 10
0.603333 2 9 19 10
0.61 3 4 24 13
0.616667 2 5 11 8
0.623333 1 8 22 4
0.63 2 8 21 12
0.636667 4 7 19 7
0.643333 3 7 22 12
0.65 3 3 17 14
0.656667 1 6 23 10
0.663333 66 190 1058 676
0.67 0 0 0 0
0.676667 0 0 0 0
0.683333 0 0 0 0
0.69 0 0 0 0
0.696667 0 0 0 0
0.703333 0 0 0 0
0.71 0 0 0 0
0.716667 0 0 0 0
0.723333 0 0 0 0
0.73 0 0 0 0
0.736667 0 0 0 0
0.743333 0 0 0 0
0.75 0 0 0 0
0.756667 0 0 0 0
0.763333 0 0 0 0
0.77 0 0 0 0
0.776667 0 0 0 0
0.783333 0 0 0 0
0.79 0 0 0 0
0.796667 0 0 0 0
0.803333 0 0 0 0
0.81 0 0 0 0
0.816667 0 0 0 0
0.823333 0 0 0 0
0.83 0 0 0 0
0.836667 0 0 0 0
0.843333 0 0 0 0
0.85 0 0 0 0
0.856667 0 0 0 0
0.863333 0 0 0 0
0.87 0 0 0 0
0.876667 0 0 0 0
0.883333 0 0 0 0
0.89 0 0 0 0
0.896667 0 0 0 0
0.903333 0 0 0 0
0.91 0 0 0 0
0.916667 0 0 0 0
0.923333 0 0 0 0
0.93 0 0 0 0
0.936667 0 0 0 0
0.943333 0 0 0 0
0.95 0 0 0 0
0.956667 0 0 0 0
0.963333 0 0 0 0
0.97 0 0 0 0
0.976667 0 0 0 0
0.983333 0 0 0 0
0.99 0 0 0 0
0.996667 0 0 0 0
1.00333 0 0 0 0
1.01 0 0 0 0
1.01667 0 0 0 0
1.02333 0 0 0 0
1.03 0 0 0 0
1.03667 0 0 0 0
1.04333 0 0 0 0
1.05 0 0 0 0
1.05667 0 0 0 0
1.06333 0 0 0 0
1.07 0 0 0 0
1.07667 0 0 0 0
1.08333 0 0 0 0
1.09 0 0 0 0
1.09667 0 0 0 0
1.10333 0 0 0 0
1.11 0 0 0 0
1.11667 0 0 0 0
1.12333 0 0 0 0
1.13 0 0 0 0
1.13667 0 0 0 0
1.14333 0 0 0 0
1.15 0 0 0 0
1.15667 0 0 0 0
1.16333 0 0 0 0
1.17 0 0 0 0
1.17667 0 0 0 0
1.18333 0 0 0 0
1.19 0 0 0 0
1.19667 0 0 0 0
1.20333 0 0 0 0
1.21 0 0 0 0
1.21667 0 0 0 0
1.22333 0 0 0 0
1.23 0 0 0 0
1.23667 0 0 0 0
1.24333 0 0 0 0
1.25 0 0 0 0
1.25667 0 0 0 0
1.26333 0 0 0 0
1.27 0 0 0 0
1.27667 0 0 0 0
1.28333 0 0 0 0
1.29 0 0 0 0
1.29667 0 0 0 0
1.30333 0 0 0 0
1.31 0 0 0 0
1.31667 0 0 0 0
1.32333 0 0 0 0
1.33 0 0 0 0
1.33667 0 0 0 0
1.34333 0 0 0 0
1.35 0 0 0 0
1.35667 0 0 0 0
1.36333 0 0 0 0
1.37 0 0 0 0
1.37667 0 0 0 0
1.38333 0 0 0 0
1.39 0 0 0 0
1.39667 0 0 0 0
1.40333 0 0 0 0
1.41 0 0 0 0
1.41667 0 0 0 0
1.42333 0 0 0 0
1.43 0 0 0 0
1.43667 0 0 0 0
1.44333 0 0 0 0
1.45 0 0 0 0
1.45667 0 0 0 0
1.46333 0 0 0 0
1.47 0 0 0 0
1.47667 0 0 0 0
1.48333 0 0 0 0
1.49 0 0 0 0
1.49667 0 0 0 0
1.50333 0 0 0 0
1.51 0 0 0 0
1.51667 0 0 0 0
1.52333 0 0 0 0
1.53 0 0 0 0
1.53667 0 0 0 0
1.54333 0 0 0 0
1.55 0 0 0 0
1.55667 0 0 0 0
1.56333 0 0 0 0
1.57 0 0 0 0
1.57667 0 0 0 0
1.58333 0 0 0 0
1.59 0 0 0 0
1.59667 0 0 0 0
1.60333 0 0 0 0
1.61 0 0 0 0
1.61667 0 0 0 0
1.62333 0 0 0 0
1.63 0 0 0 0
1.63667 0 0 0 0
1.64333 0 0 0 0
1.65 0 0 0 0
1.65667 0 0 0 0
1.66333 0 0 0 0
1.67 0 0 0 0
1.67667 0 0 0 0
1.68333 0 0 0 0
1.69 0 0 0 0
1.69667 0 0 0 0
1.70333 0 0 0 0
1.71 0 0 0 0
1.71667 0 0 0 0
1.72333 0 0 0 0
1.73 0 0 0 0
1.73667 0 0 0 0
1.74333 0 0 0 0
1.75 0 0 0 0
1.75667 0 0 0 0
1.76333 0 0 0 0
1.77 0 0 0 0
1.77667 0 0 0 0
1.78333 0 0 0 0
1.79 0 0 0 0
1.79667 0 0 0 0
1.80333 0 0 0 0
1.81 0 0 0 0
1.81667 0 0 0 0
1.82333 0 0 0 0
1.83 0 0 0 0
1.83667 0 0 0 0
1.84333 0 0 0 0
1.85 0 0 0 0
1.85667 0 0 0 0
1.86333 0 0 0 0
1.87 0 0 0 0
1.87667 0 0 0 0
1.88333 0 0 0 0
1.89 0 0 0 0
1.89667 0 0 0 0
1.90333 0 0 0 0
1.91 0 0 0 0
1.91667 0 0 0 0
1.92333 0 0 0 0
1.93 0 0 0 0
1.93667 0 0 0 0
1.94333 0 0 0 0
1.95 0 0 0 0
1.95667 0 0 0 0
1.96333 0 0 0 0
1.97 0 0 0 0
1.97667 0 0 0 0
1.98333 0 0 0 0
1.99 0 0 0 0
1.99667 0 0 0 0
