0.00333333 34 45 1 0
0.01 48 63 1 1
0.0166667 41 60 2 1
0.0233333 52 64 2 1
0.03 45 68 2 0
0.0366667 81 95 0 2
0.0433333 81 103 5 1
0.05 107 112 5 1
0.0566667 120 130 4 2
0.0633333 160 142 5 3
0.07 144 180 6 2
0.0766667 162 179 8 1
0.0833333 187 167 11 2
0.09 178 191 9 2
0.0966667 192 194 10 2
0.103333 167 161 9 1
0.11 173 163 7 1
0.116667 185 162 7 3
0.123333 179 180 6 3
0.13 152 187 4 0
0.136667 152 178 3 4
0.143333 136 160 6 1
0.15 127 142 6 0
0.156667 115 167 8 1
0.163333 131 167 7 0
0.17 113 144 4 4
0.176667 111 165 10 1
0.183333 129 156 9 2
0.19 131 179 10 3
0.196667 119 185 5 1
0.203333 102 192 5 1
0.21 99 176 6 1
0.216667 128 169 5 0
0.223333 113 139 4 1
0.23 104 141 6 1
0.236667 111 125 8 1
0.243333 102 110 6 1
0.25 92 128 8 0
0.256667 70 132 3 1
0.263333 90 113 3 3
0.27 65 88 5 2
0.276667 65 93 3 2
0.283333 84 79 5 1
0.29 76 102 5 0
0.296667 76 94 5 1
0.303333 80 115 1 1
0.31 86 100 5 0
0.316667 76 80 3 3
0.323333 73 94 3 1
0.33 63 68 3 2
0.336667 69 66 6 1
0.343333 61 65 5 1
0.35 68 96 3 0
0.356667 53 62 5 0
0.363333 58 75 7 0
0.37 51 85 3 1
0.376667 56 67 4 0
0.383333 50 60 3 0
0.39 52 63 2 2
0.396667 53 57 6 0
0.403333 56 54 6 0
0.41 50 58 4 2
0.416667 55 64 4 0
0.423333 42 49 5 0
0.43 51 51 2 2
0.436667 51 58 3 1
0.443333 46 61 1 0
0.45 44 66 3 1
0.456667 44 64 1 0
0.463333 47 64 1 1
0.47 44 58 4 1
0.476667 40 62 4 0
0.483333 24 54 5 0
0.49 31 34 1 0
0.496667 39 24 3 1
0.503333 39 34 2 0
0.51 35 27 0 0
0.516667 38 35 5 0
0.523333 26 29 3 0
0.53 33 30 2 0
0.536667 27 43 0 1
0.543333 27 30 1 0
0.55 17 21 1 1
0.556667 38 21 0 0
0.563333 25 30 0 3
0.57 27 25 1 0
0.576667 20 28 2 0
0.583333 31 21 2 0
0.59 26 18 2 0
0.596667 26 23 2 1
0.603333 15 24 1 0
0.61 28 21 0 0
0.616667 23 30 1 0
0.623333 24 22 5 1
0.63 28 26 1 0
0.636667 21 29 2 0
0.643333 13 14 6 0
0.65 23 19 1 1
0.656667 28 22 0 0
0.663333 1198 2225 42 13
0.67 0 0 0 0
0.676667 0 0 0 0
0.683333 0 0 0 0
0.69 0 0 0 0
0.696667 0 0 0 0
0.703333 0 0 0 0
0.71 0 0 0 0
0.716667 0 0 0 0
0.723333 0 0 0 0
0.73 0 0 0 0
0.736667 0 0 0 0
0.743333 0 0 0 0
0.75 0 0 0 0
0.756667 0 0 0 0
0.763333 0 0 0 0
0.77 0 0 0 0
0.776667 0 0 0 0
0.783333 0 0 0 0
0.79 0 0 0 0
0.796667 0 0 0 0
0.803333 0 0 0 0
0.81 0 0 0 0
0.816667 0 0 0 0
0.823333 0 0 0 0
0.83 0 0 0 0
0.836667 0 0 0 0
0.843333 0 0 0 0
0.85 0 0 0 0
0.856667 0 0 0 0
0.863333 0 0 0 0
0.87 0 0 0 0
0.876667 0 0 0 0
0.883333 0 0 0 0
0.89 0 0 0 0
0.896667 0 0 0 0
0.903333 0 0 0 0
0.91 0 0 0 0
0.916667 0 0 0 0
0.923333 0 0 0 0
0.93 0 0 0 0
0.936667 0 0 0 0
0.943333 0 0 0 0
0.95 0 0 0 0
0.956667 0 0 0 0
0.963333 0 0 0 0
0.97 0 0 0 0
0.976667 0 0 0 0
0.983333 0 0 0 0
0.99 0 0 0 0
0.996667 0 0 0 0
1.00333 0 0 0 0
1.01 0 0 0 0
1.01667 0 0 0 0
1.02333 0 0 0 0
1.03 0 0 0 0
1.03667 0 0 0 0
1.04333 0 0 0 0
1.05 0 0 0 0
1.05667 0 0 0 0
1.06333 0 0 0 0
1.07 0 0 0 0
1.07667 0 0 0 0
1.08333 0 0 0 0
1.09 0 0 0 0
1.09667 0 0 0 0
1.10333 0 0 0 0
1.11 0 0 0 0
1.11667 0 0 0 0
1.12333 0 0 0 0
1.13 0 0 0 0
1.13667 0 0 0 0
1.14333 0 0 0 0
1.15 0 0 0 0
1.15667 0 0 0 0
1.16333 0 0 0 0
1.17 0 0 0 0
1.17667 0 0 0 0
1.18333 0 0 0 0
1.19 0 0 0 0
1.19667 0 0 0 0
1.20333 0 0 0 0
1.21 0 0 0 0
1.21667 0 0 0 0
1.22333 0 0 0 0
1.23 0 0 0 0
1.23667 0 0 0 0
1.24333 0 0 0 0
1.25 0 0 0 0
1.25667 0 0 0 0
1.26333 0 0 0 0
1.27 0 0 0 0
1.27667 0 0 0 0
1.28333 0 0 0 0
1.29 0 0 0 0
1.29667 0 0 0 0
1.30333 0 0 0 0
1.31 0 0 0 0
1.31667 0 0 0 0
1.32333 0 0 0 0
1.33 0 0 0 0
1.33667 0 0 0 0
1.34333 0 0 0 0
1.35 0 0 0 0
1.35667 0 0 0 0
1.36333 0 0 0 0
1.37 0 0 0 0
1.37667 0 0 0 0
1.38333 0 0 0 0
1.39 0 0 0 0
1.39667 0 0 0 0
1.40333 0 0 0 0
1.41 0 0 0 0
1.41667 0 0 0 0
1.42333 0 0 0 0
1.43 0 0 0 0
1.43667 0 0 0 0
1.44333 0 0 0 0
1.45 0 0 0 0
1.45667 0 0 0 0
1.46333 0 0 0 0
1.47 0 0 0 0
1.47667 0 0 0 0
1.48333 0 0 0 0
1.49 0 0 0 0
1.49667 0 0 0 0
1.50333 0 0 0 0
1.51 0 0 0 0
1.51667 0 0 0 0
1.52333 0 0 0 0
1.53 0 0 0 0
1.53667 0 0 0 0
1.54333 0 0 0 0
1.55 0 0 0 0
1.55667 0 0 0 0
1.56333 0 0 0 0
1.57 0 0 0 0
1.57667 0 0 0 0
1.58333 0 0 0 0
1.59 0 0 0 0
1.59667 0 0 0 0
1.60333 0 0 0 0
1.61 0 0 0 0
1.61667 0 0 0 0
1.62333 0 0 0 0
1.63 0 0 0 0
1.63667 0 0 0 0
1.64333 0 0 0 0
1.65 0 0 0 0
1.65667 0 0 0 0
1.66333 0 0 0 0
1.67 0 0 0 0
1.67667 0 0 0 0
1.68333 0 0 0 0
1.69 0 0 0 0
1.69667 0 0 0 0
1.70333 0 0 0 0
1.71 0 0 0 0
1.71667 0 0 0 0
1.72333 0 0 0 0
1.73 0 0 0 0
1.73667 0 0 0 0
1.74333 0 0 0 0
1.75 0 0 0 0
1.75667 0 0 0 0
1.76333 0 0 0 0
1.77 0 0 0 0
1.77667 0 0 0 0
1.78333 0 0 0 0
1.79 0 0 0 0
1.79667 0 0 0 0
1.80333 0 0 0 0
1.81 0 0 0 0
1.81667 0 0 0 0
1.82333 0 0 0 0
1.83 0 0 0 0
1.83667 0 0 0 0
1.84333 0 0 0 0
1.85 0 0 0 0
1.85667 0 0 0 0
1.86333 0 0 0 0
1.87 0 0 0 0
1.87667 0 0 0 0
1.88333 0 0 0 0
1.89 0 0 0 0
1.89667 0 0 0 0
1.90333 0 0 0 0
1.91 0 0 0 0
1.91667 0 0 0 0
1.92333 0 0 0 0
1.93 0 0 0 0
1.93667 0 0 0 0
1.94333 0 0 0 0
1.95 0 0 0 0
1.95667 0 0 0 0
1.96333 0 0 0 0
1.97 0 0 0 0
1.97667 0 0 0 0
1.98333 0 0 0 0
1.99 0 0 0 0
1.99667 0 0 0 0
