0.00333333 4 27 26 8
0.01 5 32 56 12
0.0166667 3 30 32 9
0.0233333 8 31 43 12
0.03 9 31 45 17
0.0366667 3 43 49 14
0.0433333 13 60 83 30
0.05 9 54 101 24
0.0566667 15 57 103 48
0.0633333 14 61 118 30
0.07 16 72 120 42
0.0766667 9 67 113 34
0.0833333 16 89 130 44
0.09 10 78 141 44
0.0966667 15 96 133 44
0.103333 11 93 111 35
0.11 17 94 132 34
0.116667 12 88 123 40
0.123333 11 82 100 34
0.13 15 96 121 31
0.136667 8 84 97 38
0.143333 9 87 130 43
0.15 20 83 93 33
0.156667 13 81 88 29
0.163333 6 79 96 32
0.17 10 74 80 38
0.176667 5 68 85 36
0.183333 12 73 88 31
0.19 11 96 89 37
0.196667 12 94 89 31
0.203333 6 75 82 34
0.21 14 80 69 34
0.216667 8 67 70 16
0.223333 5 78 63 26
0.23 13 50 79 32
0.236667 10 61 65 22
0.243333 7 62 60 21
0.25 9 65 50 25
0.256667 7 59 69 12
0.263333 8 58 62 30
0.27 11 49 60 21
0.276667 6 32 53 20
0.283333 5 51 39 19
0.29 6 46 49 24
0.296667 2 49 51 21
0.303333 4 28 43 15
0.31 6 53 52 21
0.316667 6 46 49 23
0.323333 4 44 38 15
0.33 11 38 49 14
0.336667 9 42 39 20
0.343333 9 35 44 22
0.35 5 40 53 14
0.356667 8 36 30 23
0.363333 4 37 40 18
0.37 6 37 43 17
0.376667 5 32 40 16
0.383333 5 41 35 11
0.39 3 42 32 17
0.396667 3 37 35 18
0.403333 6 30 31 19
0.41 8 47 33 8
0.416667 1 29 33 27
0.423333 7 38 30 14
0.43 6 38 34 13
0.436667 6 28 32 10
0.443333 10 33 34 11
0.45 5 38 38 19
0.456667 3 40 31 14
0.463333 4 30 28 14
0.47 3 31 44 16
0.476667 1 40 27 7
0.483333 3 27 27 13
0.49 4 24 15 10
0.496667 2 21 20 9
0.503333 3 15 17 8
0.51 5 24 26 4
0.516667 0 26 23 13
0.523333 1 17 25 10
0.53 2 15 14 6
0.536667 7 10 14 6
0.543333 6 22 29 14
0.55 3 11 20 9
0.556667 4 21 22 15
0.563333 3 11 21 16
0.57 1 12 19 10
0.576667 6 16 19 6
0.583333 3 19 20 9
0.59 3 16 15 9
0.596667 3 10 15 3
0.603333 2 13 17 8
0.61 6 13 14 10
0.616667 2 14 17 5
0.623333 3 13 22 6
0.63 3 10 18 4
0.636667 3 14 22 11
0.643333 2 14 24 2
0.65 4 12 13 7
0.656667 3 17 16 7
0.663333 102 1183 791 302
0.67 0 0 0 0
0.676667 0 0 0 0
0.683333 0 0 0 0
0.69 0 0 0 0
0.696667 0 0 0 0
0.703333 0 0 0 0
0.71 0 0 0 0
0.716667 0 0 0 0
0.723333 0 0 0 0
0.73 0 0 0 0
0.736667 0 0 0 0
0.743333 0 0 0 0
0.75 0 0 0 0
0.756667 0 0 0 0
0.763333 0 0 0 0
0.77 0 0 0 0
0.776667 0 0 0 0
0.783333 0 0 0 0
0.79 0 0 0 0
0.796667 0 0 0 0
0.803333 0 0 0 0
0.81 0 0 0 0
0.816667 0 0 0 0
0.823333 0 0 0 0
0.83 0 0 0 0
0.836667 0 0 0 0
0.843333 0 0 0 0
0.85 0 0 0 0
0.856667 0 0 0 0
0.863333 0 0 0 0
0.87 0 0 0 0
0.876667 0 0 0 0
0.883333 0 0 0 0
0.89 0 0 0 0
0.896667 0 0 0 0
0.903333 0 0 0 0
0.91 0 0 0 0
0.916667 0 0 0 0
0.923333 0 0 0 0
0.93 0 0 0 0
0.936667 0 0 0 0
0.943333 0 0 0 0
0.95 0 0 0 0
0.956667 0 0 0 0
0.963333 0 0 0 0
0.97 0 0 0 0
0.976667 0 0 0 0
0.983333 0 0 0 0
0.99 0 0 0 0
0.996667 0 0 0 0
1.00333 0 0 0 0
1.01 0 0 0 0
1.01667 0 0 0 0
1.02333 0 0 0 0
1.03 0 0 0 0
1.03667 0 0 0 0
1.04333 0 0 0 0
1.05 0 0 0 0
1.05667 0 0 0 0
1.06333 0 0 0 0
1.07 0 0 0 0
1.07667 0 0 0 0
1.08333 0 0 0 0
1.09 0 0 0 0
1.09667 0 0 0 0
1.10333 0 0 0 0
1.11 0 0 0 0
1.11667 0 0 0 0
1.12333 0 0 0 0
1.13 0 0 0 0
1.13667 0 0 0 0
1.14333 0 0 0 0
1.15 0 0 0 0
1.15667 0 0 0 0
1.16333 0 0 0 0
1.17 0 0 0 0
1.17667 0 0 0 0
1.18333 0 0 0 0
1.19 0 0 0 0
1.19667 0 0 0 0
1.20333 0 0 0 0
1.21 0 0 0 0
1.21667 0 0 0 0
1.22333 0 0 0 0
1.23 0 0 0 0
1.23667 0 0 0 0
1.24333 0 0 0 0
1.25 0 0 0 0
1.25667 0 0 0 0
1.26333 0 0 0 0
1.27 0 0 0 0
1.27667 0 0 0 0
1.28333 0 0 0 0
1.29 0 0 0 0
1.29667 0 0 0 0
1.30333 0 0 0 0
1.31 0 0 0 0
1.31667 0 0 0 0
1.32333 0 0 0 0
1.33 0 0 0 0
1.33667 0 0 0 0
1.34333 0 0 0 0
1.35 0 0 0 0
1.35667 0 0 0 0
1.36333 0 0 0 0
1.37 0 0 0 0
1.37667 0 0 0 0
1.38333 0 0 0 0
1.39 0 0 0 0
1.39667 0 0 0 0
1.40333 0 0 0 0
1.41 0 0 0 0
1.41667 0 0 0 0
1.42333 0 0 0 0
1.43 0 0 0 0
1.43667 0 0 0 0
1.44333 0 0 0 0
1.45 0 0 0 0
1.45667 0 0 0 0
1.46333 0 0 0 0
1.47 0 0 0 0
1.47667 0 0 0 0
1.48333 0 0 0 0
1.49 0 0 0 0
1.49667 0 0 0 0
1.50333 0 0 0 0
1.51 0 0 0 0
1.51667 0 0 0 0
1.52333 0 0 0 0
1.53 0 0 0 0
1.53667 0 0 0 0
1.54333 0 0 0 0
1.55 0 0 0 0
1.55667 0 0 0 0
1.56333 0 0 0 0
1.57 0 0 0 0
1.57667 0 0 0 0
1.58333 0 0 0 0
1.59 0 0 0 0
1.59667 0 0 0 0
1.60333 0 0 0 0
1.61 0 0 0 0
1.61667 0 0 0 0
1.62333 0 0 0 0
1.63 0 0 0 0
1.63667 0 0 0 0
1.64333 0 0 0 0
1.65 0 0 0 0
1.65667 0 0 0 0
1.66333 0 0 0 0
1.67 0 0 0 0
1.67667 0 0 0 0
1.68333 0 0 0 0
1.69 0 0 0 0
1.69667 0 0 0 0
1.70333 0 0 0 0
1.71 0 0 0 0
1.71667 0 0 0 0
1.72333 0 0 0 0
1.73 0 0 0 0
1.73667 0 0 0 0
1.74333 0 0 0 0
1.75 0 0 0 0
1.75667 0 0 0 0
1.76333 0 0 0 0
1.77 0 0 0 0
1.77667 0 0 0 0
1.78333 0 0 0 0
1.79 0 0 0 0
1.79667 0 0 0 0
1.80333 0 0 0 0
1.81 0 0 0 0
1.81667 0 0 0 0
1.82333 0 0 0 0
1.83 0 0 0 0
1.83667 0 0 0 0
1.84333 0 0 0 0
1.85 0 0 0 0
1.85667 0 0 0 0
1.86333 0 0 0 0
1.87 0 0 0 0
1.87667 0 0 0 0
1.88333 0 0 0 0
1.89 0 0 0 0
1.89667 0 0 0 0
1.90333 0 0 0 0
1.91 0 0 0 0
1.91667 0 0 0 0
1.92333 0 0 0 0
1.93 0 0 0 0
1.93667 0 0 0 0
1.94333 0 0 0 0
1.95 0 0 0 0
1.95667 0 0 0 0
1.96333 0 0 0 0
1.97 0 0 0 0
1.97667 0 0 0 0
1.98333 0 0 0 0
1.99 0 0 0 0
1.99667 0 0 0 0
