0.00333333 5 39 16 9
0.01 8 51 25 4
0.0166667 6 45 30 6
0.0233333 15 54 34 3
0.03 13 46 29 9
0.0366667 12 54 36 14
0.0433333 15 98 60 20
0.05 25 98 79 18
0.0566667 31 124 90 28
0.0633333 32 122 81 13
0.07 29 168 100 23
0.0766667 35 152 124 18
0.0833333 33 168 94 30
0.09 35 164 104 31
0.0966667 28 158 104 25
0.103333 37 134 104 25
0.11 28 143 108 33
0.116667 36 159 111 21
0.123333 30 148 98 23
0.13 33 122 87 17
0.136667 26 119 72 28
0.143333 35 123 66 21
0.15 33 122 91 21
0.156667 18 110 80 16
0.163333 24 117 73 19
0.17 27 111 62 16
0.176667 17 122 85 23
0.183333 31 132 68 18
0.19 20 111 73 24
0.196667 31 114 80 15
0.203333 18 128 65 13
0.21 22 112 67 8
0.216667 18 93 62 20
0.223333 21 100 60 14
0.23 22 82 53 14
0.236667 14 79 47 12
0.243333 16 78 59 12
0.25 25 98 43 16
0.256667 19 75 50 18
0.263333 12 61 49 13
0.27 19 76 47 15
0.276667 15 71 33 9
0.283333 15 65 38 8
0.29 13 55 39 10
0.296667 12 66 34 14
0.303333 11 59 38 11
0.31 17 68 33 10
0.316667 14 43 19 11
0.323333 11 68 29 6
0.33 14 57 40 9
0.336667 5 57 32 11
0.343333 6 48 30 8
0.35 8 40 37 6
0.356667 12 52 29 10
0.363333 10 51 26 10
0.37 9 34 21 13
0.376667 6 56 24 4
0.383333 15 44 23 6
0.39 13 35 27 4
0.396667 10 56 27 7
0.403333 11 48 36 8
0.41 9 37 28 4
0.416667 9 41 36 6
0.423333 9 42 21 1
0.43 10 44 30 7
0.436667 11 42 29 5
0.443333 11 26 19 13
0.45 9 45 26 11
0.456667 7 44 21 12
0.463333 14 44 28 6
0.47 7 55 24 5
0.476667 11 33 17 11
0.483333 7 25 19 4
0.49 6 36 4 3
0.496667 9 24 19 2
0.503333 9 22 19 1
0.51 7 18 17 8
0.516667 9 27 10 9
0.523333 9 21 20 5
0.53 4 30 13 3
0.536667 6 24 8 7
0.543333 3 19 16 6
0.55 5 23 16 3
0.556667 4 31 16 4
0.563333 9 21 7 2
0.57 2 22 13 6
0.576667 5 23 10 4
0.583333 10 22 15 3
0.59 4 19 8 1
0.596667 5 16 16 2
0.603333 8 22 18 5
0.61 4 20 13 4
0.616667 6 14 5 8
0.623333 2 20 9 5
0.63 5 19 8 5
0.636667 7 25 13 3
0.643333 3 10 11 6
0.65 5 20 11 3
0.656667 4 14 8 3
0.663333 175 985 541 116
0.67 0 0 0 0
0.676667 0 0 0 0
0.683333 0 0 0 0
0.69 0 0 0 0
0.696667 0 0 0 0
0.703333 0 0 0 0
0.71 0 0 0 0
0.716667 0 0 0 0
0.723333 0 0 0 0
0.73 0 0 0 0
0.736667 0 0 0 0
0.743333 0 0 0 0
0.75 0 0 0 0
0.756667 0 0 0 0
0.763333 0 0 0 0
0.77 0 0 0 0
0.776667 0 0 0 0
0.783333 0 0 0 0
0.79 0 0 0 0
0.796667 0 0 0 0
0.803333 0 0 0 0
0.81 0 0 0 0
0.816667 0 0 0 0
0.823333 0 0 0 0
0.83 0 0 0 0
0.836667 0 0 0 0
0.843333 0 0 0 0
0.85 0 0 0 0
0.856667 0 0 0 0
0.863333 0 0 0 0
0.87 0 0 0 0
0.876667 0 0 0 0
0.883333 0 0 0 0
0.89 0 0 0 0
0.896667 0 0 0 0
0.903333 0 0 0 0
0.91 0 0 0 0
0.916667 0 0 0 0
0.923333 0 0 0 0
0.93 0 0 0 0
0.936667 0 0 0 0
0.943333 0 0 0 0
0.95 0 0 0 0
0.956667 0 0 0 0
0.963333 0 0 0 0
0.97 0 0 0 0
0.976667 0 0 0 0
0.983333 0 0 0 0
0.99 0 0 0 0
0.996667 0 0 0 0
1.00333 0 0 0 0
1.01 0 0 0 0
1.01667 0 0 0 0
1.02333 0 0 0 0
1.03 0 0 0 0
1.03667 0 0 0 0
1.04333 0 0 0 0
1.05 0 0 0 0
1.05667 0 0 0 0
1.06333 0 0 0 0
1.07 0 0 0 0
1.07667 0 0 0 0
1.08333 0 0 0 0
1.09 0 0 0 0
1.09667 0 0 0 0
1.10333 0 0 0 0
1.11 0 0 0 0
1.11667 0 0 0 0
1.12333 0 0 0 0
1.13 0 0 0 0
1.13667 0 0 0 0
1.14333 0 0 0 0
1.15 0 0 0 0
1.15667 0 0 0 0
1.16333 0 0 0 0
1.17 0 0 0 0
1.17667 0 0 0 0
1.18333 0 0 0 0
1.19 0 0 0 0
1.19667 0 0 0 0
1.20333 0 0 0 0
1.21 0 0 0 0
1.21667 0 0 0 0
1.22333 0 0 0 0
1.23 0 0 0 0
1.23667 0 0 0 0
1.24333 0 0 0 0
1.25 0 0 0 0
1.25667 0 0 0 0
1.26333 0 0 0 0
1.27 0 0 0 0
1.27667 0 0 0 0
1.28333 0 0 0 0
1.29 0 0 0 0
1.29667 0 0 0 0
1.30333 0 0 0 0
1.31 0 0 0 0
1.31667 0 0 0 0
1.32333 0 0 0 0
1.33 0 0 0 0
1.33667 0 0 0 0
1.34333 0 0 0 0
1.35 0 0 0 0
1.35667 0 0 0 0
1.36333 0 0 0 0
1.37 0 0 0 0
1.37667 0 0 0 0
1.38333 0 0 0 0
1.39 0 0 0 0
1.39667 0 0 0 0
1.40333 0 0 0 0
1.41 0 0 0 0
1.41667 0 0 0 0
1.42333 0 0 0 0
1.43 0 0 0 0
1.43667 0 0 0 0
1.44333 0 0 0 0
1.45 0 0 0 0
1.45667 0 0 0 0
1.46333 0 0 0 0
1.47 0 0 0 0
1.47667 0 0 0 0
1.48333 0 0 0 0
1.49 0 0 0 0
1.49667 0 0 0 0
1.50333 0 0 0 0
1.51 0 0 0 0
1.51667 0 0 0 0
1.52333 0 0 0 0
1.53 0 0 0 0
1.53667 0 0 0 0
1.54333 0 0 0 0
1.55 0 0 0 0
1.55667 0 0 0 0
1.56333 0 0 0 0
1.57 0 0 0 0
1.57667 0 0 0 0
1.58333 0 0 0 0
1.59 0 0 0 0
1.59667 0 0 0 0
1.60333 0 0 0 0
1.61 0 0 0 0
1.61667 0 0 0 0
1.62333 0 0 0 0
1.63 0 0 0 0
1.63667 0 0 0 0
1.64333 0 0 0 0
1.65 0 0 0 0
1.65667 0 0 0 0
1.66333 0 0 0 0
1.67 0 0 0 0
1.67667 0 0 0 0
1.68333 0 0 0 0
1.69 0 0 0 0
1.69667 0 0 0 0
1.70333 0 0 0 0
1.71 0 0 0 0
1.71667 0 0 0 0
1.72333 0 0 0 0
1.73 0 0 0 0
1.73667 0 0 0 0
1.74333 0 0 0 0
1.75 0 0 0 0
1.75667 0 0 0 0
1.76333 0 0 0 0
1.77 0 0 0 0
1.77667 0 0 0 0
1.78333 0 0 0 0
1.79 0 0 0 0
1.79667 0 0 0 0
1.80333 0 0 0 0
1.81 0 0 0 0
1.81667 0 0 0 0
1.82333 0 0 0 0
1.83 0 0 0 0
1.83667 0 0 0 0
1.84333 0 0 0 0
1.85 0 0 0 0
1.85667 0 0 0 0
1.86333 0 0 0 0
1.87 0 0 0 0
1.87667 0 0 0 0
1.88333 0 0 0 0
1.89 0 0 0 0
1.89667 0 0 0 0
1.90333 0 0 0 0
1.91 0 0 0 0
1.91667 0 0 0 0
1.92333 0 0 0 0
1.93 0 0 0 0
1.93667 0 0 0 0
1.94333 0 0 0 0
1.95 0 0 0 0
1.95667 0 0 0 0
1.96333 0 0 0 0
1.97 0 0 0 0
1.97667 0 0 0 0
1.98333 0 0 0 0
1.99 0 0 0 0
1.99667 0 0 0 0
