0.00333333 68 7 1 0
0.01 76 14 0 1
0.0166667 90 11 1 0
0.0233333 87 12 0 1
0.03 112 14 0 2
0.0366667 101 32 1 1
0.0433333 147 27 7 1
0.05 152 40 3 1
0.0566667 153 54 6 1
0.0633333 185 55 2 3
0.07 216 65 6 3
0.0766667 220 56 6 1
0.0833333 229 50 3 3
0.09 247 53 3 0
0.0966667 226 61 3 2
0.103333 235 56 3 2
0.11 261 53 6 0
0.116667 274 51 4 3
0.123333 295 47 5 3
0.13 280 41 3 3
0.136667 246 52 2 2
0.143333 259 32 7 0
0.15 273 36 4 3
0.156667 226 36 3 1
0.163333 214 35 1 2
0.17 211 37 1 3
0.176667 226 37 3 3
0.183333 209 32 1 1
0.19 252 28 0 2
0.196667 253 38 4 2
0.203333 227 35 1 1
0.21 221 24 1 0
0.216667 220 31 9 1
0.223333 192 32 2 0
0.23 211 31 1 2
0.236667 176 29 3 1
0.243333 202 27 3 4
0.25 172 29 1 3
0.256667 161 28 1 1
0.263333 146 27 1 0
0.27 162 28 2 3
0.276667 155 17 2 1
0.283333 145 19 4 1
0.29 150 17 0 0
0.296667 149 37 1 1
0.303333 132 23 4 1
0.31 134 27 0 3
0.316667 125 21 3 2
0.323333 131 15 1 4
0.33 123 17 2 2
0.336667 130 18 5 2
0.343333 124 29 1 0
0.35 119 15 3 2
0.356667 100 19 2 0
0.363333 124 23 2 0
0.37 116 12 2 0
0.376667 107 23 1 0
0.383333 101 21 2 1
0.39 98 16 4 0
0.396667 96 19 0 1
0.403333 99 18 1 2
0.41 103 14 2 2
0.416667 99 16 2 1
0.423333 75 13 0 0
0.43 85 12 1 0
0.436667 94 17 1 0
0.443333 112 12 2 1
0.45 113 18 1 2
0.456667 114 15 2 0
0.463333 94 12 0 0
0.47 109 21 4 1
0.476667 72 9 1 1
0.483333 53 9 2 1
0.49 62 8 1 0
0.496667 58 11 2 0
0.503333 46 15 3 1
0.51 54 10 1 0
0.516667 43 10 1 1
0.523333 39 6 0 0
0.53 48 15 1 0
0.536667 55 7 0 2
0.543333 44 13 2 0
0.55 52 6 4 1
0.556667 46 9 2 0
0.563333 36 7 0 0
0.57 46 8 1 0
0.576667 24 10 1 1
0.583333 39 12 2 0
0.59 38 8 1 1
0.596667 40 10 1 1
0.603333 36 10 1 0
0.61 37 6 0 0
0.616667 45 4 0 1
0.623333 35 6 1 0
0.63 36 5 0 0
0.636667 45 8 2 0
0.643333 35 12 1 0
0.65 40 6 1 0
0.656667 42 5 0 2
0.663333 3369 226 14 19
0.67 0 0 0 0
0.676667 0 0 0 0
0.683333 0 0 0 0
0.69 0 0 0 0
0.696667 0 0 0 0
0.703333 0 0 0 0
0.71 0 0 0 0
0.716667 0 0 0 0
0.723333 0 0 0 0
0.73 0 0 0 0
0.736667 0 0 0 0
0.743333 0 0 0 0
0.75 0 0 0 0
0.756667 0 0 0 0
0.763333 0 0 0 0
0.77 0 0 0 0
0.776667 0 0 0 0
0.783333 0 0 0 0
0.79 0 0 0 0
0.796667 0 0 0 0
0.803333 0 0 0 0
0.81 0 0 0 0
0.816667 0 0 0 0
0.823333 0 0 0 0
0.83 0 0 0 0
0.836667 0 0 0 0
0.843333 0 0 0 0
0.85 0 0 0 0
0.856667 0 0 0 0
0.863333 0 0 0 0
0.87 0 0 0 0
0.876667 0 0 0 0
0.883333 0 0 0 0
0.89 0 0 0 0
0.896667 0 0 0 0
0.903333 0 0 0 0
0.91 0 0 0 0
0.916667 0 0 0 0
0.923333 0 0 0 0
0.93 0 0 0 0
0.936667 0 0 0 0
0.943333 0 0 0 0
0.95 0 0 0 0
0.956667 0 0 0 0
0.963333 0 0 0 0
0.97 0 0 0 0
0.976667 0 0 0 0
0.983333 0 0 0 0
0.99 0 0 0 0
0.996667 0 0 0 0
1.00333 0 0 0 0
1.01 0 0 0 0
1.01667 0 0 0 0
1.02333 0 0 0 0
1.03 0 0 0 0
1.03667 0 0 0 0
1.04333 0 0 0 0
1.05 0 0 0 0
1.05667 0 0 0 0
1.06333 0 0 0 0
1.07 0 0 0 0
1.07667 0 0 0 0
1.08333 0 0 0 0
1.09 0 0 0 0
1.09667 0 0 0 0
1.10333 0 0 0 0
1.11 0 0 0 0
1.11667 0 0 0 0
1.12333 0 0 0 0
1.13 0 0 0 0
1.13667 0 0 0 0
1.14333 0 0 0 0
1.15 0 0 0 0
1.15667 0 0 0 0
1.16333 0 0 0 0
1.17 0 0 0 0
1.17667 0 0 0 0
1.18333 0 0 0 0
1.19 0 0 0 0
1.19667 0 0 0 0
1.20333 0 0 0 0
1.21 0 0 0 0
1.21667 0 0 0 0
1.22333 0 0 0 0
1.23 0 0 0 0
1.23667 0 0 0 0
1.24333 0 0 0 0
1.25 0 0 0 0
1.25667 0 0 0 0
1.26333 0 0 0 0
1.27 0 0 0 0
1.27667 0 0 0 0
1.28333 0 0 0 0
1.29 0 0 0 0
1.29667 0 0 0 0
1.30333 0 0 0 0
1.31 0 0 0 0
1.31667 0 0 0 0
1.32333 0 0 0 0
1.33 0 0 0 0
1.33667 0 0 0 0
1.34333 0 0 0 0
1.35 0 0 0 0
1.35667 0 0 0 0
1.36333 0 0 0 0
1.37 0 0 0 0
1.37667 0 0 0 0
1.38333 0 0 0 0
1.39 0 0 0 0
1.39667 0 0 0 0
1.40333 0 0 0 0
1.41 0 0 0 0
1.41667 0 0 0 0
1.42333 0 0 0 0
1.43 0 0 0 0
1.43667 0 0 0 0
1.44333 0 0 0 0
1.45 0 0 0 0
1.45667 0 0 0 0
1.46333 0 0 0 0
1.47 0 0 0 0
1.47667 0 0 0 0
1.48333 0 0 0 0
1.49 0 0 0 0
1.49667 0 0 0 0
1.50333 0 0 0 0
1.51 0 0 0 0
1.51667 0 0 0 0
1.52333 0 0 0 0
1.53 0 0 0 0
1.53667 0 0 0 0
1.54333 0 0 0 0
1.55 0 0 0 0
1.55667 0 0 0 0
1.56333 0 0 0 0
1.57 0 0 0 0
1.57667 0 0 0 0
1.58333 0 0 0 0
1.59 0 0 0 0
1.59667 0 0 0 0
1.60333 0 0 0 0
1.61 0 0 0 0
1.61667 0 0 0 0
1.62333 0 0 0 0
1.63 0 0 0 0
1.63667 0 0 0 0
1.64333 0 0 0 0
1.65 0 0 0 0
1.65667 0 0 0 0
1.66333 0 0 0 0
1.67 0 0 0 0
1.67667 0 0 0 0
1.68333 0 0 0 0
1.69 0 0 0 0
1.69667 0 0 0 0
1.70333 0 0 0 0
1.71 0 0 0 0
1.71667 0 0 0 0
1.72333 0 0 0 0
1.73 0 0 0 0
1.73667 0 0 0 0
1.74333 0 0 0 0
1.75 0 0 0 0
1.75667 0 0 0 0
1.76333 0 0 0 0
1.77 0 0 0 0
1.77667 0 0 0 0
1.78333 0 0 0 0
1.79 0 0 0 0
1.79667 0 0 0 0
1.80333 0 0 0 0
1.81 0 0 0 0
1.81667 0 0 0 0
1.82333 0 0 0 0
1.83 0 0 0 0
1.83667 0 0 0 0
1.84333 0 0 0 0
1.85 0 0 0 0
1.85667 0 0 0 0
1.86333 0 0 0 0
1.87 0 0 0 0
1.87667 0 0 0 0
1.88333 0 0 0 0
1.89 0 0 0 0
1.89667 0 0 0 0
1.90333 0 0 0 0
1.91 0 0 0 0
1.91667 0 0 0 0
1.92333 0 0 0 0
1.93 0 0 0 0
1.93667 0 0 0 0
1.94333 0 0 0 0
1.95 0 0 0 0
1.95667 0 0 0 0
1.96333 0 0 0 0
1.97 0 0 0 0
1.97667 0 0 0 0
1.98333 0 0 0 0
1.99 0 0 0 0
1.99667 0 0 0 0
