0.00333333 3 15 95 6
0.01 2 19 105 14
0.0166667 1 20 109 13
0.0233333 5 23 112 19
0.03 2 20 118 19
0.0366667 3 20 121 16
0.0433333 5 32 177 32
0.05 9 34 209 37
0.0566667 6 31 227 43
0.0633333 8 40 274 42
0.07 9 49 296 57
0.0766667 7 55 324 52
0.0833333 7 58 313 42
0.09 7 51 321 51
0.0966667 4 33 334 44
0.103333 11 56 339 51
0.11 7 49 342 49
0.116667 7 55 365 52
0.123333 11 52 338 54
0.13 11 36 351 38
0.136667 4 37 317 37
0.143333 5 55 304 36
0.15 7 37 310 36
0.156667 4 42 313 26
0.163333 3 46 295 32
0.17 7 38 301 28
0.176667 2 32 301 32
0.183333 6 40 276 32
0.19 5 46 339 25
0.196667 7 44 346 29
0.203333 2 35 313 28
0.21 6 41 309 31
0.216667 3 37 290 18
0.223333 5 21 289 27
0.23 6 22 235 24
0.236667 5 30 262 21
0.243333 3 38 229 25
0.25 2 19 252 21
0.256667 5 22 229 19
0.263333 5 28 176 20
0.27 4 25 162 29
0.276667 4 28 165 20
0.283333 4 22 153 17
0.29 3 32 141 13
0.296667 3 16 179 19
0.303333 1 15 162 25
0.31 1 22 158 15
0.316667 2 19 148 15
0.323333 4 21 145 12
0.33 2 21 147 15
0.336667 4 15 114 8
0.343333 2 15 131 19
0.35 2 23 132 15
0.356667 2 14 115 16
0.363333 2 18 118 13
0.37 4 16 121 16
0.376667 2 17 124 16
0.383333 5 13 124 17
0.39 2 19 117 15
0.396667 5 13 117 7
0.403333 3 14 90 10
0.41 1 10 91 13
0.416667 3 16 133 10
0.423333 0 12 117 20
0.43 0 20 115 10
0.436667 5 17 104 11
0.443333 2 18 114 14
0.45 1 13 119 5
0.456667 3 25 118 15
0.463333 2 17 109 9
0.47 4 12 103 12
0.476667 2 14 107 11
0.483333 0 7 65 10
0.49 0 8 58 8
0.496667 2 9 63 6
0.503333 5 8 63 14
0.51 0 14 69 7
0.516667 1 15 55 7
0.523333 1 9 49 6
0.53 4 7 43 11
0.536667 0 8 42 9
0.543333 1 5 34 3
0.55 0 8 41 6
0.556667 3 11 41 9
0.563333 2 14 38 7
0.57 2 5 53 5
0.576667 2 12 49 8
0.583333 3 11 34 7
0.59 1 3 42 5
0.596667 2 9 41 9
0.603333 3 8 38 6
0.61 1 8 41 9
0.616667 2 7 32 5
0.623333 1 5 33 1
0.63 4 8 39 6
0.636667 1 6 51 4
0.643333 2 8 43 5
0.65 1 10 28 7
0.656667 0 6 38 3
0.663333 23 322 4179 180
0.67 0 0 0 0
0.676667 0 0 0 0
0.683333 0 0 0 0
0.69 0 0 0 0
0.696667 0 0 0 0
0.703333 0 0 0 0
0.71 0 0 0 0
0.716667 0 0 0 0
0.723333 0 0 0 0
0.73 0 0 0 0
0.736667 0 0 0 0
0.743333 0 0 0 0
0.75 0 0 0 0
0.756667 0 0 0 0
0.763333 0 0 0 0
0.77 0 0 0 0
0.776667 0 0 0 0
0.783333 0 0 0 0
0.79 0 0 0 0
0.796667 0 0 0 0
0.803333 0 0 0 0
0.81 0 0 0 0
0.816667 0 0 0 0
0.823333 0 0 0 0
0.83 0 0 0 0
0.836667 0 0 0 0
0.843333 0 0 0 0
0.85 0 0 0 0
0.856667 0 0 0 0
0.863333 0 0 0 0
0.87 0 0 0 0
0.876667 0 0 0 0
0.883333 0 0 0 0
0.89 0 0 0 0
0.896667 0 0 0 0
0.903333 0 0 0 0
0.91 0 0 0 0
0.916667 0 0 0 0
0.923333 0 0 0 0
0.93 0 0 0 0
0.936667 0 0 0 0
0.943333 0 0 0 0
0.95 0 0 0 0
0.956667 0 0 0 0
0.963333 0 0 0 0
0.97 0 0 0 0
0.976667 0 0 0 0
0.983333 0 0 0 0
0.99 0 0 0 0
0.996667 0 0 0 0
1.00333 0 0 0 0
1.01 0 0 0 0
1.01667 0 0 0 0
1.02333 0 0 0 0
1.03 0 0 0 0
1.03667 0 0 0 0
1.04333 0 0 0 0
1.05 0 0 0 0
1.05667 0 0 0 0
1.06333 0 0 0 0
1.07 0 0 0 0
1.07667 0 0 0 0
1.08333 0 0 0 0
1.09 0 0 0 0
1.09667 0 0 0 0
1.10333 0 0 0 0
1.11 0 0 0 0
1.11667 0 0 0 0
1.12333 0 0 0 0
1.13 0 0 0 0
1.13667 0 0 0 0
1.14333 0 0 0 0
1.15 0 0 0 0
1.15667 0 0 0 0
1.16333 0 0 0 0
1.17 0 0 0 0
1.17667 0 0 0 0
1.18333 0 0 0 0
1.19 0 0 0 0
1.19667 0 0 0 0
1.20333 0 0 0 0
1.21 0 0 0 0
1.21667 0 0 0 0
1.22333 0 0 0 0
1.23 0 0 0 0
1.23667 0 0 0 0
1.24333 0 0 0 0
1.25 0 0 0 0
1.25667 0 0 0 0
1.26333 0 0 0 0
1.27 0 0 0 0
1.27667 0 0 0 0
1.28333 0 0 0 0
1.29 0 0 0 0
1.29667 0 0 0 0
1.30333 0 0 0 0
1.31 0 0 0 0
1.31667 0 0 0 0
1.32333 0 0 0 0
1.33 0 0 0 0
1.33667 0 0 0 0
1.34333 0 0 0 0
1.35 0 0 0 0
1.35667 0 0 0 0
1.36333 0 0 0 0
1.37 0 0 0 0
1.37667 0 0 0 0
1.38333 0 0 0 0
1.39 0 0 0 0
1.39667 0 0 0 0
1.40333 0 0 0 0
1.41 0 0 0 0
1.41667 0 0 0 0
1.42333 0 0 0 0
1.43 0 0 0 0
1.43667 0 0 0 0
1.44333 0 0 0 0
1.45 0 0 0 0
1.45667 0 0 0 0
1.46333 0 0 0 0
1.47 0 0 0 0
1.47667 0 0 0 0
1.48333 0 0 0 0
1.49 0 0 0 0
1.49667 0 0 0 0
1.50333 0 0 0 0
1.51 0 0 0 0
1.51667 0 0 0 0
1.52333 0 0 0 0
1.53 0 0 0 0
1.53667 0 0 0 0
1.54333 0 0 0 0
1.55 0 0 0 0
1.55667 0 0 0 0
1.56333 0 0 0 0
1.57 0 0 0 0
1.57667 0 0 0 0
1.58333 0 0 0 0
1.59 0 0 0 0
1.59667 0 0 0 0
1.60333 0 0 0 0
1.61 0 0 0 0
1.61667 0 0 0 0
1.62333 0 0 0 0
1.63 0 0 0 0
1.63667 0 0 0 0
1.64333 0 0 0 0
1.65 0 0 0 0
1.65667 0 0 0 0
1.66333 0 0 0 0
1.67 0 0 0 0
1.67667 0 0 0 0
1.68333 0 0 0 0
1.69 0 0 0 0
1.69667 0 0 0 0
1.70333 0 0 0 0
1.71 0 0 0 0
1.71667 0 0 0 0
1.72333 0 0 0 0
1.73 0 0 0 0
1.73667 0 0 0 0
1.74333 0 0 0 0
1.75 0 0 0 0
1.75667 0 0 0 0
1.76333 0 0 0 0
1.77 0 0 0 0
1.77667 0 0 0 0
1.78333 0 0 0 0
1.79 0 0 0 0
1.79667 0 0 0 0
1.80333 0 0 0 0
1.81 0 0 0 0
1.81667 0 0 0 0
1.82333 0 0 0 0
1.83 0 0 0 0
1.83667 0 0 0 0
1.84333 0 0 0 0
1.85 0 0 0 0
1.85667 0 0 0 0
1.86333 0 0 0 0
1.87 0 0 0 0
1.87667 0 0 0 0
1.88333 0 0 0 0
1.89 0 0 0 0
1.89667 0 0 0 0
1.90333 0 0 0 0
1.91 0 0 0 0
1.91667 0 0 0 0
1.92333 0 0 0 0
1.93 0 0 0 0
1.93667 0 0 0 0
1.94333 0 0 0 0
1.95 0 0 0 0
1.95667 0 0 0 0
1.96333 0 0 0 0
1.97 0 0 0 0
1.97667 0 0 0 0
1.98333 0 0 0 0
1.99 0 0 0 0
1.99667 0 0 0 0
