0.00333333 1 4 51 14
0.01 1 2 55 21
0.0166667 3 6 52 21
0.0233333 0 2 55 22
0.03 5 8 88 26
0.0366667 0 10 78 34
0.0433333 4 11 96 49
0.05 4 15 113 60
0.0566667 1 20 159 70
0.0633333 3 11 159 64
0.07 5 17 174 80
0.0766667 4 20 180 74
0.0833333 6 22 188 74
0.09 4 14 196 84
0.0966667 3 16 207 84
0.103333 8 14 216 80
0.11 3 13 200 74
0.116667 5 12 190 89
0.123333 3 14 196 83
0.13 5 12 199 73
0.136667 2 9 196 71
0.143333 2 9 163 54
0.15 2 15 152 63
0.156667 1 12 156 64
0.163333 1 7 162 53
0.17 4 11 160 55
0.176667 5 12 157 43
0.183333 1 6 184 60
0.19 3 12 168 60
0.196667 6 13 142 56
0.203333 3 8 168 61
0.21 2 7 158 54
0.216667 4 7 146 57
0.223333 2 9 122 44
0.23 2 5 139 57
0.236667 2 11 138 42
0.243333 3 13 116 43
0.25 2 1 115 42
0.256667 3 10 91 37
0.263333 0 7 107 31
0.27 3 7 101 34
0.276667 3 8 94 43
0.283333 1 11 95 31
0.29 4 6 82 42
0.296667 1 9 85 34
0.303333 2 6 93 36
0.31 0 7 76 46
0.316667 1 3 79 41
0.323333 7 11 80 32
0.33 6 8 86 28
0.336667 2 3 70 33
0.343333 0 9 66 31
0.35 2 9 76 33
0.356667 2 5 76 30
0.363333 1 3 71 30
0.37 1 1 71 25
0.376667 1 7 68 23
0.383333 0 3 85 20
0.39 0 7 79 21
0.396667 2 5 93 24
0.403333 1 5 59 17
0.41 1 6 62 15
0.416667 1 3 60 24
0.423333 2 4 65 20
0.43 1 4 65 16
0.436667 1 2 50 28
0.443333 2 4 63 21
0.45 1 4 62 24
0.456667 3 7 71 21
0.463333 0 7 68 32
0.47 2 6 61 23
0.476667 1 5 73 25
0.483333 0 3 45 17
0.49 1 2 45 10
0.496667 2 5 44 17
0.503333 0 4 40 19
0.51 2 6 54 19
0.516667 1 4 31 11
0.523333 2 3 43 17
0.53 1 3 25 15
0.536667 2 6 31 11
0.543333 2 2 24 13
0.55 2 4 35 10
0.556667 2 3 37 11
0.563333 1 3 34 13
0.57 0 0 33 10
0.576667 2 2 31 10
0.583333 1 0 41 14
0.59 0 1 30 18
0.596667 2 2 26 15
0.603333 0 1 32 14
0.61 3 0 35 14
0.616667 0 3 29 15
0.623333 1 4 29 15
0.63 0 1 31 15
0.636667 0 5 30 11
0.643333 1 3 22 9
0.65 1 2 28 17
0.656667 2 6 25 14
0.663333 19 45 1974 515
0.67 0 0 0 0
0.676667 0 0 0 0
0.683333 0 0 0 0
0.69 0 0 0 0
0.696667 0 0 0 0
0.703333 0 0 0 0
0.71 0 0 0 0
0.716667 0 0 0 0
0.723333 0 0 0 0
0.73 0 0 0 0
0.736667 0 0 0 0
0.743333 0 0 0 0
0.75 0 0 0 0
0.756667 0 0 0 0
0.763333 0 0 0 0
0.77 0 0 0 0
0.776667 0 0 0 0
0.783333 0 0 0 0
0.79 0 0 0 0
0.796667 0 0 0 0
0.803333 0 0 0 0
0.81 0 0 0 0
0.816667 0 0 0 0
0.823333 0 0 0 0
0.83 0 0 0 0
0.836667 0 0 0 0
0.843333 0 0 0 0
0.85 0 0 0 0
0.856667 0 0 0 0
0.863333 0 0 0 0
0.87 0 0 0 0
0.876667 0 0 0 0
0.883333 0 0 0 0
0.89 0 0 0 0
0.896667 0 0 0 0
0.903333 0 0 0 0
0.91 0 0 0 0
0.916667 0 0 0 0
0.923333 0 0 0 0
0.93 0 0 0 0
0.936667 0 0 0 0
0.943333 0 0 0 0
0.95 0 0 0 0
0.956667 0 0 0 0
0.963333 0 0 0 0
0.97 0 0 0 0
0.976667 0 0 0 0
0.983333 0 0 0 0
0.99 0 0 0 0
0.996667 0 0 0 0
1.00333 0 0 0 0
1.01 0 0 0 0
1.01667 0 0 0 0
1.02333 0 0 0 0
1.03 0 0 0 0
1.03667 0 0 0 0
1.04333 0 0 0 0
1.05 0 0 0 0
1.05667 0 0 0 0
1.06333 0 0 0 0
1.07 0 0 0 0
1.07667 0 0 0 0
1.08333 0 0 0 0
1.09 0 0 0 0
1.09667 0 0 0 0
1.10333 0 0 0 0
1.11 0 0 0 0
1.11667 0 0 0 0
1.12333 0 0 0 0
1.13 0 0 0 0
1.13667 0 0 0 0
1.14333 0 0 0 0
1.15 0 0 0 0
1.15667 0 0 0 0
1.16333 0 0 0 0
1.17 0 0 0 0
1.17667 0 0 0 0
1.18333 0 0 0 0
1.19 0 0 0 0
1.19667 0 0 0 0
1.20333 0 0 0 0
1.21 0 0 0 0
1.21667 0 0 0 0
1.22333 0 0 0 0
1.23 0 0 0 0
1.23667 0 0 0 0
1.24333 0 0 0 0
1.25 0 0 0 0
1.25667 0 0 0 0
1.26333 0 0 0 0
1.27 0 0 0 0
1.27667 0 0 0 0
1.28333 0 0 0 0
1.29 0 0 0 0
1.29667 0 0 0 0
1.30333 0 0 0 0
1.31 0 0 0 0
1.31667 0 0 0 0
1.32333 0 0 0 0
1.33 0 0 0 0
1.33667 0 0 0 0
1.34333 0 0 0 0
1.35 0 0 0 0
1.35667 0 0 0 0
1.36333 0 0 0 0
1.37 0 0 0 0
1.37667 0 0 0 0
1.38333 0 0 0 0
1.39 0 0 0 0
1.39667 0 0 0 0
1.40333 0 0 0 0
1.41 0 0 0 0
1.41667 0 0 0 0
1.42333 0 0 0 0
1.43 0 0 0 0
1.43667 0 0 0 0
1.44333 0 0 0 0
1.45 0 0 0 0
1.45667 0 0 0 0
1.46333 0 0 0 0
1.47 0 0 0 0
1.47667 0 0 0 0
1.48333 0 0 0 0
1.49 0 0 0 0
1.49667 0 0 0 0
1.50333 0 0 0 0
1.51 0 0 0 0
1.51667 0 0 0 0
1.52333 0 0 0 0
1.53 0 0 0 0
1.53667 0 0 0 0
1.54333 0 0 0 0
1.55 0 0 0 0
1.55667 0 0 0 0
1.56333 0 0 0 0
1.57 0 0 0 0
1.57667 0 0 0 0
1.58333 0 0 0 0
1.59 0 0 0 0
1.59667 0 0 0 0
1.60333 0 0 0 0
1.61 0 0 0 0
1.61667 0 0 0 0
1.62333 0 0 0 0
1.63 0 0 0 0
1.63667 0 0 0 0
1.64333 0 0 0 0
1.65 0 0 0 0
1.65667 0 0 0 0
1.66333 0 0 0 0
1.67 0 0 0 0
1.67667 0 0 0 0
1.68333 0 0 0 0
1.69 0 0 0 0
1.69667 0 0 0 0
1.70333 0 0 0 0
1.71 0 0 0 0
1.71667 0 0 0 0
1.72333 0 0 0 0
1.73 0 0 0 0
1.73667 0 0 0 0
1.74333 0 0 0 0
1.75 0 0 0 0
1.75667 0 0 0 0
1.76333 0 0 0 0
1.77 0 0 0 0
1.77667 0 0 0 0
1.78333 0 0 0 0
1.79 0 0 0 0
1.79667 0 0 0 0
1.80333 0 0 0 0
1.81 0 0 0 0
1.81667 0 0 0 0
1.82333 0 0 0 0
1.83 0 0 0 0
1.83667 0 0 0 0
1.84333 0 0 0 0
1.85 0 0 0 0
1.85667 0 0 0 0
1.86333 0 0 0 0
1.87 0 0 0 0
1.87667 0 0 0 0
1.88333 0 0 0 0
1.89 0 0 0 0
1.89667 0 0 0 0
1.90333 0 0 0 0
1.91 0 0 0 0
1.91667 0 0 0 0
1.92333 0 0 0 0
1.93 0 0 0 0
1.93667 0 0 0 0
1.94333 0 0 0 0
1.95 0 0 0 0
1.95667 0 0 0 0
1.96333 0 0 0 0
1.97 0 0 0 0
1.97667 0 0 0 0
1.98333 0 0 0 0
1.99 0 0 0 0
1.99667 0 0 0 0
