0.00333333 48 69 2 1
0.01 54 85 3 3
0.0166667 57 70 3 3
0.0233333 52 88 1 1
0.03 73 109 3 1
0.0366667 90 126 8 1
0.0433333 91 168 12 0
0.05 135 196 7 4
0.0566667 145 209 12 3
0.0633333 173 234 22 6
0.07 163 264 12 2
0.0766667 184 318 13 3
0.0833333 176 280 17 6
0.09 195 332 13 8
0.0966667 203 286 25 3
0.103333 218 293 11 2
0.11 187 293 8 3
0.116667 188 301 14 7
0.123333 171 289 12 3
0.13 165 276 11 5
0.136667 153 268 8 9
0.143333 184 238 7 4
0.15 145 243 16 4
0.156667 129 253 10 5
0.163333 156 243 6 5
0.17 144 222 11 3
0.176667 130 202 8 2
0.183333 143 247 10 2
0.19 123 247 14 1
0.196667 126 233 8 2
0.203333 120 255 13 5
0.21 140 209 8 3
0.216667 116 184 8 2
0.223333 109 180 8 4
0.23 117 172 14 2
0.236667 91 168 12 1
0.243333 104 172 5 3
0.25 96 161 6 1
0.256667 94 157 7 2
0.263333 92 138 7 5
0.27 90 161 7 2
0.276667 96 131 9 4
0.283333 80 140 4 2
0.29 81 130 10 1
0.296667 77 125 5 6
0.303333 75 112 4 4
0.31 74 121 9 6
0.316667 71 123 5 2
0.323333 77 108 6 2
0.33 61 106 6 3
0.336667 58 89 4 1
0.343333 76 78 2 2
0.35 51 110 5 2
0.356667 59 107 5 1
0.363333 58 101 7 3
0.37 53 75 9 2
0.376667 55 86 5 3
0.383333 43 76 5 1
0.39 41 94 6 0
0.396667 52 75 3 0
0.403333 60 85 7 0
0.41 55 90 8 1
0.416667 47 64 7 2
0.423333 49 81 7 1
0.43 50 77 3 0
0.436667 42 84 2 2
0.443333 55 72 3 2
0.45 41 82 3 1
0.456667 39 63 4 0
0.463333 56 91 7 3
0.47 57 80 6 1
0.476667 40 75 0 1
0.483333 30 53 3 2
0.49 33 40 6 1
0.496667 28 37 2 2
0.503333 31 43 4 3
0.51 30 48 4 1
0.516667 37 45 5 0
0.523333 31 41 4 0
0.53 28 35 1 1
0.536667 22 39 1 1
0.543333 28 33 7 0
0.55 23 33 5 1
0.556667 21 35 0 1
0.563333 18 36 2 2
0.57 28 33 6 1
0.576667 22 36 6 1
0.583333 19 41 3 1
0.59 22 30 4 1
0.596667 21 41 1 0
0.603333 20 49 5 3
0.61 27 32 2 1
0.616667 14 31 4 3
0.623333 21 24 6 1
0.63 25 29 6 1
0.636667 27 47 0 2
0.643333 24 34 9 0
0.65 20 41 1 1
0.656667 17 35 4 1
0.663333 1258 2430 89 20
0.67 0 0 0 0
0.676667 0 0 0 0
0.683333 0 0 0 0
0.69 0 0 0 0
0.696667 0 0 0 0
0.703333 0 0 0 0
0.71 0 0 0 0
0.716667 0 0 0 0
0.723333 0 0 0 0
0.73 0 0 0 0
0.736667 0 0 0 0
0.743333 0 0 0 0
0.75 0 0 0 0
0.756667 0 0 0 0
0.763333 0 0 0 0
0.77 0 0 0 0
0.776667 0 0 0 0
0.783333 0 0 0 0
0.79 0 0 0 0
0.796667 0 0 0 0
0.803333 0 0 0 0
0.81 0 0 0 0
0.816667 0 0 0 0
0.823333 0 0 0 0
0.83 0 0 0 0
0.836667 0 0 0 0
0.843333 0 0 0 0
0.85 0 0 0 0
0.856667 0 0 0 0
0.863333 0 0 0 0
0.87 0 0 0 0
0.876667 0 0 0 0
0.883333 0 0 0 0
0.89 0 0 0 0
0.896667 0 0 0 0
0.903333 0 0 0 0
0.91 0 0 0 0
0.916667 0 0 0 0
0.923333 0 0 0 0
0.93 0 0 0 0
0.936667 0 0 0 0
0.943333 0 0 0 0
0.95 0 0 0 0
0.956667 0 0 0 0
0.963333 0 0 0 0
0.97 0 0 0 0
0.976667 0 0 0 0
0.983333 0 0 0 0
0.99 0 0 0 0
0.996667 0 0 0 0
1.00333 0 0 0 0
1.01 0 0 0 0
1.01667 0 0 0 0
1.02333 0 0 0 0
1.03 0 0 0 0
1.03667 0 0 0 0
1.04333 0 0 0 0
1.05 0 0 0 0
1.05667 0 0 0 0
1.06333 0 0 0 0
1.07 0 0 0 0
1.07667 0 0 0 0
1.08333 0 0 0 0
1.09 0 0 0 0
1.09667 0 0 0 0
1.10333 0 0 0 0
1.11 0 0 0 0
1.11667 0 0 0 0
1.12333 0 0 0 0
1.13 0 0 0 0
1.13667 0 0 0 0
1.14333 0 0 0 0
1.15 0 0 0 0
1.15667 0 0 0 0
1.16333 0 0 0 0
1.17 0 0 0 0
1.17667 0 0 0 0
1.18333 0 0 0 0
1.19 0 0 0 0
1.19667 0 0 0 0
1.20333 0 0 0 0
1.21 0 0 0 0
1.21667 0 0 0 0
1.22333 0 0 0 0
1.23 0 0 0 0
1.23667 0 0 0 0
1.24333 0 0 0 0
1.25 0 0 0 0
1.25667 0 0 0 0
1.26333 0 0 0 0
1.27 0 0 0 0
1.27667 0 0 0 0
1.28333 0 0 0 0
1.29 0 0 0 0
1.29667 0 0 0 0
1.30333 0 0 0 0
1.31 0 0 0 0
1.31667 0 0 0 0
1.32333 0 0 0 0
1.33 0 0 0 0
1.33667 0 0 0 0
1.34333 0 0 0 0
1.35 0 0 0 0
1.35667 0 0 0 0
1.36333 0 0 0 0
1.37 0 0 0 0
1.37667 0 0 0 0
1.38333 0 0 0 0
1.39 0 0 0 0
1.39667 0 0 0 0
1.40333 0 0 0 0
1.41 0 0 0 0
1.41667 0 0 0 0
1.42333 0 0 0 0
1.43 0 0 0 0
1.43667 0 0 0 0
1.44333 0 0 0 0
1.45 0 0 0 0
1.45667 0 0 0 0
1.46333 0 0 0 0
1.47 0 0 0 0
1.47667 0 0 0 0
1.48333 0 0 0 0
1.49 0 0 0 0
1.49667 0 0 0 0
1.50333 0 0 0 0
1.51 0 0 0 0
1.51667 0 0 0 0
1.52333 0 0 0 0
1.53 0 0 0 0
1.53667 0 0 0 0
1.54333 0 0 0 0
1.55 0 0 0 0
1.55667 0 0 0 0
1.56333 0 0 0 0
1.57 0 0 0 0
1.57667 0 0 0 0
1.58333 0 0 0 0
1.59 0 0 0 0
1.59667 0 0 0 0
1.60333 0 0 0 0
1.61 0 0 0 0
1.61667 0 0 0 0
1.62333 0 0 0 0
1.63 0 0 0 0
1.63667 0 0 0 0
1.64333 0 0 0 0
1.65 0 0 0 0
1.65667 0 0 0 0
1.66333 0 0 0 0
1.67 0 0 0 0
1.67667 0 0 0 0
1.68333 0 0 0 0
1.69 0 0 0 0
1.69667 0 0 0 0
1.70333 0 0 0 0
1.71 0 0 0 0
1.71667 0 0 0 0
1.72333 0 0 0 0
1.73 0 0 0 0
1.73667 0 0 0 0
1.74333 0 0 0 0
1.75 0 0 0 0
1.75667 0 0 0 0
1.76333 0 0 0 0
1.77 0 0 0 0
1.77667 0 0 0 0
1.78333 0 0 0 0
1.79 0 0 0 0
1.79667 0 0 0 0
1.80333 0 0 0 0
1.81 0 0 0 0
1.81667 0 0 0 0
1.82333 0 0 0 0
1.83 0 0 0 0
1.83667 0 0 0 0
1.84333 0 0 0 0
1.85 0 0 0 0
1.85667 0 0 0 0
1.86333 0 0 0 0
1.87 0 0 0 0
1.87667 0 0 0 0
1.88333 0 0 0 0
1.89 0 0 0 0
1.89667 0 0 0 0
1.90333 0 0 0 0
1.91 0 0 0 0
1.91667 0 0 0 0
1.92333 0 0 0 0
1.93 0 0 0 0
1.93667 0 0 0 0
1.94333 0 0 0 0
1.95 0 0 0 0
1.95667 0 0 0 0
1.96333 0 0 0 0
1.97 0 0 0 0
1.97667 0 0 0 0
1.98333 0 0 0 0
1.99 0 0 0 0
1.99667 0 0 0 0
