0.00333333 12 68 6 7
0.01 9 76 16 6
0.0166667 18 83 24 1
0.0233333 12 93 18 2
0.03 21 93 14 9
0.0366667 17 97 24 3
0.0433333 31 136 36 6
0.05 32 171 44 15
0.0566667 39 167 47 17
0.0633333 56 215 47 12
0.07 49 233 58 18
0.0766667 38 216 58 17
0.0833333 57 252 56 18
0.09 41 219 52 23
0.0966667 54 232 61 19
0.103333 57 218 47 18
0.11 47 241 55 16
0.116667 61 307 47 11
0.123333 39 230 43 16
0.13 41 253 47 22
0.136667 36 225 47 12
0.143333 37 227 38 10
0.15 59 236 52 20
0.156667 40 211 35 10
0.163333 47 208 32 12
0.17 39 202 46 9
0.176667 26 202 49 8
0.183333 38 239 36 12
0.19 23 220 26 16
0.196667 35 248 34 15
0.203333 39 236 30 10
0.21 37 222 40 7
0.216667 34 184 27 9
0.223333 29 198 21 11
0.23 31 208 34 13
0.236667 30 191 19 12
0.243333 23 141 27 10
0.25 30 153 24 2
0.256667 32 133 23 5
0.263333 23 162 28 9
0.27 23 147 30 5
0.276667 23 127 25 4
0.283333 19 117 20 8
0.29 28 116 21 12
0.296667 23 120 16 6
0.303333 15 106 19 16
0.31 18 99 26 9
0.316667 20 105 10 9
0.323333 19 114 13 5
0.33 25 107 19 9
0.336667 16 97 16 7
0.343333 13 99 10 6
0.35 16 85 23 8
0.356667 18 88 16 5
0.363333 19 93 24 3
0.37 16 80 13 5
0.376667 19 98 16 6
0.383333 14 86 14 6
0.39 15 89 17 4
0.396667 18 71 18 4
0.403333 13 103 21 8
0.41 9 65 15 13
0.416667 16 70 18 8
0.423333 17 82 12 4
0.43 19 91 12 4
0.436667 21 83 16 9
0.443333 15 71 9 9
0.45 12 99 14 6
0.456667 13 88 11 7
0.463333 14 79 14 4
0.47 12 74 19 0
0.476667 12 60 16 5
0.483333 12 37 6 2
0.49 11 46 13 2
0.496667 12 55 11 7
0.503333 7 52 16 5
0.51 9 51 10 1
0.516667 6 45 6 3
0.523333 13 29 8 2
0.53 8 44 6 2
0.536667 11 42 7 6
0.543333 11 33 8 4
0.55 8 35 10 3
0.556667 6 44 9 3
0.563333 12 33 8 3
0.57 6 38 7 6
0.576667 9 34 11 6
0.583333 9 29 14 2
0.59 6 33 9 3
0.596667 3 31 6 3
0.603333 8 36 13 7
0.61 11 23 8 5
0.616667 7 26 3 2
0.623333 11 25 7 1
0.63 8 34 4 5
0.636667 10 30 7 9
0.643333 7 22 5 4
0.65 10 35 6 5
0.656667 4 29 8 3
0.663333 365 2919 241 111
0.67 0 0 0 0
0.676667 0 0 0 0
0.683333 0 0 0 0
0.69 0 0 0 0
0.696667 0 0 0 0
0.703333 0 0 0 0
0.71 0 0 0 0
0.716667 0 0 0 0
0.723333 0 0 0 0
0.73 0 0 0 0
0.736667 0 0 0 0
0.743333 0 0 0 0
0.75 0 0 0 0
0.756667 0 0 0 0
0.763333 0 0 0 0
0.77 0 0 0 0
0.776667 0 0 0 0
0.783333 0 0 0 0
0.79 0 0 0 0
0.796667 0 0 0 0
0.803333 0 0 0 0
0.81 0 0 0 0
0.816667 0 0 0 0
0.823333 0 0 0 0
0.83 0 0 0 0
0.836667 0 0 0 0
0.843333 0 0 0 0
0.85 0 0 0 0
0.856667 0 0 0 0
0.863333 0 0 0 0
0.87 0 0 0 0
0.876667 0 0 0 0
0.883333 0 0 0 0
0.89 0 0 0 0
0.896667 0 0 0 0
0.903333 0 0 0 0
0.91 0 0 0 0
0.916667 0 0 0 0
0.923333 0 0 0 0
0.93 0 0 0 0
0.936667 0 0 0 0
0.943333 0 0 0 0
0.95 0 0 0 0
0.956667 0 0 0 0
0.963333 0 0 0 0
0.97 0 0 0 0
0.976667 0 0 0 0
0.983333 0 0 0 0
0.99 0 0 0 0
0.996667 0 0 0 0
1.00333 0 0 0 0
1.01 0 0 0 0
1.01667 0 0 0 0
1.02333 0 0 0 0
1.03 0 0 0 0
1.03667 0 0 0 0
1.04333 0 0 0 0
1.05 0 0 0 0
1.05667 0 0 0 0
1.06333 0 0 0 0
1.07 0 0 0 0
1.07667 0 0 0 0
1.08333 0 0 0 0
1.09 0 0 0 0
1.09667 0 0 0 0
1.10333 0 0 0 0
1.11 0 0 0 0
1.11667 0 0 0 0
1.12333 0 0 0 0
1.13 0 0 0 0
1.13667 0 0 0 0
1.14333 0 0 0 0
1.15 0 0 0 0
1.15667 0 0 0 0
1.16333 0 0 0 0
1.17 0 0 0 0
1.17667 0 0 0 0
1.18333 0 0 0 0
1.19 0 0 0 0
1.19667 0 0 0 0
1.20333 0 0 0 0
1.21 0 0 0 0
1.21667 0 0 0 0
1.22333 0 0 0 0
1.23 0 0 0 0
1.23667 0 0 0 0
1.24333 0 0 0 0
1.25 0 0 0 0
1.25667 0 0 0 0
1.26333 0 0 0 0
1.27 0 0 0 0
1.27667 0 0 0 0
1.28333 0 0 0 0
1.29 0 0 0 0
1.29667 0 0 0 0
1.30333 0 0 0 0
1.31 0 0 0 0
1.31667 0 0 0 0
1.32333 0 0 0 0
1.33 0 0 0 0
1.33667 0 0 0 0
1.34333 0 0 0 0
1.35 0 0 0 0
1.35667 0 0 0 0
1.36333 0 0 0 0
1.37 0 0 0 0
1.37667 0 0 0 0
1.38333 0 0 0 0
1.39 0 0 0 0
1.39667 0 0 0 0
1.40333 0 0 0 0
1.41 0 0 0 0
1.41667 0 0 0 0
1.42333 0 0 0 0
1.43 0 0 0 0
1.43667 0 0 0 0
1.44333 0 0 0 0
1.45 0 0 0 0
1.45667 0 0 0 0
1.46333 0 0 0 0
1.47 0 0 0 0
1.47667 0 0 0 0
1.48333 0 0 0 0
1.49 0 0 0 0
1.49667 0 0 0 0
1.50333 0 0 0 0
1.51 0 0 0 0
1.51667 0 0 0 0
1.52333 0 0 0 0
1.53 0 0 0 0
1.53667 0 0 0 0
1.54333 0 0 0 0
1.55 0 0 0 0
1.55667 0 0 0 0
1.56333 0 0 0 0
1.57 0 0 0 0
1.57667 0 0 0 0
1.58333 0 0 0 0
1.59 0 0 0 0
1.59667 0 0 0 0
1.60333 0 0 0 0
1.61 0 0 0 0
1.61667 0 0 0 0
1.62333 0 0 0 0
1.63 0 0 0 0
1.63667 0 0 0 0
1.64333 0 0 0 0
1.65 0 0 0 0
1.65667 0 0 0 0
1.66333 0 0 0 0
1.67 0 0 0 0
1.67667 0 0 0 0
1.68333 0 0 0 0
1.69 0 0 0 0
1.69667 0 0 0 0
1.70333 0 0 0 0
1.71 0 0 0 0
1.71667 0 0 0 0
1.72333 0 0 0 0
1.73 0 0 0 0
1.73667 0 0 0 0
1.74333 0 0 0 0
1.75 0 0 0 0
1.75667 0 0 0 0
1.76333 0 0 0 0
1.77 0 0 0 0
1.77667 0 0 0 0
1.78333 0 0 0 0
1.79 0 0 0 0
1.79667 0 0 0 0
1.80333 0 0 0 0
1.81 0 0 0 0
1.81667 0 0 0 0
1.82333 0 0 0 0
1.83 0 0 0 0
1.83667 0 0 0 0
1.84333 0 0 0 0
1.85 0 0 0 0
1.85667 0 0 0 0
1.86333 0 0 0 0
1.87 0 0 0 0
1.87667 0 0 0 0
1.88333 0 0 0 0
1.89 0 0 0 0
1.89667 0 0 0 0
1.90333 0 0 0 0
1.91 0 0 0 0
1.91667 0 0 0 0
1.92333 0 0 0 0
1.93 0 0 0 0
1.93667 0 0 0 0
1.94333 0 0 0 0
1.95 0 0 0 0
1.95667 0 0 0 0
1.96333 0 0 0 0
1.97 0 0 0 0
1.97667 0 0 0 0
1.98333 0 0 0 0
1.99 0 0 0 0
1.99667 0 0 0 0
