0.00333333 7 20 33 7
0.01 9 24 41 10
0.0166667 10 28 39 2
0.0233333 8 32 46 8
0.03 8 35 46 6
0.0366667 8 47 56 14
0.0433333 12 59 64 8
0.05 16 70 89 17
0.0566667 19 69 99 19
0.0633333 21 83 101 24
0.07 22 86 103 26
0.0766667 32 89 110 27
0.0833333 23 103 116 18
0.09 17 79 119 25
0.0966667 21 86 98 27
0.103333 30 82 126 18
0.11 23 78 98 21
0.116667 24 91 120 27
0.123333 14 92 107 11
0.13 18 80 112 16
0.136667 21 74 122 10
0.143333 17 71 100 15
0.15 14 73 81 18
0.156667 20 70 87 10
0.163333 18 53 82 14
0.17 22 54 89 21
0.176667 13 59 102 18
0.183333 20 59 76 15
0.19 19 58 85 21
0.196667 17 54 74 16
0.203333 19 54 86 8
0.21 11 48 76 5
0.216667 9 53 62 17
0.223333 13 67 87 19
0.23 14 48 55 12
0.236667 13 51 67 8
0.243333 14 36 60 11
0.25 14 52 70 12
0.256667 6 35 57 7
0.263333 8 25 50 12
0.27 10 43 50 10
0.276667 10 46 54 8
0.283333 10 33 51 6
0.29 15 25 53 7
0.296667 8 34 44 8
0.303333 8 32 51 12
0.31 12 41 56 6
0.316667 9 36 50 9
0.323333 7 34 65 13
0.33 12 23 36 5
0.336667 11 35 48 14
0.343333 6 28 38 14
0.35 4 24 38 6
0.356667 6 21 39 9
0.363333 6 27 36 9
0.37 12 23 29 8
0.376667 6 19 44 6
0.383333 14 32 29 9
0.39 12 26 37 9
0.396667 13 21 22 7
0.403333 6 30 39 6
0.41 9 18 42 6
0.416667 12 29 33 8
0.423333 9 15 40 6
0.43 6 21 37 6
0.436667 5 24 36 9
0.443333 8 23 36 1
0.45 3 26 28 3
0.456667 6 21 40 4
0.463333 6 11 35 5
0.47 6 22 39 2
0.476667 7 11 29 5
0.483333 10 11 18 4
0.49 4 15 33 2
0.496667 3 9 20 6
0.503333 4 7 27 5
0.51 3 13 16 1
0.516667 4 11 17 5
0.523333 1 7 22 1
0.53 6 9 19 3
0.536667 2 11 22 2
0.543333 4 12 16 6
0.55 4 11 17 4
0.556667 4 8 23 5
0.563333 3 15 21 9
0.57 3 9 18 5
0.576667 7 11 19 5
0.583333 2 11 14 6
0.59 5 8 11 3
0.596667 6 9 22 3
0.603333 1 13 15 3
0.61 3 10 15 5
0.616667 3 12 21 4
0.623333 4 7 15 1
0.63 3 9 14 6
0.636667 6 10 21 5
0.643333 5 9 18 3
0.65 4 11 13 6
0.656667 3 9 15 5
0.663333 112 359 815 76
0.67 0 0 0 0
0.676667 0 0 0 0
0.683333 0 0 0 0
0.69 0 0 0 0
0.696667 0 0 0 0
0.703333 0 0 0 0
0.71 0 0 0 0
0.716667 0 0 0 0
0.723333 0 0 0 0
0.73 0 0 0 0
0.736667 0 0 0 0
0.743333 0 0 0 0
0.75 0 0 0 0
0.756667 0 0 0 0
0.763333 0 0 0 0
0.77 0 0 0 0
0.776667 0 0 0 0
0.783333 0 0 0 0
0.79 0 0 0 0
0.796667 0 0 0 0
0.803333 0 0 0 0
0.81 0 0 0 0
0.816667 0 0 0 0
0.823333 0 0 0 0
0.83 0 0 0 0
0.836667 0 0 0 0
0.843333 0 0 0 0
0.85 0 0 0 0
0.856667 0 0 0 0
0.863333 0 0 0 0
0.87 0 0 0 0
0.876667 0 0 0 0
0.883333 0 0 0 0
0.89 0 0 0 0
0.896667 0 0 0 0
0.903333 0 0 0 0
0.91 0 0 0 0
0.916667 0 0 0 0
0.923333 0 0 0 0
0.93 0 0 0 0
0.936667 0 0 0 0
0.943333 0 0 0 0
0.95 0 0 0 0
0.956667 0 0 0 0
0.963333 0 0 0 0
0.97 0 0 0 0
0.976667 0 0 0 0
0.983333 0 0 0 0
0.99 0 0 0 0
0.996667 0 0 0 0
1.00333 0 0 0 0
1.01 0 0 0 0
1.01667 0 0 0 0
1.02333 0 0 0 0
1.03 0 0 0 0
1.03667 0 0 0 0
1.04333 0 0 0 0
1.05 0 0 0 0
1.05667 0 0 0 0
1.06333 0 0 0 0
1.07 0 0 0 0
1.07667 0 0 0 0
1.08333 0 0 0 0
1.09 0 0 0 0
1.09667 0 0 0 0
1.10333 0 0 0 0
1.11 0 0 0 0
1.11667 0 0 0 0
1.12333 0 0 0 0
1.13 0 0 0 0
1.13667 0 0 0 0
1.14333 0 0 0 0
1.15 0 0 0 0
1.15667 0 0 0 0
1.16333 0 0 0 0
1.17 0 0 0 0
1.17667 0 0 0 0
1.18333 0 0 0 0
1.19 0 0 0 0
1.19667 0 0 0 0
1.20333 0 0 0 0
1.21 0 0 0 0
1.21667 0 0 0 0
1.22333 0 0 0 0
1.23 0 0 0 0
1.23667 0 0 0 0
1.24333 0 0 0 0
1.25 0 0 0 0
1.25667 0 0 0 0
1.26333 0 0 0 0
1.27 0 0 0 0
1.27667 0 0 0 0
1.28333 0 0 0 0
1.29 0 0 0 0
1.29667 0 0 0 0
1.30333 0 0 0 0
1.31 0 0 0 0
1.31667 0 0 0 0
1.32333 0 0 0 0
1.33 0 0 0 0
1.33667 0 0 0 0
1.34333 0 0 0 0
1.35 0 0 0 0
1.35667 0 0 0 0
1.36333 0 0 0 0
1.37 0 0 0 0
1.37667 0 0 0 0
1.38333 0 0 0 0
1.39 0 0 0 0
1.39667 0 0 0 0
1.40333 0 0 0 0
1.41 0 0 0 0
1.41667 0 0 0 0
1.42333 0 0 0 0
1.43 0 0 0 0
1.43667 0 0 0 0
1.44333 0 0 0 0
1.45 0 0 0 0
1.45667 0 0 0 0
1.46333 0 0 0 0
1.47 0 0 0 0
1.47667 0 0 0 0
1.48333 0 0 0 0
1.49 0 0 0 0
1.49667 0 0 0 0
1.50333 0 0 0 0
1.51 0 0 0 0
1.51667 0 0 0 0
1.52333 0 0 0 0
1.53 0 0 0 0
1.53667 0 0 0 0
1.54333 0 0 0 0
1.55 0 0 0 0
1.55667 0 0 0 0
1.56333 0 0 0 0
1.57 0 0 0 0
1.57667 0 0 0 0
1.58333 0 0 0 0
1.59 0 0 0 0
1.59667 0 0 0 0
1.60333 0 0 0 0
1.61 0 0 0 0
1.61667 0 0 0 0
1.62333 0 0 0 0
1.63 0 0 0 0
1.63667 0 0 0 0
1.64333 0 0 0 0
1.65 0 0 0 0
1.65667 0 0 0 0
1.66333 0 0 0 0
1.67 0 0 0 0
1.67667 0 0 0 0
1.68333 0 0 0 0
1.69 0 0 0 0
1.69667 0 0 0 0
1.70333 0 0 0 0
1.71 0 0 0 0
1.71667 0 0 0 0
1.72333 0 0 0 0
1.73 0 0 0 0
1.73667 0 0 0 0
1.74333 0 0 0 0
1.75 0 0 0 0
1.75667 0 0 0 0
1.76333 0 0 0 0
1.77 0 0 0 0
1.77667 0 0 0 0
1.78333 0 0 0 0
1.79 0 0 0 0
1.79667 0 0 0 0
1.80333 0 0 0 0
1.81 0 0 0 0
1.81667 0 0 0 0
1.82333 0 0 0 0
1.83 0 0 0 0
1.83667 0 0 0 0
1.84333 0 0 0 0
1.85 0 0 0 0
1.85667 0 0 0 0
1.86333 0 0 0 0
1.87 0 0 0 0
1.87667 0 0 0 0
1.88333 0 0 0 0
1.89 0 0 0 0
1.89667 0 0 0 0
1.90333 0 0 0 0
1.91 0 0 0 0
1.91667 0 0 0 0
1.92333 0 0 0 0
1.93 0 0 0 0
1.93667 0 0 0 0
1.94333 0 0 0 0
1.95 0 0 0 0
1.95667 0 0 0 0
1.96333 0 0 0 0
1.97 0 0 0 0
1.97667 0 0 0 0
1.98333 0 0 0 0
1.99 0 0 0 0
1.99667 0 0 0 0
