0.00333333 3 18 41 9
0.01 11 16 26 18
0.0166667 7 22 37 14
0.0233333 5 28 45 17
0.03 7 29 49 15
0.0366667 14 42 60 27
0.0433333 13 45 89 25
0.05 8 50 100 29
0.0566667 30 67 127 41
0.0633333 26 81 136 44
0.07 17 94 158 53
0.0766667 23 76 141 44
0.0833333 20 74 164 46
0.09 18 53 155 54
0.0966667 11 80 140 55
0.103333 18 91 136 42
0.11 19 72 132 47
0.116667 24 69 165 45
0.123333 17 60 141 39
0.13 23 64 104 41
0.136667 14 62 117 48
0.143333 21 53 100 37
0.15 15 68 134 45
0.156667 11 66 99 44
0.163333 17 53 100 41
0.17 21 44 104 40
0.176667 19 57 95 43
0.183333 12 64 82 40
0.19 15 57 110 39
0.196667 16 64 91 34
0.203333 12 66 88 40
0.21 8 55 81 31
0.216667 12 52 99 31
0.223333 11 44 75 30
0.23 14 43 89 36
0.236667 13 33 70 29
0.243333 11 44 72 26
0.25 16 40 66 28
0.256667 13 43 64 29
0.263333 9 38 48 26
0.27 3 34 63 26
0.276667 12 35 63 18
0.283333 13 28 59 18
0.29 8 44 57 12
0.296667 10 37 59 25
0.303333 12 31 55 32
0.31 11 26 44 24
0.316667 9 36 48 22
0.323333 13 28 46 18
0.33 3 25 53 24
0.336667 8 32 46 25
0.343333 10 17 39 17
0.35 5 20 39 20
0.356667 7 24 35 17
0.363333 5 25 32 17
0.37 7 26 40 25
0.376667 5 26 44 18
0.383333 9 27 33 14
0.39 4 18 38 18
0.396667 9 15 45 17
0.403333 4 20 38 20
0.41 2 17 45 11
0.416667 9 21 37 17
0.423333 6 15 34 10
0.43 6 13 35 20
0.436667 6 15 33 12
0.443333 3 18 31 18
0.45 5 23 46 9
0.456667 6 12 25 17
0.463333 11 22 25 16
0.47 10 30 36 20
0.476667 2 17 34 11
0.483333 9 12 33 11
0.49 2 13 33 9
0.496667 3 12 24 8
0.503333 6 11 23 6
0.51 5 14 20 13
0.516667 2 18 17 13
0.523333 5 18 34 12
0.53 6 13 21 2
0.536667 6 14 17 9
0.543333 6 10 16 9
0.55 1 19 23 3
0.556667 4 14 17 6
0.563333 2 13 22 11
0.57 3 17 12 4
0.576667 8 13 23 11
0.583333 5 9 18 12
0.59 8 14 14 5
0.596667 3 8 21 8
0.603333 4 14 11 6
0.61 2 9 11 11
0.616667 6 9 23 9
0.623333 6 10 14 10
0.63 4 11 13 5
0.636667 2 14 17 4
0.643333 1 7 19 4
0.65 3 10 15 6
0.656667 5 11 14 11
0.663333 107 481 738 309
0.67 0 0 0 0
0.676667 0 0 0 0
0.683333 0 0 0 0
0.69 0 0 0 0
0.696667 0 0 0 0
0.703333 0 0 0 0
0.71 0 0 0 0
0.716667 0 0 0 0
0.723333 0 0 0 0
0.73 0 0 0 0
0.736667 0 0 0 0
0.743333 0 0 0 0
0.75 0 0 0 0
0.756667 0 0 0 0
0.763333 0 0 0 0
0.77 0 0 0 0
0.776667 0 0 0 0
0.783333 0 0 0 0
0.79 0 0 0 0
0.796667 0 0 0 0
0.803333 0 0 0 0
0.81 0 0 0 0
0.816667 0 0 0 0
0.823333 0 0 0 0
0.83 0 0 0 0
0.836667 0 0 0 0
0.843333 0 0 0 0
0.85 0 0 0 0
0.856667 0 0 0 0
0.863333 0 0 0 0
0.87 0 0 0 0
0.876667 0 0 0 0
0.883333 0 0 0 0
0.89 0 0 0 0
0.896667 0 0 0 0
0.903333 0 0 0 0
0.91 0 0 0 0
0.916667 0 0 0 0
0.923333 0 0 0 0
0.93 0 0 0 0
0.936667 0 0 0 0
0.943333 0 0 0 0
0.95 0 0 0 0
0.956667 0 0 0 0
0.963333 0 0 0 0
0.97 0 0 0 0
0.976667 0 0 0 0
0.983333 0 0 0 0
0.99 0 0 0 0
0.996667 0 0 0 0
1.00333 0 0 0 0
1.01 0 0 0 0
1.01667 0 0 0 0
1.02333 0 0 0 0
1.03 0 0 0 0
1.03667 0 0 0 0
1.04333 0 0 0 0
1.05 0 0 0 0
1.05667 0 0 0 0
1.06333 0 0 0 0
1.07 0 0 0 0
1.07667 0 0 0 0
1.08333 0 0 0 0
1.09 0 0 0 0
1.09667 0 0 0 0
1.10333 0 0 0 0
1.11 0 0 0 0
1.11667 0 0 0 0
1.12333 0 0 0 0
1.13 0 0 0 0
1.13667 0 0 0 0
1.14333 0 0 0 0
1.15 0 0 0 0
1.15667 0 0 0 0
1.16333 0 0 0 0
1.17 0 0 0 0
1.17667 0 0 0 0
1.18333 0 0 0 0
1.19 0 0 0 0
1.19667 0 0 0 0
1.20333 0 0 0 0
1.21 0 0 0 0
1.21667 0 0 0 0
1.22333 0 0 0 0
1.23 0 0 0 0
1.23667 0 0 0 0
1.24333 0 0 0 0
1.25 0 0 0 0
1.25667 0 0 0 0
1.26333 0 0 0 0
1.27 0 0 0 0
1.27667 0 0 0 0
1.28333 0 0 0 0
1.29 0 0 0 0
1.29667 0 0 0 0
1.30333 0 0 0 0
1.31 0 0 0 0
1.31667 0 0 0 0
1.32333 0 0 0 0
1.33 0 0 0 0
1.33667 0 0 0 0
1.34333 0 0 0 0
1.35 0 0 0 0
1.35667 0 0 0 0
1.36333 0 0 0 0
1.37 0 0 0 0
1.37667 0 0 0 0
1.38333 0 0 0 0
1.39 0 0 0 0
1.39667 0 0 0 0
1.40333 0 0 0 0
1.41 0 0 0 0
1.41667 0 0 0 0
1.42333 0 0 0 0
1.43 0 0 0 0
1.43667 0 0 0 0
1.44333 0 0 0 0
1.45 0 0 0 0
1.45667 0 0 0 0
1.46333 0 0 0 0
1.47 0 0 0 0
1.47667 0 0 0 0
1.48333 0 0 0 0
1.49 0 0 0 0
1.49667 0 0 0 0
1.50333 0 0 0 0
1.51 0 0 0 0
1.51667 0 0 0 0
1.52333 0 0 0 0
1.53 0 0 0 0
1.53667 0 0 0 0
1.54333 0 0 0 0
1.55 0 0 0 0
1.55667 0 0 0 0
1.56333 0 0 0 0
1.57 0 0 0 0
1.57667 0 0 0 0
1.58333 0 0 0 0
1.59 0 0 0 0
1.59667 0 0 0 0
1.60333 0 0 0 0
1.61 0 0 0 0
1.61667 0 0 0 0
1.62333 0 0 0 0
1.63 0 0 0 0
1.63667 0 0 0 0
1.64333 0 0 0 0
1.65 0 0 0 0
1.65667 0 0 0 0
1.66333 0 0 0 0
1.67 0 0 0 0
1.67667 0 0 0 0
1.68333 0 0 0 0
1.69 0 0 0 0
1.69667 0 0 0 0
1.70333 0 0 0 0
1.71 0 0 0 0
1.71667 0 0 0 0
1.72333 0 0 0 0
1.73 0 0 0 0
1.73667 0 0 0 0
1.74333 0 0 0 0
1.75 0 0 0 0
1.75667 0 0 0 0
1.76333 0 0 0 0
1.77 0 0 0 0
1.77667 0 0 0 0
1.78333 0 0 0 0
1.79 0 0 0 0
1.79667 0 0 0 0
1.80333 0 0 0 0
1.81 0 0 0 0
1.81667 0 0 0 0
1.82333 0 0 0 0
1.83 0 0 0 0
1.83667 0 0 0 0
1.84333 0 0 0 0
1.85 0 0 0 0
1.85667 0 0 0 0
1.86333 0 0 0 0
1.87 0 0 0 0
1.87667 0 0 0 0
1.88333 0 0 0 0
1.89 0 0 0 0
1.89667 0 0 0 0
1.90333 0 0 0 0
1.91 0 0 0 0
1.91667 0 0 0 0
1.92333 0 0 0 0
1.93 0 0 0 0
1.93667 0 0 0 0
1.94333 0 0 0 0
1.95 0 0 0 0
1.95667 0 0 0 0
1.96333 0 0 0 0
1.97 0 0 0 0
1.97667 0 0 0 0
1.98333 0 0 0 0
1.99 0 0 0 0
1.99667 0 0 0 0
