0.00333333 1 6 96 5
0.01 2 21 75 12
0.0166667 3 15 91 14
0.0233333 2 25 121 16
0.03 3 15 128 14
0.0366667 0 21 152 18
0.0433333 2 31 191 35
0.05 5 25 195 57
0.0566667 7 25 215 35
0.0633333 3 41 284 32
0.07 6 47 269 50
0.0766667 6 46 290 65
0.0833333 7 33 280 52
0.09 4 44 280 44
0.0966667 10 36 289 60
0.103333 6 37 292 54
0.11 3 42 310 47
0.116667 1 39 320 54
0.123333 6 46 295 59
0.13 5 44 310 49
0.136667 4 50 292 37
0.143333 2 43 273 45
0.15 6 49 292 23
0.156667 2 43 294 35
0.163333 3 32 292 22
0.17 1 33 277 34
0.176667 2 35 274 24
0.183333 5 35 305 36
0.19 3 36 323 31
0.196667 1 51 364 37
0.203333 1 34 321 26
0.21 4 41 262 21
0.216667 2 31 271 24
0.223333 3 32 272 26
0.23 1 24 280 26
0.236667 1 30 278 24
0.243333 4 35 233 23
0.25 3 23 231 25
0.256667 0 33 195 18
0.263333 3 22 187 29
0.27 3 20 178 30
0.276667 3 25 160 17
0.283333 2 26 169 22
0.29 4 18 177 23
0.296667 0 19 159 17
0.303333 2 16 166 27
0.31 1 28 153 15
0.316667 2 22 146 14
0.323333 2 26 142 21
0.33 4 22 133 16
0.336667 4 22 119 12
0.343333 1 14 161 17
0.35 0 20 142 18
0.356667 4 18 124 13
0.363333 3 26 113 17
0.37 6 20 108 14
0.376667 3 18 117 15
0.383333 1 21 104 22
0.39 1 20 131 17
0.396667 1 19 106 19
0.403333 0 16 103 17
0.41 1 16 125 16
0.416667 1 11 105 13
0.423333 0 10 120 18
0.43 0 18 104 11
0.436667 2 17 111 15
0.443333 1 21 115 9
0.45 2 17 111 9
0.456667 1 16 126 10
0.463333 1 14 102 15
0.47 4 13 123 11
0.476667 2 11 106 12
0.483333 1 10 60 13
0.49 4 18 69 10
0.496667 3 13 73 13
0.503333 2 10 63 15
0.51 1 14 61 8
0.516667 0 9 49 8
0.523333 0 14 44 11
0.53 0 5 51 12
0.536667 0 7 40 9
0.543333 0 8 58 8
0.55 1 8 59 10
0.556667 3 5 44 11
0.563333 3 7 49 8
0.57 2 8 50 7
0.576667 1 10 41 14
0.583333 2 10 55 7
0.59 1 2 48 7
0.596667 1 7 41 9
0.603333 2 5 37 10
0.61 2 10 38 6
0.616667 4 14 33 6
0.623333 3 4 44 4
0.63 2 10 39 6
0.636667 0 12 46 8
0.643333 2 5 43 9
0.65 1 6 41 7
0.656667 0 4 39 5
0.663333 19 510 4460 213
0.67 0 0 0 0
0.676667 0 0 0 0
0.683333 0 0 0 0
0.69 0 0 0 0
0.696667 0 0 0 0
0.703333 0 0 0 0
0.71 0 0 0 0
0.716667 0 0 0 0
0.723333 0 0 0 0
0.73 0 0 0 0
0.736667 0 0 0 0
0.743333 0 0 0 0
0.75 0 0 0 0
0.756667 0 0 0 0
0.763333 0 0 0 0
0.77 0 0 0 0
0.776667 0 0 0 0
0.783333 0 0 0 0
0.79 0 0 0 0
0.796667 0 0 0 0
0.803333 0 0 0 0
0.81 0 0 0 0
0.816667 0 0 0 0
0.823333 0 0 0 0
0.83 0 0 0 0
0.836667 0 0 0 0
0.843333 0 0 0 0
0.85 0 0 0 0
0.856667 0 0 0 0
0.863333 0 0 0 0
0.87 0 0 0 0
0.876667 0 0 0 0
0.883333 0 0 0 0
0.89 0 0 0 0
0.896667 0 0 0 0
0.903333 0 0 0 0
0.91 0 0 0 0
0.916667 0 0 0 0
0.923333 0 0 0 0
0.93 0 0 0 0
0.936667 0 0 0 0
0.943333 0 0 0 0
0.95 0 0 0 0
0.956667 0 0 0 0
0.963333 0 0 0 0
0.97 0 0 0 0
0.976667 0 0 0 0
0.983333 0 0 0 0
0.99 0 0 0 0
0.996667 0 0 0 0
1.00333 0 0 0 0
1.01 0 0 0 0
1.01667 0 0 0 0
1.02333 0 0 0 0
1.03 0 0 0 0
1.03667 0 0 0 0
1.04333 0 0 0 0
1.05 0 0 0 0
1.05667 0 0 0 0
1.06333 0 0 0 0
1.07 0 0 0 0
1.07667 0 0 0 0
1.08333 0 0 0 0
1.09 0 0 0 0
1.09667 0 0 0 0
1.10333 0 0 0 0
1.11 0 0 0 0
1.11667 0 0 0 0
1.12333 0 0 0 0
1.13 0 0 0 0
1.13667 0 0 0 0
1.14333 0 0 0 0
1.15 0 0 0 0
1.15667 0 0 0 0
1.16333 0 0 0 0
1.17 0 0 0 0
1.17667 0 0 0 0
1.18333 0 0 0 0
1.19 0 0 0 0
1.19667 0 0 0 0
1.20333 0 0 0 0
1.21 0 0 0 0
1.21667 0 0 0 0
1.22333 0 0 0 0
1.23 0 0 0 0
1.23667 0 0 0 0
1.24333 0 0 0 0
1.25 0 0 0 0
1.25667 0 0 0 0
1.26333 0 0 0 0
1.27 0 0 0 0
1.27667 0 0 0 0
1.28333 0 0 0 0
1.29 0 0 0 0
1.29667 0 0 0 0
1.30333 0 0 0 0
1.31 0 0 0 0
1.31667 0 0 0 0
1.32333 0 0 0 0
1.33 0 0 0 0
1.33667 0 0 0 0
1.34333 0 0 0 0
1.35 0 0 0 0
1.35667 0 0 0 0
1.36333 0 0 0 0
1.37 0 0 0 0
1.37667 0 0 0 0
1.38333 0 0 0 0
1.39 0 0 0 0
1.39667 0 0 0 0
1.40333 0 0 0 0
1.41 0 0 0 0
1.41667 0 0 0 0
1.42333 0 0 0 0
1.43 0 0 0 0
1.43667 0 0 0 0
1.44333 0 0 0 0
1.45 0 0 0 0
1.45667 0 0 0 0
1.46333 0 0 0 0
1.47 0 0 0 0
1.47667 0 0 0 0
1.48333 0 0 0 0
1.49 0 0 0 0
1.49667 0 0 0 0
1.50333 0 0 0 0
1.51 0 0 0 0
1.51667 0 0 0 0
1.52333 0 0 0 0
1.53 0 0 0 0
1.53667 0 0 0 0
1.54333 0 0 0 0
1.55 0 0 0 0
1.55667 0 0 0 0
1.56333 0 0 0 0
1.57 0 0 0 0
1.57667 0 0 0 0
1.58333 0 0 0 0
1.59 0 0 0 0
1.59667 0 0 0 0
1.60333 0 0 0 0
1.61 0 0 0 0
1.61667 0 0 0 0
1.62333 0 0 0 0
1.63 0 0 0 0
1.63667 0 0 0 0
1.64333 0 0 0 0
1.65 0 0 0 0
1.65667 0 0 0 0
1.66333 0 0 0 0
1.67 0 0 0 0
1.67667 0 0 0 0
1.68333 0 0 0 0
1.69 0 0 0 0
1.69667 0 0 0 0
1.70333 0 0 0 0
1.71 0 0 0 0
1.71667 0 0 0 0
1.72333 0 0 0 0
1.73 0 0 0 0
1.73667 0 0 0 0
1.74333 0 0 0 0
1.75 0 0 0 0
1.75667 0 0 0 0
1.76333 0 0 0 0
1.77 0 0 0 0
1.77667 0 0 0 0
1.78333 0 0 0 0
1.79 0 0 0 0
1.79667 0 0 0 0
1.80333 0 0 0 0
1.81 0 0 0 0
1.81667 0 0 0 0
1.82333 0 0 0 0
1.83 0 0 0 0
1.83667 0 0 0 0
1.84333 0 0 0 0
1.85 0 0 0 0
1.85667 0 0 0 0
1.86333 0 0 0 0
1.87 0 0 0 0
1.87667 0 0 0 0
1.88333 0 0 0 0
1.89 0 0 0 0
1.89667 0 0 0 0
1.90333 0 0 0 0
1.91 0 0 0 0
1.91667 0 0 0 0
1.92333 0 0 0 0
1.93 0 0 0 0
1.93667 0 0 0 0
1.94333 0 0 0 0
1.95 0 0 0 0
1.95667 0 0 0 0
1.96333 0 0 0 0
1.97 0 0 0 0
1.97667 0 0 0 0
1.98333 0 0 0 0
1.99 0 0 0 0
1.99667 0 0 0 0
