0.00333333 15 131 4 0
0.01 18 181 9 1
0.0166667 23 159 8 0
0.0233333 20 165 4 0
0.03 24 155 6 2
0.0366667 25 209 17 1
0.0433333 30 231 10 2
0.05 45 240 12 0
0.0566667 73 264 22 2
0.0633333 60 291 20 1
0.07 69 336 13 1
0.0766667 80 322 24 4
0.0833333 64 380 28 1
0.09 75 356 16 3
0.0966667 49 374 25 4
0.103333 71 346 18 5
0.11 76 350 28 6
0.116667 62 348 20 5
0.123333 47 422 23 0
0.13 48 402 26 3
0.136667 53 366 15 6
0.143333 53 423 20 0
0.15 39 374 27 5
0.156667 34 394 23 3
0.163333 41 354 26 4
0.17 48 381 20 2
0.176667 43 366 21 0
0.183333 33 403 21 0
0.19 33 530 28 2
0.196667 44 494 22 1
0.203333 46 480 18 3
0.21 50 465 21 3
0.216667 40 418 14 0
0.223333 39 399 16 1
0.23 36 372 20 0
0.236667 40 341 7 0
0.243333 32 311 14 1
0.25 32 307 11 1
0.256667 34 303 22 2
0.263333 41 268 12 1
0.27 22 264 17 1
0.276667 36 234 14 3
0.283333 20 232 15 3
0.29 25 240 15 1
0.296667 25 229 16 1
0.303333 23 203 12 0
0.31 32 220 10 2
0.316667 23 180 9 4
0.323333 30 164 9 0
0.33 20 173 8 1
0.336667 21 173 13 0
0.343333 25 180 8 0
0.35 27 195 13 1
0.356667 14 188 5 0
0.363333 18 177 12 0
0.37 21 190 15 0
0.376667 21 172 14 2
0.383333 18 173 12 0
0.39 15 170 12 0
0.396667 23 144 7 2
0.403333 28 173 10 1
0.41 18 148 9 1
0.416667 21 175 10 1
0.423333 25 151 15 1
0.43 22 160 8 1
0.436667 22 153 12 1
0.443333 14 168 4 1
0.45 15 156 8 0
0.456667 15 172 11 1
0.463333 24 178 11 0
0.47 16 150 9 0
0.476667 18 149 12 0
0.483333 17 87 8 0
0.49 14 81 6 1
0.496667 6 77 7 1
0.503333 21 45 4 1
0.51 10 62 12 1
0.516667 13 64 11 0
0.523333 19 54 4 0
0.53 10 62 3 1
0.536667 9 68 9 4
0.543333 13 64 7 0
0.55 10 66 3 2
0.556667 9 67 7 0
0.563333 8 49 5 0
0.57 11 64 5 1
0.576667 8 59 6 1
0.583333 11 71 7 1
0.59 5 58 3 0
0.596667 7 54 9 0
0.603333 14 35 6 0
0.61 11 50 10 0
0.616667 10 49 7 0
0.623333 13 41 9 0
0.63 11 52 4 1
0.636667 9 66 5 2
0.643333 16 45 5 3
0.65 6 41 5 1
0.656667 6 34 5 1
0.663333 328 7948 288 9
0.67 0 0 0 0
0.676667 0 0 0 0
0.683333 0 0 0 0
0.69 0 0 0 0
0.696667 0 0 0 0
0.703333 0 0 0 0
0.71 0 0 0 0
0.716667 0 0 0 0
0.723333 0 0 0 0
0.73 0 0 0 0
0.736667 0 0 0 0
0.743333 0 0 0 0
0.75 0 0 0 0
0.756667 0 0 0 0
0.763333 0 0 0 0
0.77 0 0 0 0
0.776667 0 0 0 0
0.783333 0 0 0 0
0.79 0 0 0 0
0.796667 0 0 0 0
0.803333 0 0 0 0
0.81 0 0 0 0
0.816667 0 0 0 0
0.823333 0 0 0 0
0.83 0 0 0 0
0.836667 0 0 0 0
0.843333 0 0 0 0
0.85 0 0 0 0
0.856667 0 0 0 0
0.863333 0 0 0 0
0.87 0 0 0 0
0.876667 0 0 0 0
0.883333 0 0 0 0
0.89 0 0 0 0
0.896667 0 0 0 0
0.903333 0 0 0 0
0.91 0 0 0 0
0.916667 0 0 0 0
0.923333 0 0 0 0
0.93 0 0 0 0
0.936667 0 0 0 0
0.943333 0 0 0 0
0.95 0 0 0 0
0.956667 0 0 0 0
0.963333 0 0 0 0
0.97 0 0 0 0
0.976667 0 0 0 0
0.983333 0 0 0 0
0.99 0 0 0 0
0.996667 0 0 0 0
1.00333 0 0 0 0
1.01 0 0 0 0
1.01667 0 0 0 0
1.02333 0 0 0 0
1.03 0 0 0 0
1.03667 0 0 0 0
1.04333 0 0 0 0
1.05 0 0 0 0
1.05667 0 0 0 0
1.06333 0 0 0 0
1.07 0 0 0 0
1.07667 0 0 0 0
1.08333 0 0 0 0
1.09 0 0 0 0
1.09667 0 0 0 0
1.10333 0 0 0 0
1.11 0 0 0 0
1.11667 0 0 0 0
1.12333 0 0 0 0
1.13 0 0 0 0
1.13667 0 0 0 0
1.14333 0 0 0 0
1.15 0 0 0 0
1.15667 0 0 0 0
1.16333 0 0 0 0
1.17 0 0 0 0
1.17667 0 0 0 0
1.18333 0 0 0 0
1.19 0 0 0 0
1.19667 0 0 0 0
1.20333 0 0 0 0
1.21 0 0 0 0
1.21667 0 0 0 0
1.22333 0 0 0 0
1.23 0 0 0 0
1.23667 0 0 0 0
1.24333 0 0 0 0
1.25 0 0 0 0
1.25667 0 0 0 0
1.26333 0 0 0 0
1.27 0 0 0 0
1.27667 0 0 0 0
1.28333 0 0 0 0
1.29 0 0 0 0
1.29667 0 0 0 0
1.30333 0 0 0 0
1.31 0 0 0 0
1.31667 0 0 0 0
1.32333 0 0 0 0
1.33 0 0 0 0
1.33667 0 0 0 0
1.34333 0 0 0 0
1.35 0 0 0 0
1.35667 0 0 0 0
1.36333 0 0 0 0
1.37 0 0 0 0
1.37667 0 0 0 0
1.38333 0 0 0 0
1.39 0 0 0 0
1.39667 0 0 0 0
1.40333 0 0 0 0
1.41 0 0 0 0
1.41667 0 0 0 0
1.42333 0 0 0 0
1.43 0 0 0 0
1.43667 0 0 0 0
1.44333 0 0 0 0
1.45 0 0 0 0
1.45667 0 0 0 0
1.46333 0 0 0 0
1.47 0 0 0 0
1.47667 0 0 0 0
1.48333 0 0 0 0
1.49 0 0 0 0
1.49667 0 0 0 0
1.50333 0 0 0 0
1.51 0 0 0 0
1.51667 0 0 0 0
1.52333 0 0 0 0
1.53 0 0 0 0
1.53667 0 0 0 0
1.54333 0 0 0 0
1.55 0 0 0 0
1.55667 0 0 0 0
1.56333 0 0 0 0
1.57 0 0 0 0
1.57667 0 0 0 0
1.58333 0 0 0 0
1.59 0 0 0 0
1.59667 0 0 0 0
1.60333 0 0 0 0
1.61 0 0 0 0
1.61667 0 0 0 0
1.62333 0 0 0 0
1.63 0 0 0 0
1.63667 0 0 0 0
1.64333 0 0 0 0
1.65 0 0 0 0
1.65667 0 0 0 0
1.66333 0 0 0 0
1.67 0 0 0 0
1.67667 0 0 0 0
1.68333 0 0 0 0
1.69 0 0 0 0
1.69667 0 0 0 0
1.70333 0 0 0 0
1.71 0 0 0 0
1.71667 0 0 0 0
1.72333 0 0 0 0
1.73 0 0 0 0
1.73667 0 0 0 0
1.74333 0 0 0 0
1.75 0 0 0 0
1.75667 0 0 0 0
1.76333 0 0 0 0
1.77 0 0 0 0
1.77667 0 0 0 0
1.78333 0 0 0 0
1.79 0 0 0 0
1.79667 0 0 0 0
1.80333 0 0 0 0
1.81 0 0 0 0
1.81667 0 0 0 0
1.82333 0 0 0 0
1.83 0 0 0 0
1.83667 0 0 0 0
1.84333 0 0 0 0
1.85 0 0 0 0
1.85667 0 0 0 0
1.86333 0 0 0 0
1.87 0 0 0 0
1.87667 0 0 0 0
1.88333 0 0 0 0
1.89 0 0 0 0
1.89667 0 0 0 0
1.90333 0 0 0 0
1.91 0 0 0 0
1.91667 0 0 0 0
1.92333 0 0 0 0
1.93 0 0 0 0
1.93667 0 0 0 0
1.94333 0 0 0 0
1.95 0 0 0 0
1.95667 0 0 0 0
1.96333 0 0 0 0
1.97 0 0 0 0
1.97667 0 0 0 0
1.98333 0 0 0 0
1.99 0 0 0 0
1.99667 0 0 0 0
