0.00333333 1 21 38 11
0.01 3 21 56 24
0.0166667 6 21 65 18
0.0233333 2 16 66 14
0.03 5 13 60 30
0.0366667 4 25 108 21
0.0433333 8 32 110 38
0.05 10 39 149 60
0.0566667 15 47 177 49
0.0633333 14 57 199 52
0.07 10 66 217 79
0.0766667 20 55 226 65
0.0833333 14 57 227 66
0.09 2 51 205 60
0.0966667 10 58 223 78
0.103333 12 70 206 73
0.11 12 58 203 68
0.116667 13 58 226 55
0.123333 14 54 193 61
0.13 16 46 183 56
0.136667 10 46 178 54
0.143333 12 65 171 58
0.15 9 50 174 49
0.156667 13 43 176 43
0.163333 9 50 138 43
0.17 12 45 150 47
0.176667 6 30 159 40
0.183333 7 49 136 45
0.19 6 39 153 48
0.196667 6 55 192 49
0.203333 1 47 148 43
0.21 9 48 148 41
0.216667 8 45 121 33
0.223333 8 32 129 35
0.23 7 40 130 43
0.236667 4 44 124 39
0.243333 8 39 110 29
0.25 12 26 121 39
0.256667 7 32 98 29
0.263333 6 30 98 28
0.27 7 27 95 42
0.276667 9 41 88 26
0.283333 3 30 83 27
0.29 0 25 92 19
0.296667 9 19 93 31
0.303333 6 18 79 31
0.31 6 27 61 21
0.316667 7 24 71 21
0.323333 5 25 82 22
0.33 5 16 67 28
0.336667 5 19 66 24
0.343333 4 20 71 23
0.35 5 18 65 22
0.356667 4 27 77 24
0.363333 2 24 50 23
0.37 6 23 60 16
0.376667 6 22 69 18
0.383333 6 24 73 19
0.39 3 21 75 23
0.396667 3 23 59 19
0.403333 6 23 51 9
0.41 2 18 62 13
0.416667 3 19 66 17
0.423333 3 21 55 13
0.43 4 19 57 21
0.436667 2 20 54 16
0.443333 5 22 58 20
0.45 4 22 63 19
0.456667 5 24 49 19
0.463333 4 22 44 10
0.47 5 22 54 20
0.476667 0 13 49 17
0.483333 5 9 37 16
0.49 3 15 29 13
0.496667 3 10 25 4
0.503333 3 13 40 20
0.51 2 10 43 10
0.516667 2 6 45 11
0.523333 1 12 38 16
0.53 2 10 36 7
0.536667 1 4 28 10
0.543333 1 9 32 8
0.55 1 11 34 8
0.556667 1 12 31 11
0.563333 1 18 24 9
0.57 2 10 33 11
0.576667 6 10 40 9
0.583333 1 14 29 8
0.59 4 9 24 15
0.596667 1 12 28 12
0.603333 2 10 16 10
0.61 0 5 22 10
0.616667 5 9 25 6
0.623333 2 14 21 10
0.63 1 8 24 7
0.636667 2 12 28 8
0.643333 2 6 20 7
0.65 5 9 28 8
0.656667 2 6 18 6
0.663333 66 436 1419 349
0.67 0 0 0 0
0.676667 0 0 0 0
0.683333 0 0 0 0
0.69 0 0 0 0
0.696667 0 0 0 0
0.703333 0 0 0 0
0.71 0 0 0 0
0.716667 0 0 0 0
0.723333 0 0 0 0
0.73 0 0 0 0
0.736667 0 0 0 0
0.743333 0 0 0 0
0.75 0 0 0 0
0.756667 0 0 0 0
0.763333 0 0 0 0
0.77 0 0 0 0
0.776667 0 0 0 0
0.783333 0 0 0 0
0.79 0 0 0 0
0.796667 0 0 0 0
0.803333 0 0 0 0
0.81 0 0 0 0
0.816667 0 0 0 0
0.823333 0 0 0 0
0.83 0 0 0 0
0.836667 0 0 0 0
0.843333 0 0 0 0
0.85 0 0 0 0
0.856667 0 0 0 0
0.863333 0 0 0 0
0.87 0 0 0 0
0.876667 0 0 0 0
0.883333 0 0 0 0
0.89 0 0 0 0
0.896667 0 0 0 0
0.903333 0 0 0 0
0.91 0 0 0 0
0.916667 0 0 0 0
0.923333 0 0 0 0
0.93 0 0 0 0
0.936667 0 0 0 0
0.943333 0 0 0 0
0.95 0 0 0 0
0.956667 0 0 0 0
0.963333 0 0 0 0
0.97 0 0 0 0
0.976667 0 0 0 0
0.983333 0 0 0 0
0.99 0 0 0 0
0.996667 0 0 0 0
1.00333 0 0 0 0
1.01 0 0 0 0
1.01667 0 0 0 0
1.02333 0 0 0 0
1.03 0 0 0 0
1.03667 0 0 0 0
1.04333 0 0 0 0
1.05 0 0 0 0
1.05667 0 0 0 0
1.06333 0 0 0 0
1.07 0 0 0 0
1.07667 0 0 0 0
1.08333 0 0 0 0
1.09 0 0 0 0
1.09667 0 0 0 0
1.10333 0 0 0 0
1.11 0 0 0 0
1.11667 0 0 0 0
1.12333 0 0 0 0
1.13 0 0 0 0
1.13667 0 0 0 0
1.14333 0 0 0 0
1.15 0 0 0 0
1.15667 0 0 0 0
1.16333 0 0 0 0
1.17 0 0 0 0
1.17667 0 0 0 0
1.18333 0 0 0 0
1.19 0 0 0 0
1.19667 0 0 0 0
1.20333 0 0 0 0
1.21 0 0 0 0
1.21667 0 0 0 0
1.22333 0 0 0 0
1.23 0 0 0 0
1.23667 0 0 0 0
1.24333 0 0 0 0
1.25 0 0 0 0
1.25667 0 0 0 0
1.26333 0 0 0 0
1.27 0 0 0 0
1.27667 0 0 0 0
1.28333 0 0 0 0
1.29 0 0 0 0
1.29667 0 0 0 0
1.30333 0 0 0 0
1.31 0 0 0 0
1.31667 0 0 0 0
1.32333 0 0 0 0
1.33 0 0 0 0
1.33667 0 0 0 0
1.34333 0 0 0 0
1.35 0 0 0 0
1.35667 0 0 0 0
1.36333 0 0 0 0
1.37 0 0 0 0
1.37667 0 0 0 0
1.38333 0 0 0 0
1.39 0 0 0 0
1.39667 0 0 0 0
1.40333 0 0 0 0
1.41 0 0 0 0
1.41667 0 0 0 0
1.42333 0 0 0 0
1.43 0 0 0 0
1.43667 0 0 0 0
1.44333 0 0 0 0
1.45 0 0 0 0
1.45667 0 0 0 0
1.46333 0 0 0 0
1.47 0 0 0 0
1.47667 0 0 0 0
1.48333 0 0 0 0
1.49 0 0 0 0
1.49667 0 0 0 0
1.50333 0 0 0 0
1.51 0 0 0 0
1.51667 0 0 0 0
1.52333 0 0 0 0
1.53 0 0 0 0
1.53667 0 0 0 0
1.54333 0 0 0 0
1.55 0 0 0 0
1.55667 0 0 0 0
1.56333 0 0 0 0
1.57 0 0 0 0
1.57667 0 0 0 0
1.58333 0 0 0 0
1.59 0 0 0 0
1.59667 0 0 0 0
1.60333 0 0 0 0
1.61 0 0 0 0
1.61667 0 0 0 0
1.62333 0 0 0 0
1.63 0 0 0 0
1.63667 0 0 0 0
1.64333 0 0 0 0
1.65 0 0 0 0
1.65667 0 0 0 0
1.66333 0 0 0 0
1.67 0 0 0 0
1.67667 0 0 0 0
1.68333 0 0 0 0
1.69 0 0 0 0
1.69667 0 0 0 0
1.70333 0 0 0 0
1.71 0 0 0 0
1.71667 0 0 0 0
1.72333 0 0 0 0
1.73 0 0 0 0
1.73667 0 0 0 0
1.74333 0 0 0 0
1.75 0 0 0 0
1.75667 0 0 0 0
1.76333 0 0 0 0
1.77 0 0 0 0
1.77667 0 0 0 0
1.78333 0 0 0 0
1.79 0 0 0 0
1.79667 0 0 0 0
1.80333 0 0 0 0
1.81 0 0 0 0
1.81667 0 0 0 0
1.82333 0 0 0 0
1.83 0 0 0 0
1.83667 0 0 0 0
1.84333 0 0 0 0
1.85 0 0 0 0
1.85667 0 0 0 0
1.86333 0 0 0 0
1.87 0 0 0 0
1.87667 0 0 0 0
1.88333 0 0 0 0
1.89 0 0 0 0
1.89667 0 0 0 0
1.90333 0 0 0 0
1.91 0 0 0 0
1.91667 0 0 0 0
1.92333 0 0 0 0
1.93 0 0 0 0
1.93667 0 0 0 0
1.94333 0 0 0 0
1.95 0 0 0 0
1.95667 0 0 0 0
1.96333 0 0 0 0
1.97 0 0 0 0
1.97667 0 0 0 0
1.98333 0 0 0 0
1.99 0 0 0 0
1.99667 0 0 0 0
