0.00333333 3 21 16 13
0.01 8 29 27 9
0.0166667 9 41 26 10
0.0233333 11 34 29 20
0.03 18 44 31 14
0.0366667 6 42 51 27
0.0433333 19 65 58 23
0.05 11 82 86 35
0.0566667 20 92 97 31
0.0633333 35 106 82 24
0.07 23 110 110 32
0.0766667 33 101 88 27
0.0833333 31 96 102 47
0.09 28 111 103 33
0.0966667 22 110 101 39
0.103333 26 132 92 35
0.11 31 110 90 46
0.116667 24 121 99 45
0.123333 32 87 87 26
0.13 28 98 71 38
0.136667 24 87 86 43
0.143333 21 88 70 28
0.15 18 103 82 30
0.156667 18 89 60 30
0.163333 21 83 70 29
0.17 26 83 56 36
0.176667 18 79 53 35
0.183333 15 91 63 28
0.19 28 103 71 28
0.196667 25 97 55 42
0.203333 12 109 48 30
0.21 17 86 54 26
0.216667 12 73 48 27
0.223333 13 76 38 30
0.23 23 72 49 25
0.236667 14 58 46 28
0.243333 21 63 37 30
0.25 17 66 46 17
0.256667 16 61 41 14
0.263333 14 61 46 26
0.27 12 63 38 9
0.276667 13 58 34 13
0.283333 8 42 30 17
0.29 17 65 35 11
0.296667 10 60 26 14
0.303333 15 60 36 15
0.31 13 49 30 11
0.316667 14 50 40 17
0.323333 14 50 35 14
0.33 5 41 41 19
0.336667 10 38 39 12
0.343333 11 37 35 7
0.35 7 51 24 22
0.356667 9 45 26 14
0.363333 12 41 30 7
0.37 11 33 29 20
0.376667 8 44 39 18
0.383333 11 30 27 13
0.39 8 39 20 11
0.396667 15 38 29 12
0.403333 11 34 29 9
0.41 3 33 38 19
0.416667 6 24 24 14
0.423333 6 32 20 15
0.43 9 25 19 12
0.436667 9 32 29 9
0.443333 13 39 22 24
0.45 12 37 25 18
0.456667 5 33 23 19
0.463333 9 32 18 11
0.47 6 30 21 9
0.476667 2 36 20 10
0.483333 12 21 18 6
0.49 1 29 13 8
0.496667 10 23 20 9
0.503333 12 21 13 11
0.51 6 18 14 8
0.516667 3 23 15 7
0.523333 8 31 18 6
0.53 4 19 12 7
0.536667 11 21 16 6
0.543333 6 16 15 8
0.55 8 24 12 5
0.556667 4 15 16 7
0.563333 9 23 12 7
0.57 5 24 14 12
0.576667 12 11 13 10
0.583333 3 20 12 7
0.59 4 20 10 5
0.596667 4 13 12 5
0.603333 5 14 8 7
0.61 2 17 10 5
0.616667 5 16 17 3
0.623333 6 16 10 5
0.63 2 20 14 4
0.636667 2 19 13 12
0.643333 4 14 11 7
0.65 6 16 9 6
0.656667 3 14 7 6
0.663333 225 903 423 284
0.67 0 0 0 0
0.676667 0 0 0 0
0.683333 0 0 0 0
0.69 0 0 0 0
0.696667 0 0 0 0
0.703333 0 0 0 0
0.71 0 0 0 0
0.716667 0 0 0 0
0.723333 0 0 0 0
0.73 0 0 0 0
0.736667 0 0 0 0
0.743333 0 0 0 0
0.75 0 0 0 0
0.756667 0 0 0 0
0.763333 0 0 0 0
0.77 0 0 0 0
0.776667 0 0 0 0
0.783333 0 0 0 0
0.79 0 0 0 0
0.796667 0 0 0 0
0.803333 0 0 0 0
0.81 0 0 0 0
0.816667 0 0 0 0
0.823333 0 0 0 0
0.83 0 0 0 0
0.836667 0 0 0 0
0.843333 0 0 0 0
0.85 0 0 0 0
0.856667 0 0 0 0
0.863333 0 0 0 0
0.87 0 0 0 0
0.876667 0 0 0 0
0.883333 0 0 0 0
0.89 0 0 0 0
0.896667 0 0 0 0
0.903333 0 0 0 0
0.91 0 0 0 0
0.916667 0 0 0 0
0.923333 0 0 0 0
0.93 0 0 0 0
0.936667 0 0 0 0
0.943333 0 0 0 0
0.95 0 0 0 0
0.956667 0 0 0 0
0.963333 0 0 0 0
0.97 0 0 0 0
0.976667 0 0 0 0
0.983333 0 0 0 0
0.99 0 0 0 0
0.996667 0 0 0 0
1.00333 0 0 0 0
1.01 0 0 0 0
1.01667 0 0 0 0
1.02333 0 0 0 0
1.03 0 0 0 0
1.03667 0 0 0 0
1.04333 0 0 0 0
1.05 0 0 0 0
1.05667 0 0 0 0
1.06333 0 0 0 0
1.07 0 0 0 0
1.07667 0 0 0 0
1.08333 0 0 0 0
1.09 0 0 0 0
1.09667 0 0 0 0
1.10333 0 0 0 0
1.11 0 0 0 0
1.11667 0 0 0 0
1.12333 0 0 0 0
1.13 0 0 0 0
1.13667 0 0 0 0
1.14333 0 0 0 0
1.15 0 0 0 0
1.15667 0 0 0 0
1.16333 0 0 0 0
1.17 0 0 0 0
1.17667 0 0 0 0
1.18333 0 0 0 0
1.19 0 0 0 0
1.19667 0 0 0 0
1.20333 0 0 0 0
1.21 0 0 0 0
1.21667 0 0 0 0
1.22333 0 0 0 0
1.23 0 0 0 0
1.23667 0 0 0 0
1.24333 0 0 0 0
1.25 0 0 0 0
1.25667 0 0 0 0
1.26333 0 0 0 0
1.27 0 0 0 0
1.27667 0 0 0 0
1.28333 0 0 0 0
1.29 0 0 0 0
1.29667 0 0 0 0
1.30333 0 0 0 0
1.31 0 0 0 0
1.31667 0 0 0 0
1.32333 0 0 0 0
1.33 0 0 0 0
1.33667 0 0 0 0
1.34333 0 0 0 0
1.35 0 0 0 0
1.35667 0 0 0 0
1.36333 0 0 0 0
1.37 0 0 0 0
1.37667 0 0 0 0
1.38333 0 0 0 0
1.39 0 0 0 0
1.39667 0 0 0 0
1.40333 0 0 0 0
1.41 0 0 0 0
1.41667 0 0 0 0
1.42333 0 0 0 0
1.43 0 0 0 0
1.43667 0 0 0 0
1.44333 0 0 0 0
1.45 0 0 0 0
1.45667 0 0 0 0
1.46333 0 0 0 0
1.47 0 0 0 0
1.47667 0 0 0 0
1.48333 0 0 0 0
1.49 0 0 0 0
1.49667 0 0 0 0
1.50333 0 0 0 0
1.51 0 0 0 0
1.51667 0 0 0 0
1.52333 0 0 0 0
1.53 0 0 0 0
1.53667 0 0 0 0
1.54333 0 0 0 0
1.55 0 0 0 0
1.55667 0 0 0 0
1.56333 0 0 0 0
1.57 0 0 0 0
1.57667 0 0 0 0
1.58333 0 0 0 0
1.59 0 0 0 0
1.59667 0 0 0 0
1.60333 0 0 0 0
1.61 0 0 0 0
1.61667 0 0 0 0
1.62333 0 0 0 0
1.63 0 0 0 0
1.63667 0 0 0 0
1.64333 0 0 0 0
1.65 0 0 0 0
1.65667 0 0 0 0
1.66333 0 0 0 0
1.67 0 0 0 0
1.67667 0 0 0 0
1.68333 0 0 0 0
1.69 0 0 0 0
1.69667 0 0 0 0
1.70333 0 0 0 0
1.71 0 0 0 0
1.71667 0 0 0 0
1.72333 0 0 0 0
1.73 0 0 0 0
1.73667 0 0 0 0
1.74333 0 0 0 0
1.75 0 0 0 0
1.75667 0 0 0 0
1.76333 0 0 0 0
1.77 0 0 0 0
1.77667 0 0 0 0
1.78333 0 0 0 0
1.79 0 0 0 0
1.79667 0 0 0 0
1.80333 0 0 0 0
1.81 0 0 0 0
1.81667 0 0 0 0
1.82333 0 0 0 0
1.83 0 0 0 0
1.83667 0 0 0 0
1.84333 0 0 0 0
1.85 0 0 0 0
1.85667 0 0 0 0
1.86333 0 0 0 0
1.87 0 0 0 0
1.87667 0 0 0 0
1.88333 0 0 0 0
1.89 0 0 0 0
1.89667 0 0 0 0
1.90333 0 0 0 0
1.91 0 0 0 0
1.91667 0 0 0 0
1.92333 0 0 0 0
1.93 0 0 0 0
1.93667 0 0 0 0
1.94333 0 0 0 0
1.95 0 0 0 0
1.95667 0 0 0 0
1.96333 0 0 0 0
1.97 0 0 0 0
1.97667 0 0 0 0
1.98333 0 0 0 0
1.99 0 0 0 0
1.99667 0 0 0 0
