0.00333333 5 35 19 5
0.01 6 29 24 13
0.0166667 13 31 31 11
0.0233333 7 32 39 8
0.03 12 37 41 9
0.0366667 11 45 50 17
0.0433333 14 70 70 21
0.05 9 61 77 22
0.0566667 27 98 76 29
0.0633333 35 103 81 40
0.07 24 119 117 30
0.0766667 23 97 104 30
0.0833333 35 78 127 26
0.09 26 95 120 36
0.0966667 27 109 107 28
0.103333 29 113 132 41
0.11 32 95 107 36
0.116667 25 101 133 29
0.123333 23 94 104 26
0.13 40 90 103 34
0.136667 27 69 98 39
0.143333 29 73 86 18
0.15 23 81 88 30
0.156667 22 72 96 26
0.163333 12 71 93 27
0.17 21 55 59 30
0.176667 23 79 81 29
0.183333 22 91 69 24
0.19 22 74 93 31
0.196667 18 70 63 25
0.203333 20 80 73 30
0.21 14 75 51 22
0.216667 15 61 85 32
0.223333 12 55 66 18
0.23 15 59 59 24
0.236667 16 57 64 21
0.243333 14 43 60 17
0.25 23 60 50 18
0.256667 12 45 62 23
0.263333 11 46 46 24
0.27 6 49 51 12
0.276667 12 47 47 16
0.283333 17 27 31 14
0.29 15 42 48 9
0.296667 12 44 41 18
0.303333 11 51 40 20
0.31 17 52 32 12
0.316667 15 38 47 11
0.323333 17 47 31 20
0.33 12 31 33 16
0.336667 6 43 48 12
0.343333 6 31 39 11
0.35 11 23 37 14
0.356667 12 37 34 11
0.363333 13 40 35 16
0.37 12 22 39 18
0.376667 8 32 31 12
0.383333 13 23 34 16
0.39 10 32 26 15
0.396667 11 29 35 14
0.403333 7 22 29 14
0.41 6 24 28 7
0.416667 11 24 33 7
0.423333 11 23 22 6
0.43 9 34 33 13
0.436667 10 30 27 9
0.443333 12 20 30 8
0.45 4 32 30 10
0.456667 9 29 24 15
0.463333 10 23 21 13
0.47 13 23 28 5
0.476667 6 24 26 12
0.483333 6 22 21 9
0.49 1 26 19 7
0.496667 6 18 22 7
0.503333 4 15 18 6
0.51 5 17 18 6
0.516667 4 24 16 9
0.523333 7 16 13 6
0.53 6 17 11 4
0.536667 4 7 13 6
0.543333 10 19 21 6
0.55 1 18 19 5
0.556667 6 16 20 4
0.563333 6 15 16 10
0.57 4 19 12 6
0.576667 8 17 12 6
0.583333 10 17 12 7
0.59 4 21 18 5
0.596667 10 11 15 1
0.603333 4 12 10 5
0.61 5 11 14 4
0.616667 3 10 16 6
0.623333 3 14 19 7
0.63 3 16 12 5
0.636667 2 16 15 2
0.643333 5 5 14 7
0.65 3 13 8 2
0.656667 5 13 9 8
0.663333 165 535 537 194
0.67 0 0 0 0
0.676667 0 0 0 0
0.683333 0 0 0 0
0.69 0 0 0 0
0.696667 0 0 0 0
0.703333 0 0 0 0
0.71 0 0 0 0
0.716667 0 0 0 0
0.723333 0 0 0 0
0.73 0 0 0 0
0.736667 0 0 0 0
0.743333 0 0 0 0
0.75 0 0 0 0
0.756667 0 0 0 0
0.763333 0 0 0 0
0.77 0 0 0 0
0.776667 0 0 0 0
0.783333 0 0 0 0
0.79 0 0 0 0
0.796667 0 0 0 0
0.803333 0 0 0 0
0.81 0 0 0 0
0.816667 0 0 0 0
0.823333 0 0 0 0
0.83 0 0 0 0
0.836667 0 0 0 0
0.843333 0 0 0 0
0.85 0 0 0 0
0.856667 0 0 0 0
0.863333 0 0 0 0
0.87 0 0 0 0
0.876667 0 0 0 0
0.883333 0 0 0 0
0.89 0 0 0 0
0.896667 0 0 0 0
0.903333 0 0 0 0
0.91 0 0 0 0
0.916667 0 0 0 0
0.923333 0 0 0 0
0.93 0 0 0 0
0.936667 0 0 0 0
0.943333 0 0 0 0
0.95 0 0 0 0
0.956667 0 0 0 0
0.963333 0 0 0 0
0.97 0 0 0 0
0.976667 0 0 0 0
0.983333 0 0 0 0
0.99 0 0 0 0
0.996667 0 0 0 0
1.00333 0 0 0 0
1.01 0 0 0 0
1.01667 0 0 0 0
1.02333 0 0 0 0
1.03 0 0 0 0
1.03667 0 0 0 0
1.04333 0 0 0 0
1.05 0 0 0 0
1.05667 0 0 0 0
1.06333 0 0 0 0
1.07 0 0 0 0
1.07667 0 0 0 0
1.08333 0 0 0 0
1.09 0 0 0 0
1.09667 0 0 0 0
1.10333 0 0 0 0
1.11 0 0 0 0
1.11667 0 0 0 0
1.12333 0 0 0 0
1.13 0 0 0 0
1.13667 0 0 0 0
1.14333 0 0 0 0
1.15 0 0 0 0
1.15667 0 0 0 0
1.16333 0 0 0 0
1.17 0 0 0 0
1.17667 0 0 0 0
1.18333 0 0 0 0
1.19 0 0 0 0
1.19667 0 0 0 0
1.20333 0 0 0 0
1.21 0 0 0 0
1.21667 0 0 0 0
1.22333 0 0 0 0
1.23 0 0 0 0
1.23667 0 0 0 0
1.24333 0 0 0 0
1.25 0 0 0 0
1.25667 0 0 0 0
1.26333 0 0 0 0
1.27 0 0 0 0
1.27667 0 0 0 0
1.28333 0 0 0 0
1.29 0 0 0 0
1.29667 0 0 0 0
1.30333 0 0 0 0
1.31 0 0 0 0
1.31667 0 0 0 0
1.32333 0 0 0 0
1.33 0 0 0 0
1.33667 0 0 0 0
1.34333 0 0 0 0
1.35 0 0 0 0
1.35667 0 0 0 0
1.36333 0 0 0 0
1.37 0 0 0 0
1.37667 0 0 0 0
1.38333 0 0 0 0
1.39 0 0 0 0
1.39667 0 0 0 0
1.40333 0 0 0 0
1.41 0 0 0 0
1.41667 0 0 0 0
1.42333 0 0 0 0
1.43 0 0 0 0
1.43667 0 0 0 0
1.44333 0 0 0 0
1.45 0 0 0 0
1.45667 0 0 0 0
1.46333 0 0 0 0
1.47 0 0 0 0
1.47667 0 0 0 0
1.48333 0 0 0 0
1.49 0 0 0 0
1.49667 0 0 0 0
1.50333 0 0 0 0
1.51 0 0 0 0
1.51667 0 0 0 0
1.52333 0 0 0 0
1.53 0 0 0 0
1.53667 0 0 0 0
1.54333 0 0 0 0
1.55 0 0 0 0
1.55667 0 0 0 0
1.56333 0 0 0 0
1.57 0 0 0 0
1.57667 0 0 0 0
1.58333 0 0 0 0
1.59 0 0 0 0
1.59667 0 0 0 0
1.60333 0 0 0 0
1.61 0 0 0 0
1.61667 0 0 0 0
1.62333 0 0 0 0
1.63 0 0 0 0
1.63667 0 0 0 0
1.64333 0 0 0 0
1.65 0 0 0 0
1.65667 0 0 0 0
1.66333 0 0 0 0
1.67 0 0 0 0
1.67667 0 0 0 0
1.68333 0 0 0 0
1.69 0 0 0 0
1.69667 0 0 0 0
1.70333 0 0 0 0
1.71 0 0 0 0
1.71667 0 0 0 0
1.72333 0 0 0 0
1.73 0 0 0 0
1.73667 0 0 0 0
1.74333 0 0 0 0
1.75 0 0 0 0
1.75667 0 0 0 0
1.76333 0 0 0 0
1.77 0 0 0 0
1.77667 0 0 0 0
1.78333 0 0 0 0
1.79 0 0 0 0
1.79667 0 0 0 0
1.80333 0 0 0 0
1.81 0 0 0 0
1.81667 0 0 0 0
1.82333 0 0 0 0
1.83 0 0 0 0
1.83667 0 0 0 0
1.84333 0 0 0 0
1.85 0 0 0 0
1.85667 0 0 0 0
1.86333 0 0 0 0
1.87 0 0 0 0
1.87667 0 0 0 0
1.88333 0 0 0 0
1.89 0 0 0 0
1.89667 0 0 0 0
1.90333 0 0 0 0
1.91 0 0 0 0
1.91667 0 0 0 0
1.92333 0 0 0 0
1.93 0 0 0 0
1.93667 0 0 0 0
1.94333 0 0 0 0
1.95 0 0 0 0
1.95667 0 0 0 0
1.96333 0 0 0 0
1.97 0 0 0 0
1.97667 0 0 0 0
1.98333 0 0 0 0
1.99 0 0 0 0
1.99667 0 0 0 0
