0.00333333 0 4 37 47
0.01 1 7 40 44
0.0166667 3 5 52 57
0.0233333 2 2 54 57
0.03 2 5 64 73
0.0366667 1 9 79 81
0.0433333 2 12 113 107
0.05 1 5 136 143
0.0566667 4 7 172 162
0.0633333 3 19 195 170
0.07 2 16 153 200
0.0766667 3 16 176 187
0.0833333 1 16 174 224
0.09 2 17 189 206
0.0966667 3 10 182 192
0.103333 1 15 198 188
0.11 2 20 172 179
0.116667 2 8 164 186
0.123333 0 16 157 187
0.13 7 23 178 157
0.136667 2 16 137 179
0.143333 5 12 163 152
0.15 3 18 141 157
0.156667 4 15 150 161
0.163333 1 9 138 166
0.17 1 12 132 127
0.176667 1 12 144 151
0.183333 3 14 148 148
0.19 0 11 132 174
0.196667 2 15 145 169
0.203333 2 14 119 127
0.21 4 12 128 133
0.216667 1 7 132 116
0.223333 3 14 107 132
0.23 2 18 84 122
0.236667 4 8 123 115
0.243333 1 13 97 103
0.25 4 5 94 109
0.256667 2 5 95 118
0.263333 1 9 100 94
0.27 3 8 86 106
0.276667 3 5 85 71
0.283333 3 9 101 92
0.29 0 11 80 95
0.296667 1 8 83 76
0.303333 1 8 65 64
0.31 2 6 55 69
0.316667 1 7 70 74
0.323333 1 12 66 71
0.33 0 6 75 63
0.336667 0 3 44 77
0.343333 2 8 64 67
0.35 0 5 69 80
0.356667 1 8 60 54
0.363333 1 9 65 65
0.37 0 4 60 62
0.376667 2 8 30 69
0.383333 0 7 47 59
0.39 0 4 57 53
0.396667 1 4 50 53
0.403333 4 11 58 64
0.41 1 8 72 53
0.416667 0 8 52 57
0.423333 2 2 45 56
0.43 3 6 45 36
0.436667 1 3 49 46
0.443333 0 9 55 55
0.45 2 2 53 65
0.456667 1 9 48 46
0.463333 3 2 44 48
0.47 2 9 54 59
0.476667 1 5 31 35
0.483333 0 6 28 27
0.49 0 6 29 35
0.496667 2 8 44 28
0.503333 3 2 37 44
0.51 3 10 29 33
0.516667 1 3 25 32
0.523333 0 4 35 32
0.53 1 3 27 26
0.536667 0 2 29 32
0.543333 1 2 25 22
0.55 1 4 20 23
0.556667 1 3 33 35
0.563333 1 7 26 30
0.57 2 7 21 16
0.576667 1 2 19 27
0.583333 1 7 35 30
0.59 0 3 21 25
0.596667 0 1 19 30
0.603333 0 4 20 15
0.61 0 4 22 29
0.616667 1 2 28 27
0.623333 0 4 18 25
0.63 0 3 25 24
0.636667 2 3 26 21
0.643333 0 1 19 33
0.65 1 3 19 21
0.656667 1 2 20 32
0.663333 15 121 1180 1458
0.67 0 0 0 0
0.676667 0 0 0 0
0.683333 0 0 0 0
0.69 0 0 0 0
0.696667 0 0 0 0
0.703333 0 0 0 0
0.71 0 0 0 0
0.716667 0 0 0 0
0.723333 0 0 0 0
0.73 0 0 0 0
0.736667 0 0 0 0
0.743333 0 0 0 0
0.75 0 0 0 0
0.756667 0 0 0 0
0.763333 0 0 0 0
0.77 0 0 0 0
0.776667 0 0 0 0
0.783333 0 0 0 0
0.79 0 0 0 0
0.796667 0 0 0 0
0.803333 0 0 0 0
0.81 0 0 0 0
0.816667 0 0 0 0
0.823333 0 0 0 0
0.83 0 0 0 0
0.836667 0 0 0 0
0.843333 0 0 0 0
0.85 0 0 0 0
0.856667 0 0 0 0
0.863333 0 0 0 0
0.87 0 0 0 0
0.876667 0 0 0 0
0.883333 0 0 0 0
0.89 0 0 0 0
0.896667 0 0 0 0
0.903333 0 0 0 0
0.91 0 0 0 0
0.916667 0 0 0 0
0.923333 0 0 0 0
0.93 0 0 0 0
0.936667 0 0 0 0
0.943333 0 0 0 0
0.95 0 0 0 0
0.956667 0 0 0 0
0.963333 0 0 0 0
0.97 0 0 0 0
0.976667 0 0 0 0
0.983333 0 0 0 0
0.99 0 0 0 0
0.996667 0 0 0 0
1.00333 0 0 0 0
1.01 0 0 0 0
1.01667 0 0 0 0
1.02333 0 0 0 0
1.03 0 0 0 0
1.03667 0 0 0 0
1.04333 0 0 0 0
1.05 0 0 0 0
1.05667 0 0 0 0
1.06333 0 0 0 0
1.07 0 0 0 0
1.07667 0 0 0 0
1.08333 0 0 0 0
1.09 0 0 0 0
1.09667 0 0 0 0
1.10333 0 0 0 0
1.11 0 0 0 0
1.11667 0 0 0 0
1.12333 0 0 0 0
1.13 0 0 0 0
1.13667 0 0 0 0
1.14333 0 0 0 0
1.15 0 0 0 0
1.15667 0 0 0 0
1.16333 0 0 0 0
1.17 0 0 0 0
1.17667 0 0 0 0
1.18333 0 0 0 0
1.19 0 0 0 0
1.19667 0 0 0 0
1.20333 0 0 0 0
1.21 0 0 0 0
1.21667 0 0 0 0
1.22333 0 0 0 0
1.23 0 0 0 0
1.23667 0 0 0 0
1.24333 0 0 0 0
1.25 0 0 0 0
1.25667 0 0 0 0
1.26333 0 0 0 0
1.27 0 0 0 0
1.27667 0 0 0 0
1.28333 0 0 0 0
1.29 0 0 0 0
1.29667 0 0 0 0
1.30333 0 0 0 0
1.31 0 0 0 0
1.31667 0 0 0 0
1.32333 0 0 0 0
1.33 0 0 0 0
1.33667 0 0 0 0
1.34333 0 0 0 0
1.35 0 0 0 0
1.35667 0 0 0 0
1.36333 0 0 0 0
1.37 0 0 0 0
1.37667 0 0 0 0
1.38333 0 0 0 0
1.39 0 0 0 0
1.39667 0 0 0 0
1.40333 0 0 0 0
1.41 0 0 0 0
1.41667 0 0 0 0
1.42333 0 0 0 0
1.43 0 0 0 0
1.43667 0 0 0 0
1.44333 0 0 0 0
1.45 0 0 0 0
1.45667 0 0 0 0
1.46333 0 0 0 0
1.47 0 0 0 0
1.47667 0 0 0 0
1.48333 0 0 0 0
1.49 0 0 0 0
1.49667 0 0 0 0
1.50333 0 0 0 0
1.51 0 0 0 0
1.51667 0 0 0 0
1.52333 0 0 0 0
1.53 0 0 0 0
1.53667 0 0 0 0
1.54333 0 0 0 0
1.55 0 0 0 0
1.55667 0 0 0 0
1.56333 0 0 0 0
1.57 0 0 0 0
1.57667 0 0 0 0
1.58333 0 0 0 0
1.59 0 0 0 0
1.59667 0 0 0 0
1.60333 0 0 0 0
1.61 0 0 0 0
1.61667 0 0 0 0
1.62333 0 0 0 0
1.63 0 0 0 0
1.63667 0 0 0 0
1.64333 0 0 0 0
1.65 0 0 0 0
1.65667 0 0 0 0
1.66333 0 0 0 0
1.67 0 0 0 0
1.67667 0 0 0 0
1.68333 0 0 0 0
1.69 0 0 0 0
1.69667 0 0 0 0
1.70333 0 0 0 0
1.71 0 0 0 0
1.71667 0 0 0 0
1.72333 0 0 0 0
1.73 0 0 0 0
1.73667 0 0 0 0
1.74333 0 0 0 0
1.75 0 0 0 0
1.75667 0 0 0 0
1.76333 0 0 0 0
1.77 0 0 0 0
1.77667 0 0 0 0
1.78333 0 0 0 0
1.79 0 0 0 0
1.79667 0 0 0 0
1.80333 0 0 0 0
1.81 0 0 0 0
1.81667 0 0 0 0
1.82333 0 0 0 0
1.83 0 0 0 0
1.83667 0 0 0 0
1.84333 0 0 0 0
1.85 0 0 0 0
1.85667 0 0 0 0
1.86333 0 0 0 0
1.87 0 0 0 0
1.87667 0 0 0 0
1.88333 0 0 0 0
1.89 0 0 0 0
1.89667 0 0 0 0
1.90333 0 0 0 0
1.91 0 0 0 0
1.91667 0 0 0 0
1.92333 0 0 0 0
1.93 0 0 0 0
1.93667 0 0 0 0
1.94333 0 0 0 0
1.95 0 0 0 0
1.95667 0 0 0 0
1.96333 0 0 0 0
1.97 0 0 0 0
1.97667 0 0 0 0
1.98333 0 0 0 0
1.99 0 0 0 0
1.99667 0 0 0 0
