0.00333333 6 31 19 7
0.01 7 32 20 9
0.0166667 15 28 36 11
0.0233333 7 38 34 14
0.03 12 39 36 8
0.0366667 11 51 41 15
0.0433333 15 74 71 21
0.05 9 66 79 25
0.0566667 25 93 79 26
0.0633333 36 107 80 38
0.07 23 121 113 26
0.0766667 26 99 101 36
0.0833333 36 86 117 30
0.09 29 99 113 31
0.0966667 31 108 105 32
0.103333 27 122 126 41
0.11 31 94 105 29
0.116667 28 102 131 31
0.123333 21 104 98 26
0.13 44 94 105 33
0.136667 32 63 86 38
0.143333 27 76 79 19
0.15 21 89 88 23
0.156667 24 76 87 26
0.163333 16 67 85 28
0.17 26 60 62 29
0.176667 26 83 79 25
0.183333 21 94 71 23
0.19 27 75 89 32
0.196667 20 69 63 23
0.203333 17 75 78 29
0.21 17 75 47 18
0.216667 12 66 75 28
0.223333 16 57 54 20
0.23 15 64 53 24
0.236667 17 63 61 20
0.243333 16 50 58 16
0.25 26 61 43 17
0.256667 13 46 60 21
0.263333 13 48 44 25
0.27 6 52 52 12
0.276667 12 52 36 11
0.283333 17 33 32 14
0.29 20 45 47 10
0.296667 11 47 40 17
0.303333 11 52 40 22
0.31 18 51 26 12
0.316667 16 43 43 13
0.323333 18 52 31 17
0.33 11 31 32 17
0.336667 8 44 36 12
0.343333 7 34 37 7
0.35 12 22 35 14
0.356667 14 44 31 11
0.363333 14 41 37 15
0.37 11 24 39 16
0.376667 7 37 26 12
0.383333 13 24 35 16
0.39 10 30 25 9
0.396667 12 26 31 15
0.403333 8 24 30 15
0.41 7 24 32 10
0.416667 11 30 32 5
0.423333 13 28 18 12
0.43 11 33 33 14
0.436667 10 30 25 8
0.443333 12 21 29 8
0.45 3 30 29 10
0.456667 10 26 28 13
0.463333 11 26 25 11
0.47 13 23 24 5
0.476667 5 22 24 10
0.483333 7 22 22 11
0.49 1 28 18 7
0.496667 4 17 19 9
0.503333 7 17 18 4
0.51 4 19 16 8
0.516667 5 21 18 8
0.523333 9 23 11 6
0.53 5 17 12 4
0.536667 4 9 13 6
0.543333 10 19 20 7
0.55 1 22 18 4
0.556667 5 22 19 5
0.563333 5 14 16 11
0.57 6 18 10 4
0.576667 7 15 13 7
0.583333 10 18 12 8
0.59 5 18 16 5
0.596667 9 9 14 2
0.603333 5 12 10 6
0.61 4 12 13 5
0.616667 2 10 18 4
0.623333 2 15 18 7
0.63 4 15 13 5
0.636667 1 14 10 2
0.643333 6 5 13 7
0.65 3 17 9 2
0.656667 4 14 7 8
0.663333 179 557 528 186
0.67 0 0 0 0
0.676667 0 0 0 0
0.683333 0 0 0 0
0.69 0 0 0 0
0.696667 0 0 0 0
0.703333 0 0 0 0
0.71 0 0 0 0
0.716667 0 0 0 0
0.723333 0 0 0 0
0.73 0 0 0 0
0.736667 0 0 0 0
0.743333 0 0 0 0
0.75 0 0 0 0
0.756667 0 0 0 0
0.763333 0 0 0 0
0.77 0 0 0 0
0.776667 0 0 0 0
0.783333 0 0 0 0
0.79 0 0 0 0
0.796667 0 0 0 0
0.803333 0 0 0 0
0.81 0 0 0 0
0.816667 0 0 0 0
0.823333 0 0 0 0
0.83 0 0 0 0
0.836667 0 0 0 0
0.843333 0 0 0 0
0.85 0 0 0 0
0.856667 0 0 0 0
0.863333 0 0 0 0
0.87 0 0 0 0
0.876667 0 0 0 0
0.883333 0 0 0 0
0.89 0 0 0 0
0.896667 0 0 0 0
0.903333 0 0 0 0
0.91 0 0 0 0
0.916667 0 0 0 0
0.923333 0 0 0 0
0.93 0 0 0 0
0.936667 0 0 0 0
0.943333 0 0 0 0
0.95 0 0 0 0
0.956667 0 0 0 0
0.963333 0 0 0 0
0.97 0 0 0 0
0.976667 0 0 0 0
0.983333 0 0 0 0
0.99 0 0 0 0
0.996667 0 0 0 0
1.00333 0 0 0 0
1.01 0 0 0 0
1.01667 0 0 0 0
1.02333 0 0 0 0
1.03 0 0 0 0
1.03667 0 0 0 0
1.04333 0 0 0 0
1.05 0 0 0 0
1.05667 0 0 0 0
1.06333 0 0 0 0
1.07 0 0 0 0
1.07667 0 0 0 0
1.08333 0 0 0 0
1.09 0 0 0 0
1.09667 0 0 0 0
1.10333 0 0 0 0
1.11 0 0 0 0
1.11667 0 0 0 0
1.12333 0 0 0 0
1.13 0 0 0 0
1.13667 0 0 0 0
1.14333 0 0 0 0
1.15 0 0 0 0
1.15667 0 0 0 0
1.16333 0 0 0 0
1.17 0 0 0 0
1.17667 0 0 0 0
1.18333 0 0 0 0
1.19 0 0 0 0
1.19667 0 0 0 0
1.20333 0 0 0 0
1.21 0 0 0 0
1.21667 0 0 0 0
1.22333 0 0 0 0
1.23 0 0 0 0
1.23667 0 0 0 0
1.24333 0 0 0 0
1.25 0 0 0 0
1.25667 0 0 0 0
1.26333 0 0 0 0
1.27 0 0 0 0
1.27667 0 0 0 0
1.28333 0 0 0 0
1.29 0 0 0 0
1.29667 0 0 0 0
1.30333 0 0 0 0
1.31 0 0 0 0
1.31667 0 0 0 0
1.32333 0 0 0 0
1.33 0 0 0 0
1.33667 0 0 0 0
1.34333 0 0 0 0
1.35 0 0 0 0
1.35667 0 0 0 0
1.36333 0 0 0 0
1.37 0 0 0 0
1.37667 0 0 0 0
1.38333 0 0 0 0
1.39 0 0 0 0
1.39667 0 0 0 0
1.40333 0 0 0 0
1.41 0 0 0 0
1.41667 0 0 0 0
1.42333 0 0 0 0
1.43 0 0 0 0
1.43667 0 0 0 0
1.44333 0 0 0 0
1.45 0 0 0 0
1.45667 0 0 0 0
1.46333 0 0 0 0
1.47 0 0 0 0
1.47667 0 0 0 0
1.48333 0 0 0 0
1.49 0 0 0 0
1.49667 0 0 0 0
1.50333 0 0 0 0
1.51 0 0 0 0
1.51667 0 0 0 0
1.52333 0 0 0 0
1.53 0 0 0 0
1.53667 0 0 0 0
1.54333 0 0 0 0
1.55 0 0 0 0
1.55667 0 0 0 0
1.56333 0 0 0 0
1.57 0 0 0 0
1.57667 0 0 0 0
1.58333 0 0 0 0
1.59 0 0 0 0
1.59667 0 0 0 0
1.60333 0 0 0 0
1.61 0 0 0 0
1.61667 0 0 0 0
1.62333 0 0 0 0
1.63 0 0 0 0
1.63667 0 0 0 0
1.64333 0 0 0 0
1.65 0 0 0 0
1.65667 0 0 0 0
1.66333 0 0 0 0
1.67 0 0 0 0
1.67667 0 0 0 0
1.68333 0 0 0 0
1.69 0 0 0 0
1.69667 0 0 0 0
1.70333 0 0 0 0
1.71 0 0 0 0
1.71667 0 0 0 0
1.72333 0 0 0 0
1.73 0 0 0 0
1.73667 0 0 0 0
1.74333 0 0 0 0
1.75 0 0 0 0
1.75667 0 0 0 0
1.76333 0 0 0 0
1.77 0 0 0 0
1.77667 0 0 0 0
1.78333 0 0 0 0
1.79 0 0 0 0
1.79667 0 0 0 0
1.80333 0 0 0 0
1.81 0 0 0 0
1.81667 0 0 0 0
1.82333 0 0 0 0
1.83 0 0 0 0
1.83667 0 0 0 0
1.84333 0 0 0 0
1.85 0 0 0 0
1.85667 0 0 0 0
1.86333 0 0 0 0
1.87 0 0 0 0
1.87667 0 0 0 0
1.88333 0 0 0 0
1.89 0 0 0 0
1.89667 0 0 0 0
1.90333 0 0 0 0
1.91 0 0 0 0
1.91667 0 0 0 0
1.92333 0 0 0 0
1.93 0 0 0 0
1.93667 0 0 0 0
1.94333 0 0 0 0
1.95 0 0 0 0
1.95667 0 0 0 0
1.96333 0 0 0 0
1.97 0 0 0 0
1.97667 0 0 0 0
1.98333 0 0 0 0
1.99 0 0 0 0
1.99667 0 0 0 0
