0.00333333 3 5 28 48
0.01 2 9 43 51
0.0166667 0 6 36 62
0.0233333 3 10 49 73
0.03 2 8 50 74
0.0366667 2 17 76 81
0.0433333 6 15 96 98
0.05 0 15 114 121
0.0566667 4 14 142 152
0.0633333 7 20 147 130
0.07 7 20 136 171
0.0766667 5 26 141 182
0.0833333 3 27 165 200
0.09 6 22 158 186
0.0966667 6 26 139 187
0.103333 7 22 175 181
0.11 7 32 138 185
0.116667 5 20 138 177
0.123333 2 18 148 189
0.13 11 17 144 185
0.136667 8 18 131 154
0.143333 1 20 121 174
0.15 9 17 115 174
0.156667 0 13 116 159
0.163333 4 18 93 171
0.17 7 16 91 127
0.176667 5 12 105 152
0.183333 8 20 99 148
0.19 8 19 102 165
0.196667 7 18 82 188
0.203333 5 27 104 169
0.21 6 20 90 168
0.216667 7 17 103 145
0.223333 5 15 82 149
0.23 6 11 88 130
0.236667 5 8 86 122
0.243333 4 14 74 134
0.25 3 8 76 122
0.256667 4 11 73 114
0.263333 3 8 67 95
0.27 4 14 56 107
0.276667 3 9 60 109
0.283333 3 13 74 101
0.29 6 13 48 88
0.296667 3 10 85 106
0.303333 3 6 51 90
0.31 4 13 60 76
0.316667 3 17 36 93
0.323333 4 15 48 69
0.33 4 11 45 93
0.336667 7 8 58 76
0.343333 0 7 37 70
0.35 5 4 49 60
0.356667 3 9 47 69
0.363333 4 11 50 63
0.37 4 7 44 71
0.376667 0 6 48 70
0.383333 4 12 36 80
0.39 0 9 47 73
0.396667 4 8 50 69
0.403333 2 13 43 68
0.41 3 6 48 73
0.416667 6 9 33 60
0.423333 3 7 44 49
0.43 0 7 45 48
0.436667 2 8 45 69
0.443333 2 9 41 68
0.45 2 6 25 57
0.456667 4 11 29 69
0.463333 2 8 41 82
0.47 4 11 30 59
0.476667 2 4 25 32
0.483333 2 6 25 27
0.49 0 8 27 37
0.496667 2 7 24 47
0.503333 3 4 26 38
0.51 3 6 23 38
0.516667 1 9 31 28
0.523333 3 5 29 32
0.53 1 4 18 32
0.536667 2 1 14 32
0.543333 3 2 13 25
0.55 2 6 20 27
0.556667 1 8 12 25
0.563333 2 7 18 33
0.57 4 7 24 32
0.576667 3 8 21 33
0.583333 1 5 16 40
0.59 2 7 20 21
0.596667 2 5 16 20
0.603333 2 5 15 28
0.61 0 6 15 29
0.616667 2 0 23 26
0.623333 4 5 12 17
0.63 0 2 11 29
0.636667 0 5 25 22
0.643333 1 4 19 23
0.65 0 3 12 20
0.656667 3 2 12 28
0.663333 57 182 796 1920
0.67 0 0 0 0
0.676667 0 0 0 0
0.683333 0 0 0 0
0.69 0 0 0 0
0.696667 0 0 0 0
0.703333 0 0 0 0
0.71 0 0 0 0
0.716667 0 0 0 0
0.723333 0 0 0 0
0.73 0 0 0 0
0.736667 0 0 0 0
0.743333 0 0 0 0
0.75 0 0 0 0
0.756667 0 0 0 0
0.763333 0 0 0 0
0.77 0 0 0 0
0.776667 0 0 0 0
0.783333 0 0 0 0
0.79 0 0 0 0
0.796667 0 0 0 0
0.803333 0 0 0 0
0.81 0 0 0 0
0.816667 0 0 0 0
0.823333 0 0 0 0
0.83 0 0 0 0
0.836667 0 0 0 0
0.843333 0 0 0 0
0.85 0 0 0 0
0.856667 0 0 0 0
0.863333 0 0 0 0
0.87 0 0 0 0
0.876667 0 0 0 0
0.883333 0 0 0 0
0.89 0 0 0 0
0.896667 0 0 0 0
0.903333 0 0 0 0
0.91 0 0 0 0
0.916667 0 0 0 0
0.923333 0 0 0 0
0.93 0 0 0 0
0.936667 0 0 0 0
0.943333 0 0 0 0
0.95 0 0 0 0
0.956667 0 0 0 0
0.963333 0 0 0 0
0.97 0 0 0 0
0.976667 0 0 0 0
0.983333 0 0 0 0
0.99 0 0 0 0
0.996667 0 0 0 0
1.00333 0 0 0 0
1.01 0 0 0 0
1.01667 0 0 0 0
1.02333 0 0 0 0
1.03 0 0 0 0
1.03667 0 0 0 0
1.04333 0 0 0 0
1.05 0 0 0 0
1.05667 0 0 0 0
1.06333 0 0 0 0
1.07 0 0 0 0
1.07667 0 0 0 0
1.08333 0 0 0 0
1.09 0 0 0 0
1.09667 0 0 0 0
1.10333 0 0 0 0
1.11 0 0 0 0
1.11667 0 0 0 0
1.12333 0 0 0 0
1.13 0 0 0 0
1.13667 0 0 0 0
1.14333 0 0 0 0
1.15 0 0 0 0
1.15667 0 0 0 0
1.16333 0 0 0 0
1.17 0 0 0 0
1.17667 0 0 0 0
1.18333 0 0 0 0
1.19 0 0 0 0
1.19667 0 0 0 0
1.20333 0 0 0 0
1.21 0 0 0 0
1.21667 0 0 0 0
1.22333 0 0 0 0
1.23 0 0 0 0
1.23667 0 0 0 0
1.24333 0 0 0 0
1.25 0 0 0 0
1.25667 0 0 0 0
1.26333 0 0 0 0
1.27 0 0 0 0
1.27667 0 0 0 0
1.28333 0 0 0 0
1.29 0 0 0 0
1.29667 0 0 0 0
1.30333 0 0 0 0
1.31 0 0 0 0
1.31667 0 0 0 0
1.32333 0 0 0 0
1.33 0 0 0 0
1.33667 0 0 0 0
1.34333 0 0 0 0
1.35 0 0 0 0
1.35667 0 0 0 0
1.36333 0 0 0 0
1.37 0 0 0 0
1.37667 0 0 0 0
1.38333 0 0 0 0
1.39 0 0 0 0
1.39667 0 0 0 0
1.40333 0 0 0 0
1.41 0 0 0 0
1.41667 0 0 0 0
1.42333 0 0 0 0
1.43 0 0 0 0
1.43667 0 0 0 0
1.44333 0 0 0 0
1.45 0 0 0 0
1.45667 0 0 0 0
1.46333 0 0 0 0
1.47 0 0 0 0
1.47667 0 0 0 0
1.48333 0 0 0 0
1.49 0 0 0 0
1.49667 0 0 0 0
1.50333 0 0 0 0
1.51 0 0 0 0
1.51667 0 0 0 0
1.52333 0 0 0 0
1.53 0 0 0 0
1.53667 0 0 0 0
1.54333 0 0 0 0
1.55 0 0 0 0
1.55667 0 0 0 0
1.56333 0 0 0 0
1.57 0 0 0 0
1.57667 0 0 0 0
1.58333 0 0 0 0
1.59 0 0 0 0
1.59667 0 0 0 0
1.60333 0 0 0 0
1.61 0 0 0 0
1.61667 0 0 0 0
1.62333 0 0 0 0
1.63 0 0 0 0
1.63667 0 0 0 0
1.64333 0 0 0 0
1.65 0 0 0 0
1.65667 0 0 0 0
1.66333 0 0 0 0
1.67 0 0 0 0
1.67667 0 0 0 0
1.68333 0 0 0 0
1.69 0 0 0 0
1.69667 0 0 0 0
1.70333 0 0 0 0
1.71 0 0 0 0
1.71667 0 0 0 0
1.72333 0 0 0 0
1.73 0 0 0 0
1.73667 0 0 0 0
1.74333 0 0 0 0
1.75 0 0 0 0
1.75667 0 0 0 0
1.76333 0 0 0 0
1.77 0 0 0 0
1.77667 0 0 0 0
1.78333 0 0 0 0
1.79 0 0 0 0
1.79667 0 0 0 0
1.80333 0 0 0 0
1.81 0 0 0 0
1.81667 0 0 0 0
1.82333 0 0 0 0
1.83 0 0 0 0
1.83667 0 0 0 0
1.84333 0 0 0 0
1.85 0 0 0 0
1.85667 0 0 0 0
1.86333 0 0 0 0
1.87 0 0 0 0
1.87667 0 0 0 0
1.88333 0 0 0 0
1.89 0 0 0 0
1.89667 0 0 0 0
1.90333 0 0 0 0
1.91 0 0 0 0
1.91667 0 0 0 0
1.92333 0 0 0 0
1.93 0 0 0 0
1.93667 0 0 0 0
1.94333 0 0 0 0
1.95 0 0 0 0
1.95667 0 0 0 0
1.96333 0 0 0 0
1.97 0 0 0 0
1.97667 0 0 0 0
1.98333 0 0 0 0
1.99 0 0 0 0
1.99667 0 0 0 0
