0.00333333 59 90 3 3
0.01 53 107 4 3
0.0166667 63 112 9 2
0.0233333 54 107 8 5
0.03 62 115 4 5
0.0366667 73 150 12 2
0.0433333 90 164 10 1
0.05 115 220 9 1
0.0566667 133 254 15 6
0.0633333 153 293 12 4
0.07 168 284 12 4
0.0766667 148 339 15 8
0.0833333 160 340 19 4
0.09 162 360 14 8
0.0966667 189 330 15 5
0.103333 179 312 13 7
0.11 177 302 11 5
0.116667 200 343 20 5
0.123333 164 335 18 4
0.13 149 325 9 6
0.136667 159 329 15 8
0.143333 177 292 12 5
0.15 160 315 12 4
0.156667 133 287 14 10
0.163333 136 258 3 7
0.17 147 263 16 6
0.176667 156 306 11 3
0.183333 149 308 12 4
0.19 150 345 14 5
0.196667 134 300 9 4
0.203333 143 296 12 5
0.21 147 310 9 7
0.216667 132 287 4 5
0.223333 133 264 6 8
0.23 100 254 6 5
0.236667 99 247 11 7
0.243333 103 244 3 4
0.25 95 224 9 5
0.256667 89 196 3 3
0.263333 80 188 6 4
0.27 96 195 6 4
0.276667 106 176 3 6
0.283333 77 164 7 1
0.29 76 164 5 0
0.296667 78 145 2 6
0.303333 65 159 6 3
0.31 77 142 5 4
0.316667 66 122 5 6
0.323333 81 145 8 3
0.33 64 148 6 3
0.336667 78 141 6 2
0.343333 70 128 8 4
0.35 68 130 8 4
0.356667 64 117 3 0
0.363333 72 117 5 0
0.37 61 125 5 4
0.376667 59 127 9 2
0.383333 57 119 9 3
0.39 50 110 7 0
0.396667 70 113 5 2
0.403333 59 110 2 1
0.41 62 114 2 1
0.416667 45 93 3 5
0.423333 61 98 9 1
0.43 54 96 3 3
0.436667 53 103 6 2
0.443333 56 89 5 2
0.45 59 113 8 0
0.456667 63 107 2 2
0.463333 62 106 6 4
0.47 43 108 3 1
0.476667 52 96 4 4
0.483333 38 56 3 3
0.49 44 59 0 4
0.496667 33 67 5 0
0.503333 26 60 4 2
0.51 28 43 1 2
0.516667 29 54 2 0
0.523333 28 64 3 1
0.53 26 37 3 2
0.536667 33 59 2 2
0.543333 20 38 1 3
0.55 22 42 2 1
0.556667 33 39 6 0
0.563333 27 55 2 1
0.57 30 45 3 1
0.576667 24 58 5 3
0.583333 25 56 1 1
0.59 24 39 1 2
0.596667 22 31 1 1
0.603333 22 46 4 3
0.61 29 40 0 2
0.616667 28 42 6 4
0.623333 20 45 1 2
0.63 20 40 0 1
0.636667 32 40 2 1
0.643333 23 30 2 1
0.65 20 36 2 1
0.656667 13 45 3 3
0.663333 1567 3882 75 71
0.67 0 0 0 0
0.676667 0 0 0 0
0.683333 0 0 0 0
0.69 0 0 0 0
0.696667 0 0 0 0
0.703333 0 0 0 0
0.71 0 0 0 0
0.716667 0 0 0 0
0.723333 0 0 0 0
0.73 0 0 0 0
0.736667 0 0 0 0
0.743333 0 0 0 0
0.75 0 0 0 0
0.756667 0 0 0 0
0.763333 0 0 0 0
0.77 0 0 0 0
0.776667 0 0 0 0
0.783333 0 0 0 0
0.79 0 0 0 0
0.796667 0 0 0 0
0.803333 0 0 0 0
0.81 0 0 0 0
0.816667 0 0 0 0
0.823333 0 0 0 0
0.83 0 0 0 0
0.836667 0 0 0 0
0.843333 0 0 0 0
0.85 0 0 0 0
0.856667 0 0 0 0
0.863333 0 0 0 0
0.87 0 0 0 0
0.876667 0 0 0 0
0.883333 0 0 0 0
0.89 0 0 0 0
0.896667 0 0 0 0
0.903333 0 0 0 0
0.91 0 0 0 0
0.916667 0 0 0 0
0.923333 0 0 0 0
0.93 0 0 0 0
0.936667 0 0 0 0
0.943333 0 0 0 0
0.95 0 0 0 0
0.956667 0 0 0 0
0.963333 0 0 0 0
0.97 0 0 0 0
0.976667 0 0 0 0
0.983333 0 0 0 0
0.99 0 0 0 0
0.996667 0 0 0 0
1.00333 0 0 0 0
1.01 0 0 0 0
1.01667 0 0 0 0
1.02333 0 0 0 0
1.03 0 0 0 0
1.03667 0 0 0 0
1.04333 0 0 0 0
1.05 0 0 0 0
1.05667 0 0 0 0
1.06333 0 0 0 0
1.07 0 0 0 0
1.07667 0 0 0 0
1.08333 0 0 0 0
1.09 0 0 0 0
1.09667 0 0 0 0
1.10333 0 0 0 0
1.11 0 0 0 0
1.11667 0 0 0 0
1.12333 0 0 0 0
1.13 0 0 0 0
1.13667 0 0 0 0
1.14333 0 0 0 0
1.15 0 0 0 0
1.15667 0 0 0 0
1.16333 0 0 0 0
1.17 0 0 0 0
1.17667 0 0 0 0
1.18333 0 0 0 0
1.19 0 0 0 0
1.19667 0 0 0 0
1.20333 0 0 0 0
1.21 0 0 0 0
1.21667 0 0 0 0
1.22333 0 0 0 0
1.23 0 0 0 0
1.23667 0 0 0 0
1.24333 0 0 0 0
1.25 0 0 0 0
1.25667 0 0 0 0
1.26333 0 0 0 0
1.27 0 0 0 0
1.27667 0 0 0 0
1.28333 0 0 0 0
1.29 0 0 0 0
1.29667 0 0 0 0
1.30333 0 0 0 0
1.31 0 0 0 0
1.31667 0 0 0 0
1.32333 0 0 0 0
1.33 0 0 0 0
1.33667 0 0 0 0
1.34333 0 0 0 0
1.35 0 0 0 0
1.35667 0 0 0 0
1.36333 0 0 0 0
1.37 0 0 0 0
1.37667 0 0 0 0
1.38333 0 0 0 0
1.39 0 0 0 0
1.39667 0 0 0 0
1.40333 0 0 0 0
1.41 0 0 0 0
1.41667 0 0 0 0
1.42333 0 0 0 0
1.43 0 0 0 0
1.43667 0 0 0 0
1.44333 0 0 0 0
1.45 0 0 0 0
1.45667 0 0 0 0
1.46333 0 0 0 0
1.47 0 0 0 0
1.47667 0 0 0 0
1.48333 0 0 0 0
1.49 0 0 0 0
1.49667 0 0 0 0
1.50333 0 0 0 0
1.51 0 0 0 0
1.51667 0 0 0 0
1.52333 0 0 0 0
1.53 0 0 0 0
1.53667 0 0 0 0
1.54333 0 0 0 0
1.55 0 0 0 0
1.55667 0 0 0 0
1.56333 0 0 0 0
1.57 0 0 0 0
1.57667 0 0 0 0
1.58333 0 0 0 0
1.59 0 0 0 0
1.59667 0 0 0 0
1.60333 0 0 0 0
1.61 0 0 0 0
1.61667 0 0 0 0
1.62333 0 0 0 0
1.63 0 0 0 0
1.63667 0 0 0 0
1.64333 0 0 0 0
1.65 0 0 0 0
1.65667 0 0 0 0
1.66333 0 0 0 0
1.67 0 0 0 0
1.67667 0 0 0 0
1.68333 0 0 0 0
1.69 0 0 0 0
1.69667 0 0 0 0
1.70333 0 0 0 0
1.71 0 0 0 0
1.71667 0 0 0 0
1.72333 0 0 0 0
1.73 0 0 0 0
1.73667 0 0 0 0
1.74333 0 0 0 0
1.75 0 0 0 0
1.75667 0 0 0 0
1.76333 0 0 0 0
1.77 0 0 0 0
1.77667 0 0 0 0
1.78333 0 0 0 0
1.79 0 0 0 0
1.79667 0 0 0 0
1.80333 0 0 0 0
1.81 0 0 0 0
1.81667 0 0 0 0
1.82333 0 0 0 0
1.83 0 0 0 0
1.83667 0 0 0 0
1.84333 0 0 0 0
1.85 0 0 0 0
1.85667 0 0 0 0
1.86333 0 0 0 0
1.87 0 0 0 0
1.87667 0 0 0 0
1.88333 0 0 0 0
1.89 0 0 0 0
1.89667 0 0 0 0
1.90333 0 0 0 0
1.91 0 0 0 0
1.91667 0 0 0 0
1.92333 0 0 0 0
1.93 0 0 0 0
1.93667 0 0 0 0
1.94333 0 0 0 0
1.95 0 0 0 0
1.95667 0 0 0 0
1.96333 0 0 0 0
1.97 0 0 0 0
1.97667 0 0 0 0
1.98333 0 0 0 0
1.99 0 0 0 0
1.99667 0 0 0 0
