0.00333333 49 27 2 2
0.01 48 36 2 1
0.0166667 53 28 2 1
0.0233333 67 44 2 1
0.03 78 43 4 1
0.0366667 85 68 3 1
0.0433333 130 92 5 0
0.05 135 90 4 5
0.0566667 189 115 8 3
0.0633333 172 119 8 2
0.07 199 166 11 2
0.0766667 180 129 6 1
0.0833333 198 141 8 2
0.09 225 156 11 3
0.0966667 199 130 8 1
0.103333 195 165 10 4
0.11 205 130 11 4
0.116667 210 158 7 3
0.123333 203 125 13 3
0.13 170 131 7 2
0.136667 204 124 3 2
0.143333 147 115 5 2
0.15 159 91 3 4
0.156667 155 112 8 2
0.163333 150 103 10 1
0.17 145 95 4 1
0.176667 144 100 7 3
0.183333 142 97 9 1
0.19 154 106 4 1
0.196667 158 89 3 1
0.203333 121 96 2 1
0.21 154 88 7 1
0.216667 122 83 7 2
0.223333 107 93 4 0
0.23 109 76 6 3
0.236667 107 78 6 5
0.243333 106 77 10 1
0.25 93 63 8 1
0.256667 98 63 8 2
0.263333 92 67 4 0
0.27 111 52 6 2
0.276667 87 75 7 1
0.283333 81 64 5 2
0.29 92 70 10 0
0.296667 79 68 5 2
0.303333 90 63 3 0
0.31 70 65 6 0
0.316667 72 53 6 2
0.323333 64 58 3 1
0.33 82 52 3 1
0.336667 66 52 4 3
0.343333 73 54 1 0
0.35 69 51 4 1
0.356667 52 39 2 0
0.363333 67 48 2 1
0.37 66 39 2 1
0.376667 48 54 5 2
0.383333 60 43 3 0
0.39 67 48 2 1
0.396667 63 44 3 1
0.403333 56 40 5 0
0.41 48 41 7 1
0.416667 48 30 2 3
0.423333 67 40 2 0
0.43 60 41 2 1
0.436667 69 38 2 0
0.443333 57 27 4 0
0.45 64 30 3 0
0.456667 47 33 4 0
0.463333 39 33 1 3
0.47 56 37 4 1
0.476667 42 30 4 1
0.483333 36 22 2 1
0.49 44 28 1 1
0.496667 34 24 0 0
0.503333 36 18 6 1
0.51 28 25 3 0
0.516667 35 16 2 0
0.523333 32 17 1 1
0.53 32 23 3 1
0.536667 26 21 4 0
0.543333 38 20 0 0
0.55 22 15 1 1
0.556667 30 22 4 0
0.563333 23 18 1 0
0.57 27 23 3 1
0.576667 27 20 2 1
0.583333 28 15 0 1
0.59 30 24 4 0
0.596667 30 20 3 1
0.603333 23 20 3 0
0.61 25 18 2 1
0.616667 26 25 3 2
0.623333 34 14 2 2
0.63 26 15 3 2
0.636667 33 22 2 1
0.643333 30 16 2 1
0.65 25 13 2 4
0.656667 22 18 3 0
0.663333 1375 814 54 8
0.67 0 0 0 0
0.676667 0 0 0 0
0.683333 0 0 0 0
0.69 0 0 0 0
0.696667 0 0 0 0
0.703333 0 0 0 0
0.71 0 0 0 0
0.716667 0 0 0 0
0.723333 0 0 0 0
0.73 0 0 0 0
0.736667 0 0 0 0
0.743333 0 0 0 0
0.75 0 0 0 0
0.756667 0 0 0 0
0.763333 0 0 0 0
0.77 0 0 0 0
0.776667 0 0 0 0
0.783333 0 0 0 0
0.79 0 0 0 0
0.796667 0 0 0 0
0.803333 0 0 0 0
0.81 0 0 0 0
0.816667 0 0 0 0
0.823333 0 0 0 0
0.83 0 0 0 0
0.836667 0 0 0 0
0.843333 0 0 0 0
0.85 0 0 0 0
0.856667 0 0 0 0
0.863333 0 0 0 0
0.87 0 0 0 0
0.876667 0 0 0 0
0.883333 0 0 0 0
0.89 0 0 0 0
0.896667 0 0 0 0
0.903333 0 0 0 0
0.91 0 0 0 0
0.916667 0 0 0 0
0.923333 0 0 0 0
0.93 0 0 0 0
0.936667 0 0 0 0
0.943333 0 0 0 0
0.95 0 0 0 0
0.956667 0 0 0 0
0.963333 0 0 0 0
0.97 0 0 0 0
0.976667 0 0 0 0
0.983333 0 0 0 0
0.99 0 0 0 0
0.996667 0 0 0 0
1.00333 0 0 0 0
1.01 0 0 0 0
1.01667 0 0 0 0
1.02333 0 0 0 0
1.03 0 0 0 0
1.03667 0 0 0 0
1.04333 0 0 0 0
1.05 0 0 0 0
1.05667 0 0 0 0
1.06333 0 0 0 0
1.07 0 0 0 0
1.07667 0 0 0 0
1.08333 0 0 0 0
1.09 0 0 0 0
1.09667 0 0 0 0
1.10333 0 0 0 0
1.11 0 0 0 0
1.11667 0 0 0 0
1.12333 0 0 0 0
1.13 0 0 0 0
1.13667 0 0 0 0
1.14333 0 0 0 0
1.15 0 0 0 0
1.15667 0 0 0 0
1.16333 0 0 0 0
1.17 0 0 0 0
1.17667 0 0 0 0
1.18333 0 0 0 0
1.19 0 0 0 0
1.19667 0 0 0 0
1.20333 0 0 0 0
1.21 0 0 0 0
1.21667 0 0 0 0
1.22333 0 0 0 0
1.23 0 0 0 0
1.23667 0 0 0 0
1.24333 0 0 0 0
1.25 0 0 0 0
1.25667 0 0 0 0
1.26333 0 0 0 0
1.27 0 0 0 0
1.27667 0 0 0 0
1.28333 0 0 0 0
1.29 0 0 0 0
1.29667 0 0 0 0
1.30333 0 0 0 0
1.31 0 0 0 0
1.31667 0 0 0 0
1.32333 0 0 0 0
1.33 0 0 0 0
1.33667 0 0 0 0
1.34333 0 0 0 0
1.35 0 0 0 0
1.35667 0 0 0 0
1.36333 0 0 0 0
1.37 0 0 0 0
1.37667 0 0 0 0
1.38333 0 0 0 0
1.39 0 0 0 0
1.39667 0 0 0 0
1.40333 0 0 0 0
1.41 0 0 0 0
1.41667 0 0 0 0
1.42333 0 0 0 0
1.43 0 0 0 0
1.43667 0 0 0 0
1.44333 0 0 0 0
1.45 0 0 0 0
1.45667 0 0 0 0
1.46333 0 0 0 0
1.47 0 0 0 0
1.47667 0 0 0 0
1.48333 0 0 0 0
1.49 0 0 0 0
1.49667 0 0 0 0
1.50333 0 0 0 0
1.51 0 0 0 0
1.51667 0 0 0 0
1.52333 0 0 0 0
1.53 0 0 0 0
1.53667 0 0 0 0
1.54333 0 0 0 0
1.55 0 0 0 0
1.55667 0 0 0 0
1.56333 0 0 0 0
1.57 0 0 0 0
1.57667 0 0 0 0
1.58333 0 0 0 0
1.59 0 0 0 0
1.59667 0 0 0 0
1.60333 0 0 0 0
1.61 0 0 0 0
1.61667 0 0 0 0
1.62333 0 0 0 0
1.63 0 0 0 0
1.63667 0 0 0 0
1.64333 0 0 0 0
1.65 0 0 0 0
1.65667 0 0 0 0
1.66333 0 0 0 0
1.67 0 0 0 0
1.67667 0 0 0 0
1.68333 0 0 0 0
1.69 0 0 0 0
1.69667 0 0 0 0
1.70333 0 0 0 0
1.71 0 0 0 0
1.71667 0 0 0 0
1.72333 0 0 0 0
1.73 0 0 0 0
1.73667 0 0 0 0
1.74333 0 0 0 0
1.75 0 0 0 0
1.75667 0 0 0 0
1.76333 0 0 0 0
1.77 0 0 0 0
1.77667 0 0 0 0
1.78333 0 0 0 0
1.79 0 0 0 0
1.79667 0 0 0 0
1.80333 0 0 0 0
1.81 0 0 0 0
1.81667 0 0 0 0
1.82333 0 0 0 0
1.83 0 0 0 0
1.83667 0 0 0 0
1.84333 0 0 0 0
1.85 0 0 0 0
1.85667 0 0 0 0
1.86333 0 0 0 0
1.87 0 0 0 0
1.87667 0 0 0 0
1.88333 0 0 0 0
1.89 0 0 0 0
1.89667 0 0 0 0
1.90333 0 0 0 0
1.91 0 0 0 0
1.91667 0 0 0 0
1.92333 0 0 0 0
1.93 0 0 0 0
1.93667 0 0 0 0
1.94333 0 0 0 0
1.95 0 0 0 0
1.95667 0 0 0 0
1.96333 0 0 0 0
1.97 0 0 0 0
1.97667 0 0 0 0
1.98333 0 0 0 0
1.99 0 0 0 0
1.99667 0 0 0 0
