0.00333333 2 18 62 5
0.01 4 38 75 7
0.0166667 3 26 68 12
0.0233333 9 28 63 11
0.03 6 33 89 15
0.0366667 7 43 89 16
0.0433333 6 60 113 16
0.05 9 66 142 21
0.0566667 11 77 162 23
0.0633333 12 80 168 27
0.07 9 82 203 34
0.0766667 10 98 219 34
0.0833333 14 87 211 30
0.09 15 91 223 28
0.0966667 8 73 240 31
0.103333 22 90 190 32
0.11 14 63 237 20
0.116667 10 85 233 25
0.123333 20 81 211 27
0.13 11 82 230 23
0.136667 9 66 193 21
0.143333 10 75 208 22
0.15 10 60 178 18
0.156667 10 69 222 11
0.163333 6 77 184 13
0.17 14 61 186 14
0.176667 4 61 187 26
0.183333 12 70 172 15
0.19 10 68 226 17
0.196667 13 82 199 15
0.203333 8 61 193 16
0.21 8 69 175 20
0.216667 8 56 184 15
0.223333 9 50 156 17
0.23 8 52 167 15
0.236667 5 53 159 15
0.243333 5 70 135 7
0.25 6 32 157 13
0.256667 6 49 131 13
0.263333 6 41 113 7
0.27 5 42 104 13
0.276667 9 43 121 16
0.283333 7 42 103 9
0.29 7 54 92 9
0.296667 2 29 96 13
0.303333 6 27 86 9
0.31 2 40 104 10
0.316667 3 33 82 8
0.323333 8 36 87 11
0.33 6 40 88 7
0.336667 1 38 95 14
0.343333 3 29 85 11
0.35 4 33 92 5
0.356667 5 34 75 13
0.363333 5 28 82 5
0.37 5 33 70 9
0.376667 8 32 75 13
0.383333 6 28 67 3
0.39 1 19 79 11
0.396667 2 23 94 8
0.403333 5 28 64 6
0.41 3 22 67 6
0.416667 1 29 87 6
0.423333 2 25 59 12
0.43 1 27 65 9
0.436667 8 34 79 5
0.443333 2 28 65 10
0.45 3 22 89 9
0.456667 3 26 74 7
0.463333 3 30 67 4
0.47 3 23 69 11
0.476667 3 23 54 8
0.483333 3 12 50 5
0.49 1 13 35 5
0.496667 4 14 37 5
0.503333 4 17 39 6
0.51 0 18 40 3
0.516667 4 18 44 5
0.523333 4 18 24 3
0.53 3 17 36 4
0.536667 4 15 32 5
0.543333 2 9 25 2
0.55 1 17 30 5
0.556667 4 13 25 4
0.563333 2 17 30 3
0.57 3 8 21 2
0.576667 1 22 28 3
0.583333 3 20 32 4
0.59 2 4 23 6
0.596667 3 18 20 11
0.603333 3 13 32 3
0.61 1 19 24 7
0.616667 4 12 22 4
0.623333 2 14 24 3
0.63 2 10 18 2
0.636667 3 17 33 5
0.643333 1 11 20 4
0.65 2 8 26 6
0.656667 1 14 15 2
0.663333 48 606 2241 106
0.67 0 0 0 0
0.676667 0 0 0 0
0.683333 0 0 0 0
0.69 0 0 0 0
0.696667 0 0 0 0
0.703333 0 0 0 0
0.71 0 0 0 0
0.716667 0 0 0 0
0.723333 0 0 0 0
0.73 0 0 0 0
0.736667 0 0 0 0
0.743333 0 0 0 0
0.75 0 0 0 0
0.756667 0 0 0 0
0.763333 0 0 0 0
0.77 0 0 0 0
0.776667 0 0 0 0
0.783333 0 0 0 0
0.79 0 0 0 0
0.796667 0 0 0 0
0.803333 0 0 0 0
0.81 0 0 0 0
0.816667 0 0 0 0
0.823333 0 0 0 0
0.83 0 0 0 0
0.836667 0 0 0 0
0.843333 0 0 0 0
0.85 0 0 0 0
0.856667 0 0 0 0
0.863333 0 0 0 0
0.87 0 0 0 0
0.876667 0 0 0 0
0.883333 0 0 0 0
0.89 0 0 0 0
0.896667 0 0 0 0
0.903333 0 0 0 0
0.91 0 0 0 0
0.916667 0 0 0 0
0.923333 0 0 0 0
0.93 0 0 0 0
0.936667 0 0 0 0
0.943333 0 0 0 0
0.95 0 0 0 0
0.956667 0 0 0 0
0.963333 0 0 0 0
0.97 0 0 0 0
0.976667 0 0 0 0
0.983333 0 0 0 0
0.99 0 0 0 0
0.996667 0 0 0 0
1.00333 0 0 0 0
1.01 0 0 0 0
1.01667 0 0 0 0
1.02333 0 0 0 0
1.03 0 0 0 0
1.03667 0 0 0 0
1.04333 0 0 0 0
1.05 0 0 0 0
1.05667 0 0 0 0
1.06333 0 0 0 0
1.07 0 0 0 0
1.07667 0 0 0 0
1.08333 0 0 0 0
1.09 0 0 0 0
1.09667 0 0 0 0
1.10333 0 0 0 0
1.11 0 0 0 0
1.11667 0 0 0 0
1.12333 0 0 0 0
1.13 0 0 0 0
1.13667 0 0 0 0
1.14333 0 0 0 0
1.15 0 0 0 0
1.15667 0 0 0 0
1.16333 0 0 0 0
1.17 0 0 0 0
1.17667 0 0 0 0
1.18333 0 0 0 0
1.19 0 0 0 0
1.19667 0 0 0 0
1.20333 0 0 0 0
1.21 0 0 0 0
1.21667 0 0 0 0
1.22333 0 0 0 0
1.23 0 0 0 0
1.23667 0 0 0 0
1.24333 0 0 0 0
1.25 0 0 0 0
1.25667 0 0 0 0
1.26333 0 0 0 0
1.27 0 0 0 0
1.27667 0 0 0 0
1.28333 0 0 0 0
1.29 0 0 0 0
1.29667 0 0 0 0
1.30333 0 0 0 0
1.31 0 0 0 0
1.31667 0 0 0 0
1.32333 0 0 0 0
1.33 0 0 0 0
1.33667 0 0 0 0
1.34333 0 0 0 0
1.35 0 0 0 0
1.35667 0 0 0 0
1.36333 0 0 0 0
1.37 0 0 0 0
1.37667 0 0 0 0
1.38333 0 0 0 0
1.39 0 0 0 0
1.39667 0 0 0 0
1.40333 0 0 0 0
1.41 0 0 0 0
1.41667 0 0 0 0
1.42333 0 0 0 0
1.43 0 0 0 0
1.43667 0 0 0 0
1.44333 0 0 0 0
1.45 0 0 0 0
1.45667 0 0 0 0
1.46333 0 0 0 0
1.47 0 0 0 0
1.47667 0 0 0 0
1.48333 0 0 0 0
1.49 0 0 0 0
1.49667 0 0 0 0
1.50333 0 0 0 0
1.51 0 0 0 0
1.51667 0 0 0 0
1.52333 0 0 0 0
1.53 0 0 0 0
1.53667 0 0 0 0
1.54333 0 0 0 0
1.55 0 0 0 0
1.55667 0 0 0 0
1.56333 0 0 0 0
1.57 0 0 0 0
1.57667 0 0 0 0
1.58333 0 0 0 0
1.59 0 0 0 0
1.59667 0 0 0 0
1.60333 0 0 0 0
1.61 0 0 0 0
1.61667 0 0 0 0
1.62333 0 0 0 0
1.63 0 0 0 0
1.63667 0 0 0 0
1.64333 0 0 0 0
1.65 0 0 0 0
1.65667 0 0 0 0
1.66333 0 0 0 0
1.67 0 0 0 0
1.67667 0 0 0 0
1.68333 0 0 0 0
1.69 0 0 0 0
1.69667 0 0 0 0
1.70333 0 0 0 0
1.71 0 0 0 0
1.71667 0 0 0 0
1.72333 0 0 0 0
1.73 0 0 0 0
1.73667 0 0 0 0
1.74333 0 0 0 0
1.75 0 0 0 0
1.75667 0 0 0 0
1.76333 0 0 0 0
1.77 0 0 0 0
1.77667 0 0 0 0
1.78333 0 0 0 0
1.79 0 0 0 0
1.79667 0 0 0 0
1.80333 0 0 0 0
1.81 0 0 0 0
1.81667 0 0 0 0
1.82333 0 0 0 0
1.83 0 0 0 0
1.83667 0 0 0 0
1.84333 0 0 0 0
1.85 0 0 0 0
1.85667 0 0 0 0
1.86333 0 0 0 0
1.87 0 0 0 0
1.87667 0 0 0 0
1.88333 0 0 0 0
1.89 0 0 0 0
1.89667 0 0 0 0
1.90333 0 0 0 0
1.91 0 0 0 0
1.91667 0 0 0 0
1.92333 0 0 0 0
1.93 0 0 0 0
1.93667 0 0 0 0
1.94333 0 0 0 0
1.95 0 0 0 0
1.95667 0 0 0 0
1.96333 0 0 0 0
1.97 0 0 0 0
1.97667 0 0 0 0
1.98333 0 0 0 0
1.99 0 0 0 0
1.99667 0 0 0 0
