0.00333333 8 25 13 1
0.01 13 29 14 10
0.0166667 16 37 22 12
0.0233333 22 31 17 10
0.03 21 33 20 4
0.0366667 23 36 24 13
0.0433333 27 82 44 12
0.05 46 86 38 11
0.0566667 43 121 55 17
0.0633333 43 119 60 15
0.07 37 137 70 19
0.0766667 46 130 61 14
0.0833333 32 145 47 24
0.09 41 132 68 14
0.0966667 43 122 50 19
0.103333 45 114 70 21
0.11 45 115 70 21
0.116667 45 119 57 21
0.123333 42 123 62 15
0.13 41 100 55 18
0.136667 41 94 46 18
0.143333 36 100 35 18
0.15 42 84 41 16
0.156667 43 98 48 12
0.163333 39 83 40 19
0.17 46 67 34 19
0.176667 37 89 45 12
0.183333 42 84 51 25
0.19 37 85 44 22
0.196667 39 87 41 13
0.203333 40 69 48 17
0.21 33 75 36 13
0.216667 23 78 25 17
0.223333 31 69 34 13
0.23 26 69 28 15
0.236667 33 65 37 14
0.243333 28 64 22 16
0.25 26 54 26 6
0.256667 28 56 31 13
0.263333 31 48 37 12
0.27 19 61 25 11
0.276667 33 49 36 7
0.283333 25 46 24 12
0.29 28 46 33 8
0.296667 22 46 18 6
0.303333 20 40 20 11
0.31 30 47 14 6
0.316667 19 46 21 9
0.323333 17 43 22 9
0.33 19 35 17 6
0.336667 11 62 29 18
0.343333 17 45 15 9
0.35 12 36 24 7
0.356667 17 43 21 9
0.363333 23 40 19 6
0.37 13 37 23 3
0.376667 15 41 22 9
0.383333 23 33 13 8
0.39 26 33 14 3
0.396667 18 37 13 9
0.403333 6 35 13 7
0.41 16 31 19 5
0.416667 14 39 15 2
0.423333 16 36 16 7
0.43 13 43 22 10
0.436667 12 34 16 7
0.443333 14 27 13 13
0.45 12 32 12 6
0.456667 14 31 19 7
0.463333 16 24 9 12
0.47 17 31 14 4
0.476667 19 23 8 8
0.483333 17 15 16 6
0.49 8 16 12 5
0.496667 12 19 11 6
0.503333 10 20 12 6
0.51 6 25 10 6
0.516667 6 12 8 5
0.523333 7 22 8 5
0.53 7 19 10 3
0.536667 7 25 10 5
0.543333 15 20 12 6
0.55 5 23 11 2
0.556667 11 11 12 4
0.563333 5 20 11 5
0.57 10 20 7 7
0.576667 9 22 10 5
0.583333 7 24 6 6
0.59 4 26 14 5
0.596667 11 17 13 3
0.603333 13 17 7 1
0.61 7 13 8 5
0.616667 6 6 8 3
0.623333 10 15 8 6
0.63 9 20 10 4
0.636667 6 15 6 4
0.643333 10 13 12 5
0.65 4 17 5 3
0.656667 5 12 6 6
0.663333 340 626 279 157
0.67 0 0 0 0
0.676667 0 0 0 0
0.683333 0 0 0 0
0.69 0 0 0 0
0.696667 0 0 0 0
0.703333 0 0 0 0
0.71 0 0 0 0
0.716667 0 0 0 0
0.723333 0 0 0 0
0.73 0 0 0 0
0.736667 0 0 0 0
0.743333 0 0 0 0
0.75 0 0 0 0
0.756667 0 0 0 0
0.763333 0 0 0 0
0.77 0 0 0 0
0.776667 0 0 0 0
0.783333 0 0 0 0
0.79 0 0 0 0
0.796667 0 0 0 0
0.803333 0 0 0 0
0.81 0 0 0 0
0.816667 0 0 0 0
0.823333 0 0 0 0
0.83 0 0 0 0
0.836667 0 0 0 0
0.843333 0 0 0 0
0.85 0 0 0 0
0.856667 0 0 0 0
0.863333 0 0 0 0
0.87 0 0 0 0
0.876667 0 0 0 0
0.883333 0 0 0 0
0.89 0 0 0 0
0.896667 0 0 0 0
0.903333 0 0 0 0
0.91 0 0 0 0
0.916667 0 0 0 0
0.923333 0 0 0 0
0.93 0 0 0 0
0.936667 0 0 0 0
0.943333 0 0 0 0
0.95 0 0 0 0
0.956667 0 0 0 0
0.963333 0 0 0 0
0.97 0 0 0 0
0.976667 0 0 0 0
0.983333 0 0 0 0
0.99 0 0 0 0
0.996667 0 0 0 0
1.00333 0 0 0 0
1.01 0 0 0 0
1.01667 0 0 0 0
1.02333 0 0 0 0
1.03 0 0 0 0
1.03667 0 0 0 0
1.04333 0 0 0 0
1.05 0 0 0 0
1.05667 0 0 0 0
1.06333 0 0 0 0
1.07 0 0 0 0
1.07667 0 0 0 0
1.08333 0 0 0 0
1.09 0 0 0 0
1.09667 0 0 0 0
1.10333 0 0 0 0
1.11 0 0 0 0
1.11667 0 0 0 0
1.12333 0 0 0 0
1.13 0 0 0 0
1.13667 0 0 0 0
1.14333 0 0 0 0
1.15 0 0 0 0
1.15667 0 0 0 0
1.16333 0 0 0 0
1.17 0 0 0 0
1.17667 0 0 0 0
1.18333 0 0 0 0
1.19 0 0 0 0
1.19667 0 0 0 0
1.20333 0 0 0 0
1.21 0 0 0 0
1.21667 0 0 0 0
1.22333 0 0 0 0
1.23 0 0 0 0
1.23667 0 0 0 0
1.24333 0 0 0 0
1.25 0 0 0 0
1.25667 0 0 0 0
1.26333 0 0 0 0
1.27 0 0 0 0
1.27667 0 0 0 0
1.28333 0 0 0 0
1.29 0 0 0 0
1.29667 0 0 0 0
1.30333 0 0 0 0
1.31 0 0 0 0
1.31667 0 0 0 0
1.32333 0 0 0 0
1.33 0 0 0 0
1.33667 0 0 0 0
1.34333 0 0 0 0
1.35 0 0 0 0
1.35667 0 0 0 0
1.36333 0 0 0 0
1.37 0 0 0 0
1.37667 0 0 0 0
1.38333 0 0 0 0
1.39 0 0 0 0
1.39667 0 0 0 0
1.40333 0 0 0 0
1.41 0 0 0 0
1.41667 0 0 0 0
1.42333 0 0 0 0
1.43 0 0 0 0
1.43667 0 0 0 0
1.44333 0 0 0 0
1.45 0 0 0 0
1.45667 0 0 0 0
1.46333 0 0 0 0
1.47 0 0 0 0
1.47667 0 0 0 0
1.48333 0 0 0 0
1.49 0 0 0 0
1.49667 0 0 0 0
1.50333 0 0 0 0
1.51 0 0 0 0
1.51667 0 0 0 0
1.52333 0 0 0 0
1.53 0 0 0 0
1.53667 0 0 0 0
1.54333 0 0 0 0
1.55 0 0 0 0
1.55667 0 0 0 0
1.56333 0 0 0 0
1.57 0 0 0 0
1.57667 0 0 0 0
1.58333 0 0 0 0
1.59 0 0 0 0
1.59667 0 0 0 0
1.60333 0 0 0 0
1.61 0 0 0 0
1.61667 0 0 0 0
1.62333 0 0 0 0
1.63 0 0 0 0
1.63667 0 0 0 0
1.64333 0 0 0 0
1.65 0 0 0 0
1.65667 0 0 0 0
1.66333 0 0 0 0
1.67 0 0 0 0
1.67667 0 0 0 0
1.68333 0 0 0 0
1.69 0 0 0 0
1.69667 0 0 0 0
1.70333 0 0 0 0
1.71 0 0 0 0
1.71667 0 0 0 0
1.72333 0 0 0 0
1.73 0 0 0 0
1.73667 0 0 0 0
1.74333 0 0 0 0
1.75 0 0 0 0
1.75667 0 0 0 0
1.76333 0 0 0 0
1.77 0 0 0 0
1.77667 0 0 0 0
1.78333 0 0 0 0
1.79 0 0 0 0
1.79667 0 0 0 0
1.80333 0 0 0 0
1.81 0 0 0 0
1.81667 0 0 0 0
1.82333 0 0 0 0
1.83 0 0 0 0
1.83667 0 0 0 0
1.84333 0 0 0 0
1.85 0 0 0 0
1.85667 0 0 0 0
1.86333 0 0 0 0
1.87 0 0 0 0
1.87667 0 0 0 0
1.88333 0 0 0 0
1.89 0 0 0 0
1.89667 0 0 0 0
1.90333 0 0 0 0
1.91 0 0 0 0
1.91667 0 0 0 0
1.92333 0 0 0 0
1.93 0 0 0 0
1.93667 0 0 0 0
1.94333 0 0 0 0
1.95 0 0 0 0
1.95667 0 0 0 0
1.96333 0 0 0 0
1.97 0 0 0 0
1.97667 0 0 0 0
1.98333 0 0 0 0
1.99 0 0 0 0
1.99667 0 0 0 0
