0.00333333 7 37 24 3
0.01 5 50 16 3
0.0166667 12 44 21 7
0.0233333 12 46 36 6
0.03 16 46 25 8
0.0366667 18 65 36 10
0.0433333 20 94 47 17
0.05 34 107 52 16
0.0566667 26 141 69 20
0.0633333 42 151 83 17
0.07 48 162 78 19
0.0766667 35 161 91 22
0.0833333 36 160 77 20
0.09 40 131 105 18
0.0966667 35 170 84 19
0.103333 38 148 96 18
0.11 37 130 97 19
0.116667 37 149 94 13
0.123333 29 153 78 16
0.13 32 164 76 5
0.136667 43 109 84 19
0.143333 18 127 71 6
0.15 21 121 71 14
0.156667 35 90 72 22
0.163333 28 98 54 10
0.17 33 116 62 10
0.176667 35 125 62 11
0.183333 24 112 60 24
0.19 27 98 60 16
0.196667 22 111 68 11
0.203333 24 125 61 9
0.21 23 99 56 14
0.216667 28 90 55 14
0.223333 23 89 69 11
0.23 27 79 43 7
0.236667 25 87 54 10
0.243333 17 61 47 2
0.25 24 93 34 5
0.256667 20 69 38 7
0.263333 17 68 29 10
0.27 24 61 47 13
0.276667 19 77 51 5
0.283333 12 54 39 9
0.29 18 59 39 6
0.296667 18 67 37 11
0.303333 12 57 36 6
0.31 15 67 36 6
0.316667 13 57 33 3
0.323333 17 53 42 10
0.33 17 70 30 7
0.336667 19 59 24 5
0.343333 8 35 33 4
0.35 15 55 36 8
0.356667 13 50 23 6
0.363333 13 54 26 6
0.37 10 35 18 8
0.376667 8 31 24 9
0.383333 18 45 24 3
0.39 9 34 26 4
0.396667 18 50 21 4
0.403333 11 47 25 8
0.41 15 41 28 9
0.416667 15 38 20 6
0.423333 14 37 26 3
0.43 8 34 23 7
0.436667 9 42 25 5
0.443333 13 35 24 6
0.45 8 37 18 5
0.456667 11 34 26 10
0.463333 15 39 26 2
0.47 8 34 24 4
0.476667 13 26 14 5
0.483333 11 24 15 9
0.49 8 24 16 5
0.496667 8 18 13 2
0.503333 12 17 15 1
0.51 7 25 20 3
0.516667 7 25 10 3
0.523333 7 19 13 3
0.53 9 29 10 4
0.536667 5 18 11 3
0.543333 7 22 16 6
0.55 4 20 16 2
0.556667 6 19 14 4
0.563333 6 23 15 6
0.57 2 21 11 3
0.576667 5 13 12 4
0.583333 1 18 15 5
0.59 4 21 7 1
0.596667 8 16 21 3
0.603333 7 17 12 3
0.61 2 12 9 2
0.616667 3 16 11 4
0.623333 6 20 7 3
0.63 10 19 11 5
0.636667 8 19 9 2
0.643333 5 12 7 5
0.65 5 24 15 2
0.656667 4 14 15 2
0.663333 178 788 561 65
0.67 0 0 0 0
0.676667 0 0 0 0
0.683333 0 0 0 0
0.69 0 0 0 0
0.696667 0 0 0 0
0.703333 0 0 0 0
0.71 0 0 0 0
0.716667 0 0 0 0
0.723333 0 0 0 0
0.73 0 0 0 0
0.736667 0 0 0 0
0.743333 0 0 0 0
0.75 0 0 0 0
0.756667 0 0 0 0
0.763333 0 0 0 0
0.77 0 0 0 0
0.776667 0 0 0 0
0.783333 0 0 0 0
0.79 0 0 0 0
0.796667 0 0 0 0
0.803333 0 0 0 0
0.81 0 0 0 0
0.816667 0 0 0 0
0.823333 0 0 0 0
0.83 0 0 0 0
0.836667 0 0 0 0
0.843333 0 0 0 0
0.85 0 0 0 0
0.856667 0 0 0 0
0.863333 0 0 0 0
0.87 0 0 0 0
0.876667 0 0 0 0
0.883333 0 0 0 0
0.89 0 0 0 0
0.896667 0 0 0 0
0.903333 0 0 0 0
0.91 0 0 0 0
0.916667 0 0 0 0
0.923333 0 0 0 0
0.93 0 0 0 0
0.936667 0 0 0 0
0.943333 0 0 0 0
0.95 0 0 0 0
0.956667 0 0 0 0
0.963333 0 0 0 0
0.97 0 0 0 0
0.976667 0 0 0 0
0.983333 0 0 0 0
0.99 0 0 0 0
0.996667 0 0 0 0
1.00333 0 0 0 0
1.01 0 0 0 0
1.01667 0 0 0 0
1.02333 0 0 0 0
1.03 0 0 0 0
1.03667 0 0 0 0
1.04333 0 0 0 0
1.05 0 0 0 0
1.05667 0 0 0 0
1.06333 0 0 0 0
1.07 0 0 0 0
1.07667 0 0 0 0
1.08333 0 0 0 0
1.09 0 0 0 0
1.09667 0 0 0 0
1.10333 0 0 0 0
1.11 0 0 0 0
1.11667 0 0 0 0
1.12333 0 0 0 0
1.13 0 0 0 0
1.13667 0 0 0 0
1.14333 0 0 0 0
1.15 0 0 0 0
1.15667 0 0 0 0
1.16333 0 0 0 0
1.17 0 0 0 0
1.17667 0 0 0 0
1.18333 0 0 0 0
1.19 0 0 0 0
1.19667 0 0 0 0
1.20333 0 0 0 0
1.21 0 0 0 0
1.21667 0 0 0 0
1.22333 0 0 0 0
1.23 0 0 0 0
1.23667 0 0 0 0
1.24333 0 0 0 0
1.25 0 0 0 0
1.25667 0 0 0 0
1.26333 0 0 0 0
1.27 0 0 0 0
1.27667 0 0 0 0
1.28333 0 0 0 0
1.29 0 0 0 0
1.29667 0 0 0 0
1.30333 0 0 0 0
1.31 0 0 0 0
1.31667 0 0 0 0
1.32333 0 0 0 0
1.33 0 0 0 0
1.33667 0 0 0 0
1.34333 0 0 0 0
1.35 0 0 0 0
1.35667 0 0 0 0
1.36333 0 0 0 0
1.37 0 0 0 0
1.37667 0 0 0 0
1.38333 0 0 0 0
1.39 0 0 0 0
1.39667 0 0 0 0
1.40333 0 0 0 0
1.41 0 0 0 0
1.41667 0 0 0 0
1.42333 0 0 0 0
1.43 0 0 0 0
1.43667 0 0 0 0
1.44333 0 0 0 0
1.45 0 0 0 0
1.45667 0 0 0 0
1.46333 0 0 0 0
1.47 0 0 0 0
1.47667 0 0 0 0
1.48333 0 0 0 0
1.49 0 0 0 0
1.49667 0 0 0 0
1.50333 0 0 0 0
1.51 0 0 0 0
1.51667 0 0 0 0
1.52333 0 0 0 0
1.53 0 0 0 0
1.53667 0 0 0 0
1.54333 0 0 0 0
1.55 0 0 0 0
1.55667 0 0 0 0
1.56333 0 0 0 0
1.57 0 0 0 0
1.57667 0 0 0 0
1.58333 0 0 0 0
1.59 0 0 0 0
1.59667 0 0 0 0
1.60333 0 0 0 0
1.61 0 0 0 0
1.61667 0 0 0 0
1.62333 0 0 0 0
1.63 0 0 0 0
1.63667 0 0 0 0
1.64333 0 0 0 0
1.65 0 0 0 0
1.65667 0 0 0 0
1.66333 0 0 0 0
1.67 0 0 0 0
1.67667 0 0 0 0
1.68333 0 0 0 0
1.69 0 0 0 0
1.69667 0 0 0 0
1.70333 0 0 0 0
1.71 0 0 0 0
1.71667 0 0 0 0
1.72333 0 0 0 0
1.73 0 0 0 0
1.73667 0 0 0 0
1.74333 0 0 0 0
1.75 0 0 0 0
1.75667 0 0 0 0
1.76333 0 0 0 0
1.77 0 0 0 0
1.77667 0 0 0 0
1.78333 0 0 0 0
1.79 0 0 0 0
1.79667 0 0 0 0
1.80333 0 0 0 0
1.81 0 0 0 0
1.81667 0 0 0 0
1.82333 0 0 0 0
1.83 0 0 0 0
1.83667 0 0 0 0
1.84333 0 0 0 0
1.85 0 0 0 0
1.85667 0 0 0 0
1.86333 0 0 0 0
1.87 0 0 0 0
1.87667 0 0 0 0
1.88333 0 0 0 0
1.89 0 0 0 0
1.89667 0 0 0 0
1.90333 0 0 0 0
1.91 0 0 0 0
1.91667 0 0 0 0
1.92333 0 0 0 0
1.93 0 0 0 0
1.93667 0 0 0 0
1.94333 0 0 0 0
1.95 0 0 0 0
1.95667 0 0 0 0
1.96333 0 0 0 0
1.97 0 0 0 0
1.97667 0 0 0 0
1.98333 0 0 0 0
1.99 0 0 0 0
1.99667 0 0 0 0
