0.00333333 2 6 25 52
0.01 5 5 32 46
0.0166667 8 4 34 56
0.0233333 8 2 31 61
0.03 3 4 36 67
0.0366667 8 8 43 67
0.0433333 6 8 66 84
0.05 6 9 92 106
0.0566667 5 14 121 98
0.0633333 7 8 104 110
0.07 11 22 97 126
0.0766667 9 17 112 150
0.0833333 8 17 112 130
0.09 16 13 80 141
0.0966667 12 13 109 136
0.103333 8 16 112 152
0.11 11 20 116 145
0.116667 8 17 104 163
0.123333 8 23 94 143
0.13 8 14 84 157
0.136667 11 19 82 125
0.143333 8 17 76 131
0.15 8 13 69 124
0.156667 9 13 76 123
0.163333 9 13 76 121
0.17 10 11 64 122
0.176667 6 9 70 115
0.183333 11 15 74 147
0.19 12 11 67 195
0.196667 12 9 63 137
0.203333 10 9 73 148
0.21 8 13 66 133
0.216667 8 10 60 146
0.223333 7 16 49 104
0.23 6 9 52 106
0.236667 7 8 68 105
0.243333 8 11 64 101
0.25 4 10 46 104
0.256667 5 8 39 92
0.263333 8 11 55 104
0.27 6 9 40 86
0.276667 7 6 42 88
0.283333 6 8 57 80
0.29 7 9 51 65
0.296667 6 11 42 82
0.303333 2 8 46 89
0.31 4 3 35 57
0.316667 5 8 43 64
0.323333 4 11 43 77
0.33 9 9 34 68
0.336667 7 7 35 62
0.343333 7 10 41 69
0.35 5 6 37 57
0.356667 6 5 34 68
0.363333 4 7 30 59
0.37 4 9 43 72
0.376667 4 8 25 55
0.383333 3 6 29 64
0.39 5 5 27 68
0.396667 0 5 25 63
0.403333 6 5 35 65
0.41 4 8 27 56
0.416667 5 5 31 59
0.423333 5 11 39 57
0.43 3 6 23 50
0.436667 6 4 20 53
0.443333 6 6 33 61
0.45 6 5 32 48
0.456667 5 5 28 60
0.463333 8 6 29 57
0.47 7 7 29 53
0.476667 4 10 19 57
0.483333 6 2 23 30
0.49 0 4 19 36
0.496667 5 4 19 24
0.503333 6 3 25 27
0.51 8 0 18 24
0.516667 2 5 13 29
0.523333 6 3 18 26
0.53 3 4 16 21
0.536667 3 6 13 22
0.543333 4 4 17 19
0.55 0 7 20 26
0.556667 1 5 21 22
0.563333 2 2 21 30
0.57 4 6 16 22
0.576667 2 6 12 17
0.583333 3 2 12 31
0.59 5 5 12 18
0.596667 5 2 19 15
0.603333 6 1 13 20
0.61 5 1 23 14
0.616667 3 1 11 20
0.623333 2 6 18 21
0.63 4 7 16 22
0.636667 2 5 6 28
0.643333 3 4 14 17
0.65 4 3 20 24
0.656667 4 3 12 12
0.663333 183 93 506 2134
0.67 0 0 0 0
0.676667 0 0 0 0
0.683333 0 0 0 0
0.69 0 0 0 0
0.696667 0 0 0 0
0.703333 0 0 0 0
0.71 0 0 0 0
0.716667 0 0 0 0
0.723333 0 0 0 0
0.73 0 0 0 0
0.736667 0 0 0 0
0.743333 0 0 0 0
0.75 0 0 0 0
0.756667 0 0 0 0
0.763333 0 0 0 0
0.77 0 0 0 0
0.776667 0 0 0 0
0.783333 0 0 0 0
0.79 0 0 0 0
0.796667 0 0 0 0
0.803333 0 0 0 0
0.81 0 0 0 0
0.816667 0 0 0 0
0.823333 0 0 0 0
0.83 0 0 0 0
0.836667 0 0 0 0
0.843333 0 0 0 0
0.85 0 0 0 0
0.856667 0 0 0 0
0.863333 0 0 0 0
0.87 0 0 0 0
0.876667 0 0 0 0
0.883333 0 0 0 0
0.89 0 0 0 0
0.896667 0 0 0 0
0.903333 0 0 0 0
0.91 0 0 0 0
0.916667 0 0 0 0
0.923333 0 0 0 0
0.93 0 0 0 0
0.936667 0 0 0 0
0.943333 0 0 0 0
0.95 0 0 0 0
0.956667 0 0 0 0
0.963333 0 0 0 0
0.97 0 0 0 0
0.976667 0 0 0 0
0.983333 0 0 0 0
0.99 0 0 0 0
0.996667 0 0 0 0
1.00333 0 0 0 0
1.01 0 0 0 0
1.01667 0 0 0 0
1.02333 0 0 0 0
1.03 0 0 0 0
1.03667 0 0 0 0
1.04333 0 0 0 0
1.05 0 0 0 0
1.05667 0 0 0 0
1.06333 0 0 0 0
1.07 0 0 0 0
1.07667 0 0 0 0
1.08333 0 0 0 0
1.09 0 0 0 0
1.09667 0 0 0 0
1.10333 0 0 0 0
1.11 0 0 0 0
1.11667 0 0 0 0
1.12333 0 0 0 0
1.13 0 0 0 0
1.13667 0 0 0 0
1.14333 0 0 0 0
1.15 0 0 0 0
1.15667 0 0 0 0
1.16333 0 0 0 0
1.17 0 0 0 0
1.17667 0 0 0 0
1.18333 0 0 0 0
1.19 0 0 0 0
1.19667 0 0 0 0
1.20333 0 0 0 0
1.21 0 0 0 0
1.21667 0 0 0 0
1.22333 0 0 0 0
1.23 0 0 0 0
1.23667 0 0 0 0
1.24333 0 0 0 0
1.25 0 0 0 0
1.25667 0 0 0 0
1.26333 0 0 0 0
1.27 0 0 0 0
1.27667 0 0 0 0
1.28333 0 0 0 0
1.29 0 0 0 0
1.29667 0 0 0 0
1.30333 0 0 0 0
1.31 0 0 0 0
1.31667 0 0 0 0
1.32333 0 0 0 0
1.33 0 0 0 0
1.33667 0 0 0 0
1.34333 0 0 0 0
1.35 0 0 0 0
1.35667 0 0 0 0
1.36333 0 0 0 0
1.37 0 0 0 0
1.37667 0 0 0 0
1.38333 0 0 0 0
1.39 0 0 0 0
1.39667 0 0 0 0
1.40333 0 0 0 0
1.41 0 0 0 0
1.41667 0 0 0 0
1.42333 0 0 0 0
1.43 0 0 0 0
1.43667 0 0 0 0
1.44333 0 0 0 0
1.45 0 0 0 0
1.45667 0 0 0 0
1.46333 0 0 0 0
1.47 0 0 0 0
1.47667 0 0 0 0
1.48333 0 0 0 0
1.49 0 0 0 0
1.49667 0 0 0 0
1.50333 0 0 0 0
1.51 0 0 0 0
1.51667 0 0 0 0
1.52333 0 0 0 0
1.53 0 0 0 0
1.53667 0 0 0 0
1.54333 0 0 0 0
1.55 0 0 0 0
1.55667 0 0 0 0
1.56333 0 0 0 0
1.57 0 0 0 0
1.57667 0 0 0 0
1.58333 0 0 0 0
1.59 0 0 0 0
1.59667 0 0 0 0
1.60333 0 0 0 0
1.61 0 0 0 0
1.61667 0 0 0 0
1.62333 0 0 0 0
1.63 0 0 0 0
1.63667 0 0 0 0
1.64333 0 0 0 0
1.65 0 0 0 0
1.65667 0 0 0 0
1.66333 0 0 0 0
1.67 0 0 0 0
1.67667 0 0 0 0
1.68333 0 0 0 0
1.69 0 0 0 0
1.69667 0 0 0 0
1.70333 0 0 0 0
1.71 0 0 0 0
1.71667 0 0 0 0
1.72333 0 0 0 0
1.73 0 0 0 0
1.73667 0 0 0 0
1.74333 0 0 0 0
1.75 0 0 0 0
1.75667 0 0 0 0
1.76333 0 0 0 0
1.77 0 0 0 0
1.77667 0 0 0 0
1.78333 0 0 0 0
1.79 0 0 0 0
1.79667 0 0 0 0
1.80333 0 0 0 0
1.81 0 0 0 0
1.81667 0 0 0 0
1.82333 0 0 0 0
1.83 0 0 0 0
1.83667 0 0 0 0
1.84333 0 0 0 0
1.85 0 0 0 0
1.85667 0 0 0 0
1.86333 0 0 0 0
1.87 0 0 0 0
1.87667 0 0 0 0
1.88333 0 0 0 0
1.89 0 0 0 0
1.89667 0 0 0 0
1.90333 0 0 0 0
1.91 0 0 0 0
1.91667 0 0 0 0
1.92333 0 0 0 0
1.93 0 0 0 0
1.93667 0 0 0 0
1.94333 0 0 0 0
1.95 0 0 0 0
1.95667 0 0 0 0
1.96333 0 0 0 0
1.97 0 0 0 0
1.97667 0 0 0 0
1.98333 0 0 0 0
1.99 0 0 0 0
1.99667 0 0 0 0
