0.00333333 2 16 38 18
0.01 2 3 39 24
0.0166667 5 10 53 21
0.0233333 4 17 36 37
0.03 5 26 65 24
0.0366667 4 24 70 29
0.0433333 10 21 112 56
0.05 10 28 132 55
0.0566667 19 39 150 71
0.0633333 9 43 174 76
0.07 20 53 196 89
0.0766667 8 37 176 77
0.0833333 12 49 182 91
0.09 14 35 170 90
0.0966667 16 62 191 98
0.103333 16 43 181 75
0.11 16 42 187 65
0.116667 17 37 196 95
0.123333 17 49 152 74
0.13 14 40 150 75
0.136667 9 39 146 72
0.143333 16 20 133 53
0.15 9 33 131 66
0.156667 9 30 140 58
0.163333 12 21 127 77
0.17 11 22 107 57
0.176667 10 31 128 64
0.183333 14 24 116 60
0.19 8 39 127 56
0.196667 11 42 111 64
0.203333 15 32 125 56
0.21 6 27 99 50
0.216667 7 17 106 57
0.223333 11 24 84 52
0.23 6 26 98 43
0.236667 7 25 87 60
0.243333 7 27 89 44
0.25 6 22 89 48
0.256667 2 22 74 44
0.263333 13 17 62 48
0.27 5 20 84 39
0.276667 6 28 81 40
0.283333 8 23 79 28
0.29 7 10 80 35
0.296667 4 18 69 39
0.303333 9 17 74 36
0.31 5 12 64 28
0.316667 6 17 56 33
0.323333 8 11 58 36
0.33 3 11 46 41
0.336667 2 16 53 37
0.343333 3 13 47 26
0.35 3 9 56 23
0.356667 5 10 59 25
0.363333 1 12 52 22
0.37 4 12 34 24
0.376667 5 22 50 26
0.383333 3 23 48 28
0.39 3 18 45 20
0.396667 7 10 41 16
0.403333 3 10 49 19
0.41 2 14 49 16
0.416667 5 9 50 30
0.423333 5 14 38 14
0.43 2 13 50 25
0.436667 4 6 49 20
0.443333 7 13 46 28
0.45 3 17 45 25
0.456667 1 4 36 31
0.463333 2 10 32 26
0.47 6 10 43 18
0.476667 5 16 38 25
0.483333 8 7 30 20
0.49 2 9 31 12
0.496667 3 8 22 10
0.503333 5 7 27 11
0.51 3 9 21 14
0.516667 1 9 27 15
0.523333 4 12 28 17
0.53 3 10 21 11
0.536667 3 8 27 18
0.543333 3 3 23 13
0.55 2 17 20 8
0.556667 2 8 28 14
0.563333 1 10 20 8
0.57 3 10 20 10
0.576667 7 6 18 15
0.583333 6 10 24 15
0.59 8 13 23 9
0.596667 5 7 21 8
0.603333 2 12 20 7
0.61 4 7 25 15
0.616667 3 5 19 7
0.623333 1 9 17 9
0.63 4 9 19 11
0.636667 4 8 23 5
0.643333 3 7 19 8
0.65 2 3 13 13
0.656667 1 7 24 8
0.663333 79 249 961 562
0.67 0 0 0 0
0.676667 0 0 0 0
0.683333 0 0 0 0
0.69 0 0 0 0
0.696667 0 0 0 0
0.703333 0 0 0 0
0.71 0 0 0 0
0.716667 0 0 0 0
0.723333 0 0 0 0
0.73 0 0 0 0
0.736667 0 0 0 0
0.743333 0 0 0 0
0.75 0 0 0 0
0.756667 0 0 0 0
0.763333 0 0 0 0
0.77 0 0 0 0
0.776667 0 0 0 0
0.783333 0 0 0 0
0.79 0 0 0 0
0.796667 0 0 0 0
0.803333 0 0 0 0
0.81 0 0 0 0
0.816667 0 0 0 0
0.823333 0 0 0 0
0.83 0 0 0 0
0.836667 0 0 0 0
0.843333 0 0 0 0
0.85 0 0 0 0
0.856667 0 0 0 0
0.863333 0 0 0 0
0.87 0 0 0 0
0.876667 0 0 0 0
0.883333 0 0 0 0
0.89 0 0 0 0
0.896667 0 0 0 0
0.903333 0 0 0 0
0.91 0 0 0 0
0.916667 0 0 0 0
0.923333 0 0 0 0
0.93 0 0 0 0
0.936667 0 0 0 0
0.943333 0 0 0 0
0.95 0 0 0 0
0.956667 0 0 0 0
0.963333 0 0 0 0
0.97 0 0 0 0
0.976667 0 0 0 0
0.983333 0 0 0 0
0.99 0 0 0 0
0.996667 0 0 0 0
1.00333 0 0 0 0
1.01 0 0 0 0
1.01667 0 0 0 0
1.02333 0 0 0 0
1.03 0 0 0 0
1.03667 0 0 0 0
1.04333 0 0 0 0
1.05 0 0 0 0
1.05667 0 0 0 0
1.06333 0 0 0 0
1.07 0 0 0 0
1.07667 0 0 0 0
1.08333 0 0 0 0
1.09 0 0 0 0
1.09667 0 0 0 0
1.10333 0 0 0 0
1.11 0 0 0 0
1.11667 0 0 0 0
1.12333 0 0 0 0
1.13 0 0 0 0
1.13667 0 0 0 0
1.14333 0 0 0 0
1.15 0 0 0 0
1.15667 0 0 0 0
1.16333 0 0 0 0
1.17 0 0 0 0
1.17667 0 0 0 0
1.18333 0 0 0 0
1.19 0 0 0 0
1.19667 0 0 0 0
1.20333 0 0 0 0
1.21 0 0 0 0
1.21667 0 0 0 0
1.22333 0 0 0 0
1.23 0 0 0 0
1.23667 0 0 0 0
1.24333 0 0 0 0
1.25 0 0 0 0
1.25667 0 0 0 0
1.26333 0 0 0 0
1.27 0 0 0 0
1.27667 0 0 0 0
1.28333 0 0 0 0
1.29 0 0 0 0
1.29667 0 0 0 0
1.30333 0 0 0 0
1.31 0 0 0 0
1.31667 0 0 0 0
1.32333 0 0 0 0
1.33 0 0 0 0
1.33667 0 0 0 0
1.34333 0 0 0 0
1.35 0 0 0 0
1.35667 0 0 0 0
1.36333 0 0 0 0
1.37 0 0 0 0
1.37667 0 0 0 0
1.38333 0 0 0 0
1.39 0 0 0 0
1.39667 0 0 0 0
1.40333 0 0 0 0
1.41 0 0 0 0
1.41667 0 0 0 0
1.42333 0 0 0 0
1.43 0 0 0 0
1.43667 0 0 0 0
1.44333 0 0 0 0
1.45 0 0 0 0
1.45667 0 0 0 0
1.46333 0 0 0 0
1.47 0 0 0 0
1.47667 0 0 0 0
1.48333 0 0 0 0
1.49 0 0 0 0
1.49667 0 0 0 0
1.50333 0 0 0 0
1.51 0 0 0 0
1.51667 0 0 0 0
1.52333 0 0 0 0
1.53 0 0 0 0
1.53667 0 0 0 0
1.54333 0 0 0 0
1.55 0 0 0 0
1.55667 0 0 0 0
1.56333 0 0 0 0
1.57 0 0 0 0
1.57667 0 0 0 0
1.58333 0 0 0 0
1.59 0 0 0 0
1.59667 0 0 0 0
1.60333 0 0 0 0
1.61 0 0 0 0
1.61667 0 0 0 0
1.62333 0 0 0 0
1.63 0 0 0 0
1.63667 0 0 0 0
1.64333 0 0 0 0
1.65 0 0 0 0
1.65667 0 0 0 0
1.66333 0 0 0 0
1.67 0 0 0 0
1.67667 0 0 0 0
1.68333 0 0 0 0
1.69 0 0 0 0
1.69667 0 0 0 0
1.70333 0 0 0 0
1.71 0 0 0 0
1.71667 0 0 0 0
1.72333 0 0 0 0
1.73 0 0 0 0
1.73667 0 0 0 0
1.74333 0 0 0 0
1.75 0 0 0 0
1.75667 0 0 0 0
1.76333 0 0 0 0
1.77 0 0 0 0
1.77667 0 0 0 0
1.78333 0 0 0 0
1.79 0 0 0 0
1.79667 0 0 0 0
1.80333 0 0 0 0
1.81 0 0 0 0
1.81667 0 0 0 0
1.82333 0 0 0 0
1.83 0 0 0 0
1.83667 0 0 0 0
1.84333 0 0 0 0
1.85 0 0 0 0
1.85667 0 0 0 0
1.86333 0 0 0 0
1.87 0 0 0 0
1.87667 0 0 0 0
1.88333 0 0 0 0
1.89 0 0 0 0
1.89667 0 0 0 0
1.90333 0 0 0 0
1.91 0 0 0 0
1.91667 0 0 0 0
1.92333 0 0 0 0
1.93 0 0 0 0
1.93667 0 0 0 0
1.94333 0 0 0 0
1.95 0 0 0 0
1.95667 0 0 0 0
1.96333 0 0 0 0
1.97 0 0 0 0
1.97667 0 0 0 0
1.98333 0 0 0 0
1.99 0 0 0 0
1.99667 0 0 0 0
