0.00333333 19 52 8 5
0.01 20 54 17 4
0.0166667 26 53 14 4
0.0233333 19 66 13 8
0.03 26 63 24 3
0.0366667 24 92 27 7
0.0433333 34 132 33 11
0.05 28 159 41 13
0.0566667 63 171 49 12
0.0633333 52 190 49 21
0.07 42 212 63 17
0.0766667 56 207 44 17
0.0833333 54 214 55 22
0.09 48 220 64 19
0.0966667 56 224 57 17
0.103333 73 203 60 22
0.11 57 195 61 15
0.116667 63 207 50 16
0.123333 58 207 47 18
0.13 49 210 47 16
0.136667 55 176 40 23
0.143333 49 181 38 12
0.15 57 190 49 20
0.156667 52 145 41 10
0.163333 47 158 39 14
0.17 42 144 36 20
0.176667 47 130 38 8
0.183333 48 162 30 11
0.19 39 162 31 15
0.196667 42 151 31 17
0.203333 38 143 33 12
0.21 40 141 42 11
0.216667 35 142 30 15
0.223333 36 131 21 13
0.23 34 123 23 12
0.236667 35 135 28 11
0.243333 26 115 29 11
0.25 42 114 23 6
0.256667 33 111 24 11
0.263333 30 104 23 9
0.27 30 102 23 10
0.276667 28 102 22 9
0.283333 32 92 20 8
0.29 20 100 16 7
0.296667 26 86 15 9
0.303333 24 79 14 11
0.31 26 87 21 5
0.316667 26 90 18 7
0.323333 21 85 22 7
0.33 23 79 24 8
0.336667 16 80 16 6
0.343333 12 60 13 2
0.35 22 64 24 9
0.356667 32 66 16 5
0.363333 26 69 15 8
0.37 22 62 11 7
0.376667 18 69 11 11
0.383333 26 64 16 6
0.39 18 58 21 3
0.396667 20 52 7 10
0.403333 10 58 17 9
0.41 13 66 14 7
0.416667 20 55 15 7
0.423333 15 63 16 4
0.43 16 57 12 7
0.436667 20 68 10 1
0.443333 24 61 16 8
0.45 16 53 16 6
0.456667 17 50 13 9
0.463333 18 45 16 6
0.47 22 75 14 7
0.476667 10 45 9 6
0.483333 12 42 6 5
0.49 9 37 12 3
0.496667 13 40 8 5
0.503333 17 28 7 5
0.51 6 39 12 3
0.516667 11 35 7 4
0.523333 11 25 4 2
0.53 9 28 6 2
0.536667 12 25 6 3
0.543333 13 35 8 3
0.55 7 28 9 4
0.556667 13 32 12 1
0.563333 9 36 3 4
0.57 3 34 9 5
0.576667 12 29 8 7
0.583333 15 33 11 3
0.59 13 41 9 3
0.596667 8 24 10 4
0.603333 8 25 11 3
0.61 8 25 9 2
0.616667 6 20 1 2
0.623333 3 19 5 7
0.63 7 26 5 1
0.636667 12 24 6 2
0.643333 8 19 3 3
0.65 5 26 8 5
0.656667 4 24 6 4
0.663333 420 1504 253 113
0.67 0 0 0 0
0.676667 0 0 0 0
0.683333 0 0 0 0
0.69 0 0 0 0
0.696667 0 0 0 0
0.703333 0 0 0 0
0.71 0 0 0 0
0.716667 0 0 0 0
0.723333 0 0 0 0
0.73 0 0 0 0
0.736667 0 0 0 0
0.743333 0 0 0 0
0.75 0 0 0 0
0.756667 0 0 0 0
0.763333 0 0 0 0
0.77 0 0 0 0
0.776667 0 0 0 0
0.783333 0 0 0 0
0.79 0 0 0 0
0.796667 0 0 0 0
0.803333 0 0 0 0
0.81 0 0 0 0
0.816667 0 0 0 0
0.823333 0 0 0 0
0.83 0 0 0 0
0.836667 0 0 0 0
0.843333 0 0 0 0
0.85 0 0 0 0
0.856667 0 0 0 0
0.863333 0 0 0 0
0.87 0 0 0 0
0.876667 0 0 0 0
0.883333 0 0 0 0
0.89 0 0 0 0
0.896667 0 0 0 0
0.903333 0 0 0 0
0.91 0 0 0 0
0.916667 0 0 0 0
0.923333 0 0 0 0
0.93 0 0 0 0
0.936667 0 0 0 0
0.943333 0 0 0 0
0.95 0 0 0 0
0.956667 0 0 0 0
0.963333 0 0 0 0
0.97 0 0 0 0
0.976667 0 0 0 0
0.983333 0 0 0 0
0.99 0 0 0 0
0.996667 0 0 0 0
1.00333 0 0 0 0
1.01 0 0 0 0
1.01667 0 0 0 0
1.02333 0 0 0 0
1.03 0 0 0 0
1.03667 0 0 0 0
1.04333 0 0 0 0
1.05 0 0 0 0
1.05667 0 0 0 0
1.06333 0 0 0 0
1.07 0 0 0 0
1.07667 0 0 0 0
1.08333 0 0 0 0
1.09 0 0 0 0
1.09667 0 0 0 0
1.10333 0 0 0 0
1.11 0 0 0 0
1.11667 0 0 0 0
1.12333 0 0 0 0
1.13 0 0 0 0
1.13667 0 0 0 0
1.14333 0 0 0 0
1.15 0 0 0 0
1.15667 0 0 0 0
1.16333 0 0 0 0
1.17 0 0 0 0
1.17667 0 0 0 0
1.18333 0 0 0 0
1.19 0 0 0 0
1.19667 0 0 0 0
1.20333 0 0 0 0
1.21 0 0 0 0
1.21667 0 0 0 0
1.22333 0 0 0 0
1.23 0 0 0 0
1.23667 0 0 0 0
1.24333 0 0 0 0
1.25 0 0 0 0
1.25667 0 0 0 0
1.26333 0 0 0 0
1.27 0 0 0 0
1.27667 0 0 0 0
1.28333 0 0 0 0
1.29 0 0 0 0
1.29667 0 0 0 0
1.30333 0 0 0 0
1.31 0 0 0 0
1.31667 0 0 0 0
1.32333 0 0 0 0
1.33 0 0 0 0
1.33667 0 0 0 0
1.34333 0 0 0 0
1.35 0 0 0 0
1.35667 0 0 0 0
1.36333 0 0 0 0
1.37 0 0 0 0
1.37667 0 0 0 0
1.38333 0 0 0 0
1.39 0 0 0 0
1.39667 0 0 0 0
1.40333 0 0 0 0
1.41 0 0 0 0
1.41667 0 0 0 0
1.42333 0 0 0 0
1.43 0 0 0 0
1.43667 0 0 0 0
1.44333 0 0 0 0
1.45 0 0 0 0
1.45667 0 0 0 0
1.46333 0 0 0 0
1.47 0 0 0 0
1.47667 0 0 0 0
1.48333 0 0 0 0
1.49 0 0 0 0
1.49667 0 0 0 0
1.50333 0 0 0 0
1.51 0 0 0 0
1.51667 0 0 0 0
1.52333 0 0 0 0
1.53 0 0 0 0
1.53667 0 0 0 0
1.54333 0 0 0 0
1.55 0 0 0 0
1.55667 0 0 0 0
1.56333 0 0 0 0
1.57 0 0 0 0
1.57667 0 0 0 0
1.58333 0 0 0 0
1.59 0 0 0 0
1.59667 0 0 0 0
1.60333 0 0 0 0
1.61 0 0 0 0
1.61667 0 0 0 0
1.62333 0 0 0 0
1.63 0 0 0 0
1.63667 0 0 0 0
1.64333 0 0 0 0
1.65 0 0 0 0
1.65667 0 0 0 0
1.66333 0 0 0 0
1.67 0 0 0 0
1.67667 0 0 0 0
1.68333 0 0 0 0
1.69 0 0 0 0
1.69667 0 0 0 0
1.70333 0 0 0 0
1.71 0 0 0 0
1.71667 0 0 0 0
1.72333 0 0 0 0
1.73 0 0 0 0
1.73667 0 0 0 0
1.74333 0 0 0 0
1.75 0 0 0 0
1.75667 0 0 0 0
1.76333 0 0 0 0
1.77 0 0 0 0
1.77667 0 0 0 0
1.78333 0 0 0 0
1.79 0 0 0 0
1.79667 0 0 0 0
1.80333 0 0 0 0
1.81 0 0 0 0
1.81667 0 0 0 0
1.82333 0 0 0 0
1.83 0 0 0 0
1.83667 0 0 0 0
1.84333 0 0 0 0
1.85 0 0 0 0
1.85667 0 0 0 0
1.86333 0 0 0 0
1.87 0 0 0 0
1.87667 0 0 0 0
1.88333 0 0 0 0
1.89 0 0 0 0
1.89667 0 0 0 0
1.90333 0 0 0 0
1.91 0 0 0 0
1.91667 0 0 0 0
1.92333 0 0 0 0
1.93 0 0 0 0
1.93667 0 0 0 0
1.94333 0 0 0 0
1.95 0 0 0 0
1.95667 0 0 0 0
1.96333 0 0 0 0
1.97 0 0 0 0
1.97667 0 0 0 0
1.98333 0 0 0 0
1.99 0 0 0 0
1.99667 0 0 0 0
