0.00333333 75 16 1 0
0.01 90 18 1 0
0.0166667 99 22 0 1
0.0233333 99 12 1 1
0.03 99 22 2 0
0.0366667 108 40 1 0
0.0433333 127 18 3 0
0.05 169 41 5 0
0.0566667 191 46 2 0
0.0633333 223 47 2 4
0.07 248 49 4 0
0.0766667 211 56 7 1
0.0833333 246 55 7 2
0.09 253 54 3 4
0.0966667 234 54 2 0
0.103333 236 48 4 2
0.11 257 67 5 1
0.116667 273 58 5 3
0.123333 254 51 6 3
0.13 250 38 2 1
0.136667 262 37 4 1
0.143333 244 33 1 1
0.15 269 32 3 4
0.156667 220 29 2 2
0.163333 215 43 6 2
0.17 221 31 4 2
0.176667 213 30 1 2
0.183333 200 32 3 1
0.19 263 38 3 2
0.196667 234 40 1 1
0.203333 221 34 0 1
0.21 225 29 2 1
0.216667 210 32 3 4
0.223333 213 30 5 1
0.23 215 25 2 0
0.236667 189 28 4 1
0.243333 185 25 1 2
0.25 164 28 2 1
0.256667 157 25 0 1
0.263333 145 26 1 2
0.27 145 28 2 3
0.276667 156 29 2 0
0.283333 146 24 1 1
0.29 138 23 1 1
0.296667 158 36 0 1
0.303333 130 16 1 1
0.31 131 32 2 2
0.316667 109 17 2 1
0.323333 119 15 3 0
0.33 112 25 0 1
0.336667 140 20 3 1
0.343333 131 23 0 2
0.35 121 19 3 3
0.356667 115 20 1 0
0.363333 112 24 2 0
0.37 106 12 3 2
0.376667 106 16 2 0
0.383333 106 15 2 0
0.39 104 13 2 0
0.396667 106 15 0 0
0.403333 90 16 2 0
0.41 106 22 0 1
0.416667 109 26 0 3
0.423333 70 12 0 1
0.43 107 16 2 0
0.436667 108 19 0 0
0.443333 91 14 1 0
0.45 129 19 1 2
0.456667 102 21 1 2
0.463333 113 14 0 0
0.47 91 13 2 0
0.476667 80 20 0 1
0.483333 53 12 2 2
0.49 61 15 1 0
0.496667 54 6 1 0
0.503333 45 9 1 1
0.51 40 10 0 0
0.516667 46 13 0 1
0.523333 43 10 2 0
0.53 42 8 1 0
0.536667 55 9 0 1
0.543333 43 9 4 0
0.55 39 7 1 1
0.556667 46 7 0 0
0.563333 40 11 0 0
0.57 44 11 1 1
0.576667 37 12 4 0
0.583333 47 13 1 0
0.59 30 10 0 1
0.596667 28 8 4 2
0.603333 45 11 0 0
0.61 29 3 1 0
0.616667 45 8 0 0
0.623333 31 7 1 0
0.63 41 6 0 0
0.636667 46 5 1 0
0.643333 27 6 1 0
0.65 34 7 2 1
0.656667 34 7 1 1
0.663333 3198 269 20 13
0.67 0 0 0 0
0.676667 0 0 0 0
0.683333 0 0 0 0
0.69 0 0 0 0
0.696667 0 0 0 0
0.703333 0 0 0 0
0.71 0 0 0 0
0.716667 0 0 0 0
0.723333 0 0 0 0
0.73 0 0 0 0
0.736667 0 0 0 0
0.743333 0 0 0 0
0.75 0 0 0 0
0.756667 0 0 0 0
0.763333 0 0 0 0
0.77 0 0 0 0
0.776667 0 0 0 0
0.783333 0 0 0 0
0.79 0 0 0 0
0.796667 0 0 0 0
0.803333 0 0 0 0
0.81 0 0 0 0
0.816667 0 0 0 0
0.823333 0 0 0 0
0.83 0 0 0 0
0.836667 0 0 0 0
0.843333 0 0 0 0
0.85 0 0 0 0
0.856667 0 0 0 0
0.863333 0 0 0 0
0.87 0 0 0 0
0.876667 0 0 0 0
0.883333 0 0 0 0
0.89 0 0 0 0
0.896667 0 0 0 0
0.903333 0 0 0 0
0.91 0 0 0 0
0.916667 0 0 0 0
0.923333 0 0 0 0
0.93 0 0 0 0
0.936667 0 0 0 0
0.943333 0 0 0 0
0.95 0 0 0 0
0.956667 0 0 0 0
0.963333 0 0 0 0
0.97 0 0 0 0
0.976667 0 0 0 0
0.983333 0 0 0 0
0.99 0 0 0 0
0.996667 0 0 0 0
1.00333 0 0 0 0
1.01 0 0 0 0
1.01667 0 0 0 0
1.02333 0 0 0 0
1.03 0 0 0 0
1.03667 0 0 0 0
1.04333 0 0 0 0
1.05 0 0 0 0
1.05667 0 0 0 0
1.06333 0 0 0 0
1.07 0 0 0 0
1.07667 0 0 0 0
1.08333 0 0 0 0
1.09 0 0 0 0
1.09667 0 0 0 0
1.10333 0 0 0 0
1.11 0 0 0 0
1.11667 0 0 0 0
1.12333 0 0 0 0
1.13 0 0 0 0
1.13667 0 0 0 0
1.14333 0 0 0 0
1.15 0 0 0 0
1.15667 0 0 0 0
1.16333 0 0 0 0
1.17 0 0 0 0
1.17667 0 0 0 0
1.18333 0 0 0 0
1.19 0 0 0 0
1.19667 0 0 0 0
1.20333 0 0 0 0
1.21 0 0 0 0
1.21667 0 0 0 0
1.22333 0 0 0 0
1.23 0 0 0 0
1.23667 0 0 0 0
1.24333 0 0 0 0
1.25 0 0 0 0
1.25667 0 0 0 0
1.26333 0 0 0 0
1.27 0 0 0 0
1.27667 0 0 0 0
1.28333 0 0 0 0
1.29 0 0 0 0
1.29667 0 0 0 0
1.30333 0 0 0 0
1.31 0 0 0 0
1.31667 0 0 0 0
1.32333 0 0 0 0
1.33 0 0 0 0
1.33667 0 0 0 0
1.34333 0 0 0 0
1.35 0 0 0 0
1.35667 0 0 0 0
1.36333 0 0 0 0
1.37 0 0 0 0
1.37667 0 0 0 0
1.38333 0 0 0 0
1.39 0 0 0 0
1.39667 0 0 0 0
1.40333 0 0 0 0
1.41 0 0 0 0
1.41667 0 0 0 0
1.42333 0 0 0 0
1.43 0 0 0 0
1.43667 0 0 0 0
1.44333 0 0 0 0
1.45 0 0 0 0
1.45667 0 0 0 0
1.46333 0 0 0 0
1.47 0 0 0 0
1.47667 0 0 0 0
1.48333 0 0 0 0
1.49 0 0 0 0
1.49667 0 0 0 0
1.50333 0 0 0 0
1.51 0 0 0 0
1.51667 0 0 0 0
1.52333 0 0 0 0
1.53 0 0 0 0
1.53667 0 0 0 0
1.54333 0 0 0 0
1.55 0 0 0 0
1.55667 0 0 0 0
1.56333 0 0 0 0
1.57 0 0 0 0
1.57667 0 0 0 0
1.58333 0 0 0 0
1.59 0 0 0 0
1.59667 0 0 0 0
1.60333 0 0 0 0
1.61 0 0 0 0
1.61667 0 0 0 0
1.62333 0 0 0 0
1.63 0 0 0 0
1.63667 0 0 0 0
1.64333 0 0 0 0
1.65 0 0 0 0
1.65667 0 0 0 0
1.66333 0 0 0 0
1.67 0 0 0 0
1.67667 0 0 0 0
1.68333 0 0 0 0
1.69 0 0 0 0
1.69667 0 0 0 0
1.70333 0 0 0 0
1.71 0 0 0 0
1.71667 0 0 0 0
1.72333 0 0 0 0
1.73 0 0 0 0
1.73667 0 0 0 0
1.74333 0 0 0 0
1.75 0 0 0 0
1.75667 0 0 0 0
1.76333 0 0 0 0
1.77 0 0 0 0
1.77667 0 0 0 0
1.78333 0 0 0 0
1.79 0 0 0 0
1.79667 0 0 0 0
1.80333 0 0 0 0
1.81 0 0 0 0
1.81667 0 0 0 0
1.82333 0 0 0 0
1.83 0 0 0 0
1.83667 0 0 0 0
1.84333 0 0 0 0
1.85 0 0 0 0
1.85667 0 0 0 0
1.86333 0 0 0 0
1.87 0 0 0 0
1.87667 0 0 0 0
1.88333 0 0 0 0
1.89 0 0 0 0
1.89667 0 0 0 0
1.90333 0 0 0 0
1.91 0 0 0 0
1.91667 0 0 0 0
1.92333 0 0 0 0
1.93 0 0 0 0
1.93667 0 0 0 0
1.94333 0 0 0 0
1.95 0 0 0 0
1.95667 0 0 0 0
1.96333 0 0 0 0
1.97 0 0 0 0
1.97667 0 0 0 0
1.98333 0 0 0 0
1.99 0 0 0 0
1.99667 0 0 0 0
