0.00333333 1 15 52 12
0.01 1 19 58 17
0.0166667 2 22 57 24
0.0233333 3 21 46 16
0.03 2 17 71 24
0.0366667 4 14 97 32
0.0433333 6 27 121 38
0.05 4 38 125 56
0.0566667 10 33 175 48
0.0633333 13 53 170 54
0.07 8 46 176 70
0.0766667 7 41 192 74
0.0833333 7 39 202 59
0.09 9 41 177 71
0.0966667 6 46 182 65
0.103333 6 55 203 57
0.11 6 47 210 57
0.116667 10 45 196 73
0.123333 8 48 174 71
0.13 8 62 174 57
0.136667 8 46 173 49
0.143333 3 60 157 56
0.15 9 49 163 56
0.156667 5 48 164 44
0.163333 7 40 159 65
0.17 3 43 142 53
0.176667 1 40 147 42
0.183333 7 38 152 52
0.19 4 56 158 43
0.196667 8 57 150 45
0.203333 2 44 138 49
0.21 11 44 139 35
0.216667 6 37 120 44
0.223333 0 29 140 46
0.23 6 38 114 47
0.236667 6 31 116 44
0.243333 6 29 111 32
0.25 9 21 119 32
0.256667 5 29 94 36
0.263333 4 31 92 35
0.27 6 25 85 42
0.276667 4 15 110 35
0.283333 2 32 90 36
0.29 1 16 92 27
0.296667 3 29 80 36
0.303333 6 17 84 31
0.31 6 31 76 34
0.316667 3 29 66 29
0.323333 2 29 73 29
0.33 4 19 66 20
0.336667 3 23 65 26
0.343333 2 17 73 17
0.35 6 18 87 22
0.356667 3 27 63 24
0.363333 2 25 64 24
0.37 2 22 56 26
0.376667 2 26 69 22
0.383333 5 26 60 24
0.39 1 26 79 26
0.396667 6 23 54 22
0.403333 1 20 56 9
0.41 2 21 58 22
0.416667 3 22 70 17
0.423333 3 19 58 22
0.43 2 16 48 15
0.436667 3 19 43 17
0.443333 6 22 63 22
0.45 5 19 49 26
0.456667 4 17 57 18
0.463333 2 25 52 17
0.47 4 22 62 19
0.476667 2 23 49 21
0.483333 2 15 39 18
0.49 0 15 30 16
0.496667 0 11 39 13
0.503333 2 15 38 12
0.51 0 10 24 16
0.516667 3 15 32 9
0.523333 3 12 33 16
0.53 1 16 25 8
0.536667 0 8 28 13
0.543333 3 13 36 8
0.55 1 8 25 15
0.556667 4 10 27 17
0.563333 3 10 30 7
0.57 2 13 34 12
0.576667 1 8 33 12
0.583333 1 15 35 9
0.59 0 6 13 12
0.596667 1 13 25 15
0.603333 0 12 21 10
0.61 1 8 22 12
0.616667 3 9 20 6
0.623333 2 8 27 9
0.63 3 7 18 14
0.636667 4 6 32 9
0.643333 1 10 34 11
0.65 5 6 37 11
0.656667 1 14 26 6
0.663333 44 650 1494 410
0.67 0 0 0 0
0.676667 0 0 0 0
0.683333 0 0 0 0
0.69 0 0 0 0
0.696667 0 0 0 0
0.703333 0 0 0 0
0.71 0 0 0 0
0.716667 0 0 0 0
0.723333 0 0 0 0
0.73 0 0 0 0
0.736667 0 0 0 0
0.743333 0 0 0 0
0.75 0 0 0 0
0.756667 0 0 0 0
0.763333 0 0 0 0
0.77 0 0 0 0
0.776667 0 0 0 0
0.783333 0 0 0 0
0.79 0 0 0 0
0.796667 0 0 0 0
0.803333 0 0 0 0
0.81 0 0 0 0
0.816667 0 0 0 0
0.823333 0 0 0 0
0.83 0 0 0 0
0.836667 0 0 0 0
0.843333 0 0 0 0
0.85 0 0 0 0
0.856667 0 0 0 0
0.863333 0 0 0 0
0.87 0 0 0 0
0.876667 0 0 0 0
0.883333 0 0 0 0
0.89 0 0 0 0
0.896667 0 0 0 0
0.903333 0 0 0 0
0.91 0 0 0 0
0.916667 0 0 0 0
0.923333 0 0 0 0
0.93 0 0 0 0
0.936667 0 0 0 0
0.943333 0 0 0 0
0.95 0 0 0 0
0.956667 0 0 0 0
0.963333 0 0 0 0
0.97 0 0 0 0
0.976667 0 0 0 0
0.983333 0 0 0 0
0.99 0 0 0 0
0.996667 0 0 0 0
1.00333 0 0 0 0
1.01 0 0 0 0
1.01667 0 0 0 0
1.02333 0 0 0 0
1.03 0 0 0 0
1.03667 0 0 0 0
1.04333 0 0 0 0
1.05 0 0 0 0
1.05667 0 0 0 0
1.06333 0 0 0 0
1.07 0 0 0 0
1.07667 0 0 0 0
1.08333 0 0 0 0
1.09 0 0 0 0
1.09667 0 0 0 0
1.10333 0 0 0 0
1.11 0 0 0 0
1.11667 0 0 0 0
1.12333 0 0 0 0
1.13 0 0 0 0
1.13667 0 0 0 0
1.14333 0 0 0 0
1.15 0 0 0 0
1.15667 0 0 0 0
1.16333 0 0 0 0
1.17 0 0 0 0
1.17667 0 0 0 0
1.18333 0 0 0 0
1.19 0 0 0 0
1.19667 0 0 0 0
1.20333 0 0 0 0
1.21 0 0 0 0
1.21667 0 0 0 0
1.22333 0 0 0 0
1.23 0 0 0 0
1.23667 0 0 0 0
1.24333 0 0 0 0
1.25 0 0 0 0
1.25667 0 0 0 0
1.26333 0 0 0 0
1.27 0 0 0 0
1.27667 0 0 0 0
1.28333 0 0 0 0
1.29 0 0 0 0
1.29667 0 0 0 0
1.30333 0 0 0 0
1.31 0 0 0 0
1.31667 0 0 0 0
1.32333 0 0 0 0
1.33 0 0 0 0
1.33667 0 0 0 0
1.34333 0 0 0 0
1.35 0 0 0 0
1.35667 0 0 0 0
1.36333 0 0 0 0
1.37 0 0 0 0
1.37667 0 0 0 0
1.38333 0 0 0 0
1.39 0 0 0 0
1.39667 0 0 0 0
1.40333 0 0 0 0
1.41 0 0 0 0
1.41667 0 0 0 0
1.42333 0 0 0 0
1.43 0 0 0 0
1.43667 0 0 0 0
1.44333 0 0 0 0
1.45 0 0 0 0
1.45667 0 0 0 0
1.46333 0 0 0 0
1.47 0 0 0 0
1.47667 0 0 0 0
1.48333 0 0 0 0
1.49 0 0 0 0
1.49667 0 0 0 0
1.50333 0 0 0 0
1.51 0 0 0 0
1.51667 0 0 0 0
1.52333 0 0 0 0
1.53 0 0 0 0
1.53667 0 0 0 0
1.54333 0 0 0 0
1.55 0 0 0 0
1.55667 0 0 0 0
1.56333 0 0 0 0
1.57 0 0 0 0
1.57667 0 0 0 0
1.58333 0 0 0 0
1.59 0 0 0 0
1.59667 0 0 0 0
1.60333 0 0 0 0
1.61 0 0 0 0
1.61667 0 0 0 0
1.62333 0 0 0 0
1.63 0 0 0 0
1.63667 0 0 0 0
1.64333 0 0 0 0
1.65 0 0 0 0
1.65667 0 0 0 0
1.66333 0 0 0 0
1.67 0 0 0 0
1.67667 0 0 0 0
1.68333 0 0 0 0
1.69 0 0 0 0
1.69667 0 0 0 0
1.70333 0 0 0 0
1.71 0 0 0 0
1.71667 0 0 0 0
1.72333 0 0 0 0
1.73 0 0 0 0
1.73667 0 0 0 0
1.74333 0 0 0 0
1.75 0 0 0 0
1.75667 0 0 0 0
1.76333 0 0 0 0
1.77 0 0 0 0
1.77667 0 0 0 0
1.78333 0 0 0 0
1.79 0 0 0 0
1.79667 0 0 0 0
1.80333 0 0 0 0
1.81 0 0 0 0
1.81667 0 0 0 0
1.82333 0 0 0 0
1.83 0 0 0 0
1.83667 0 0 0 0
1.84333 0 0 0 0
1.85 0 0 0 0
1.85667 0 0 0 0
1.86333 0 0 0 0
1.87 0 0 0 0
1.87667 0 0 0 0
1.88333 0 0 0 0
1.89 0 0 0 0
1.89667 0 0 0 0
1.90333 0 0 0 0
1.91 0 0 0 0
1.91667 0 0 0 0
1.92333 0 0 0 0
1.93 0 0 0 0
1.93667 0 0 0 0
1.94333 0 0 0 0
1.95 0 0 0 0
1.95667 0 0 0 0
1.96333 0 0 0 0
1.97 0 0 0 0
1.97667 0 0 0 0
1.98333 0 0 0 0
1.99 0 0 0 0
1.99667 0 0 0 0
