0.00333333 9 42 8 5
0.01 9 64 19 5
0.0166667 18 59 33 9
0.0233333 16 64 25 4
0.03 21 61 24 6
0.0366667 24 94 32 8
0.0433333 28 125 37 8
0.05 42 152 60 8
0.0566667 41 173 70 16
0.0633333 52 161 53 13
0.07 48 216 69 14
0.0766667 33 192 97 16
0.0833333 41 198 71 12
0.09 51 197 79 18
0.0966667 38 232 73 14
0.103333 35 214 75 10
0.11 45 185 83 19
0.116667 53 198 85 15
0.123333 40 215 67 13
0.13 36 203 59 18
0.136667 47 173 58 23
0.143333 34 189 51 14
0.15 37 184 68 9
0.156667 39 135 49 15
0.163333 35 150 48 9
0.17 40 141 54 8
0.176667 35 129 55 8
0.183333 44 149 47 16
0.19 28 160 63 15
0.196667 29 160 56 11
0.203333 32 160 56 7
0.21 26 136 56 6
0.216667 29 138 46 18
0.223333 24 152 42 6
0.23 27 112 35 7
0.236667 29 117 41 12
0.243333 29 117 44 8
0.25 28 130 26 7
0.256667 25 98 32 9
0.263333 14 96 35 12
0.27 27 77 38 10
0.276667 29 102 31 4
0.283333 23 81 30 8
0.29 15 87 12 7
0.296667 19 85 26 8
0.303333 18 76 29 9
0.31 18 61 25 2
0.316667 19 77 15 6
0.323333 14 80 27 3
0.33 29 86 31 7
0.336667 15 78 18 5
0.343333 6 64 17 3
0.35 17 75 27 5
0.356667 17 63 28 11
0.363333 18 68 22 6
0.37 10 73 17 6
0.376667 11 53 17 5
0.383333 11 56 23 3
0.39 12 56 26 4
0.396667 14 58 13 5
0.403333 11 59 22 5
0.41 15 70 14 2
0.416667 18 55 21 5
0.423333 18 49 18 3
0.43 12 54 24 6
0.436667 14 66 14 0
0.443333 16 43 20 9
0.45 14 54 18 6
0.456667 7 52 21 12
0.463333 18 54 23 6
0.47 15 67 23 6
0.476667 16 40 13 7
0.483333 9 27 13 6
0.49 8 35 12 5
0.496667 10 31 15 2
0.503333 9 32 14 3
0.51 7 29 13 7
0.516667 7 29 8 4
0.523333 10 32 7 3
0.53 6 27 10 3
0.536667 8 24 4 5
0.543333 7 30 15 4
0.55 6 29 12 4
0.556667 10 24 8 2
0.563333 11 35 8 3
0.57 4 28 9 6
0.576667 5 21 9 2
0.583333 6 21 15 4
0.59 6 27 12 1
0.596667 6 30 18 1
0.603333 8 23 9 3
0.61 6 26 6 1
0.616667 5 12 3 4
0.623333 4 21 6 3
0.63 9 26 7 5
0.636667 9 25 8 4
0.643333 5 18 3 4
0.65 1 33 13 1
0.656667 5 23 13 4
0.663333 243 1337 415 67
0.67 0 0 0 0
0.676667 0 0 0 0
0.683333 0 0 0 0
0.69 0 0 0 0
0.696667 0 0 0 0
0.703333 0 0 0 0
0.71 0 0 0 0
0.716667 0 0 0 0
0.723333 0 0 0 0
0.73 0 0 0 0
0.736667 0 0 0 0
0.743333 0 0 0 0
0.75 0 0 0 0
0.756667 0 0 0 0
0.763333 0 0 0 0
0.77 0 0 0 0
0.776667 0 0 0 0
0.783333 0 0 0 0
0.79 0 0 0 0
0.796667 0 0 0 0
0.803333 0 0 0 0
0.81 0 0 0 0
0.816667 0 0 0 0
0.823333 0 0 0 0
0.83 0 0 0 0
0.836667 0 0 0 0
0.843333 0 0 0 0
0.85 0 0 0 0
0.856667 0 0 0 0
0.863333 0 0 0 0
0.87 0 0 0 0
0.876667 0 0 0 0
0.883333 0 0 0 0
0.89 0 0 0 0
0.896667 0 0 0 0
0.903333 0 0 0 0
0.91 0 0 0 0
0.916667 0 0 0 0
0.923333 0 0 0 0
0.93 0 0 0 0
0.936667 0 0 0 0
0.943333 0 0 0 0
0.95 0 0 0 0
0.956667 0 0 0 0
0.963333 0 0 0 0
0.97 0 0 0 0
0.976667 0 0 0 0
0.983333 0 0 0 0
0.99 0 0 0 0
0.996667 0 0 0 0
1.00333 0 0 0 0
1.01 0 0 0 0
1.01667 0 0 0 0
1.02333 0 0 0 0
1.03 0 0 0 0
1.03667 0 0 0 0
1.04333 0 0 0 0
1.05 0 0 0 0
1.05667 0 0 0 0
1.06333 0 0 0 0
1.07 0 0 0 0
1.07667 0 0 0 0
1.08333 0 0 0 0
1.09 0 0 0 0
1.09667 0 0 0 0
1.10333 0 0 0 0
1.11 0 0 0 0
1.11667 0 0 0 0
1.12333 0 0 0 0
1.13 0 0 0 0
1.13667 0 0 0 0
1.14333 0 0 0 0
1.15 0 0 0 0
1.15667 0 0 0 0
1.16333 0 0 0 0
1.17 0 0 0 0
1.17667 0 0 0 0
1.18333 0 0 0 0
1.19 0 0 0 0
1.19667 0 0 0 0
1.20333 0 0 0 0
1.21 0 0 0 0
1.21667 0 0 0 0
1.22333 0 0 0 0
1.23 0 0 0 0
1.23667 0 0 0 0
1.24333 0 0 0 0
1.25 0 0 0 0
1.25667 0 0 0 0
1.26333 0 0 0 0
1.27 0 0 0 0
1.27667 0 0 0 0
1.28333 0 0 0 0
1.29 0 0 0 0
1.29667 0 0 0 0
1.30333 0 0 0 0
1.31 0 0 0 0
1.31667 0 0 0 0
1.32333 0 0 0 0
1.33 0 0 0 0
1.33667 0 0 0 0
1.34333 0 0 0 0
1.35 0 0 0 0
1.35667 0 0 0 0
1.36333 0 0 0 0
1.37 0 0 0 0
1.37667 0 0 0 0
1.38333 0 0 0 0
1.39 0 0 0 0
1.39667 0 0 0 0
1.40333 0 0 0 0
1.41 0 0 0 0
1.41667 0 0 0 0
1.42333 0 0 0 0
1.43 0 0 0 0
1.43667 0 0 0 0
1.44333 0 0 0 0
1.45 0 0 0 0
1.45667 0 0 0 0
1.46333 0 0 0 0
1.47 0 0 0 0
1.47667 0 0 0 0
1.48333 0 0 0 0
1.49 0 0 0 0
1.49667 0 0 0 0
1.50333 0 0 0 0
1.51 0 0 0 0
1.51667 0 0 0 0
1.52333 0 0 0 0
1.53 0 0 0 0
1.53667 0 0 0 0
1.54333 0 0 0 0
1.55 0 0 0 0
1.55667 0 0 0 0
1.56333 0 0 0 0
1.57 0 0 0 0
1.57667 0 0 0 0
1.58333 0 0 0 0
1.59 0 0 0 0
1.59667 0 0 0 0
1.60333 0 0 0 0
1.61 0 0 0 0
1.61667 0 0 0 0
1.62333 0 0 0 0
1.63 0 0 0 0
1.63667 0 0 0 0
1.64333 0 0 0 0
1.65 0 0 0 0
1.65667 0 0 0 0
1.66333 0 0 0 0
1.67 0 0 0 0
1.67667 0 0 0 0
1.68333 0 0 0 0
1.69 0 0 0 0
1.69667 0 0 0 0
1.70333 0 0 0 0
1.71 0 0 0 0
1.71667 0 0 0 0
1.72333 0 0 0 0
1.73 0 0 0 0
1.73667 0 0 0 0
1.74333 0 0 0 0
1.75 0 0 0 0
1.75667 0 0 0 0
1.76333 0 0 0 0
1.77 0 0 0 0
1.77667 0 0 0 0
1.78333 0 0 0 0
1.79 0 0 0 0
1.79667 0 0 0 0
1.80333 0 0 0 0
1.81 0 0 0 0
1.81667 0 0 0 0
1.82333 0 0 0 0
1.83 0 0 0 0
1.83667 0 0 0 0
1.84333 0 0 0 0
1.85 0 0 0 0
1.85667 0 0 0 0
1.86333 0 0 0 0
1.87 0 0 0 0
1.87667 0 0 0 0
1.88333 0 0 0 0
1.89 0 0 0 0
1.89667 0 0 0 0
1.90333 0 0 0 0
1.91 0 0 0 0
1.91667 0 0 0 0
1.92333 0 0 0 0
1.93 0 0 0 0
1.93667 0 0 0 0
1.94333 0 0 0 0
1.95 0 0 0 0
1.95667 0 0 0 0
1.96333 0 0 0 0
1.97 0 0 0 0
1.97667 0 0 0 0
1.98333 0 0 0 0
1.99 0 0 0 0
1.99667 0 0 0 0
