0.00333333 27 46 3 0
0.01 31 74 3 1
0.0166667 45 76 1 0
0.0233333 35 73 2 0
0.03 49 66 3 1
0.0366667 66 77 1 1
0.0433333 69 92 3 0
0.05 78 92 3 1
0.0566667 108 105 0 2
0.0633333 133 123 2 2
0.07 126 117 6 0
0.0766667 139 140 2 1
0.0833333 119 142 7 2
0.09 149 163 8 0
0.0966667 123 139 6 2
0.103333 140 138 7 0
0.11 134 149 8 0
0.116667 148 133 4 0
0.123333 129 148 2 0
0.13 114 145 5 3
0.136667 113 165 6 1
0.143333 123 148 6 0
0.15 99 114 4 0
0.156667 87 147 5 1
0.163333 103 158 6 0
0.17 91 151 1 3
0.176667 87 151 8 2
0.183333 97 131 9 2
0.19 114 208 11 2
0.196667 103 171 3 1
0.203333 82 179 9 0
0.21 80 169 5 2
0.216667 87 162 3 1
0.223333 95 140 6 0
0.23 103 126 4 1
0.236667 71 121 8 0
0.243333 80 109 5 0
0.25 93 118 10 0
0.256667 68 130 9 0
0.263333 81 103 3 0
0.27 74 92 5 1
0.276667 53 82 1 0
0.283333 63 78 4 0
0.29 43 104 6 0
0.296667 60 92 3 3
0.303333 52 106 0 1
0.31 64 93 0 0
0.316667 61 77 8 0
0.323333 61 83 3 2
0.33 52 66 1 2
0.336667 59 78 5 1
0.343333 59 61 7 0
0.35 49 92 2 0
0.356667 48 68 2 0
0.363333 48 60 4 1
0.37 47 71 2 1
0.376667 48 80 3 0
0.383333 42 57 1 1
0.39 45 83 0 0
0.396667 44 64 3 1
0.403333 44 77 3 0
0.41 40 70 3 2
0.416667 54 51 6 1
0.423333 38 66 6 1
0.43 42 56 2 2
0.436667 49 68 4 0
0.443333 29 76 1 0
0.45 40 64 5 0
0.456667 45 64 2 0
0.463333 40 57 2 1
0.47 36 67 2 0
0.476667 31 64 1 0
0.483333 34 45 5 0
0.49 36 32 1 1
0.496667 33 36 4 2
0.503333 30 27 1 0
0.51 30 20 0 0
0.516667 39 32 6 0
0.523333 30 27 2 1
0.53 29 26 1 0
0.536667 20 30 0 0
0.543333 27 21 1 0
0.55 24 18 0 0
0.556667 23 28 0 0
0.563333 29 15 2 2
0.57 16 28 2 1
0.576667 26 11 1 0
0.583333 23 21 2 0
0.59 23 24 1 1
0.596667 19 16 2 0
0.603333 19 25 1 0
0.61 25 13 1 0
0.616667 21 29 0 0
0.623333 17 21 3 2
0.63 30 21 1 0
0.636667 22 21 2 0
0.643333 11 14 3 0
0.65 19 13 0 0
0.656667 23 20 2 0
0.663333 1087 2563 44 12
0.67 0 0 0 0
0.676667 0 0 0 0
0.683333 0 0 0 0
0.69 0 0 0 0
0.696667 0 0 0 0
0.703333 0 0 0 0
0.71 0 0 0 0
0.716667 0 0 0 0
0.723333 0 0 0 0
0.73 0 0 0 0
0.736667 0 0 0 0
0.743333 0 0 0 0
0.75 0 0 0 0
0.756667 0 0 0 0
0.763333 0 0 0 0
0.77 0 0 0 0
0.776667 0 0 0 0
0.783333 0 0 0 0
0.79 0 0 0 0
0.796667 0 0 0 0
0.803333 0 0 0 0
0.81 0 0 0 0
0.816667 0 0 0 0
0.823333 0 0 0 0
0.83 0 0 0 0
0.836667 0 0 0 0
0.843333 0 0 0 0
0.85 0 0 0 0
0.856667 0 0 0 0
0.863333 0 0 0 0
0.87 0 0 0 0
0.876667 0 0 0 0
0.883333 0 0 0 0
0.89 0 0 0 0
0.896667 0 0 0 0
0.903333 0 0 0 0
0.91 0 0 0 0
0.916667 0 0 0 0
0.923333 0 0 0 0
0.93 0 0 0 0
0.936667 0 0 0 0
0.943333 0 0 0 0
0.95 0 0 0 0
0.956667 0 0 0 0
0.963333 0 0 0 0
0.97 0 0 0 0
0.976667 0 0 0 0
0.983333 0 0 0 0
0.99 0 0 0 0
0.996667 0 0 0 0
1.00333 0 0 0 0
1.01 0 0 0 0
1.01667 0 0 0 0
1.02333 0 0 0 0
1.03 0 0 0 0
1.03667 0 0 0 0
1.04333 0 0 0 0
1.05 0 0 0 0
1.05667 0 0 0 0
1.06333 0 0 0 0
1.07 0 0 0 0
1.07667 0 0 0 0
1.08333 0 0 0 0
1.09 0 0 0 0
1.09667 0 0 0 0
1.10333 0 0 0 0
1.11 0 0 0 0
1.11667 0 0 0 0
1.12333 0 0 0 0
1.13 0 0 0 0
1.13667 0 0 0 0
1.14333 0 0 0 0
1.15 0 0 0 0
1.15667 0 0 0 0
1.16333 0 0 0 0
1.17 0 0 0 0
1.17667 0 0 0 0
1.18333 0 0 0 0
1.19 0 0 0 0
1.19667 0 0 0 0
1.20333 0 0 0 0
1.21 0 0 0 0
1.21667 0 0 0 0
1.22333 0 0 0 0
1.23 0 0 0 0
1.23667 0 0 0 0
1.24333 0 0 0 0
1.25 0 0 0 0
1.25667 0 0 0 0
1.26333 0 0 0 0
1.27 0 0 0 0
1.27667 0 0 0 0
1.28333 0 0 0 0
1.29 0 0 0 0
1.29667 0 0 0 0
1.30333 0 0 0 0
1.31 0 0 0 0
1.31667 0 0 0 0
1.32333 0 0 0 0
1.33 0 0 0 0
1.33667 0 0 0 0
1.34333 0 0 0 0
1.35 0 0 0 0
1.35667 0 0 0 0
1.36333 0 0 0 0
1.37 0 0 0 0
1.37667 0 0 0 0
1.38333 0 0 0 0
1.39 0 0 0 0
1.39667 0 0 0 0
1.40333 0 0 0 0
1.41 0 0 0 0
1.41667 0 0 0 0
1.42333 0 0 0 0
1.43 0 0 0 0
1.43667 0 0 0 0
1.44333 0 0 0 0
1.45 0 0 0 0
1.45667 0 0 0 0
1.46333 0 0 0 0
1.47 0 0 0 0
1.47667 0 0 0 0
1.48333 0 0 0 0
1.49 0 0 0 0
1.49667 0 0 0 0
1.50333 0 0 0 0
1.51 0 0 0 0
1.51667 0 0 0 0
1.52333 0 0 0 0
1.53 0 0 0 0
1.53667 0 0 0 0
1.54333 0 0 0 0
1.55 0 0 0 0
1.55667 0 0 0 0
1.56333 0 0 0 0
1.57 0 0 0 0
1.57667 0 0 0 0
1.58333 0 0 0 0
1.59 0 0 0 0
1.59667 0 0 0 0
1.60333 0 0 0 0
1.61 0 0 0 0
1.61667 0 0 0 0
1.62333 0 0 0 0
1.63 0 0 0 0
1.63667 0 0 0 0
1.64333 0 0 0 0
1.65 0 0 0 0
1.65667 0 0 0 0
1.66333 0 0 0 0
1.67 0 0 0 0
1.67667 0 0 0 0
1.68333 0 0 0 0
1.69 0 0 0 0
1.69667 0 0 0 0
1.70333 0 0 0 0
1.71 0 0 0 0
1.71667 0 0 0 0
1.72333 0 0 0 0
1.73 0 0 0 0
1.73667 0 0 0 0
1.74333 0 0 0 0
1.75 0 0 0 0
1.75667 0 0 0 0
1.76333 0 0 0 0
1.77 0 0 0 0
1.77667 0 0 0 0
1.78333 0 0 0 0
1.79 0 0 0 0
1.79667 0 0 0 0
1.80333 0 0 0 0
1.81 0 0 0 0
1.81667 0 0 0 0
1.82333 0 0 0 0
1.83 0 0 0 0
1.83667 0 0 0 0
1.84333 0 0 0 0
1.85 0 0 0 0
1.85667 0 0 0 0
1.86333 0 0 0 0
1.87 0 0 0 0
1.87667 0 0 0 0
1.88333 0 0 0 0
1.89 0 0 0 0
1.89667 0 0 0 0
1.90333 0 0 0 0
1.91 0 0 0 0
1.91667 0 0 0 0
1.92333 0 0 0 0
1.93 0 0 0 0
1.93667 0 0 0 0
1.94333 0 0 0 0
1.95 0 0 0 0
1.95667 0 0 0 0
1.96333 0 0 0 0
1.97 0 0 0 0
1.97667 0 0 0 0
1.98333 0 0 0 0
1.99 0 0 0 0
1.99667 0 0 0 0
