0.00333333 32 67 5 1
0.01 42 84 3 1
0.0166667 40 98 5 2
0.0233333 47 85 3 0
0.03 49 99 3 1
0.0366667 74 101 2 3
0.0433333 103 146 8 2
0.05 124 156 9 2
0.0566667 106 177 10 2
0.0633333 150 199 6 4
0.07 164 234 13 3
0.0766667 183 238 6 1
0.0833333 178 247 11 2
0.09 161 279 13 3
0.0966667 199 258 21 5
0.103333 191 246 11 3
0.11 163 271 11 2
0.116667 161 256 13 4
0.123333 172 257 8 5
0.13 146 248 8 3
0.136667 138 237 11 6
0.143333 133 230 9 0
0.15 143 227 8 1
0.156667 124 232 9 4
0.163333 136 226 6 1
0.17 128 240 10 6
0.176667 109 201 10 1
0.183333 112 193 4 4
0.19 108 253 9 4
0.196667 129 234 10 0
0.203333 136 254 3 1
0.21 129 219 5 4
0.216667 105 210 9 0
0.223333 97 205 4 1
0.23 87 168 13 2
0.236667 86 191 12 2
0.243333 84 168 10 1
0.25 80 126 10 0
0.256667 76 158 7 2
0.263333 79 138 4 3
0.27 86 136 10 2
0.276667 86 133 4 2
0.283333 64 113 4 0
0.29 81 127 5 0
0.296667 60 127 8 2
0.303333 51 141 7 0
0.31 67 134 6 3
0.316667 68 116 6 2
0.323333 70 116 3 1
0.33 41 100 4 1
0.336667 56 96 5 0
0.343333 61 100 10 0
0.35 59 107 6 0
0.356667 56 90 8 2
0.363333 46 94 5 1
0.37 48 89 3 2
0.376667 46 102 5 1
0.383333 56 78 4 0
0.39 34 103 4 0
0.396667 50 97 4 1
0.403333 56 96 7 0
0.41 50 66 4 2
0.416667 50 79 1 0
0.423333 52 85 7 0
0.43 51 73 4 2
0.436667 41 78 4 1
0.443333 46 67 3 1
0.45 40 86 6 0
0.456667 40 99 5 0
0.463333 45 86 6 2
0.47 37 81 4 1
0.476667 32 72 3 1
0.483333 26 39 5 0
0.49 39 43 6 1
0.496667 31 48 2 2
0.503333 32 44 5 1
0.51 26 44 3 0
0.516667 28 44 5 0
0.523333 23 48 4 1
0.53 16 43 2 0
0.536667 35 48 2 1
0.543333 23 39 3 0
0.55 30 34 1 0
0.556667 33 36 0 1
0.563333 24 47 1 2
0.57 25 42 0 0
0.576667 27 46 3 0
0.583333 29 46 3 1
0.59 25 40 2 1
0.596667 25 37 2 1
0.603333 25 38 3 1
0.61 31 34 3 3
0.616667 21 25 2 2
0.623333 25 45 6 1
0.63 20 41 0 1
0.636667 28 46 0 0
0.643333 20 24 6 0
0.65 28 28 2 1
0.656667 16 19 1 0
0.663333 1122 2896 59 17
0.67 0 0 0 0
0.676667 0 0 0 0
0.683333 0 0 0 0
0.69 0 0 0 0
0.696667 0 0 0 0
0.703333 0 0 0 0
0.71 0 0 0 0
0.716667 0 0 0 0
0.723333 0 0 0 0
0.73 0 0 0 0
0.736667 0 0 0 0
0.743333 0 0 0 0
0.75 0 0 0 0
0.756667 0 0 0 0
0.763333 0 0 0 0
0.77 0 0 0 0
0.776667 0 0 0 0
0.783333 0 0 0 0
0.79 0 0 0 0
0.796667 0 0 0 0
0.803333 0 0 0 0
0.81 0 0 0 0
0.816667 0 0 0 0
0.823333 0 0 0 0
0.83 0 0 0 0
0.836667 0 0 0 0
0.843333 0 0 0 0
0.85 0 0 0 0
0.856667 0 0 0 0
0.863333 0 0 0 0
0.87 0 0 0 0
0.876667 0 0 0 0
0.883333 0 0 0 0
0.89 0 0 0 0
0.896667 0 0 0 0
0.903333 0 0 0 0
0.91 0 0 0 0
0.916667 0 0 0 0
0.923333 0 0 0 0
0.93 0 0 0 0
0.936667 0 0 0 0
0.943333 0 0 0 0
0.95 0 0 0 0
0.956667 0 0 0 0
0.963333 0 0 0 0
0.97 0 0 0 0
0.976667 0 0 0 0
0.983333 0 0 0 0
0.99 0 0 0 0
0.996667 0 0 0 0
1.00333 0 0 0 0
1.01 0 0 0 0
1.01667 0 0 0 0
1.02333 0 0 0 0
1.03 0 0 0 0
1.03667 0 0 0 0
1.04333 0 0 0 0
1.05 0 0 0 0
1.05667 0 0 0 0
1.06333 0 0 0 0
1.07 0 0 0 0
1.07667 0 0 0 0
1.08333 0 0 0 0
1.09 0 0 0 0
1.09667 0 0 0 0
1.10333 0 0 0 0
1.11 0 0 0 0
1.11667 0 0 0 0
1.12333 0 0 0 0
1.13 0 0 0 0
1.13667 0 0 0 0
1.14333 0 0 0 0
1.15 0 0 0 0
1.15667 0 0 0 0
1.16333 0 0 0 0
1.17 0 0 0 0
1.17667 0 0 0 0
1.18333 0 0 0 0
1.19 0 0 0 0
1.19667 0 0 0 0
1.20333 0 0 0 0
1.21 0 0 0 0
1.21667 0 0 0 0
1.22333 0 0 0 0
1.23 0 0 0 0
1.23667 0 0 0 0
1.24333 0 0 0 0
1.25 0 0 0 0
1.25667 0 0 0 0
1.26333 0 0 0 0
1.27 0 0 0 0
1.27667 0 0 0 0
1.28333 0 0 0 0
1.29 0 0 0 0
1.29667 0 0 0 0
1.30333 0 0 0 0
1.31 0 0 0 0
1.31667 0 0 0 0
1.32333 0 0 0 0
1.33 0 0 0 0
1.33667 0 0 0 0
1.34333 0 0 0 0
1.35 0 0 0 0
1.35667 0 0 0 0
1.36333 0 0 0 0
1.37 0 0 0 0
1.37667 0 0 0 0
1.38333 0 0 0 0
1.39 0 0 0 0
1.39667 0 0 0 0
1.40333 0 0 0 0
1.41 0 0 0 0
1.41667 0 0 0 0
1.42333 0 0 0 0
1.43 0 0 0 0
1.43667 0 0 0 0
1.44333 0 0 0 0
1.45 0 0 0 0
1.45667 0 0 0 0
1.46333 0 0 0 0
1.47 0 0 0 0
1.47667 0 0 0 0
1.48333 0 0 0 0
1.49 0 0 0 0
1.49667 0 0 0 0
1.50333 0 0 0 0
1.51 0 0 0 0
1.51667 0 0 0 0
1.52333 0 0 0 0
1.53 0 0 0 0
1.53667 0 0 0 0
1.54333 0 0 0 0
1.55 0 0 0 0
1.55667 0 0 0 0
1.56333 0 0 0 0
1.57 0 0 0 0
1.57667 0 0 0 0
1.58333 0 0 0 0
1.59 0 0 0 0
1.59667 0 0 0 0
1.60333 0 0 0 0
1.61 0 0 0 0
1.61667 0 0 0 0
1.62333 0 0 0 0
1.63 0 0 0 0
1.63667 0 0 0 0
1.64333 0 0 0 0
1.65 0 0 0 0
1.65667 0 0 0 0
1.66333 0 0 0 0
1.67 0 0 0 0
1.67667 0 0 0 0
1.68333 0 0 0 0
1.69 0 0 0 0
1.69667 0 0 0 0
1.70333 0 0 0 0
1.71 0 0 0 0
1.71667 0 0 0 0
1.72333 0 0 0 0
1.73 0 0 0 0
1.73667 0 0 0 0
1.74333 0 0 0 0
1.75 0 0 0 0
1.75667 0 0 0 0
1.76333 0 0 0 0
1.77 0 0 0 0
1.77667 0 0 0 0
1.78333 0 0 0 0
1.79 0 0 0 0
1.79667 0 0 0 0
1.80333 0 0 0 0
1.81 0 0 0 0
1.81667 0 0 0 0
1.82333 0 0 0 0
1.83 0 0 0 0
1.83667 0 0 0 0
1.84333 0 0 0 0
1.85 0 0 0 0
1.85667 0 0 0 0
1.86333 0 0 0 0
1.87 0 0 0 0
1.87667 0 0 0 0
1.88333 0 0 0 0
1.89 0 0 0 0
1.89667 0 0 0 0
1.90333 0 0 0 0
1.91 0 0 0 0
1.91667 0 0 0 0
1.92333 0 0 0 0
1.93 0 0 0 0
1.93667 0 0 0 0
1.94333 0 0 0 0
1.95 0 0 0 0
1.95667 0 0 0 0
1.96333 0 0 0 0
1.97 0 0 0 0
1.97667 0 0 0 0
1.98333 0 0 0 0
1.99 0 0 0 0
1.99667 0 0 0 0
