0.00333333 11 31 19 4
0.01 13 46 25 3
0.0166667 17 52 30 6
0.0233333 9 43 22 13
0.03 17 52 30 8
0.0366667 17 66 38 9
0.0433333 15 91 63 11
0.05 24 108 71 14
0.0566667 41 137 67 16
0.0633333 36 123 71 18
0.07 31 164 89 22
0.0766667 31 158 92 24
0.0833333 49 160 81 17
0.09 29 157 82 25
0.0966667 46 160 90 28
0.103333 44 151 84 21
0.11 35 141 97 22
0.116667 38 173 84 23
0.123333 42 151 81 22
0.13 33 149 65 26
0.136667 34 121 70 30
0.143333 34 142 60 10
0.15 40 134 68 15
0.156667 28 111 77 24
0.163333 28 125 57 18
0.17 23 109 60 18
0.176667 27 136 56 17
0.183333 29 130 39 16
0.19 26 127 66 27
0.196667 37 118 55 19
0.203333 25 122 50 19
0.21 19 114 40 10
0.216667 22 102 45 20
0.223333 25 104 40 14
0.23 24 104 41 18
0.236667 22 100 38 16
0.243333 25 78 42 16
0.25 35 106 35 14
0.256667 19 71 37 16
0.263333 14 77 38 17
0.27 15 81 45 7
0.276667 14 77 31 10
0.283333 17 53 25 10
0.29 13 68 28 9
0.296667 18 70 32 8
0.303333 13 67 17 15
0.31 16 61 19 9
0.316667 20 54 28 8
0.323333 11 71 29 10
0.33 18 58 23 14
0.336667 8 63 26 7
0.343333 11 56 18 6
0.35 7 46 25 9
0.356667 21 65 25 13
0.363333 11 45 26 10
0.37 12 44 27 7
0.376667 13 51 25 10
0.383333 14 49 26 5
0.39 11 49 13 7
0.396667 10 51 23 7
0.403333 8 46 25 13
0.41 9 42 17 6
0.416667 15 47 30 7
0.423333 14 40 21 8
0.43 6 43 13 5
0.436667 12 53 15 9
0.443333 12 40 8 10
0.45 9 52 21 6
0.456667 11 47 18 11
0.463333 14 49 25 9
0.47 16 53 24 9
0.476667 8 23 20 8
0.483333 9 24 16 6
0.49 5 36 7 7
0.496667 8 22 12 4
0.503333 9 32 12 5
0.51 7 18 11 6
0.516667 4 23 11 9
0.523333 6 18 11 2
0.53 5 28 11 4
0.536667 10 25 12 4
0.543333 6 21 18 3
0.55 4 21 15 8
0.556667 6 31 14 1
0.563333 11 23 5 7
0.57 4 30 12 3
0.576667 11 27 9 4
0.583333 13 24 13 6
0.59 5 24 10 3
0.596667 9 16 11 3
0.603333 5 23 16 3
0.61 9 19 13 4
0.616667 9 15 4 4
0.623333 4 15 8 4
0.63 5 24 7 4
0.636667 1 28 9 5
0.643333 4 9 10 7
0.65 5 26 8 1
0.656667 5 21 6 5
0.663333 249 1072 420 136
0.67 0 0 0 0
0.676667 0 0 0 0
0.683333 0 0 0 0
0.69 0 0 0 0
0.696667 0 0 0 0
0.703333 0 0 0 0
0.71 0 0 0 0
0.716667 0 0 0 0
0.723333 0 0 0 0
0.73 0 0 0 0
0.736667 0 0 0 0
0.743333 0 0 0 0
0.75 0 0 0 0
0.756667 0 0 0 0
0.763333 0 0 0 0
0.77 0 0 0 0
0.776667 0 0 0 0
0.783333 0 0 0 0
0.79 0 0 0 0
0.796667 0 0 0 0
0.803333 0 0 0 0
0.81 0 0 0 0
0.816667 0 0 0 0
0.823333 0 0 0 0
0.83 0 0 0 0
0.836667 0 0 0 0
0.843333 0 0 0 0
0.85 0 0 0 0
0.856667 0 0 0 0
0.863333 0 0 0 0
0.87 0 0 0 0
0.876667 0 0 0 0
0.883333 0 0 0 0
0.89 0 0 0 0
0.896667 0 0 0 0
0.903333 0 0 0 0
0.91 0 0 0 0
0.916667 0 0 0 0
0.923333 0 0 0 0
0.93 0 0 0 0
0.936667 0 0 0 0
0.943333 0 0 0 0
0.95 0 0 0 0
0.956667 0 0 0 0
0.963333 0 0 0 0
0.97 0 0 0 0
0.976667 0 0 0 0
0.983333 0 0 0 0
0.99 0 0 0 0
0.996667 0 0 0 0
1.00333 0 0 0 0
1.01 0 0 0 0
1.01667 0 0 0 0
1.02333 0 0 0 0
1.03 0 0 0 0
1.03667 0 0 0 0
1.04333 0 0 0 0
1.05 0 0 0 0
1.05667 0 0 0 0
1.06333 0 0 0 0
1.07 0 0 0 0
1.07667 0 0 0 0
1.08333 0 0 0 0
1.09 0 0 0 0
1.09667 0 0 0 0
1.10333 0 0 0 0
1.11 0 0 0 0
1.11667 0 0 0 0
1.12333 0 0 0 0
1.13 0 0 0 0
1.13667 0 0 0 0
1.14333 0 0 0 0
1.15 0 0 0 0
1.15667 0 0 0 0
1.16333 0 0 0 0
1.17 0 0 0 0
1.17667 0 0 0 0
1.18333 0 0 0 0
1.19 0 0 0 0
1.19667 0 0 0 0
1.20333 0 0 0 0
1.21 0 0 0 0
1.21667 0 0 0 0
1.22333 0 0 0 0
1.23 0 0 0 0
1.23667 0 0 0 0
1.24333 0 0 0 0
1.25 0 0 0 0
1.25667 0 0 0 0
1.26333 0 0 0 0
1.27 0 0 0 0
1.27667 0 0 0 0
1.28333 0 0 0 0
1.29 0 0 0 0
1.29667 0 0 0 0
1.30333 0 0 0 0
1.31 0 0 0 0
1.31667 0 0 0 0
1.32333 0 0 0 0
1.33 0 0 0 0
1.33667 0 0 0 0
1.34333 0 0 0 0
1.35 0 0 0 0
1.35667 0 0 0 0
1.36333 0 0 0 0
1.37 0 0 0 0
1.37667 0 0 0 0
1.38333 0 0 0 0
1.39 0 0 0 0
1.39667 0 0 0 0
1.40333 0 0 0 0
1.41 0 0 0 0
1.41667 0 0 0 0
1.42333 0 0 0 0
1.43 0 0 0 0
1.43667 0 0 0 0
1.44333 0 0 0 0
1.45 0 0 0 0
1.45667 0 0 0 0
1.46333 0 0 0 0
1.47 0 0 0 0
1.47667 0 0 0 0
1.48333 0 0 0 0
1.49 0 0 0 0
1.49667 0 0 0 0
1.50333 0 0 0 0
1.51 0 0 0 0
1.51667 0 0 0 0
1.52333 0 0 0 0
1.53 0 0 0 0
1.53667 0 0 0 0
1.54333 0 0 0 0
1.55 0 0 0 0
1.55667 0 0 0 0
1.56333 0 0 0 0
1.57 0 0 0 0
1.57667 0 0 0 0
1.58333 0 0 0 0
1.59 0 0 0 0
1.59667 0 0 0 0
1.60333 0 0 0 0
1.61 0 0 0 0
1.61667 0 0 0 0
1.62333 0 0 0 0
1.63 0 0 0 0
1.63667 0 0 0 0
1.64333 0 0 0 0
1.65 0 0 0 0
1.65667 0 0 0 0
1.66333 0 0 0 0
1.67 0 0 0 0
1.67667 0 0 0 0
1.68333 0 0 0 0
1.69 0 0 0 0
1.69667 0 0 0 0
1.70333 0 0 0 0
1.71 0 0 0 0
1.71667 0 0 0 0
1.72333 0 0 0 0
1.73 0 0 0 0
1.73667 0 0 0 0
1.74333 0 0 0 0
1.75 0 0 0 0
1.75667 0 0 0 0
1.76333 0 0 0 0
1.77 0 0 0 0
1.77667 0 0 0 0
1.78333 0 0 0 0
1.79 0 0 0 0
1.79667 0 0 0 0
1.80333 0 0 0 0
1.81 0 0 0 0
1.81667 0 0 0 0
1.82333 0 0 0 0
1.83 0 0 0 0
1.83667 0 0 0 0
1.84333 0 0 0 0
1.85 0 0 0 0
1.85667 0 0 0 0
1.86333 0 0 0 0
1.87 0 0 0 0
1.87667 0 0 0 0
1.88333 0 0 0 0
1.89 0 0 0 0
1.89667 0 0 0 0
1.90333 0 0 0 0
1.91 0 0 0 0
1.91667 0 0 0 0
1.92333 0 0 0 0
1.93 0 0 0 0
1.93667 0 0 0 0
1.94333 0 0 0 0
1.95 0 0 0 0
1.95667 0 0 0 0
1.96333 0 0 0 0
1.97 0 0 0 0
1.97667 0 0 0 0
1.98333 0 0 0 0
1.99 0 0 0 0
1.99667 0 0 0 0
