0.00333333 6 28 40 1
0.01 8 31 22 3
0.0166667 6 41 41 6
0.0233333 13 42 47 10
0.03 18 45 44 4
0.0366667 16 50 68 2
0.0433333 11 86 60 8
0.05 24 87 88 11
0.0566667 23 102 87 11
0.0633333 29 124 93 23
0.07 30 114 111 17
0.0766667 28 120 129 21
0.0833333 30 120 98 17
0.09 20 129 117 18
0.0966667 24 129 131 16
0.103333 23 101 120 12
0.11 14 121 109 17
0.116667 17 123 132 18
0.123333 18 113 111 7
0.13 22 117 122 9
0.136667 19 87 114 14
0.143333 14 83 103 9
0.15 17 97 120 5
0.156667 20 76 96 8
0.163333 19 78 72 10
0.17 30 81 98 11
0.176667 19 81 94 8
0.183333 21 77 91 11
0.19 13 69 123 9
0.196667 19 76 101 11
0.203333 11 80 96 6
0.21 11 82 112 9
0.216667 11 70 83 5
0.223333 20 75 97 9
0.23 18 81 82 13
0.236667 12 41 79 8
0.243333 9 62 67 4
0.25 11 50 69 10
0.256667 9 63 66 8
0.263333 10 49 62 8
0.27 14 58 58 12
0.276667 6 51 68 7
0.283333 11 51 63 9
0.29 14 52 48 3
0.296667 10 47 43 9
0.303333 12 47 44 8
0.31 18 59 51 9
0.316667 7 45 50 4
0.323333 5 38 49 9
0.33 10 57 48 4
0.336667 15 27 40 6
0.343333 5 32 37 2
0.35 11 37 42 5
0.356667 10 33 39 8
0.363333 11 38 44 3
0.37 3 43 38 7
0.376667 4 38 43 5
0.383333 12 53 38 2
0.39 5 33 36 3
0.396667 5 36 30 4
0.403333 9 30 36 1
0.41 7 38 45 2
0.416667 8 30 37 2
0.423333 9 32 47 2
0.43 2 24 43 6
0.436667 5 30 48 7
0.443333 2 22 32 4
0.45 5 38 38 4
0.456667 5 26 40 5
0.463333 3 42 34 6
0.47 6 41 42 6
0.476667 10 20 38 4
0.483333 6 17 33 4
0.49 3 22 31 6
0.496667 6 18 23 3
0.503333 5 18 20 4
0.51 6 19 27 1
0.516667 3 19 23 3
0.523333 4 13 15 2
0.53 2 21 15 4
0.536667 4 18 23 2
0.543333 3 11 16 3
0.55 5 17 18 1
0.556667 5 19 19 4
0.563333 5 17 19 2
0.57 3 14 22 2
0.576667 6 15 19 2
0.583333 3 14 21 4
0.59 3 21 14 1
0.596667 3 17 33 4
0.603333 6 12 14 2
0.61 3 10 14 2
0.616667 1 19 17 4
0.623333 2 8 16 1
0.63 7 12 26 3
0.636667 3 18 13 1
0.643333 7 21 17 2
0.65 2 20 16 2
0.656667 1 16 18 1
0.663333 108 650 1118 58
0.67 0 0 0 0
0.676667 0 0 0 0
0.683333 0 0 0 0
0.69 0 0 0 0
0.696667 0 0 0 0
0.703333 0 0 0 0
0.71 0 0 0 0
0.716667 0 0 0 0
0.723333 0 0 0 0
0.73 0 0 0 0
0.736667 0 0 0 0
0.743333 0 0 0 0
0.75 0 0 0 0
0.756667 0 0 0 0
0.763333 0 0 0 0
0.77 0 0 0 0
0.776667 0 0 0 0
0.783333 0 0 0 0
0.79 0 0 0 0
0.796667 0 0 0 0
0.803333 0 0 0 0
0.81 0 0 0 0
0.816667 0 0 0 0
0.823333 0 0 0 0
0.83 0 0 0 0
0.836667 0 0 0 0
0.843333 0 0 0 0
0.85 0 0 0 0
0.856667 0 0 0 0
0.863333 0 0 0 0
0.87 0 0 0 0
0.876667 0 0 0 0
0.883333 0 0 0 0
0.89 0 0 0 0
0.896667 0 0 0 0
0.903333 0 0 0 0
0.91 0 0 0 0
0.916667 0 0 0 0
0.923333 0 0 0 0
0.93 0 0 0 0
0.936667 0 0 0 0
0.943333 0 0 0 0
0.95 0 0 0 0
0.956667 0 0 0 0
0.963333 0 0 0 0
0.97 0 0 0 0
0.976667 0 0 0 0
0.983333 0 0 0 0
0.99 0 0 0 0
0.996667 0 0 0 0
1.00333 0 0 0 0
1.01 0 0 0 0
1.01667 0 0 0 0
1.02333 0 0 0 0
1.03 0 0 0 0
1.03667 0 0 0 0
1.04333 0 0 0 0
1.05 0 0 0 0
1.05667 0 0 0 0
1.06333 0 0 0 0
1.07 0 0 0 0
1.07667 0 0 0 0
1.08333 0 0 0 0
1.09 0 0 0 0
1.09667 0 0 0 0
1.10333 0 0 0 0
1.11 0 0 0 0
1.11667 0 0 0 0
1.12333 0 0 0 0
1.13 0 0 0 0
1.13667 0 0 0 0
1.14333 0 0 0 0
1.15 0 0 0 0
1.15667 0 0 0 0
1.16333 0 0 0 0
1.17 0 0 0 0
1.17667 0 0 0 0
1.18333 0 0 0 0
1.19 0 0 0 0
1.19667 0 0 0 0
1.20333 0 0 0 0
1.21 0 0 0 0
1.21667 0 0 0 0
1.22333 0 0 0 0
1.23 0 0 0 0
1.23667 0 0 0 0
1.24333 0 0 0 0
1.25 0 0 0 0
1.25667 0 0 0 0
1.26333 0 0 0 0
1.27 0 0 0 0
1.27667 0 0 0 0
1.28333 0 0 0 0
1.29 0 0 0 0
1.29667 0 0 0 0
1.30333 0 0 0 0
1.31 0 0 0 0
1.31667 0 0 0 0
1.32333 0 0 0 0
1.33 0 0 0 0
1.33667 0 0 0 0
1.34333 0 0 0 0
1.35 0 0 0 0
1.35667 0 0 0 0
1.36333 0 0 0 0
1.37 0 0 0 0
1.37667 0 0 0 0
1.38333 0 0 0 0
1.39 0 0 0 0
1.39667 0 0 0 0
1.40333 0 0 0 0
1.41 0 0 0 0
1.41667 0 0 0 0
1.42333 0 0 0 0
1.43 0 0 0 0
1.43667 0 0 0 0
1.44333 0 0 0 0
1.45 0 0 0 0
1.45667 0 0 0 0
1.46333 0 0 0 0
1.47 0 0 0 0
1.47667 0 0 0 0
1.48333 0 0 0 0
1.49 0 0 0 0
1.49667 0 0 0 0
1.50333 0 0 0 0
1.51 0 0 0 0
1.51667 0 0 0 0
1.52333 0 0 0 0
1.53 0 0 0 0
1.53667 0 0 0 0
1.54333 0 0 0 0
1.55 0 0 0 0
1.55667 0 0 0 0
1.56333 0 0 0 0
1.57 0 0 0 0
1.57667 0 0 0 0
1.58333 0 0 0 0
1.59 0 0 0 0
1.59667 0 0 0 0
1.60333 0 0 0 0
1.61 0 0 0 0
1.61667 0 0 0 0
1.62333 0 0 0 0
1.63 0 0 0 0
1.63667 0 0 0 0
1.64333 0 0 0 0
1.65 0 0 0 0
1.65667 0 0 0 0
1.66333 0 0 0 0
1.67 0 0 0 0
1.67667 0 0 0 0
1.68333 0 0 0 0
1.69 0 0 0 0
1.69667 0 0 0 0
1.70333 0 0 0 0
1.71 0 0 0 0
1.71667 0 0 0 0
1.72333 0 0 0 0
1.73 0 0 0 0
1.73667 0 0 0 0
1.74333 0 0 0 0
1.75 0 0 0 0
1.75667 0 0 0 0
1.76333 0 0 0 0
1.77 0 0 0 0
1.77667 0 0 0 0
1.78333 0 0 0 0
1.79 0 0 0 0
1.79667 0 0 0 0
1.80333 0 0 0 0
1.81 0 0 0 0
1.81667 0 0 0 0
1.82333 0 0 0 0
1.83 0 0 0 0
1.83667 0 0 0 0
1.84333 0 0 0 0
1.85 0 0 0 0
1.85667 0 0 0 0
1.86333 0 0 0 0
1.87 0 0 0 0
1.87667 0 0 0 0
1.88333 0 0 0 0
1.89 0 0 0 0
1.89667 0 0 0 0
1.90333 0 0 0 0
1.91 0 0 0 0
1.91667 0 0 0 0
1.92333 0 0 0 0
1.93 0 0 0 0
1.93667 0 0 0 0
1.94333 0 0 0 0
1.95 0 0 0 0
1.95667 0 0 0 0
1.96333 0 0 0 0
1.97 0 0 0 0
1.97667 0 0 0 0
1.98333 0 0 0 0
1.99 0 0 0 0
1.99667 0 0 0 0
