0.00333333 99 82 1 4
0.01 106 59 7 4
0.0166667 107 82 3 2
0.0233333 94 112 8 4
0.03 109 95 3 1
0.0366667 106 108 3 3
0.0433333 119 101 6 3
0.05 149 134 4 5
0.0566667 155 172 10 3
0.0633333 196 171 2 7
0.07 210 173 11 5
0.0766667 183 204 8 13
0.0833333 232 215 7 6
0.09 206 224 8 6
0.0966667 220 217 11 3
0.103333 202 193 8 13
0.11 202 211 11 14
0.116667 239 237 9 4
0.123333 232 233 6 11
0.13 233 217 7 6
0.136667 230 212 4 5
0.143333 218 195 2 10
0.15 222 209 7 3
0.156667 243 196 4 8
0.163333 208 211 9 6
0.17 221 208 6 7
0.176667 184 178 2 5
0.183333 231 188 6 6
0.19 286 207 6 11
0.196667 303 213 6 15
0.203333 277 230 3 7
0.21 262 220 4 12
0.216667 203 198 1 7
0.223333 224 219 13 11
0.23 212 184 3 2
0.236667 213 202 4 10
0.243333 185 172 4 6
0.25 186 166 6 5
0.256667 184 139 0 7
0.263333 163 132 4 7
0.27 173 149 3 5
0.276667 152 136 2 8
0.283333 129 151 3 4
0.29 143 117 2 8
0.296667 147 121 3 1
0.303333 130 113 5 6
0.31 132 121 5 4
0.316667 145 119 1 5
0.323333 123 106 3 8
0.33 125 106 3 6
0.336667 93 112 4 1
0.343333 129 112 2 4
0.35 111 107 5 5
0.356667 107 105 2 2
0.363333 115 99 0 5
0.37 109 113 4 8
0.376667 88 91 4 3
0.383333 105 95 7 3
0.39 111 120 0 4
0.396667 103 92 3 4
0.403333 106 86 3 3
0.41 83 93 1 1
0.416667 98 90 3 1
0.423333 89 100 3 7
0.43 104 75 0 5
0.436667 97 91 1 5
0.443333 92 82 2 9
0.45 98 90 6 8
0.456667 98 90 1 7
0.463333 85 72 1 3
0.47 97 91 2 4
0.476667 80 71 7 2
0.483333 56 50 4 6
0.49 41 57 3 1
0.496667 39 47 3 2
0.503333 39 49 3 3
0.51 50 42 6 5
0.516667 39 35 2 4
0.523333 38 38 1 4
0.53 38 28 2 5
0.536667 40 48 1 2
0.543333 38 42 2 1
0.55 31 42 4 5
0.556667 38 40 3 1
0.563333 36 42 1 2
0.57 35 31 0 2
0.576667 31 36 1 0
0.583333 51 43 0 3
0.59 36 38 1 2
0.596667 25 38 2 4
0.603333 30 38 0 2
0.61 30 40 0 1
0.616667 24 30 1 2
0.623333 32 32 2 3
0.63 30 35 0 0
0.636667 42 47 0 4
0.643333 32 37 0 4
0.65 24 30 0 2
0.656667 18 29 2 3
0.663333 4571 3342 33 197
0.67 0 0 0 0
0.676667 0 0 0 0
0.683333 0 0 0 0
0.69 0 0 0 0
0.696667 0 0 0 0
0.703333 0 0 0 0
0.71 0 0 0 0
0.716667 0 0 0 0
0.723333 0 0 0 0
0.73 0 0 0 0
0.736667 0 0 0 0
0.743333 0 0 0 0
0.75 0 0 0 0
0.756667 0 0 0 0
0.763333 0 0 0 0
0.77 0 0 0 0
0.776667 0 0 0 0
0.783333 0 0 0 0
0.79 0 0 0 0
0.796667 0 0 0 0
0.803333 0 0 0 0
0.81 0 0 0 0
0.816667 0 0 0 0
0.823333 0 0 0 0
0.83 0 0 0 0
0.836667 0 0 0 0
0.843333 0 0 0 0
0.85 0 0 0 0
0.856667 0 0 0 0
0.863333 0 0 0 0
0.87 0 0 0 0
0.876667 0 0 0 0
0.883333 0 0 0 0
0.89 0 0 0 0
0.896667 0 0 0 0
0.903333 0 0 0 0
0.91 0 0 0 0
0.916667 0 0 0 0
0.923333 0 0 0 0
0.93 0 0 0 0
0.936667 0 0 0 0
0.943333 0 0 0 0
0.95 0 0 0 0
0.956667 0 0 0 0
0.963333 0 0 0 0
0.97 0 0 0 0
0.976667 0 0 0 0
0.983333 0 0 0 0
0.99 0 0 0 0
0.996667 0 0 0 0
1.00333 0 0 0 0
1.01 0 0 0 0
1.01667 0 0 0 0
1.02333 0 0 0 0
1.03 0 0 0 0
1.03667 0 0 0 0
1.04333 0 0 0 0
1.05 0 0 0 0
1.05667 0 0 0 0
1.06333 0 0 0 0
1.07 0 0 0 0
1.07667 0 0 0 0
1.08333 0 0 0 0
1.09 0 0 0 0
1.09667 0 0 0 0
1.10333 0 0 0 0
1.11 0 0 0 0
1.11667 0 0 0 0
1.12333 0 0 0 0
1.13 0 0 0 0
1.13667 0 0 0 0
1.14333 0 0 0 0
1.15 0 0 0 0
1.15667 0 0 0 0
1.16333 0 0 0 0
1.17 0 0 0 0
1.17667 0 0 0 0
1.18333 0 0 0 0
1.19 0 0 0 0
1.19667 0 0 0 0
1.20333 0 0 0 0
1.21 0 0 0 0
1.21667 0 0 0 0
1.22333 0 0 0 0
1.23 0 0 0 0
1.23667 0 0 0 0
1.24333 0 0 0 0
1.25 0 0 0 0
1.25667 0 0 0 0
1.26333 0 0 0 0
1.27 0 0 0 0
1.27667 0 0 0 0
1.28333 0 0 0 0
1.29 0 0 0 0
1.29667 0 0 0 0
1.30333 0 0 0 0
1.31 0 0 0 0
1.31667 0 0 0 0
1.32333 0 0 0 0
1.33 0 0 0 0
1.33667 0 0 0 0
1.34333 0 0 0 0
1.35 0 0 0 0
1.35667 0 0 0 0
1.36333 0 0 0 0
1.37 0 0 0 0
1.37667 0 0 0 0
1.38333 0 0 0 0
1.39 0 0 0 0
1.39667 0 0 0 0
1.40333 0 0 0 0
1.41 0 0 0 0
1.41667 0 0 0 0
1.42333 0 0 0 0
1.43 0 0 0 0
1.43667 0 0 0 0
1.44333 0 0 0 0
1.45 0 0 0 0
1.45667 0 0 0 0
1.46333 0 0 0 0
1.47 0 0 0 0
1.47667 0 0 0 0
1.48333 0 0 0 0
1.49 0 0 0 0
1.49667 0 0 0 0
1.50333 0 0 0 0
1.51 0 0 0 0
1.51667 0 0 0 0
1.52333 0 0 0 0
1.53 0 0 0 0
1.53667 0 0 0 0
1.54333 0 0 0 0
1.55 0 0 0 0
1.55667 0 0 0 0
1.56333 0 0 0 0
1.57 0 0 0 0
1.57667 0 0 0 0
1.58333 0 0 0 0
1.59 0 0 0 0
1.59667 0 0 0 0
1.60333 0 0 0 0
1.61 0 0 0 0
1.61667 0 0 0 0
1.62333 0 0 0 0
1.63 0 0 0 0
1.63667 0 0 0 0
1.64333 0 0 0 0
1.65 0 0 0 0
1.65667 0 0 0 0
1.66333 0 0 0 0
1.67 0 0 0 0
1.67667 0 0 0 0
1.68333 0 0 0 0
1.69 0 0 0 0
1.69667 0 0 0 0
1.70333 0 0 0 0
1.71 0 0 0 0
1.71667 0 0 0 0
1.72333 0 0 0 0
1.73 0 0 0 0
1.73667 0 0 0 0
1.74333 0 0 0 0
1.75 0 0 0 0
1.75667 0 0 0 0
1.76333 0 0 0 0
1.77 0 0 0 0
1.77667 0 0 0 0
1.78333 0 0 0 0
1.79 0 0 0 0
1.79667 0 0 0 0
1.80333 0 0 0 0
1.81 0 0 0 0
1.81667 0 0 0 0
1.82333 0 0 0 0
1.83 0 0 0 0
1.83667 0 0 0 0
1.84333 0 0 0 0
1.85 0 0 0 0
1.85667 0 0 0 0
1.86333 0 0 0 0
1.87 0 0 0 0
1.87667 0 0 0 0
1.88333 0 0 0 0
1.89 0 0 0 0
1.89667 0 0 0 0
1.90333 0 0 0 0
1.91 0 0 0 0
1.91667 0 0 0 0
1.92333 0 0 0 0
1.93 0 0 0 0
1.93667 0 0 0 0
1.94333 0 0 0 0
1.95 0 0 0 0
1.95667 0 0 0 0
1.96333 0 0 0 0
1.97 0 0 0 0
1.97667 0 0 0 0
1.98333 0 0 0 0
1.99 0 0 0 0
1.99667 0 0 0 0
