0.00333333 2 29 60 7
0.01 3 25 66 7
0.0166667 5 38 82 10
0.0233333 3 38 73 10
0.03 5 24 69 12
0.0366667 6 50 80 19
0.0433333 5 55 110 8
0.05 15 65 136 20
0.0566667 6 52 162 31
0.0633333 13 88 168 25
0.07 17 83 187 23
0.0766667 11 105 222 37
0.0833333 13 93 207 27
0.09 13 102 218 18
0.0966667 8 97 194 21
0.103333 9 82 197 24
0.11 9 89 209 24
0.116667 11 89 229 27
0.123333 12 78 201 21
0.13 11 82 205 27
0.136667 10 82 205 14
0.143333 8 81 227 18
0.15 10 53 177 18
0.156667 9 68 191 11
0.163333 8 85 192 14
0.17 10 78 175 13
0.176667 4 69 166 20
0.183333 6 74 179 20
0.19 12 67 222 26
0.196667 9 82 202 18
0.203333 6 64 189 12
0.21 9 72 164 16
0.216667 7 68 158 20
0.223333 9 56 163 10
0.23 4 70 156 13
0.236667 4 54 143 19
0.243333 4 54 132 8
0.25 7 50 146 9
0.256667 2 51 135 11
0.263333 6 42 131 10
0.27 5 46 106 12
0.276667 8 36 121 14
0.283333 8 39 114 13
0.29 7 41 103 5
0.296667 3 52 98 7
0.303333 2 31 84 9
0.31 2 48 92 9
0.316667 2 46 78 11
0.323333 2 47 83 10
0.33 3 40 72 7
0.336667 5 34 97 10
0.343333 7 40 81 10
0.35 3 37 101 10
0.356667 5 36 75 16
0.363333 3 33 89 7
0.37 4 45 82 7
0.376667 2 28 83 10
0.383333 7 31 76 6
0.39 2 15 87 8
0.396667 4 32 94 9
0.403333 4 28 71 7
0.41 4 23 49 7
0.416667 1 25 72 2
0.423333 5 20 63 10
0.43 3 32 71 6
0.436667 7 40 71 7
0.443333 1 28 71 5
0.45 4 23 88 5
0.456667 4 34 76 8
0.463333 6 28 83 3
0.47 4 29 75 8
0.476667 1 28 66 4
0.483333 2 17 44 4
0.49 2 27 39 4
0.496667 3 15 41 6
0.503333 3 16 42 4
0.51 1 16 45 2
0.516667 3 18 40 2
0.523333 3 15 30 4
0.53 2 16 29 7
0.536667 3 16 23 4
0.543333 2 10 30 4
0.55 1 13 42 4
0.556667 3 19 30 5
0.563333 3 8 27 3
0.57 3 14 32 2
0.576667 1 22 38 3
0.583333 2 17 31 5
0.59 1 6 19 9
0.596667 2 19 22 12
0.603333 5 12 29 5
0.61 0 16 23 9
0.616667 3 14 24 2
0.623333 3 11 30 3
0.63 2 13 30 2
0.636667 4 19 42 3
0.643333 0 16 14 4
0.65 2 15 29 5
0.656667 2 20 18 1
0.663333 41 842 2378 99
0.67 0 0 0 0
0.676667 0 0 0 0
0.683333 0 0 0 0
0.69 0 0 0 0
0.696667 0 0 0 0
0.703333 0 0 0 0
0.71 0 0 0 0
0.716667 0 0 0 0
0.723333 0 0 0 0
0.73 0 0 0 0
0.736667 0 0 0 0
0.743333 0 0 0 0
0.75 0 0 0 0
0.756667 0 0 0 0
0.763333 0 0 0 0
0.77 0 0 0 0
0.776667 0 0 0 0
0.783333 0 0 0 0
0.79 0 0 0 0
0.796667 0 0 0 0
0.803333 0 0 0 0
0.81 0 0 0 0
0.816667 0 0 0 0
0.823333 0 0 0 0
0.83 0 0 0 0
0.836667 0 0 0 0
0.843333 0 0 0 0
0.85 0 0 0 0
0.856667 0 0 0 0
0.863333 0 0 0 0
0.87 0 0 0 0
0.876667 0 0 0 0
0.883333 0 0 0 0
0.89 0 0 0 0
0.896667 0 0 0 0
0.903333 0 0 0 0
0.91 0 0 0 0
0.916667 0 0 0 0
0.923333 0 0 0 0
0.93 0 0 0 0
0.936667 0 0 0 0
0.943333 0 0 0 0
0.95 0 0 0 0
0.956667 0 0 0 0
0.963333 0 0 0 0
0.97 0 0 0 0
0.976667 0 0 0 0
0.983333 0 0 0 0
0.99 0 0 0 0
0.996667 0 0 0 0
1.00333 0 0 0 0
1.01 0 0 0 0
1.01667 0 0 0 0
1.02333 0 0 0 0
1.03 0 0 0 0
1.03667 0 0 0 0
1.04333 0 0 0 0
1.05 0 0 0 0
1.05667 0 0 0 0
1.06333 0 0 0 0
1.07 0 0 0 0
1.07667 0 0 0 0
1.08333 0 0 0 0
1.09 0 0 0 0
1.09667 0 0 0 0
1.10333 0 0 0 0
1.11 0 0 0 0
1.11667 0 0 0 0
1.12333 0 0 0 0
1.13 0 0 0 0
1.13667 0 0 0 0
1.14333 0 0 0 0
1.15 0 0 0 0
1.15667 0 0 0 0
1.16333 0 0 0 0
1.17 0 0 0 0
1.17667 0 0 0 0
1.18333 0 0 0 0
1.19 0 0 0 0
1.19667 0 0 0 0
1.20333 0 0 0 0
1.21 0 0 0 0
1.21667 0 0 0 0
1.22333 0 0 0 0
1.23 0 0 0 0
1.23667 0 0 0 0
1.24333 0 0 0 0
1.25 0 0 0 0
1.25667 0 0 0 0
1.26333 0 0 0 0
1.27 0 0 0 0
1.27667 0 0 0 0
1.28333 0 0 0 0
1.29 0 0 0 0
1.29667 0 0 0 0
1.30333 0 0 0 0
1.31 0 0 0 0
1.31667 0 0 0 0
1.32333 0 0 0 0
1.33 0 0 0 0
1.33667 0 0 0 0
1.34333 0 0 0 0
1.35 0 0 0 0
1.35667 0 0 0 0
1.36333 0 0 0 0
1.37 0 0 0 0
1.37667 0 0 0 0
1.38333 0 0 0 0
1.39 0 0 0 0
1.39667 0 0 0 0
1.40333 0 0 0 0
1.41 0 0 0 0
1.41667 0 0 0 0
1.42333 0 0 0 0
1.43 0 0 0 0
1.43667 0 0 0 0
1.44333 0 0 0 0
1.45 0 0 0 0
1.45667 0 0 0 0
1.46333 0 0 0 0
1.47 0 0 0 0
1.47667 0 0 0 0
1.48333 0 0 0 0
1.49 0 0 0 0
1.49667 0 0 0 0
1.50333 0 0 0 0
1.51 0 0 0 0
1.51667 0 0 0 0
1.52333 0 0 0 0
1.53 0 0 0 0
1.53667 0 0 0 0
1.54333 0 0 0 0
1.55 0 0 0 0
1.55667 0 0 0 0
1.56333 0 0 0 0
1.57 0 0 0 0
1.57667 0 0 0 0
1.58333 0 0 0 0
1.59 0 0 0 0
1.59667 0 0 0 0
1.60333 0 0 0 0
1.61 0 0 0 0
1.61667 0 0 0 0
1.62333 0 0 0 0
1.63 0 0 0 0
1.63667 0 0 0 0
1.64333 0 0 0 0
1.65 0 0 0 0
1.65667 0 0 0 0
1.66333 0 0 0 0
1.67 0 0 0 0
1.67667 0 0 0 0
1.68333 0 0 0 0
1.69 0 0 0 0
1.69667 0 0 0 0
1.70333 0 0 0 0
1.71 0 0 0 0
1.71667 0 0 0 0
1.72333 0 0 0 0
1.73 0 0 0 0
1.73667 0 0 0 0
1.74333 0 0 0 0
1.75 0 0 0 0
1.75667 0 0 0 0
1.76333 0 0 0 0
1.77 0 0 0 0
1.77667 0 0 0 0
1.78333 0 0 0 0
1.79 0 0 0 0
1.79667 0 0 0 0
1.80333 0 0 0 0
1.81 0 0 0 0
1.81667 0 0 0 0
1.82333 0 0 0 0
1.83 0 0 0 0
1.83667 0 0 0 0
1.84333 0 0 0 0
1.85 0 0 0 0
1.85667 0 0 0 0
1.86333 0 0 0 0
1.87 0 0 0 0
1.87667 0 0 0 0
1.88333 0 0 0 0
1.89 0 0 0 0
1.89667 0 0 0 0
1.90333 0 0 0 0
1.91 0 0 0 0
1.91667 0 0 0 0
1.92333 0 0 0 0
1.93 0 0 0 0
1.93667 0 0 0 0
1.94333 0 0 0 0
1.95 0 0 0 0
1.95667 0 0 0 0
1.96333 0 0 0 0
1.97 0 0 0 0
1.97667 0 0 0 0
1.98333 0 0 0 0
1.99 0 0 0 0
1.99667 0 0 0 0
