0.00333333 2 31 17 11
0.01 11 30 29 13
0.0166667 5 31 26 9
0.0233333 4 43 21 16
0.03 11 31 34 13
0.0366667 10 63 38 23
0.0433333 12 64 43 26
0.05 14 76 63 26
0.0566667 15 81 53 23
0.0633333 10 78 63 26
0.07 20 94 60 34
0.0766667 16 72 97 24
0.0833333 21 111 88 36
0.09 21 107 65 34
0.0966667 16 97 93 34
0.103333 26 109 68 33
0.11 14 101 98 25
0.116667 18 111 76 32
0.123333 17 90 62 29
0.13 16 97 62 43
0.136667 12 98 48 25
0.143333 13 106 63 33
0.15 16 88 42 22
0.156667 16 101 49 21
0.163333 18 103 65 30
0.17 11 95 43 33
0.176667 14 86 41 31
0.183333 18 102 64 21
0.19 16 143 51 29
0.196667 16 138 40 35
0.203333 14 107 55 23
0.21 19 95 48 31
0.216667 16 99 40 21
0.223333 15 89 45 21
0.23 19 85 43 23
0.236667 21 71 44 24
0.243333 9 94 30 25
0.25 13 87 40 16
0.256667 10 70 50 15
0.263333 12 60 42 23
0.27 10 77 39 20
0.276667 13 65 34 19
0.283333 10 67 35 20
0.29 12 55 37 15
0.296667 7 59 35 19
0.303333 8 49 25 17
0.31 15 64 34 15
0.316667 9 63 35 19
0.323333 4 64 31 15
0.33 13 43 25 17
0.336667 8 48 38 16
0.343333 6 62 26 14
0.35 13 44 30 23
0.356667 5 42 27 17
0.363333 12 59 31 14
0.37 10 44 32 11
0.376667 7 44 27 14
0.383333 5 44 19 14
0.39 13 48 14 10
0.396667 10 50 24 16
0.403333 9 38 21 10
0.41 9 50 23 7
0.416667 9 53 19 14
0.423333 5 46 24 11
0.43 6 47 16 12
0.436667 12 38 29 13
0.443333 11 43 21 21
0.45 9 42 20 8
0.456667 5 38 23 12
0.463333 11 41 16 14
0.47 6 46 27 14
0.476667 4 37 16 21
0.483333 6 28 19 8
0.49 3 30 15 3
0.496667 4 28 17 6
0.503333 7 24 19 8
0.51 5 22 18 5
0.516667 7 29 10 7
0.523333 5 27 13 8
0.53 9 15 13 9
0.536667 9 19 14 7
0.543333 5 21 19 9
0.55 3 14 10 3
0.556667 3 15 9 6
0.563333 5 21 16 6
0.57 3 14 14 8
0.576667 10 16 10 17
0.583333 7 18 5 10
0.59 3 16 8 3
0.596667 4 19 14 4
0.603333 4 10 10 8
0.61 8 12 14 8
0.616667 4 13 13 5
0.623333 7 11 12 6
0.63 5 16 10 6
0.636667 4 31 12 7
0.643333 5 16 11 8
0.65 4 10 10 5
0.656667 3 12 5 8
0.663333 195 1693 416 366
0.67 0 0 0 0
0.676667 0 0 0 0
0.683333 0 0 0 0
0.69 0 0 0 0
0.696667 0 0 0 0
0.703333 0 0 0 0
0.71 0 0 0 0
0.716667 0 0 0 0
0.723333 0 0 0 0
0.73 0 0 0 0
0.736667 0 0 0 0
0.743333 0 0 0 0
0.75 0 0 0 0
0.756667 0 0 0 0
0.763333 0 0 0 0
0.77 0 0 0 0
0.776667 0 0 0 0
0.783333 0 0 0 0
0.79 0 0 0 0
0.796667 0 0 0 0
0.803333 0 0 0 0
0.81 0 0 0 0
0.816667 0 0 0 0
0.823333 0 0 0 0
0.83 0 0 0 0
0.836667 0 0 0 0
0.843333 0 0 0 0
0.85 0 0 0 0
0.856667 0 0 0 0
0.863333 0 0 0 0
0.87 0 0 0 0
0.876667 0 0 0 0
0.883333 0 0 0 0
0.89 0 0 0 0
0.896667 0 0 0 0
0.903333 0 0 0 0
0.91 0 0 0 0
0.916667 0 0 0 0
0.923333 0 0 0 0
0.93 0 0 0 0
0.936667 0 0 0 0
0.943333 0 0 0 0
0.95 0 0 0 0
0.956667 0 0 0 0
0.963333 0 0 0 0
0.97 0 0 0 0
0.976667 0 0 0 0
0.983333 0 0 0 0
0.99 0 0 0 0
0.996667 0 0 0 0
1.00333 0 0 0 0
1.01 0 0 0 0
1.01667 0 0 0 0
1.02333 0 0 0 0
1.03 0 0 0 0
1.03667 0 0 0 0
1.04333 0 0 0 0
1.05 0 0 0 0
1.05667 0 0 0 0
1.06333 0 0 0 0
1.07 0 0 0 0
1.07667 0 0 0 0
1.08333 0 0 0 0
1.09 0 0 0 0
1.09667 0 0 0 0
1.10333 0 0 0 0
1.11 0 0 0 0
1.11667 0 0 0 0
1.12333 0 0 0 0
1.13 0 0 0 0
1.13667 0 0 0 0
1.14333 0 0 0 0
1.15 0 0 0 0
1.15667 0 0 0 0
1.16333 0 0 0 0
1.17 0 0 0 0
1.17667 0 0 0 0
1.18333 0 0 0 0
1.19 0 0 0 0
1.19667 0 0 0 0
1.20333 0 0 0 0
1.21 0 0 0 0
1.21667 0 0 0 0
1.22333 0 0 0 0
1.23 0 0 0 0
1.23667 0 0 0 0
1.24333 0 0 0 0
1.25 0 0 0 0
1.25667 0 0 0 0
1.26333 0 0 0 0
1.27 0 0 0 0
1.27667 0 0 0 0
1.28333 0 0 0 0
1.29 0 0 0 0
1.29667 0 0 0 0
1.30333 0 0 0 0
1.31 0 0 0 0
1.31667 0 0 0 0
1.32333 0 0 0 0
1.33 0 0 0 0
1.33667 0 0 0 0
1.34333 0 0 0 0
1.35 0 0 0 0
1.35667 0 0 0 0
1.36333 0 0 0 0
1.37 0 0 0 0
1.37667 0 0 0 0
1.38333 0 0 0 0
1.39 0 0 0 0
1.39667 0 0 0 0
1.40333 0 0 0 0
1.41 0 0 0 0
1.41667 0 0 0 0
1.42333 0 0 0 0
1.43 0 0 0 0
1.43667 0 0 0 0
1.44333 0 0 0 0
1.45 0 0 0 0
1.45667 0 0 0 0
1.46333 0 0 0 0
1.47 0 0 0 0
1.47667 0 0 0 0
1.48333 0 0 0 0
1.49 0 0 0 0
1.49667 0 0 0 0
1.50333 0 0 0 0
1.51 0 0 0 0
1.51667 0 0 0 0
1.52333 0 0 0 0
1.53 0 0 0 0
1.53667 0 0 0 0
1.54333 0 0 0 0
1.55 0 0 0 0
1.55667 0 0 0 0
1.56333 0 0 0 0
1.57 0 0 0 0
1.57667 0 0 0 0
1.58333 0 0 0 0
1.59 0 0 0 0
1.59667 0 0 0 0
1.60333 0 0 0 0
1.61 0 0 0 0
1.61667 0 0 0 0
1.62333 0 0 0 0
1.63 0 0 0 0
1.63667 0 0 0 0
1.64333 0 0 0 0
1.65 0 0 0 0
1.65667 0 0 0 0
1.66333 0 0 0 0
1.67 0 0 0 0
1.67667 0 0 0 0
1.68333 0 0 0 0
1.69 0 0 0 0
1.69667 0 0 0 0
1.70333 0 0 0 0
1.71 0 0 0 0
1.71667 0 0 0 0
1.72333 0 0 0 0
1.73 0 0 0 0
1.73667 0 0 0 0
1.74333 0 0 0 0
1.75 0 0 0 0
1.75667 0 0 0 0
1.76333 0 0 0 0
1.77 0 0 0 0
1.77667 0 0 0 0
1.78333 0 0 0 0
1.79 0 0 0 0
1.79667 0 0 0 0
1.80333 0 0 0 0
1.81 0 0 0 0
1.81667 0 0 0 0
1.82333 0 0 0 0
1.83 0 0 0 0
1.83667 0 0 0 0
1.84333 0 0 0 0
1.85 0 0 0 0
1.85667 0 0 0 0
1.86333 0 0 0 0
1.87 0 0 0 0
1.87667 0 0 0 0
1.88333 0 0 0 0
1.89 0 0 0 0
1.89667 0 0 0 0
1.90333 0 0 0 0
1.91 0 0 0 0
1.91667 0 0 0 0
1.92333 0 0 0 0
1.93 0 0 0 0
1.93667 0 0 0 0
1.94333 0 0 0 0
1.95 0 0 0 0
1.95667 0 0 0 0
1.96333 0 0 0 0
1.97 0 0 0 0
1.97667 0 0 0 0
1.98333 0 0 0 0
1.99 0 0 0 0
1.99667 0 0 0 0
