0.00333333 44 39 1 1
0.01 60 50 4 1
0.0166667 53 39 9 3
0.0233333 59 50 4 5
0.03 79 51 4 2
0.0366667 76 70 4 2
0.0433333 108 89 3 1
0.05 151 130 11 3
0.0566667 156 125 16 2
0.0633333 186 140 17 2
0.07 193 168 21 7
0.0766667 176 170 19 5
0.0833333 229 177 9 7
0.09 205 163 22 5
0.0966667 191 145 9 7
0.103333 214 160 9 4
0.11 207 198 20 2
0.116667 197 180 13 7
0.123333 200 157 13 5
0.13 186 138 5 5
0.136667 187 114 7 4
0.143333 205 127 11 5
0.15 166 128 9 3
0.156667 141 126 8 0
0.163333 170 112 7 4
0.17 186 108 12 6
0.176667 173 102 10 5
0.183333 165 131 8 1
0.19 198 136 6 7
0.196667 158 102 8 4
0.203333 162 137 8 4
0.21 144 95 5 3
0.216667 136 87 9 4
0.223333 143 92 12 3
0.23 119 84 7 5
0.236667 129 73 9 3
0.243333 122 80 9 1
0.25 113 82 5 0
0.256667 110 82 7 3
0.263333 103 62 7 1
0.27 113 77 5 4
0.276667 89 58 6 3
0.283333 110 70 14 5
0.29 104 72 4 1
0.296667 96 54 4 2
0.303333 119 73 7 5
0.31 86 66 6 2
0.316667 62 62 2 4
0.323333 94 59 3 1
0.33 91 43 10 1
0.336667 75 58 6 5
0.343333 71 46 0 1
0.35 73 56 8 2
0.356667 68 47 4 4
0.363333 71 59 3 1
0.37 78 37 8 1
0.376667 68 46 3 2
0.383333 71 40 6 1
0.39 64 40 5 1
0.396667 64 33 2 1
0.403333 55 52 6 0
0.41 67 51 2 1
0.416667 54 42 7 3
0.423333 66 44 3 2
0.43 65 38 3 2
0.436667 61 33 1 0
0.443333 73 29 3 2
0.45 54 41 1 3
0.456667 60 45 3 2
0.463333 59 33 2 0
0.47 52 31 3 2
0.476667 43 36 7 2
0.483333 42 21 5 1
0.49 36 30 4 1
0.496667 45 22 2 2
0.503333 39 23 5 3
0.51 40 19 3 3
0.516667 38 19 6 2
0.523333 34 28 1 0
0.53 31 23 3 4
0.536667 35 33 1 4
0.543333 35 22 7 2
0.55 24 18 3 1
0.556667 26 24 1 1
0.563333 19 19 3 2
0.57 23 17 2 3
0.576667 25 23 6 0
0.583333 37 24 6 3
0.59 26 16 3 3
0.596667 36 23 2 1
0.603333 19 23 1 0
0.61 31 22 4 1
0.616667 35 21 8 0
0.623333 33 21 2 1
0.63 31 18 3 0
0.636667 30 22 4 0
0.643333 31 20 3 3
0.65 27 22 3 2
0.656667 29 18 4 1
0.663333 1775 880 66 33
0.67 0 0 0 0
0.676667 0 0 0 0
0.683333 0 0 0 0
0.69 0 0 0 0
0.696667 0 0 0 0
0.703333 0 0 0 0
0.71 0 0 0 0
0.716667 0 0 0 0
0.723333 0 0 0 0
0.73 0 0 0 0
0.736667 0 0 0 0
0.743333 0 0 0 0
0.75 0 0 0 0
0.756667 0 0 0 0
0.763333 0 0 0 0
0.77 0 0 0 0
0.776667 0 0 0 0
0.783333 0 0 0 0
0.79 0 0 0 0
0.796667 0 0 0 0
0.803333 0 0 0 0
0.81 0 0 0 0
0.816667 0 0 0 0
0.823333 0 0 0 0
0.83 0 0 0 0
0.836667 0 0 0 0
0.843333 0 0 0 0
0.85 0 0 0 0
0.856667 0 0 0 0
0.863333 0 0 0 0
0.87 0 0 0 0
0.876667 0 0 0 0
0.883333 0 0 0 0
0.89 0 0 0 0
0.896667 0 0 0 0
0.903333 0 0 0 0
0.91 0 0 0 0
0.916667 0 0 0 0
0.923333 0 0 0 0
0.93 0 0 0 0
0.936667 0 0 0 0
0.943333 0 0 0 0
0.95 0 0 0 0
0.956667 0 0 0 0
0.963333 0 0 0 0
0.97 0 0 0 0
0.976667 0 0 0 0
0.983333 0 0 0 0
0.99 0 0 0 0
0.996667 0 0 0 0
1.00333 0 0 0 0
1.01 0 0 0 0
1.01667 0 0 0 0
1.02333 0 0 0 0
1.03 0 0 0 0
1.03667 0 0 0 0
1.04333 0 0 0 0
1.05 0 0 0 0
1.05667 0 0 0 0
1.06333 0 0 0 0
1.07 0 0 0 0
1.07667 0 0 0 0
1.08333 0 0 0 0
1.09 0 0 0 0
1.09667 0 0 0 0
1.10333 0 0 0 0
1.11 0 0 0 0
1.11667 0 0 0 0
1.12333 0 0 0 0
1.13 0 0 0 0
1.13667 0 0 0 0
1.14333 0 0 0 0
1.15 0 0 0 0
1.15667 0 0 0 0
1.16333 0 0 0 0
1.17 0 0 0 0
1.17667 0 0 0 0
1.18333 0 0 0 0
1.19 0 0 0 0
1.19667 0 0 0 0
1.20333 0 0 0 0
1.21 0 0 0 0
1.21667 0 0 0 0
1.22333 0 0 0 0
1.23 0 0 0 0
1.23667 0 0 0 0
1.24333 0 0 0 0
1.25 0 0 0 0
1.25667 0 0 0 0
1.26333 0 0 0 0
1.27 0 0 0 0
1.27667 0 0 0 0
1.28333 0 0 0 0
1.29 0 0 0 0
1.29667 0 0 0 0
1.30333 0 0 0 0
1.31 0 0 0 0
1.31667 0 0 0 0
1.32333 0 0 0 0
1.33 0 0 0 0
1.33667 0 0 0 0
1.34333 0 0 0 0
1.35 0 0 0 0
1.35667 0 0 0 0
1.36333 0 0 0 0
1.37 0 0 0 0
1.37667 0 0 0 0
1.38333 0 0 0 0
1.39 0 0 0 0
1.39667 0 0 0 0
1.40333 0 0 0 0
1.41 0 0 0 0
1.41667 0 0 0 0
1.42333 0 0 0 0
1.43 0 0 0 0
1.43667 0 0 0 0
1.44333 0 0 0 0
1.45 0 0 0 0
1.45667 0 0 0 0
1.46333 0 0 0 0
1.47 0 0 0 0
1.47667 0 0 0 0
1.48333 0 0 0 0
1.49 0 0 0 0
1.49667 0 0 0 0
1.50333 0 0 0 0
1.51 0 0 0 0
1.51667 0 0 0 0
1.52333 0 0 0 0
1.53 0 0 0 0
1.53667 0 0 0 0
1.54333 0 0 0 0
1.55 0 0 0 0
1.55667 0 0 0 0
1.56333 0 0 0 0
1.57 0 0 0 0
1.57667 0 0 0 0
1.58333 0 0 0 0
1.59 0 0 0 0
1.59667 0 0 0 0
1.60333 0 0 0 0
1.61 0 0 0 0
1.61667 0 0 0 0
1.62333 0 0 0 0
1.63 0 0 0 0
1.63667 0 0 0 0
1.64333 0 0 0 0
1.65 0 0 0 0
1.65667 0 0 0 0
1.66333 0 0 0 0
1.67 0 0 0 0
1.67667 0 0 0 0
1.68333 0 0 0 0
1.69 0 0 0 0
1.69667 0 0 0 0
1.70333 0 0 0 0
1.71 0 0 0 0
1.71667 0 0 0 0
1.72333 0 0 0 0
1.73 0 0 0 0
1.73667 0 0 0 0
1.74333 0 0 0 0
1.75 0 0 0 0
1.75667 0 0 0 0
1.76333 0 0 0 0
1.77 0 0 0 0
1.77667 0 0 0 0
1.78333 0 0 0 0
1.79 0 0 0 0
1.79667 0 0 0 0
1.80333 0 0 0 0
1.81 0 0 0 0
1.81667 0 0 0 0
1.82333 0 0 0 0
1.83 0 0 0 0
1.83667 0 0 0 0
1.84333 0 0 0 0
1.85 0 0 0 0
1.85667 0 0 0 0
1.86333 0 0 0 0
1.87 0 0 0 0
1.87667 0 0 0 0
1.88333 0 0 0 0
1.89 0 0 0 0
1.89667 0 0 0 0
1.90333 0 0 0 0
1.91 0 0 0 0
1.91667 0 0 0 0
1.92333 0 0 0 0
1.93 0 0 0 0
1.93667 0 0 0 0
1.94333 0 0 0 0
1.95 0 0 0 0
1.95667 0 0 0 0
1.96333 0 0 0 0
1.97 0 0 0 0
1.97667 0 0 0 0
1.98333 0 0 0 0
1.99 0 0 0 0
1.99667 0 0 0 0
