0.00333333 14 63 11 0
0.01 26 106 11 0
0.0166667 27 99 19 1
0.0233333 24 105 8 1
0.03 25 97 7 3
0.0366667 32 134 11 0
0.0433333 58 159 12 2
0.05 63 167 14 1
0.0566667 70 242 25 2
0.0633333 78 263 16 4
0.07 82 232 24 2
0.0766667 95 240 24 2
0.0833333 102 308 29 1
0.09 98 284 28 3
0.0966667 92 254 28 3
0.103333 111 265 27 3
0.11 80 289 18 2
0.116667 80 290 17 4
0.123333 65 307 25 4
0.13 69 269 30 4
0.136667 64 277 16 2
0.143333 58 253 21 1
0.15 67 259 23 2
0.156667 53 240 30 3
0.163333 49 227 28 2
0.17 51 229 18 3
0.176667 39 236 26 3
0.183333 51 248 25 0
0.19 52 263 21 1
0.196667 45 234 26 3
0.203333 39 276 22 1
0.21 61 238 17 3
0.216667 40 236 19 0
0.223333 52 222 17 3
0.23 51 234 18 3
0.236667 57 190 22 3
0.243333 44 184 20 3
0.25 41 177 17 2
0.256667 39 192 29 2
0.263333 37 166 12 1
0.27 32 149 13 2
0.276667 51 158 13 4
0.283333 30 143 13 2
0.29 37 137 17 2
0.296667 29 147 14 2
0.303333 39 140 13 0
0.31 36 135 14 1
0.316667 34 105 13 1
0.323333 42 112 10 1
0.33 27 131 10 1
0.336667 34 124 11 2
0.343333 25 105 8 2
0.35 22 122 10 2
0.356667 17 121 13 2
0.363333 26 125 7 1
0.37 23 112 16 1
0.376667 21 91 7 3
0.383333 23 108 13 2
0.39 15 102 16 1
0.396667 24 85 8 2
0.403333 24 105 11 2
0.41 26 92 12 2
0.416667 25 93 12 1
0.423333 27 94 11 1
0.43 18 97 5 0
0.436667 19 96 18 2
0.443333 20 92 7 1
0.45 22 100 10 2
0.456667 16 81 13 0
0.463333 27 99 9 2
0.47 16 91 12 0
0.476667 19 85 9 0
0.483333 16 54 7 0
0.49 19 70 6 0
0.496667 21 55 5 1
0.503333 18 51 9 2
0.51 23 49 12 0
0.516667 14 46 5 1
0.523333 10 44 6 1
0.53 13 46 3 0
0.536667 19 55 6 5
0.543333 15 42 5 0
0.55 12 41 2 0
0.556667 12 45 7 1
0.563333 10 39 8 1
0.57 14 33 6 1
0.576667 9 43 6 1
0.583333 11 46 7 1
0.59 13 46 5 2
0.596667 11 48 6 1
0.603333 11 33 9 0
0.61 12 50 3 0
0.616667 11 41 6 0
0.623333 11 37 9 0
0.63 8 49 4 0
0.636667 10 52 3 1
0.643333 10 41 8 4
0.65 12 31 3 1
0.656667 8 30 7 1
0.663333 393 3305 281 5
0.67 0 0 0 0
0.676667 0 0 0 0
0.683333 0 0 0 0
0.69 0 0 0 0
0.696667 0 0 0 0
0.703333 0 0 0 0
0.71 0 0 0 0
0.716667 0 0 0 0
0.723333 0 0 0 0
0.73 0 0 0 0
0.736667 0 0 0 0
0.743333 0 0 0 0
0.75 0 0 0 0
0.756667 0 0 0 0
0.763333 0 0 0 0
0.77 0 0 0 0
0.776667 0 0 0 0
0.783333 0 0 0 0
0.79 0 0 0 0
0.796667 0 0 0 0
0.803333 0 0 0 0
0.81 0 0 0 0
0.816667 0 0 0 0
0.823333 0 0 0 0
0.83 0 0 0 0
0.836667 0 0 0 0
0.843333 0 0 0 0
0.85 0 0 0 0
0.856667 0 0 0 0
0.863333 0 0 0 0
0.87 0 0 0 0
0.876667 0 0 0 0
0.883333 0 0 0 0
0.89 0 0 0 0
0.896667 0 0 0 0
0.903333 0 0 0 0
0.91 0 0 0 0
0.916667 0 0 0 0
0.923333 0 0 0 0
0.93 0 0 0 0
0.936667 0 0 0 0
0.943333 0 0 0 0
0.95 0 0 0 0
0.956667 0 0 0 0
0.963333 0 0 0 0
0.97 0 0 0 0
0.976667 0 0 0 0
0.983333 0 0 0 0
0.99 0 0 0 0
0.996667 0 0 0 0
1.00333 0 0 0 0
1.01 0 0 0 0
1.01667 0 0 0 0
1.02333 0 0 0 0
1.03 0 0 0 0
1.03667 0 0 0 0
1.04333 0 0 0 0
1.05 0 0 0 0
1.05667 0 0 0 0
1.06333 0 0 0 0
1.07 0 0 0 0
1.07667 0 0 0 0
1.08333 0 0 0 0
1.09 0 0 0 0
1.09667 0 0 0 0
1.10333 0 0 0 0
1.11 0 0 0 0
1.11667 0 0 0 0
1.12333 0 0 0 0
1.13 0 0 0 0
1.13667 0 0 0 0
1.14333 0 0 0 0
1.15 0 0 0 0
1.15667 0 0 0 0
1.16333 0 0 0 0
1.17 0 0 0 0
1.17667 0 0 0 0
1.18333 0 0 0 0
1.19 0 0 0 0
1.19667 0 0 0 0
1.20333 0 0 0 0
1.21 0 0 0 0
1.21667 0 0 0 0
1.22333 0 0 0 0
1.23 0 0 0 0
1.23667 0 0 0 0
1.24333 0 0 0 0
1.25 0 0 0 0
1.25667 0 0 0 0
1.26333 0 0 0 0
1.27 0 0 0 0
1.27667 0 0 0 0
1.28333 0 0 0 0
1.29 0 0 0 0
1.29667 0 0 0 0
1.30333 0 0 0 0
1.31 0 0 0 0
1.31667 0 0 0 0
1.32333 0 0 0 0
1.33 0 0 0 0
1.33667 0 0 0 0
1.34333 0 0 0 0
1.35 0 0 0 0
1.35667 0 0 0 0
1.36333 0 0 0 0
1.37 0 0 0 0
1.37667 0 0 0 0
1.38333 0 0 0 0
1.39 0 0 0 0
1.39667 0 0 0 0
1.40333 0 0 0 0
1.41 0 0 0 0
1.41667 0 0 0 0
1.42333 0 0 0 0
1.43 0 0 0 0
1.43667 0 0 0 0
1.44333 0 0 0 0
1.45 0 0 0 0
1.45667 0 0 0 0
1.46333 0 0 0 0
1.47 0 0 0 0
1.47667 0 0 0 0
1.48333 0 0 0 0
1.49 0 0 0 0
1.49667 0 0 0 0
1.50333 0 0 0 0
1.51 0 0 0 0
1.51667 0 0 0 0
1.52333 0 0 0 0
1.53 0 0 0 0
1.53667 0 0 0 0
1.54333 0 0 0 0
1.55 0 0 0 0
1.55667 0 0 0 0
1.56333 0 0 0 0
1.57 0 0 0 0
1.57667 0 0 0 0
1.58333 0 0 0 0
1.59 0 0 0 0
1.59667 0 0 0 0
1.60333 0 0 0 0
1.61 0 0 0 0
1.61667 0 0 0 0
1.62333 0 0 0 0
1.63 0 0 0 0
1.63667 0 0 0 0
1.64333 0 0 0 0
1.65 0 0 0 0
1.65667 0 0 0 0
1.66333 0 0 0 0
1.67 0 0 0 0
1.67667 0 0 0 0
1.68333 0 0 0 0
1.69 0 0 0 0
1.69667 0 0 0 0
1.70333 0 0 0 0
1.71 0 0 0 0
1.71667 0 0 0 0
1.72333 0 0 0 0
1.73 0 0 0 0
1.73667 0 0 0 0
1.74333 0 0 0 0
1.75 0 0 0 0
1.75667 0 0 0 0
1.76333 0 0 0 0
1.77 0 0 0 0
1.77667 0 0 0 0
1.78333 0 0 0 0
1.79 0 0 0 0
1.79667 0 0 0 0
1.80333 0 0 0 0
1.81 0 0 0 0
1.81667 0 0 0 0
1.82333 0 0 0 0
1.83 0 0 0 0
1.83667 0 0 0 0
1.84333 0 0 0 0
1.85 0 0 0 0
1.85667 0 0 0 0
1.86333 0 0 0 0
1.87 0 0 0 0
1.87667 0 0 0 0
1.88333 0 0 0 0
1.89 0 0 0 0
1.89667 0 0 0 0
1.90333 0 0 0 0
1.91 0 0 0 0
1.91667 0 0 0 0
1.92333 0 0 0 0
1.93 0 0 0 0
1.93667 0 0 0 0
1.94333 0 0 0 0
1.95 0 0 0 0
1.95667 0 0 0 0
1.96333 0 0 0 0
1.97 0 0 0 0
1.97667 0 0 0 0
1.98333 0 0 0 0
1.99 0 0 0 0
1.99667 0 0 0 0
