0.00333333 2 15 56 10
0.01 0 19 81 8
0.0166667 3 22 86 11
0.0233333 6 12 80 18
0.03 2 25 102 14
0.0366667 4 28 104 13
0.0433333 9 32 142 25
0.05 11 55 161 28
0.0566667 8 63 218 30
0.0633333 7 57 192 31
0.07 8 72 231 41
0.0766667 7 77 234 36
0.0833333 14 72 260 34
0.09 6 62 246 32
0.0966667 9 66 260 32
0.103333 14 69 237 30
0.11 7 67 282 26
0.116667 8 69 277 32
0.123333 13 63 272 36
0.13 13 56 257 20
0.136667 11 55 261 17
0.143333 7 68 272 27
0.15 6 51 248 21
0.156667 10 59 244 15
0.163333 4 52 214 25
0.17 14 56 248 21
0.176667 6 44 252 24
0.183333 9 55 231 22
0.19 5 49 285 19
0.196667 9 64 254 23
0.203333 3 47 262 21
0.21 8 44 223 22
0.216667 6 40 249 17
0.223333 5 26 195 14
0.23 6 39 196 18
0.236667 6 42 195 20
0.243333 5 50 181 14
0.25 4 29 190 13
0.256667 7 31 173 18
0.263333 7 29 166 11
0.27 6 25 126 15
0.276667 3 36 158 16
0.283333 6 23 135 13
0.29 4 33 121 11
0.296667 3 32 142 10
0.303333 4 25 109 15
0.31 4 31 141 14
0.316667 0 24 109 8
0.323333 7 34 118 10
0.33 4 23 107 9
0.336667 1 26 109 11
0.343333 1 21 96 9
0.35 1 23 119 12
0.356667 5 26 97 13
0.363333 3 21 100 7
0.37 2 26 90 10
0.376667 6 25 97 12
0.383333 8 18 96 7
0.39 2 17 93 15
0.396667 3 29 96 8
0.403333 3 24 94 4
0.41 0 16 78 6
0.416667 2 25 102 6
0.423333 1 17 82 10
0.43 0 19 96 8
0.436667 4 22 93 9
0.443333 1 22 97 8
0.45 3 21 89 8
0.456667 3 19 96 12
0.463333 2 22 80 5
0.47 4 14 84 7
0.476667 1 20 76 7
0.483333 1 11 53 5
0.49 1 13 53 11
0.496667 4 12 47 6
0.503333 4 13 53 7
0.51 0 13 38 5
0.516667 1 17 55 6
0.523333 3 12 33 6
0.53 3 12 48 8
0.536667 2 6 34 6
0.543333 1 5 38 2
0.55 2 12 36 5
0.556667 3 11 39 5
0.563333 1 14 38 6
0.57 3 5 40 5
0.576667 1 17 43 6
0.583333 3 14 39 4
0.59 1 7 25 9
0.596667 2 10 30 11
0.603333 2 6 35 3
0.61 1 15 29 8
0.616667 5 10 25 2
0.623333 2 13 27 3
0.63 7 8 33 4
0.636667 2 12 32 5
0.643333 1 12 25 4
0.65 4 10 28 7
0.656667 2 15 21 2
0.663333 33 447 3150 122
0.67 0 0 0 0
0.676667 0 0 0 0
0.683333 0 0 0 0
0.69 0 0 0 0
0.696667 0 0 0 0
0.703333 0 0 0 0
0.71 0 0 0 0
0.716667 0 0 0 0
0.723333 0 0 0 0
0.73 0 0 0 0
0.736667 0 0 0 0
0.743333 0 0 0 0
0.75 0 0 0 0
0.756667 0 0 0 0
0.763333 0 0 0 0
0.77 0 0 0 0
0.776667 0 0 0 0
0.783333 0 0 0 0
0.79 0 0 0 0
0.796667 0 0 0 0
0.803333 0 0 0 0
0.81 0 0 0 0
0.816667 0 0 0 0
0.823333 0 0 0 0
0.83 0 0 0 0
0.836667 0 0 0 0
0.843333 0 0 0 0
0.85 0 0 0 0
0.856667 0 0 0 0
0.863333 0 0 0 0
0.87 0 0 0 0
0.876667 0 0 0 0
0.883333 0 0 0 0
0.89 0 0 0 0
0.896667 0 0 0 0
0.903333 0 0 0 0
0.91 0 0 0 0
0.916667 0 0 0 0
0.923333 0 0 0 0
0.93 0 0 0 0
0.936667 0 0 0 0
0.943333 0 0 0 0
0.95 0 0 0 0
0.956667 0 0 0 0
0.963333 0 0 0 0
0.97 0 0 0 0
0.976667 0 0 0 0
0.983333 0 0 0 0
0.99 0 0 0 0
0.996667 0 0 0 0
1.00333 0 0 0 0
1.01 0 0 0 0
1.01667 0 0 0 0
1.02333 0 0 0 0
1.03 0 0 0 0
1.03667 0 0 0 0
1.04333 0 0 0 0
1.05 0 0 0 0
1.05667 0 0 0 0
1.06333 0 0 0 0
1.07 0 0 0 0
1.07667 0 0 0 0
1.08333 0 0 0 0
1.09 0 0 0 0
1.09667 0 0 0 0
1.10333 0 0 0 0
1.11 0 0 0 0
1.11667 0 0 0 0
1.12333 0 0 0 0
1.13 0 0 0 0
1.13667 0 0 0 0
1.14333 0 0 0 0
1.15 0 0 0 0
1.15667 0 0 0 0
1.16333 0 0 0 0
1.17 0 0 0 0
1.17667 0 0 0 0
1.18333 0 0 0 0
1.19 0 0 0 0
1.19667 0 0 0 0
1.20333 0 0 0 0
1.21 0 0 0 0
1.21667 0 0 0 0
1.22333 0 0 0 0
1.23 0 0 0 0
1.23667 0 0 0 0
1.24333 0 0 0 0
1.25 0 0 0 0
1.25667 0 0 0 0
1.26333 0 0 0 0
1.27 0 0 0 0
1.27667 0 0 0 0
1.28333 0 0 0 0
1.29 0 0 0 0
1.29667 0 0 0 0
1.30333 0 0 0 0
1.31 0 0 0 0
1.31667 0 0 0 0
1.32333 0 0 0 0
1.33 0 0 0 0
1.33667 0 0 0 0
1.34333 0 0 0 0
1.35 0 0 0 0
1.35667 0 0 0 0
1.36333 0 0 0 0
1.37 0 0 0 0
1.37667 0 0 0 0
1.38333 0 0 0 0
1.39 0 0 0 0
1.39667 0 0 0 0
1.40333 0 0 0 0
1.41 0 0 0 0
1.41667 0 0 0 0
1.42333 0 0 0 0
1.43 0 0 0 0
1.43667 0 0 0 0
1.44333 0 0 0 0
1.45 0 0 0 0
1.45667 0 0 0 0
1.46333 0 0 0 0
1.47 0 0 0 0
1.47667 0 0 0 0
1.48333 0 0 0 0
1.49 0 0 0 0
1.49667 0 0 0 0
1.50333 0 0 0 0
1.51 0 0 0 0
1.51667 0 0 0 0
1.52333 0 0 0 0
1.53 0 0 0 0
1.53667 0 0 0 0
1.54333 0 0 0 0
1.55 0 0 0 0
1.55667 0 0 0 0
1.56333 0 0 0 0
1.57 0 0 0 0
1.57667 0 0 0 0
1.58333 0 0 0 0
1.59 0 0 0 0
1.59667 0 0 0 0
1.60333 0 0 0 0
1.61 0 0 0 0
1.61667 0 0 0 0
1.62333 0 0 0 0
1.63 0 0 0 0
1.63667 0 0 0 0
1.64333 0 0 0 0
1.65 0 0 0 0
1.65667 0 0 0 0
1.66333 0 0 0 0
1.67 0 0 0 0
1.67667 0 0 0 0
1.68333 0 0 0 0
1.69 0 0 0 0
1.69667 0 0 0 0
1.70333 0 0 0 0
1.71 0 0 0 0
1.71667 0 0 0 0
1.72333 0 0 0 0
1.73 0 0 0 0
1.73667 0 0 0 0
1.74333 0 0 0 0
1.75 0 0 0 0
1.75667 0 0 0 0
1.76333 0 0 0 0
1.77 0 0 0 0
1.77667 0 0 0 0
1.78333 0 0 0 0
1.79 0 0 0 0
1.79667 0 0 0 0
1.80333 0 0 0 0
1.81 0 0 0 0
1.81667 0 0 0 0
1.82333 0 0 0 0
1.83 0 0 0 0
1.83667 0 0 0 0
1.84333 0 0 0 0
1.85 0 0 0 0
1.85667 0 0 0 0
1.86333 0 0 0 0
1.87 0 0 0 0
1.87667 0 0 0 0
1.88333 0 0 0 0
1.89 0 0 0 0
1.89667 0 0 0 0
1.90333 0 0 0 0
1.91 0 0 0 0
1.91667 0 0 0 0
1.92333 0 0 0 0
1.93 0 0 0 0
1.93667 0 0 0 0
1.94333 0 0 0 0
1.95 0 0 0 0
1.95667 0 0 0 0
1.96333 0 0 0 0
1.97 0 0 0 0
1.97667 0 0 0 0
1.98333 0 0 0 0
1.99 0 0 0 0
1.99667 0 0 0 0
