0.00333333 7 37 31 2
0.01 4 36 25 1
0.0166667 8 59 45 8
0.0233333 9 43 44 4
0.03 12 39 48 12
0.0366667 12 56 48 10
0.0433333 21 82 72 9
0.05 17 92 77 21
0.0566667 24 128 111 24
0.0633333 23 146 109 25
0.07 26 146 121 20
0.0766667 23 147 145 23
0.0833333 32 148 123 27
0.09 31 140 126 25
0.0966667 22 165 116 31
0.103333 32 132 116 14
0.11 26 147 123 17
0.116667 23 156 134 25
0.123333 29 134 120 16
0.13 24 148 120 15
0.136667 19 110 112 25
0.143333 19 142 103 10
0.15 21 115 110 14
0.156667 18 112 108 13
0.163333 21 114 110 10
0.17 25 112 90 16
0.176667 21 112 99 18
0.183333 21 119 73 17
0.19 22 121 91 11
0.196667 20 119 101 12
0.203333 18 141 92 16
0.21 15 118 104 9
0.216667 11 111 87 13
0.223333 21 122 96 11
0.23 17 96 71 9
0.236667 11 88 73 10
0.243333 11 95 73 6
0.25 20 87 64 17
0.256667 14 87 70 11
0.263333 11 79 61 10
0.27 17 78 61 19
0.276667 15 69 56 14
0.283333 15 57 50 9
0.29 8 68 44 3
0.296667 6 70 43 13
0.303333 11 60 43 4
0.31 7 65 39 7
0.316667 7 54 46 5
0.323333 12 56 52 7
0.33 9 55 47 10
0.336667 10 67 50 7
0.343333 6 47 40 8
0.35 6 44 45 3
0.356667 7 58 31 12
0.363333 9 52 45 6
0.37 8 56 36 7
0.376667 11 47 38 10
0.383333 10 53 36 8
0.39 8 39 47 3
0.396667 12 44 43 0
0.403333 8 42 38 5
0.41 10 36 34 4
0.416667 5 43 37 12
0.423333 9 45 32 0
0.43 10 42 33 3
0.436667 10 47 46 5
0.443333 6 35 29 6
0.45 7 33 38 7
0.456667 5 26 29 13
0.463333 8 52 29 3
0.47 8 35 31 7
0.476667 7 32 21 9
0.483333 7 31 34 7
0.49 2 35 18 9
0.496667 4 23 17 7
0.503333 9 18 24 6
0.51 5 21 18 3
0.516667 6 23 16 5
0.523333 7 20 20 1
0.53 4 26 21 5
0.536667 5 26 8 5
0.543333 5 10 14 5
0.55 3 31 23 0
0.556667 2 19 21 5
0.563333 4 13 16 5
0.57 5 20 16 4
0.576667 1 20 20 4
0.583333 5 30 16 4
0.59 3 15 11 8
0.596667 7 17 16 2
0.603333 5 15 25 1
0.61 4 20 10 3
0.616667 3 24 14 4
0.623333 1 20 11 1
0.63 2 15 17 4
0.636667 9 17 15 2
0.643333 2 17 14 2
0.65 2 16 24 3
0.656667 2 20 18 1
0.663333 101 1087 868 81
0.67 0 0 0 0
0.676667 0 0 0 0
0.683333 0 0 0 0
0.69 0 0 0 0
0.696667 0 0 0 0
0.703333 0 0 0 0
0.71 0 0 0 0
0.716667 0 0 0 0
0.723333 0 0 0 0
0.73 0 0 0 0
0.736667 0 0 0 0
0.743333 0 0 0 0
0.75 0 0 0 0
0.756667 0 0 0 0
0.763333 0 0 0 0
0.77 0 0 0 0
0.776667 0 0 0 0
0.783333 0 0 0 0
0.79 0 0 0 0
0.796667 0 0 0 0
0.803333 0 0 0 0
0.81 0 0 0 0
0.816667 0 0 0 0
0.823333 0 0 0 0
0.83 0 0 0 0
0.836667 0 0 0 0
0.843333 0 0 0 0
0.85 0 0 0 0
0.856667 0 0 0 0
0.863333 0 0 0 0
0.87 0 0 0 0
0.876667 0 0 0 0
0.883333 0 0 0 0
0.89 0 0 0 0
0.896667 0 0 0 0
0.903333 0 0 0 0
0.91 0 0 0 0
0.916667 0 0 0 0
0.923333 0 0 0 0
0.93 0 0 0 0
0.936667 0 0 0 0
0.943333 0 0 0 0
0.95 0 0 0 0
0.956667 0 0 0 0
0.963333 0 0 0 0
0.97 0 0 0 0
0.976667 0 0 0 0
0.983333 0 0 0 0
0.99 0 0 0 0
0.996667 0 0 0 0
1.00333 0 0 0 0
1.01 0 0 0 0
1.01667 0 0 0 0
1.02333 0 0 0 0
1.03 0 0 0 0
1.03667 0 0 0 0
1.04333 0 0 0 0
1.05 0 0 0 0
1.05667 0 0 0 0
1.06333 0 0 0 0
1.07 0 0 0 0
1.07667 0 0 0 0
1.08333 0 0 0 0
1.09 0 0 0 0
1.09667 0 0 0 0
1.10333 0 0 0 0
1.11 0 0 0 0
1.11667 0 0 0 0
1.12333 0 0 0 0
1.13 0 0 0 0
1.13667 0 0 0 0
1.14333 0 0 0 0
1.15 0 0 0 0
1.15667 0 0 0 0
1.16333 0 0 0 0
1.17 0 0 0 0
1.17667 0 0 0 0
1.18333 0 0 0 0
1.19 0 0 0 0
1.19667 0 0 0 0
1.20333 0 0 0 0
1.21 0 0 0 0
1.21667 0 0 0 0
1.22333 0 0 0 0
1.23 0 0 0 0
1.23667 0 0 0 0
1.24333 0 0 0 0
1.25 0 0 0 0
1.25667 0 0 0 0
1.26333 0 0 0 0
1.27 0 0 0 0
1.27667 0 0 0 0
1.28333 0 0 0 0
1.29 0 0 0 0
1.29667 0 0 0 0
1.30333 0 0 0 0
1.31 0 0 0 0
1.31667 0 0 0 0
1.32333 0 0 0 0
1.33 0 0 0 0
1.33667 0 0 0 0
1.34333 0 0 0 0
1.35 0 0 0 0
1.35667 0 0 0 0
1.36333 0 0 0 0
1.37 0 0 0 0
1.37667 0 0 0 0
1.38333 0 0 0 0
1.39 0 0 0 0
1.39667 0 0 0 0
1.40333 0 0 0 0
1.41 0 0 0 0
1.41667 0 0 0 0
1.42333 0 0 0 0
1.43 0 0 0 0
1.43667 0 0 0 0
1.44333 0 0 0 0
1.45 0 0 0 0
1.45667 0 0 0 0
1.46333 0 0 0 0
1.47 0 0 0 0
1.47667 0 0 0 0
1.48333 0 0 0 0
1.49 0 0 0 0
1.49667 0 0 0 0
1.50333 0 0 0 0
1.51 0 0 0 0
1.51667 0 0 0 0
1.52333 0 0 0 0
1.53 0 0 0 0
1.53667 0 0 0 0
1.54333 0 0 0 0
1.55 0 0 0 0
1.55667 0 0 0 0
1.56333 0 0 0 0
1.57 0 0 0 0
1.57667 0 0 0 0
1.58333 0 0 0 0
1.59 0 0 0 0
1.59667 0 0 0 0
1.60333 0 0 0 0
1.61 0 0 0 0
1.61667 0 0 0 0
1.62333 0 0 0 0
1.63 0 0 0 0
1.63667 0 0 0 0
1.64333 0 0 0 0
1.65 0 0 0 0
1.65667 0 0 0 0
1.66333 0 0 0 0
1.67 0 0 0 0
1.67667 0 0 0 0
1.68333 0 0 0 0
1.69 0 0 0 0
1.69667 0 0 0 0
1.70333 0 0 0 0
1.71 0 0 0 0
1.71667 0 0 0 0
1.72333 0 0 0 0
1.73 0 0 0 0
1.73667 0 0 0 0
1.74333 0 0 0 0
1.75 0 0 0 0
1.75667 0 0 0 0
1.76333 0 0 0 0
1.77 0 0 0 0
1.77667 0 0 0 0
1.78333 0 0 0 0
1.79 0 0 0 0
1.79667 0 0 0 0
1.80333 0 0 0 0
1.81 0 0 0 0
1.81667 0 0 0 0
1.82333 0 0 0 0
1.83 0 0 0 0
1.83667 0 0 0 0
1.84333 0 0 0 0
1.85 0 0 0 0
1.85667 0 0 0 0
1.86333 0 0 0 0
1.87 0 0 0 0
1.87667 0 0 0 0
1.88333 0 0 0 0
1.89 0 0 0 0
1.89667 0 0 0 0
1.90333 0 0 0 0
1.91 0 0 0 0
1.91667 0 0 0 0
1.92333 0 0 0 0
1.93 0 0 0 0
1.93667 0 0 0 0
1.94333 0 0 0 0
1.95 0 0 0 0
1.95667 0 0 0 0
1.96333 0 0 0 0
1.97 0 0 0 0
1.97667 0 0 0 0
1.98333 0 0 0 0
1.99 0 0 0 0
1.99667 0 0 0 0
