0.00333333 1 0 50 49
0.01 2 4 47 50
0.0166667 1 5 47 51
0.0233333 3 5 67 52
0.03 1 4 70 74
0.0366667 1 6 71 86
0.0433333 3 6 118 114
0.05 3 9 162 127
0.0566667 6 11 169 192
0.0633333 2 22 223 196
0.07 3 12 205 201
0.0766667 4 10 207 235
0.0833333 3 17 225 241
0.09 2 9 209 221
0.0966667 3 27 231 223
0.103333 3 17 200 217
0.11 4 14 210 232
0.116667 5 16 172 189
0.123333 3 15 205 237
0.13 2 12 206 192
0.136667 5 15 178 168
0.143333 6 11 163 183
0.15 2 13 156 182
0.156667 6 12 159 173
0.163333 5 12 162 170
0.17 5 3 146 158
0.176667 1 8 135 144
0.183333 2 15 133 153
0.19 2 12 159 179
0.196667 2 15 148 152
0.203333 1 6 146 142
0.21 2 14 148 141
0.216667 2 15 133 134
0.223333 4 5 116 177
0.23 4 12 114 103
0.236667 2 3 127 133
0.243333 3 12 104 141
0.25 5 4 103 127
0.256667 3 7 103 107
0.263333 2 5 100 117
0.27 2 7 106 113
0.276667 3 3 73 92
0.283333 4 8 92 106
0.29 1 8 77 100
0.296667 1 2 77 97
0.303333 1 6 78 72
0.31 3 7 79 95
0.316667 0 7 77 81
0.323333 2 10 69 78
0.33 2 8 86 69
0.336667 2 1 57 81
0.343333 2 4 78 82
0.35 1 6 64 85
0.356667 0 9 78 81
0.363333 1 4 59 64
0.37 2 4 67 57
0.376667 2 4 61 62
0.383333 0 2 67 55
0.39 2 8 61 62
0.396667 1 7 55 70
0.403333 1 6 67 54
0.41 3 4 48 68
0.416667 1 5 54 55
0.423333 1 5 61 55
0.43 1 9 50 50
0.436667 3 7 51 46
0.443333 1 5 57 67
0.45 3 5 54 53
0.456667 0 6 48 55
0.463333 1 4 45 44
0.47 0 7 62 50
0.476667 0 3 38 47
0.483333 0 8 30 36
0.49 0 5 32 40
0.496667 1 6 23 48
0.503333 0 3 25 33
0.51 0 4 32 41
0.516667 1 5 31 34
0.523333 1 6 26 33
0.53 0 6 42 24
0.536667 0 0 25 23
0.543333 3 4 21 29
0.55 2 0 28 30
0.556667 2 3 29 27
0.563333 1 3 28 21
0.57 1 2 24 25
0.576667 1 4 25 25
0.583333 1 1 24 36
0.59 4 1 26 29
0.596667 0 5 24 20
0.603333 0 3 26 18
0.61 0 3 26 24
0.616667 1 3 28 20
0.623333 0 1 27 35
0.63 0 3 17 28
0.636667 0 4 32 28
0.643333 1 2 25 25
0.65 0 3 28 18
0.656667 1 5 22 19
0.663333 17 64 1348 1498
0.67 0 0 0 0
0.676667 0 0 0 0
0.683333 0 0 0 0
0.69 0 0 0 0
0.696667 0 0 0 0
0.703333 0 0 0 0
0.71 0 0 0 0
0.716667 0 0 0 0
0.723333 0 0 0 0
0.73 0 0 0 0
0.736667 0 0 0 0
0.743333 0 0 0 0
0.75 0 0 0 0
0.756667 0 0 0 0
0.763333 0 0 0 0
0.77 0 0 0 0
0.776667 0 0 0 0
0.783333 0 0 0 0
0.79 0 0 0 0
0.796667 0 0 0 0
0.803333 0 0 0 0
0.81 0 0 0 0
0.816667 0 0 0 0
0.823333 0 0 0 0
0.83 0 0 0 0
0.836667 0 0 0 0
0.843333 0 0 0 0
0.85 0 0 0 0
0.856667 0 0 0 0
0.863333 0 0 0 0
0.87 0 0 0 0
0.876667 0 0 0 0
0.883333 0 0 0 0
0.89 0 0 0 0
0.896667 0 0 0 0
0.903333 0 0 0 0
0.91 0 0 0 0
0.916667 0 0 0 0
0.923333 0 0 0 0
0.93 0 0 0 0
0.936667 0 0 0 0
0.943333 0 0 0 0
0.95 0 0 0 0
0.956667 0 0 0 0
0.963333 0 0 0 0
0.97 0 0 0 0
0.976667 0 0 0 0
0.983333 0 0 0 0
0.99 0 0 0 0
0.996667 0 0 0 0
1.00333 0 0 0 0
1.01 0 0 0 0
1.01667 0 0 0 0
1.02333 0 0 0 0
1.03 0 0 0 0
1.03667 0 0 0 0
1.04333 0 0 0 0
1.05 0 0 0 0
1.05667 0 0 0 0
1.06333 0 0 0 0
1.07 0 0 0 0
1.07667 0 0 0 0
1.08333 0 0 0 0
1.09 0 0 0 0
1.09667 0 0 0 0
1.10333 0 0 0 0
1.11 0 0 0 0
1.11667 0 0 0 0
1.12333 0 0 0 0
1.13 0 0 0 0
1.13667 0 0 0 0
1.14333 0 0 0 0
1.15 0 0 0 0
1.15667 0 0 0 0
1.16333 0 0 0 0
1.17 0 0 0 0
1.17667 0 0 0 0
1.18333 0 0 0 0
1.19 0 0 0 0
1.19667 0 0 0 0
1.20333 0 0 0 0
1.21 0 0 0 0
1.21667 0 0 0 0
1.22333 0 0 0 0
1.23 0 0 0 0
1.23667 0 0 0 0
1.24333 0 0 0 0
1.25 0 0 0 0
1.25667 0 0 0 0
1.26333 0 0 0 0
1.27 0 0 0 0
1.27667 0 0 0 0
1.28333 0 0 0 0
1.29 0 0 0 0
1.29667 0 0 0 0
1.30333 0 0 0 0
1.31 0 0 0 0
1.31667 0 0 0 0
1.32333 0 0 0 0
1.33 0 0 0 0
1.33667 0 0 0 0
1.34333 0 0 0 0
1.35 0 0 0 0
1.35667 0 0 0 0
1.36333 0 0 0 0
1.37 0 0 0 0
1.37667 0 0 0 0
1.38333 0 0 0 0
1.39 0 0 0 0
1.39667 0 0 0 0
1.40333 0 0 0 0
1.41 0 0 0 0
1.41667 0 0 0 0
1.42333 0 0 0 0
1.43 0 0 0 0
1.43667 0 0 0 0
1.44333 0 0 0 0
1.45 0 0 0 0
1.45667 0 0 0 0
1.46333 0 0 0 0
1.47 0 0 0 0
1.47667 0 0 0 0
1.48333 0 0 0 0
1.49 0 0 0 0
1.49667 0 0 0 0
1.50333 0 0 0 0
1.51 0 0 0 0
1.51667 0 0 0 0
1.52333 0 0 0 0
1.53 0 0 0 0
1.53667 0 0 0 0
1.54333 0 0 0 0
1.55 0 0 0 0
1.55667 0 0 0 0
1.56333 0 0 0 0
1.57 0 0 0 0
1.57667 0 0 0 0
1.58333 0 0 0 0
1.59 0 0 0 0
1.59667 0 0 0 0
1.60333 0 0 0 0
1.61 0 0 0 0
1.61667 0 0 0 0
1.62333 0 0 0 0
1.63 0 0 0 0
1.63667 0 0 0 0
1.64333 0 0 0 0
1.65 0 0 0 0
1.65667 0 0 0 0
1.66333 0 0 0 0
1.67 0 0 0 0
1.67667 0 0 0 0
1.68333 0 0 0 0
1.69 0 0 0 0
1.69667 0 0 0 0
1.70333 0 0 0 0
1.71 0 0 0 0
1.71667 0 0 0 0
1.72333 0 0 0 0
1.73 0 0 0 0
1.73667 0 0 0 0
1.74333 0 0 0 0
1.75 0 0 0 0
1.75667 0 0 0 0
1.76333 0 0 0 0
1.77 0 0 0 0
1.77667 0 0 0 0
1.78333 0 0 0 0
1.79 0 0 0 0
1.79667 0 0 0 0
1.80333 0 0 0 0
1.81 0 0 0 0
1.81667 0 0 0 0
1.82333 0 0 0 0
1.83 0 0 0 0
1.83667 0 0 0 0
1.84333 0 0 0 0
1.85 0 0 0 0
1.85667 0 0 0 0
1.86333 0 0 0 0
1.87 0 0 0 0
1.87667 0 0 0 0
1.88333 0 0 0 0
1.89 0 0 0 0
1.89667 0 0 0 0
1.90333 0 0 0 0
1.91 0 0 0 0
1.91667 0 0 0 0
1.92333 0 0 0 0
1.93 0 0 0 0
1.93667 0 0 0 0
1.94333 0 0 0 0
1.95 0 0 0 0
1.95667 0 0 0 0
1.96333 0 0 0 0
1.97 0 0 0 0
1.97667 0 0 0 0
1.98333 0 0 0 0
1.99 0 0 0 0
1.99667 0 0 0 0
