0.00333333 1 3 26 64
0.01 2 3 25 73
0.0166667 2 6 22 100
0.0233333 7 6 37 103
0.03 4 5 39 120
0.0366667 0 8 59 136
0.0433333 2 4 76 148
0.05 5 7 109 145
0.0566667 6 10 109 201
0.0633333 4 11 140 230
0.07 6 16 123 216
0.0766667 7 15 139 280
0.0833333 5 16 150 282
0.09 1 17 139 239
0.0966667 4 16 137 252
0.103333 7 18 150 242
0.11 6 11 113 268
0.116667 3 13 132 261
0.123333 1 9 114 290
0.13 6 10 113 284
0.136667 6 19 112 237
0.143333 2 17 107 263
0.15 7 9 96 232
0.156667 2 9 94 232
0.163333 3 7 94 244
0.17 7 8 86 230
0.176667 6 12 64 225
0.183333 2 11 103 281
0.19 10 8 84 301
0.196667 7 13 76 258
0.203333 5 13 72 256
0.21 10 6 82 243
0.216667 6 8 74 222
0.223333 9 10 68 240
0.23 6 11 70 187
0.236667 4 4 72 160
0.243333 0 5 70 207
0.25 6 9 68 201
0.256667 3 6 59 141
0.263333 3 10 49 160
0.27 1 6 54 137
0.276667 6 6 48 171
0.283333 3 6 42 156
0.29 1 9 44 157
0.296667 4 3 45 130
0.303333 2 8 48 108
0.31 4 9 48 117
0.316667 3 8 41 130
0.323333 2 5 38 131
0.33 2 4 40 115
0.336667 3 6 32 107
0.343333 0 6 44 112
0.35 2 5 36 125
0.356667 3 5 35 118
0.363333 5 3 41 92
0.37 2 4 45 99
0.376667 5 9 34 90
0.383333 3 7 23 85
0.39 1 3 31 107
0.396667 1 5 31 85
0.403333 1 10 29 84
0.41 2 8 41 94
0.416667 4 9 30 99
0.423333 3 2 36 98
0.43 1 3 35 91
0.436667 3 5 35 71
0.443333 2 4 38 101
0.45 0 3 33 87
0.456667 3 2 32 84
0.463333 1 5 26 71
0.47 5 3 33 91
0.476667 2 4 31 76
0.483333 5 5 22 52
0.49 3 8 21 49
0.496667 2 2 13 55
0.503333 2 1 27 48
0.51 1 3 18 51
0.516667 4 5 22 49
0.523333 2 4 11 58
0.53 2 2 19 50
0.536667 1 2 20 33
0.543333 2 6 14 39
0.55 1 3 21 36
0.556667 2 6 14 36
0.563333 0 5 23 37
0.57 2 2 11 40
0.576667 0 3 17 42
0.583333 0 4 16 32
0.59 3 3 12 30
0.596667 1 6 17 40
0.603333 0 3 17 34
0.61 3 2 17 38
0.616667 0 4 26 41
0.623333 2 1 11 33
0.63 4 6 17 32
0.636667 2 4 18 44
0.643333 2 4 10 32
0.65 1 7 9 34
0.656667 1 2 17 28
0.663333 66 76 582 3327
0.67 0 0 0 0
0.676667 0 0 0 0
0.683333 0 0 0 0
0.69 0 0 0 0
0.696667 0 0 0 0
0.703333 0 0 0 0
0.71 0 0 0 0
0.716667 0 0 0 0
0.723333 0 0 0 0
0.73 0 0 0 0
0.736667 0 0 0 0
0.743333 0 0 0 0
0.75 0 0 0 0
0.756667 0 0 0 0
0.763333 0 0 0 0
0.77 0 0 0 0
0.776667 0 0 0 0
0.783333 0 0 0 0
0.79 0 0 0 0
0.796667 0 0 0 0
0.803333 0 0 0 0
0.81 0 0 0 0
0.816667 0 0 0 0
0.823333 0 0 0 0
0.83 0 0 0 0
0.836667 0 0 0 0
0.843333 0 0 0 0
0.85 0 0 0 0
0.856667 0 0 0 0
0.863333 0 0 0 0
0.87 0 0 0 0
0.876667 0 0 0 0
0.883333 0 0 0 0
0.89 0 0 0 0
0.896667 0 0 0 0
0.903333 0 0 0 0
0.91 0 0 0 0
0.916667 0 0 0 0
0.923333 0 0 0 0
0.93 0 0 0 0
0.936667 0 0 0 0
0.943333 0 0 0 0
0.95 0 0 0 0
0.956667 0 0 0 0
0.963333 0 0 0 0
0.97 0 0 0 0
0.976667 0 0 0 0
0.983333 0 0 0 0
0.99 0 0 0 0
0.996667 0 0 0 0
1.00333 0 0 0 0
1.01 0 0 0 0
1.01667 0 0 0 0
1.02333 0 0 0 0
1.03 0 0 0 0
1.03667 0 0 0 0
1.04333 0 0 0 0
1.05 0 0 0 0
1.05667 0 0 0 0
1.06333 0 0 0 0
1.07 0 0 0 0
1.07667 0 0 0 0
1.08333 0 0 0 0
1.09 0 0 0 0
1.09667 0 0 0 0
1.10333 0 0 0 0
1.11 0 0 0 0
1.11667 0 0 0 0
1.12333 0 0 0 0
1.13 0 0 0 0
1.13667 0 0 0 0
1.14333 0 0 0 0
1.15 0 0 0 0
1.15667 0 0 0 0
1.16333 0 0 0 0
1.17 0 0 0 0
1.17667 0 0 0 0
1.18333 0 0 0 0
1.19 0 0 0 0
1.19667 0 0 0 0
1.20333 0 0 0 0
1.21 0 0 0 0
1.21667 0 0 0 0
1.22333 0 0 0 0
1.23 0 0 0 0
1.23667 0 0 0 0
1.24333 0 0 0 0
1.25 0 0 0 0
1.25667 0 0 0 0
1.26333 0 0 0 0
1.27 0 0 0 0
1.27667 0 0 0 0
1.28333 0 0 0 0
1.29 0 0 0 0
1.29667 0 0 0 0
1.30333 0 0 0 0
1.31 0 0 0 0
1.31667 0 0 0 0
1.32333 0 0 0 0
1.33 0 0 0 0
1.33667 0 0 0 0
1.34333 0 0 0 0
1.35 0 0 0 0
1.35667 0 0 0 0
1.36333 0 0 0 0
1.37 0 0 0 0
1.37667 0 0 0 0
1.38333 0 0 0 0
1.39 0 0 0 0
1.39667 0 0 0 0
1.40333 0 0 0 0
1.41 0 0 0 0
1.41667 0 0 0 0
1.42333 0 0 0 0
1.43 0 0 0 0
1.43667 0 0 0 0
1.44333 0 0 0 0
1.45 0 0 0 0
1.45667 0 0 0 0
1.46333 0 0 0 0
1.47 0 0 0 0
1.47667 0 0 0 0
1.48333 0 0 0 0
1.49 0 0 0 0
1.49667 0 0 0 0
1.50333 0 0 0 0
1.51 0 0 0 0
1.51667 0 0 0 0
1.52333 0 0 0 0
1.53 0 0 0 0
1.53667 0 0 0 0
1.54333 0 0 0 0
1.55 0 0 0 0
1.55667 0 0 0 0
1.56333 0 0 0 0
1.57 0 0 0 0
1.57667 0 0 0 0
1.58333 0 0 0 0
1.59 0 0 0 0
1.59667 0 0 0 0
1.60333 0 0 0 0
1.61 0 0 0 0
1.61667 0 0 0 0
1.62333 0 0 0 0
1.63 0 0 0 0
1.63667 0 0 0 0
1.64333 0 0 0 0
1.65 0 0 0 0
1.65667 0 0 0 0
1.66333 0 0 0 0
1.67 0 0 0 0
1.67667 0 0 0 0
1.68333 0 0 0 0
1.69 0 0 0 0
1.69667 0 0 0 0
1.70333 0 0 0 0
1.71 0 0 0 0
1.71667 0 0 0 0
1.72333 0 0 0 0
1.73 0 0 0 0
1.73667 0 0 0 0
1.74333 0 0 0 0
1.75 0 0 0 0
1.75667 0 0 0 0
1.76333 0 0 0 0
1.77 0 0 0 0
1.77667 0 0 0 0
1.78333 0 0 0 0
1.79 0 0 0 0
1.79667 0 0 0 0
1.80333 0 0 0 0
1.81 0 0 0 0
1.81667 0 0 0 0
1.82333 0 0 0 0
1.83 0 0 0 0
1.83667 0 0 0 0
1.84333 0 0 0 0
1.85 0 0 0 0
1.85667 0 0 0 0
1.86333 0 0 0 0
1.87 0 0 0 0
1.87667 0 0 0 0
1.88333 0 0 0 0
1.89 0 0 0 0
1.89667 0 0 0 0
1.90333 0 0 0 0
1.91 0 0 0 0
1.91667 0 0 0 0
1.92333 0 0 0 0
1.93 0 0 0 0
1.93667 0 0 0 0
1.94333 0 0 0 0
1.95 0 0 0 0
1.95667 0 0 0 0
1.96333 0 0 0 0
1.97 0 0 0 0
1.97667 0 0 0 0
1.98333 0 0 0 0
1.99 0 0 0 0
1.99667 0 0 0 0
