0.00333333 3 11 106 9
0.01 2 19 130 12
0.0166667 2 16 118 17
0.0233333 2 14 137 15
0.03 1 17 155 20
0.0366667 2 13 132 19
0.0433333 2 16 179 35
0.05 9 23 229 28
0.0566667 5 45 256 58
0.0633333 4 42 276 53
0.07 6 38 292 68
0.0766667 5 45 343 53
0.0833333 4 34 342 59
0.09 8 45 366 46
0.0966667 3 41 346 45
0.103333 4 37 388 46
0.11 4 47 377 52
0.116667 5 51 391 53
0.123333 9 43 398 52
0.13 10 36 379 35
0.136667 10 22 357 34
0.143333 8 34 314 38
0.15 5 30 360 30
0.156667 2 30 343 31
0.163333 4 38 353 33
0.17 7 36 327 26
0.176667 3 20 340 28
0.183333 7 35 329 37
0.19 6 35 395 27
0.196667 5 37 358 28
0.203333 5 28 368 28
0.21 3 25 348 22
0.216667 5 23 339 22
0.223333 6 20 306 22
0.23 5 15 269 33
0.236667 2 31 251 23
0.243333 3 27 233 25
0.25 4 14 258 14
0.256667 7 19 222 21
0.263333 4 23 187 21
0.27 3 11 222 14
0.276667 4 20 202 18
0.283333 4 10 183 21
0.29 1 15 191 12
0.296667 1 15 178 20
0.303333 0 18 184 22
0.31 3 15 159 23
0.316667 1 8 148 15
0.323333 3 19 156 16
0.33 1 8 144 19
0.336667 2 15 136 12
0.343333 2 11 145 20
0.35 1 14 156 18
0.356667 0 18 109 12
0.363333 1 10 124 19
0.37 2 14 117 17
0.376667 5 13 138 15
0.383333 4 15 125 14
0.39 3 12 125 18
0.396667 4 8 111 5
0.403333 2 13 123 10
0.41 1 4 123 17
0.416667 3 8 140 12
0.423333 3 13 108 19
0.43 1 16 120 15
0.436667 3 5 125 9
0.443333 4 14 116 11
0.45 1 10 136 13
0.456667 1 10 124 15
0.463333 1 10 117 8
0.47 2 14 124 11
0.476667 3 13 85 12
0.483333 2 9 69 13
0.49 2 4 66 6
0.496667 2 8 72 9
0.503333 2 10 65 8
0.51 1 12 50 10
0.516667 1 15 67 9
0.523333 2 5 53 4
0.53 4 5 59 11
0.536667 0 7 55 6
0.543333 1 1 43 4
0.55 1 6 43 6
0.556667 2 9 51 8
0.563333 3 17 52 6
0.57 1 5 60 5
0.576667 3 8 43 6
0.583333 2 8 33 7
0.59 2 7 53 8
0.596667 2 8 49 8
0.603333 1 7 51 3
0.61 1 5 53 7
0.616667 2 12 41 9
0.623333 0 14 33 2
0.63 2 4 41 4
0.636667 1 4 60 7
0.643333 1 13 43 7
0.65 2 5 32 11
0.656667 0 6 41 4
0.663333 24 210 4889 183
0.67 0 0 0 0
0.676667 0 0 0 0
0.683333 0 0 0 0
0.69 0 0 0 0
0.696667 0 0 0 0
0.703333 0 0 0 0
0.71 0 0 0 0
0.716667 0 0 0 0
0.723333 0 0 0 0
0.73 0 0 0 0
0.736667 0 0 0 0
0.743333 0 0 0 0
0.75 0 0 0 0
0.756667 0 0 0 0
0.763333 0 0 0 0
0.77 0 0 0 0
0.776667 0 0 0 0
0.783333 0 0 0 0
0.79 0 0 0 0
0.796667 0 0 0 0
0.803333 0 0 0 0
0.81 0 0 0 0
0.816667 0 0 0 0
0.823333 0 0 0 0
0.83 0 0 0 0
0.836667 0 0 0 0
0.843333 0 0 0 0
0.85 0 0 0 0
0.856667 0 0 0 0
0.863333 0 0 0 0
0.87 0 0 0 0
0.876667 0 0 0 0
0.883333 0 0 0 0
0.89 0 0 0 0
0.896667 0 0 0 0
0.903333 0 0 0 0
0.91 0 0 0 0
0.916667 0 0 0 0
0.923333 0 0 0 0
0.93 0 0 0 0
0.936667 0 0 0 0
0.943333 0 0 0 0
0.95 0 0 0 0
0.956667 0 0 0 0
0.963333 0 0 0 0
0.97 0 0 0 0
0.976667 0 0 0 0
0.983333 0 0 0 0
0.99 0 0 0 0
0.996667 0 0 0 0
1.00333 0 0 0 0
1.01 0 0 0 0
1.01667 0 0 0 0
1.02333 0 0 0 0
1.03 0 0 0 0
1.03667 0 0 0 0
1.04333 0 0 0 0
1.05 0 0 0 0
1.05667 0 0 0 0
1.06333 0 0 0 0
1.07 0 0 0 0
1.07667 0 0 0 0
1.08333 0 0 0 0
1.09 0 0 0 0
1.09667 0 0 0 0
1.10333 0 0 0 0
1.11 0 0 0 0
1.11667 0 0 0 0
1.12333 0 0 0 0
1.13 0 0 0 0
1.13667 0 0 0 0
1.14333 0 0 0 0
1.15 0 0 0 0
1.15667 0 0 0 0
1.16333 0 0 0 0
1.17 0 0 0 0
1.17667 0 0 0 0
1.18333 0 0 0 0
1.19 0 0 0 0
1.19667 0 0 0 0
1.20333 0 0 0 0
1.21 0 0 0 0
1.21667 0 0 0 0
1.22333 0 0 0 0
1.23 0 0 0 0
1.23667 0 0 0 0
1.24333 0 0 0 0
1.25 0 0 0 0
1.25667 0 0 0 0
1.26333 0 0 0 0
1.27 0 0 0 0
1.27667 0 0 0 0
1.28333 0 0 0 0
1.29 0 0 0 0
1.29667 0 0 0 0
1.30333 0 0 0 0
1.31 0 0 0 0
1.31667 0 0 0 0
1.32333 0 0 0 0
1.33 0 0 0 0
1.33667 0 0 0 0
1.34333 0 0 0 0
1.35 0 0 0 0
1.35667 0 0 0 0
1.36333 0 0 0 0
1.37 0 0 0 0
1.37667 0 0 0 0
1.38333 0 0 0 0
1.39 0 0 0 0
1.39667 0 0 0 0
1.40333 0 0 0 0
1.41 0 0 0 0
1.41667 0 0 0 0
1.42333 0 0 0 0
1.43 0 0 0 0
1.43667 0 0 0 0
1.44333 0 0 0 0
1.45 0 0 0 0
1.45667 0 0 0 0
1.46333 0 0 0 0
1.47 0 0 0 0
1.47667 0 0 0 0
1.48333 0 0 0 0
1.49 0 0 0 0
1.49667 0 0 0 0
1.50333 0 0 0 0
1.51 0 0 0 0
1.51667 0 0 0 0
1.52333 0 0 0 0
1.53 0 0 0 0
1.53667 0 0 0 0
1.54333 0 0 0 0
1.55 0 0 0 0
1.55667 0 0 0 0
1.56333 0 0 0 0
1.57 0 0 0 0
1.57667 0 0 0 0
1.58333 0 0 0 0
1.59 0 0 0 0
1.59667 0 0 0 0
1.60333 0 0 0 0
1.61 0 0 0 0
1.61667 0 0 0 0
1.62333 0 0 0 0
1.63 0 0 0 0
1.63667 0 0 0 0
1.64333 0 0 0 0
1.65 0 0 0 0
1.65667 0 0 0 0
1.66333 0 0 0 0
1.67 0 0 0 0
1.67667 0 0 0 0
1.68333 0 0 0 0
1.69 0 0 0 0
1.69667 0 0 0 0
1.70333 0 0 0 0
1.71 0 0 0 0
1.71667 0 0 0 0
1.72333 0 0 0 0
1.73 0 0 0 0
1.73667 0 0 0 0
1.74333 0 0 0 0
1.75 0 0 0 0
1.75667 0 0 0 0
1.76333 0 0 0 0
1.77 0 0 0 0
1.77667 0 0 0 0
1.78333 0 0 0 0
1.79 0 0 0 0
1.79667 0 0 0 0
1.80333 0 0 0 0
1.81 0 0 0 0
1.81667 0 0 0 0
1.82333 0 0 0 0
1.83 0 0 0 0
1.83667 0 0 0 0
1.84333 0 0 0 0
1.85 0 0 0 0
1.85667 0 0 0 0
1.86333 0 0 0 0
1.87 0 0 0 0
1.87667 0 0 0 0
1.88333 0 0 0 0
1.89 0 0 0 0
1.89667 0 0 0 0
1.90333 0 0 0 0
1.91 0 0 0 0
1.91667 0 0 0 0
1.92333 0 0 0 0
1.93 0 0 0 0
1.93667 0 0 0 0
1.94333 0 0 0 0
1.95 0 0 0 0
1.95667 0 0 0 0
1.96333 0 0 0 0
1.97 0 0 0 0
1.97667 0 0 0 0
1.98333 0 0 0 0
1.99 0 0 0 0
1.99667 0 0 0 0
