0.00333333 1 3 126 15
0.01 1 5 141 23
0.0166667 2 5 153 26
0.0233333 0 9 146 26
0.03 0 15 178 29
0.0366667 2 6 197 36
0.0433333 3 8 228 45
0.05 3 18 260 52
0.0566667 5 13 298 81
0.0633333 0 15 342 65
0.07 2 22 381 75
0.0766667 7 22 435 92
0.0833333 4 25 407 83
0.09 6 31 385 81
0.0966667 3 14 385 90
0.103333 1 16 425 70
0.11 7 24 422 86
0.116667 1 26 405 67
0.123333 1 18 427 81
0.13 6 14 439 84
0.136667 5 12 464 52
0.143333 4 18 462 54
0.15 6 13 433 34
0.156667 2 23 401 51
0.163333 3 16 405 60
0.17 2 19 358 50
0.176667 3 14 396 53
0.183333 3 22 424 56
0.19 2 16 547 56
0.196667 3 18 494 52
0.203333 5 14 424 43
0.21 6 14 437 38
0.216667 3 10 413 43
0.223333 6 5 383 50
0.23 2 12 350 42
0.236667 1 9 342 36
0.243333 5 9 272 37
0.25 2 16 276 52
0.256667 2 1 302 32
0.263333 0 16 259 47
0.27 2 12 274 39
0.276667 1 14 237 36
0.283333 1 7 212 30
0.29 1 6 239 40
0.296667 2 6 190 20
0.303333 1 6 201 25
0.31 3 8 200 29
0.316667 2 8 177 24
0.323333 2 15 179 28
0.33 0 9 164 31
0.336667 2 10 148 18
0.343333 1 1 179 29
0.35 1 8 177 27
0.356667 1 4 150 26
0.363333 1 3 184 18
0.37 0 5 168 27
0.376667 1 6 158 16
0.383333 0 6 167 20
0.39 2 6 145 29
0.396667 0 3 143 22
0.403333 2 3 145 27
0.41 3 4 147 27
0.416667 2 5 160 18
0.423333 1 8 136 19
0.43 1 3 149 24
0.436667 1 2 158 23
0.443333 1 10 127 24
0.45 1 8 148 27
0.456667 1 7 155 23
0.463333 1 5 144 16
0.47 0 6 146 26
0.476667 0 10 131 16
0.483333 0 3 79 22
0.49 2 4 84 8
0.496667 0 2 81 19
0.503333 1 8 67 22
0.51 1 5 67 16
0.516667 1 6 87 12
0.523333 1 3 60 13
0.53 1 5 79 11
0.536667 0 4 66 14
0.543333 0 2 57 11
0.55 1 7 61 10
0.556667 1 3 62 13
0.563333 1 7 76 13
0.57 0 3 62 15
0.576667 4 8 49 11
0.583333 2 5 68 13
0.59 1 5 53 10
0.596667 2 1 61 9
0.603333 2 7 54 8
0.61 0 4 54 7
0.616667 1 2 52 11
0.623333 0 4 47 8
0.63 2 2 67 9
0.636667 1 2 67 12
0.643333 1 9 39 6
0.65 3 5 45 10
0.656667 0 0 48 11
0.663333 13 105 6596 373
0.67 0 0 0 0
0.676667 0 0 0 0
0.683333 0 0 0 0
0.69 0 0 0 0
0.696667 0 0 0 0
0.703333 0 0 0 0
0.71 0 0 0 0
0.716667 0 0 0 0
0.723333 0 0 0 0
0.73 0 0 0 0
0.736667 0 0 0 0
0.743333 0 0 0 0
0.75 0 0 0 0
0.756667 0 0 0 0
0.763333 0 0 0 0
0.77 0 0 0 0
0.776667 0 0 0 0
0.783333 0 0 0 0
0.79 0 0 0 0
0.796667 0 0 0 0
0.803333 0 0 0 0
0.81 0 0 0 0
0.816667 0 0 0 0
0.823333 0 0 0 0
0.83 0 0 0 0
0.836667 0 0 0 0
0.843333 0 0 0 0
0.85 0 0 0 0
0.856667 0 0 0 0
0.863333 0 0 0 0
0.87 0 0 0 0
0.876667 0 0 0 0
0.883333 0 0 0 0
0.89 0 0 0 0
0.896667 0 0 0 0
0.903333 0 0 0 0
0.91 0 0 0 0
0.916667 0 0 0 0
0.923333 0 0 0 0
0.93 0 0 0 0
0.936667 0 0 0 0
0.943333 0 0 0 0
0.95 0 0 0 0
0.956667 0 0 0 0
0.963333 0 0 0 0
0.97 0 0 0 0
0.976667 0 0 0 0
0.983333 0 0 0 0
0.99 0 0 0 0
0.996667 0 0 0 0
1.00333 0 0 0 0
1.01 0 0 0 0
1.01667 0 0 0 0
1.02333 0 0 0 0
1.03 0 0 0 0
1.03667 0 0 0 0
1.04333 0 0 0 0
1.05 0 0 0 0
1.05667 0 0 0 0
1.06333 0 0 0 0
1.07 0 0 0 0
1.07667 0 0 0 0
1.08333 0 0 0 0
1.09 0 0 0 0
1.09667 0 0 0 0
1.10333 0 0 0 0
1.11 0 0 0 0
1.11667 0 0 0 0
1.12333 0 0 0 0
1.13 0 0 0 0
1.13667 0 0 0 0
1.14333 0 0 0 0
1.15 0 0 0 0
1.15667 0 0 0 0
1.16333 0 0 0 0
1.17 0 0 0 0
1.17667 0 0 0 0
1.18333 0 0 0 0
1.19 0 0 0 0
1.19667 0 0 0 0
1.20333 0 0 0 0
1.21 0 0 0 0
1.21667 0 0 0 0
1.22333 0 0 0 0
1.23 0 0 0 0
1.23667 0 0 0 0
1.24333 0 0 0 0
1.25 0 0 0 0
1.25667 0 0 0 0
1.26333 0 0 0 0
1.27 0 0 0 0
1.27667 0 0 0 0
1.28333 0 0 0 0
1.29 0 0 0 0
1.29667 0 0 0 0
1.30333 0 0 0 0
1.31 0 0 0 0
1.31667 0 0 0 0
1.32333 0 0 0 0
1.33 0 0 0 0
1.33667 0 0 0 0
1.34333 0 0 0 0
1.35 0 0 0 0
1.35667 0 0 0 0
1.36333 0 0 0 0
1.37 0 0 0 0
1.37667 0 0 0 0
1.38333 0 0 0 0
1.39 0 0 0 0
1.39667 0 0 0 0
1.40333 0 0 0 0
1.41 0 0 0 0
1.41667 0 0 0 0
1.42333 0 0 0 0
1.43 0 0 0 0
1.43667 0 0 0 0
1.44333 0 0 0 0
1.45 0 0 0 0
1.45667 0 0 0 0
1.46333 0 0 0 0
1.47 0 0 0 0
1.47667 0 0 0 0
1.48333 0 0 0 0
1.49 0 0 0 0
1.49667 0 0 0 0
1.50333 0 0 0 0
1.51 0 0 0 0
1.51667 0 0 0 0
1.52333 0 0 0 0
1.53 0 0 0 0
1.53667 0 0 0 0
1.54333 0 0 0 0
1.55 0 0 0 0
1.55667 0 0 0 0
1.56333 0 0 0 0
1.57 0 0 0 0
1.57667 0 0 0 0
1.58333 0 0 0 0
1.59 0 0 0 0
1.59667 0 0 0 0
1.60333 0 0 0 0
1.61 0 0 0 0
1.61667 0 0 0 0
1.62333 0 0 0 0
1.63 0 0 0 0
1.63667 0 0 0 0
1.64333 0 0 0 0
1.65 0 0 0 0
1.65667 0 0 0 0
1.66333 0 0 0 0
1.67 0 0 0 0
1.67667 0 0 0 0
1.68333 0 0 0 0
1.69 0 0 0 0
1.69667 0 0 0 0
1.70333 0 0 0 0
1.71 0 0 0 0
1.71667 0 0 0 0
1.72333 0 0 0 0
1.73 0 0 0 0
1.73667 0 0 0 0
1.74333 0 0 0 0
1.75 0 0 0 0
1.75667 0 0 0 0
1.76333 0 0 0 0
1.77 0 0 0 0
1.77667 0 0 0 0
1.78333 0 0 0 0
1.79 0 0 0 0
1.79667 0 0 0 0
1.80333 0 0 0 0
1.81 0 0 0 0
1.81667 0 0 0 0
1.82333 0 0 0 0
1.83 0 0 0 0
1.83667 0 0 0 0
1.84333 0 0 0 0
1.85 0 0 0 0
1.85667 0 0 0 0
1.86333 0 0 0 0
1.87 0 0 0 0
1.87667 0 0 0 0
1.88333 0 0 0 0
1.89 0 0 0 0
1.89667 0 0 0 0
1.90333 0 0 0 0
1.91 0 0 0 0
1.91667 0 0 0 0
1.92333 0 0 0 0
1.93 0 0 0 0
1.93667 0 0 0 0
1.94333 0 0 0 0
1.95 0 0 0 0
1.95667 0 0 0 0
1.96333 0 0 0 0
1.97 0 0 0 0
1.97667 0 0 0 0
1.98333 0 0 0 0
1.99 0 0 0 0
1.99667 0 0 0 0
