0.00333333 81 85 1 2
0.01 84 93 3 2
0.0166667 81 92 1 2
0.0233333 87 97 3 1
0.03 111 125 2 1
0.0366667 126 108 2 2
0.0433333 128 149 4 2
0.05 146 147 5 4
0.0566667 153 178 7 4
0.0633333 199 197 3 9
0.07 228 201 4 5
0.0766667 230 229 4 6
0.0833333 261 233 10 5
0.09 217 243 9 3
0.0966667 242 283 4 3
0.103333 211 227 4 10
0.11 233 247 6 13
0.116667 269 269 4 6
0.123333 256 304 5 0
0.13 264 285 5 4
0.136667 241 225 5 3
0.143333 249 232 6 6
0.15 236 243 7 3
0.156667 242 226 11 1
0.163333 221 202 3 10
0.17 219 233 12 6
0.176667 199 210 3 8
0.183333 240 260 6 7
0.19 271 268 6 10
0.196667 252 257 2 6
0.203333 251 246 8 9
0.21 243 228 6 8
0.216667 221 217 6 1
0.223333 211 223 7 4
0.23 196 204 10 6
0.236667 185 233 8 5
0.243333 182 181 2 7
0.25 177 173 5 6
0.256667 177 169 4 2
0.263333 166 153 1 5
0.27 159 159 5 3
0.276667 142 136 5 4
0.283333 141 153 2 2
0.29 132 137 1 2
0.296667 153 155 2 2
0.303333 132 150 7 2
0.31 125 127 5 2
0.316667 138 113 3 4
0.323333 103 109 9 6
0.33 116 103 2 5
0.336667 101 98 4 2
0.343333 126 105 4 5
0.35 105 125 7 2
0.356667 110 105 6 2
0.363333 107 101 2 2
0.37 85 104 7 3
0.376667 104 108 4 5
0.383333 113 77 3 3
0.39 103 99 1 3
0.396667 102 93 1 0
0.403333 115 79 2 2
0.41 90 93 3 2
0.416667 102 99 3 3
0.423333 104 105 1 1
0.43 89 87 2 1
0.436667 94 101 2 3
0.443333 104 84 1 2
0.45 98 82 2 3
0.456667 94 99 2 2
0.463333 107 94 1 3
0.47 90 93 1 5
0.476667 75 92 4 3
0.483333 52 65 7 1
0.49 51 57 2 2
0.496667 44 43 4 1
0.503333 40 59 3 0
0.51 44 58 3 1
0.516667 37 38 2 1
0.523333 44 41 5 4
0.53 49 35 1 3
0.536667 47 41 2 0
0.543333 27 40 0 1
0.55 34 43 3 4
0.556667 31 41 2 4
0.563333 47 38 0 1
0.57 42 37 2 3
0.576667 28 36 3 3
0.583333 46 61 0 1
0.59 33 37 0 0
0.596667 32 37 2 1
0.603333 25 30 0 1
0.61 34 33 0 1
0.616667 42 26 3 2
0.623333 33 31 1 2
0.63 42 33 0 1
0.636667 47 38 1 5
0.643333 44 37 3 1
0.65 26 37 1 3
0.656667 35 34 2 2
0.663333 3747 3837 32 88
0.67 0 0 0 0
0.676667 0 0 0 0
0.683333 0 0 0 0
0.69 0 0 0 0
0.696667 0 0 0 0
0.703333 0 0 0 0
0.71 0 0 0 0
0.716667 0 0 0 0
0.723333 0 0 0 0
0.73 0 0 0 0
0.736667 0 0 0 0
0.743333 0 0 0 0
0.75 0 0 0 0
0.756667 0 0 0 0
0.763333 0 0 0 0
0.77 0 0 0 0
0.776667 0 0 0 0
0.783333 0 0 0 0
0.79 0 0 0 0
0.796667 0 0 0 0
0.803333 0 0 0 0
0.81 0 0 0 0
0.816667 0 0 0 0
0.823333 0 0 0 0
0.83 0 0 0 0
0.836667 0 0 0 0
0.843333 0 0 0 0
0.85 0 0 0 0
0.856667 0 0 0 0
0.863333 0 0 0 0
0.87 0 0 0 0
0.876667 0 0 0 0
0.883333 0 0 0 0
0.89 0 0 0 0
0.896667 0 0 0 0
0.903333 0 0 0 0
0.91 0 0 0 0
0.916667 0 0 0 0
0.923333 0 0 0 0
0.93 0 0 0 0
0.936667 0 0 0 0
0.943333 0 0 0 0
0.95 0 0 0 0
0.956667 0 0 0 0
0.963333 0 0 0 0
0.97 0 0 0 0
0.976667 0 0 0 0
0.983333 0 0 0 0
0.99 0 0 0 0
0.996667 0 0 0 0
1.00333 0 0 0 0
1.01 0 0 0 0
1.01667 0 0 0 0
1.02333 0 0 0 0
1.03 0 0 0 0
1.03667 0 0 0 0
1.04333 0 0 0 0
1.05 0 0 0 0
1.05667 0 0 0 0
1.06333 0 0 0 0
1.07 0 0 0 0
1.07667 0 0 0 0
1.08333 0 0 0 0
1.09 0 0 0 0
1.09667 0 0 0 0
1.10333 0 0 0 0
1.11 0 0 0 0
1.11667 0 0 0 0
1.12333 0 0 0 0
1.13 0 0 0 0
1.13667 0 0 0 0
1.14333 0 0 0 0
1.15 0 0 0 0
1.15667 0 0 0 0
1.16333 0 0 0 0
1.17 0 0 0 0
1.17667 0 0 0 0
1.18333 0 0 0 0
1.19 0 0 0 0
1.19667 0 0 0 0
1.20333 0 0 0 0
1.21 0 0 0 0
1.21667 0 0 0 0
1.22333 0 0 0 0
1.23 0 0 0 0
1.23667 0 0 0 0
1.24333 0 0 0 0
1.25 0 0 0 0
1.25667 0 0 0 0
1.26333 0 0 0 0
1.27 0 0 0 0
1.27667 0 0 0 0
1.28333 0 0 0 0
1.29 0 0 0 0
1.29667 0 0 0 0
1.30333 0 0 0 0
1.31 0 0 0 0
1.31667 0 0 0 0
1.32333 0 0 0 0
1.33 0 0 0 0
1.33667 0 0 0 0
1.34333 0 0 0 0
1.35 0 0 0 0
1.35667 0 0 0 0
1.36333 0 0 0 0
1.37 0 0 0 0
1.37667 0 0 0 0
1.38333 0 0 0 0
1.39 0 0 0 0
1.39667 0 0 0 0
1.40333 0 0 0 0
1.41 0 0 0 0
1.41667 0 0 0 0
1.42333 0 0 0 0
1.43 0 0 0 0
1.43667 0 0 0 0
1.44333 0 0 0 0
1.45 0 0 0 0
1.45667 0 0 0 0
1.46333 0 0 0 0
1.47 0 0 0 0
1.47667 0 0 0 0
1.48333 0 0 0 0
1.49 0 0 0 0
1.49667 0 0 0 0
1.50333 0 0 0 0
1.51 0 0 0 0
1.51667 0 0 0 0
1.52333 0 0 0 0
1.53 0 0 0 0
1.53667 0 0 0 0
1.54333 0 0 0 0
1.55 0 0 0 0
1.55667 0 0 0 0
1.56333 0 0 0 0
1.57 0 0 0 0
1.57667 0 0 0 0
1.58333 0 0 0 0
1.59 0 0 0 0
1.59667 0 0 0 0
1.60333 0 0 0 0
1.61 0 0 0 0
1.61667 0 0 0 0
1.62333 0 0 0 0
1.63 0 0 0 0
1.63667 0 0 0 0
1.64333 0 0 0 0
1.65 0 0 0 0
1.65667 0 0 0 0
1.66333 0 0 0 0
1.67 0 0 0 0
1.67667 0 0 0 0
1.68333 0 0 0 0
1.69 0 0 0 0
1.69667 0 0 0 0
1.70333 0 0 0 0
1.71 0 0 0 0
1.71667 0 0 0 0
1.72333 0 0 0 0
1.73 0 0 0 0
1.73667 0 0 0 0
1.74333 0 0 0 0
1.75 0 0 0 0
1.75667 0 0 0 0
1.76333 0 0 0 0
1.77 0 0 0 0
1.77667 0 0 0 0
1.78333 0 0 0 0
1.79 0 0 0 0
1.79667 0 0 0 0
1.80333 0 0 0 0
1.81 0 0 0 0
1.81667 0 0 0 0
1.82333 0 0 0 0
1.83 0 0 0 0
1.83667 0 0 0 0
1.84333 0 0 0 0
1.85 0 0 0 0
1.85667 0 0 0 0
1.86333 0 0 0 0
1.87 0 0 0 0
1.87667 0 0 0 0
1.88333 0 0 0 0
1.89 0 0 0 0
1.89667 0 0 0 0
1.90333 0 0 0 0
1.91 0 0 0 0
1.91667 0 0 0 0
1.92333 0 0 0 0
1.93 0 0 0 0
1.93667 0 0 0 0
1.94333 0 0 0 0
1.95 0 0 0 0
1.95667 0 0 0 0
1.96333 0 0 0 0
1.97 0 0 0 0
1.97667 0 0 0 0
1.98333 0 0 0 0
1.99 0 0 0 0
1.99667 0 0 0 0
