0.00333333 16 47 8 1
0.01 27 61 8 0
0.0166667 23 63 4 1
0.0233333 22 70 7 0
0.03 31 80 11 1
0.0366667 47 92 10 2
0.0433333 46 150 23 1
0.05 77 160 24 3
0.0566667 87 213 23 1
0.0633333 101 217 35 4
0.07 96 231 29 5
0.0766667 82 261 29 6
0.0833333 102 235 29 5
0.09 97 232 30 6
0.0966667 92 234 28 4
0.103333 103 246 25 8
0.11 96 223 26 1
0.116667 90 236 34 7
0.123333 79 225 36 2
0.13 61 236 36 6
0.136667 62 200 27 5
0.143333 78 218 36 0
0.15 65 202 28 5
0.156667 66 209 24 4
0.163333 58 195 26 2
0.17 51 187 27 3
0.176667 49 192 30 5
0.183333 60 197 34 6
0.19 65 176 32 1
0.196667 55 203 26 5
0.203333 37 181 32 6
0.21 50 160 21 4
0.216667 53 192 16 3
0.223333 50 144 28 2
0.23 55 169 20 2
0.236667 54 160 20 3
0.243333 53 120 23 3
0.25 40 132 21 4
0.256667 45 133 14 3
0.263333 37 127 17 2
0.27 34 113 7 6
0.276667 43 119 21 2
0.283333 33 94 14 2
0.29 35 110 17 2
0.296667 23 99 13 2
0.303333 41 101 15 2
0.31 40 99 13 0
0.316667 36 100 13 1
0.323333 30 84 14 3
0.33 37 92 24 3
0.336667 24 88 14 1
0.343333 31 78 9 1
0.35 28 83 14 2
0.356667 28 83 8 3
0.363333 40 82 11 0
0.37 20 76 12 2
0.376667 27 71 11 4
0.383333 12 84 12 3
0.39 20 66 16 3
0.396667 25 63 14 3
0.403333 23 85 10 1
0.41 25 67 10 1
0.416667 25 59 19 2
0.423333 20 57 4 1
0.43 29 70 16 0
0.436667 25 70 9 2
0.443333 24 68 8 1
0.45 23 61 15 0
0.456667 25 62 9 4
0.463333 18 45 7 1
0.47 16 71 8 2
0.476667 21 59 11 3
0.483333 14 57 3 1
0.49 17 53 11 3
0.496667 16 33 10 0
0.503333 12 43 9 1
0.51 16 36 9 0
0.516667 19 44 8 2
0.523333 18 35 9 1
0.53 17 34 6 0
0.536667 18 28 6 3
0.543333 9 35 7 1
0.55 13 33 4 0
0.556667 8 36 8 0
0.563333 13 30 3 1
0.57 16 33 7 1
0.576667 9 31 8 1
0.583333 12 38 5 2
0.59 11 42 6 2
0.596667 13 40 4 1
0.603333 10 33 8 1
0.61 12 35 6 1
0.616667 10 33 5 0
0.623333 13 27 8 0
0.63 12 37 5 0
0.636667 9 35 6 1
0.643333 12 29 4 0
0.65 13 28 10 1
0.656667 14 35 6 0
0.663333 395 1935 241 15
0.67 0 0 0 0
0.676667 0 0 0 0
0.683333 0 0 0 0
0.69 0 0 0 0
0.696667 0 0 0 0
0.703333 0 0 0 0
0.71 0 0 0 0
0.716667 0 0 0 0
0.723333 0 0 0 0
0.73 0 0 0 0
0.736667 0 0 0 0
0.743333 0 0 0 0
0.75 0 0 0 0
0.756667 0 0 0 0
0.763333 0 0 0 0
0.77 0 0 0 0
0.776667 0 0 0 0
0.783333 0 0 0 0
0.79 0 0 0 0
0.796667 0 0 0 0
0.803333 0 0 0 0
0.81 0 0 0 0
0.816667 0 0 0 0
0.823333 0 0 0 0
0.83 0 0 0 0
0.836667 0 0 0 0
0.843333 0 0 0 0
0.85 0 0 0 0
0.856667 0 0 0 0
0.863333 0 0 0 0
0.87 0 0 0 0
0.876667 0 0 0 0
0.883333 0 0 0 0
0.89 0 0 0 0
0.896667 0 0 0 0
0.903333 0 0 0 0
0.91 0 0 0 0
0.916667 0 0 0 0
0.923333 0 0 0 0
0.93 0 0 0 0
0.936667 0 0 0 0
0.943333 0 0 0 0
0.95 0 0 0 0
0.956667 0 0 0 0
0.963333 0 0 0 0
0.97 0 0 0 0
0.976667 0 0 0 0
0.983333 0 0 0 0
0.99 0 0 0 0
0.996667 0 0 0 0
1.00333 0 0 0 0
1.01 0 0 0 0
1.01667 0 0 0 0
1.02333 0 0 0 0
1.03 0 0 0 0
1.03667 0 0 0 0
1.04333 0 0 0 0
1.05 0 0 0 0
1.05667 0 0 0 0
1.06333 0 0 0 0
1.07 0 0 0 0
1.07667 0 0 0 0
1.08333 0 0 0 0
1.09 0 0 0 0
1.09667 0 0 0 0
1.10333 0 0 0 0
1.11 0 0 0 0
1.11667 0 0 0 0
1.12333 0 0 0 0
1.13 0 0 0 0
1.13667 0 0 0 0
1.14333 0 0 0 0
1.15 0 0 0 0
1.15667 0 0 0 0
1.16333 0 0 0 0
1.17 0 0 0 0
1.17667 0 0 0 0
1.18333 0 0 0 0
1.19 0 0 0 0
1.19667 0 0 0 0
1.20333 0 0 0 0
1.21 0 0 0 0
1.21667 0 0 0 0
1.22333 0 0 0 0
1.23 0 0 0 0
1.23667 0 0 0 0
1.24333 0 0 0 0
1.25 0 0 0 0
1.25667 0 0 0 0
1.26333 0 0 0 0
1.27 0 0 0 0
1.27667 0 0 0 0
1.28333 0 0 0 0
1.29 0 0 0 0
1.29667 0 0 0 0
1.30333 0 0 0 0
1.31 0 0 0 0
1.31667 0 0 0 0
1.32333 0 0 0 0
1.33 0 0 0 0
1.33667 0 0 0 0
1.34333 0 0 0 0
1.35 0 0 0 0
1.35667 0 0 0 0
1.36333 0 0 0 0
1.37 0 0 0 0
1.37667 0 0 0 0
1.38333 0 0 0 0
1.39 0 0 0 0
1.39667 0 0 0 0
1.40333 0 0 0 0
1.41 0 0 0 0
1.41667 0 0 0 0
1.42333 0 0 0 0
1.43 0 0 0 0
1.43667 0 0 0 0
1.44333 0 0 0 0
1.45 0 0 0 0
1.45667 0 0 0 0
1.46333 0 0 0 0
1.47 0 0 0 0
1.47667 0 0 0 0
1.48333 0 0 0 0
1.49 0 0 0 0
1.49667 0 0 0 0
1.50333 0 0 0 0
1.51 0 0 0 0
1.51667 0 0 0 0
1.52333 0 0 0 0
1.53 0 0 0 0
1.53667 0 0 0 0
1.54333 0 0 0 0
1.55 0 0 0 0
1.55667 0 0 0 0
1.56333 0 0 0 0
1.57 0 0 0 0
1.57667 0 0 0 0
1.58333 0 0 0 0
1.59 0 0 0 0
1.59667 0 0 0 0
1.60333 0 0 0 0
1.61 0 0 0 0
1.61667 0 0 0 0
1.62333 0 0 0 0
1.63 0 0 0 0
1.63667 0 0 0 0
1.64333 0 0 0 0
1.65 0 0 0 0
1.65667 0 0 0 0
1.66333 0 0 0 0
1.67 0 0 0 0
1.67667 0 0 0 0
1.68333 0 0 0 0
1.69 0 0 0 0
1.69667 0 0 0 0
1.70333 0 0 0 0
1.71 0 0 0 0
1.71667 0 0 0 0
1.72333 0 0 0 0
1.73 0 0 0 0
1.73667 0 0 0 0
1.74333 0 0 0 0
1.75 0 0 0 0
1.75667 0 0 0 0
1.76333 0 0 0 0
1.77 0 0 0 0
1.77667 0 0 0 0
1.78333 0 0 0 0
1.79 0 0 0 0
1.79667 0 0 0 0
1.80333 0 0 0 0
1.81 0 0 0 0
1.81667 0 0 0 0
1.82333 0 0 0 0
1.83 0 0 0 0
1.83667 0 0 0 0
1.84333 0 0 0 0
1.85 0 0 0 0
1.85667 0 0 0 0
1.86333 0 0 0 0
1.87 0 0 0 0
1.87667 0 0 0 0
1.88333 0 0 0 0
1.89 0 0 0 0
1.89667 0 0 0 0
1.90333 0 0 0 0
1.91 0 0 0 0
1.91667 0 0 0 0
1.92333 0 0 0 0
1.93 0 0 0 0
1.93667 0 0 0 0
1.94333 0 0 0 0
1.95 0 0 0 0
1.95667 0 0 0 0
1.96333 0 0 0 0
1.97 0 0 0 0
1.97667 0 0 0 0
1.98333 0 0 0 0
1.99 0 0 0 0
1.99667 0 0 0 0
