0.00333333 45 29 5 2
0.01 43 39 2 0
0.0166667 64 37 3 1
0.0233333 60 53 3 0
0.03 60 46 3 1
0.0366667 70 71 2 2
0.0433333 97 95 5 0
0.05 141 101 5 3
0.0566667 150 111 11 1
0.0633333 156 130 4 4
0.07 166 169 10 1
0.0766667 161 147 9 2
0.0833333 168 159 10 3
0.09 174 167 15 4
0.0966667 180 143 10 0
0.103333 168 153 11 4
0.11 172 154 13 4
0.116667 193 184 9 2
0.123333 176 143 17 0
0.13 159 130 10 2
0.136667 155 132 10 4
0.143333 134 124 10 2
0.15 154 101 6 0
0.156667 120 106 10 2
0.163333 131 113 13 2
0.17 117 124 11 0
0.176667 140 102 9 1
0.183333 110 105 7 3
0.19 113 129 6 0
0.196667 129 102 13 1
0.203333 106 96 5 2
0.21 130 101 9 3
0.216667 109 102 7 3
0.223333 88 99 7 1
0.23 92 84 5 0
0.236667 89 88 10 2
0.243333 86 88 9 2
0.25 90 65 8 1
0.256667 81 66 7 0
0.263333 72 67 4 3
0.27 93 63 5 0
0.276667 72 76 9 3
0.283333 68 70 6 0
0.29 79 65 6 0
0.296667 71 71 2 0
0.303333 73 67 3 1
0.31 67 60 4 1
0.316667 62 57 8 1
0.323333 61 62 5 0
0.33 72 48 5 0
0.336667 55 59 3 0
0.343333 58 58 2 0
0.35 58 61 4 1
0.356667 52 53 3 1
0.363333 58 54 4 0
0.37 53 38 6 0
0.376667 40 51 3 1
0.383333 66 45 1 0
0.39 48 44 3 0
0.396667 49 41 6 1
0.403333 46 48 1 0
0.41 43 57 4 1
0.416667 42 33 6 0
0.423333 52 44 4 0
0.43 42 38 8 1
0.436667 57 37 4 0
0.443333 40 36 4 1
0.45 52 44 2 0
0.456667 51 36 3 1
0.463333 42 34 0 3
0.47 48 37 7 1
0.476667 40 27 6 2
0.483333 33 24 1 1
0.49 37 36 4 1
0.496667 38 27 2 1
0.503333 31 24 7 2
0.51 28 25 4 0
0.516667 36 23 2 0
0.523333 28 18 2 0
0.53 23 26 2 1
0.536667 29 28 3 0
0.543333 28 20 4 0
0.55 25 17 1 2
0.556667 27 18 2 0
0.563333 22 23 3 0
0.57 27 21 3 0
0.576667 25 18 2 0
0.583333 25 22 3 1
0.59 27 22 3 1
0.596667 25 19 2 0
0.603333 24 19 1 1
0.61 19 19 2 2
0.616667 19 24 2 3
0.623333 31 24 1 1
0.63 28 14 5 1
0.636667 27 27 3 3
0.643333 19 16 1 2
0.65 23 17 5 1
0.656667 17 26 3 2
0.663333 1070 921 85 8
0.67 0 0 0 0
0.676667 0 0 0 0
0.683333 0 0 0 0
0.69 0 0 0 0
0.696667 0 0 0 0
0.703333 0 0 0 0
0.71 0 0 0 0
0.716667 0 0 0 0
0.723333 0 0 0 0
0.73 0 0 0 0
0.736667 0 0 0 0
0.743333 0 0 0 0
0.75 0 0 0 0
0.756667 0 0 0 0
0.763333 0 0 0 0
0.77 0 0 0 0
0.776667 0 0 0 0
0.783333 0 0 0 0
0.79 0 0 0 0
0.796667 0 0 0 0
0.803333 0 0 0 0
0.81 0 0 0 0
0.816667 0 0 0 0
0.823333 0 0 0 0
0.83 0 0 0 0
0.836667 0 0 0 0
0.843333 0 0 0 0
0.85 0 0 0 0
0.856667 0 0 0 0
0.863333 0 0 0 0
0.87 0 0 0 0
0.876667 0 0 0 0
0.883333 0 0 0 0
0.89 0 0 0 0
0.896667 0 0 0 0
0.903333 0 0 0 0
0.91 0 0 0 0
0.916667 0 0 0 0
0.923333 0 0 0 0
0.93 0 0 0 0
0.936667 0 0 0 0
0.943333 0 0 0 0
0.95 0 0 0 0
0.956667 0 0 0 0
0.963333 0 0 0 0
0.97 0 0 0 0
0.976667 0 0 0 0
0.983333 0 0 0 0
0.99 0 0 0 0
0.996667 0 0 0 0
1.00333 0 0 0 0
1.01 0 0 0 0
1.01667 0 0 0 0
1.02333 0 0 0 0
1.03 0 0 0 0
1.03667 0 0 0 0
1.04333 0 0 0 0
1.05 0 0 0 0
1.05667 0 0 0 0
1.06333 0 0 0 0
1.07 0 0 0 0
1.07667 0 0 0 0
1.08333 0 0 0 0
1.09 0 0 0 0
1.09667 0 0 0 0
1.10333 0 0 0 0
1.11 0 0 0 0
1.11667 0 0 0 0
1.12333 0 0 0 0
1.13 0 0 0 0
1.13667 0 0 0 0
1.14333 0 0 0 0
1.15 0 0 0 0
1.15667 0 0 0 0
1.16333 0 0 0 0
1.17 0 0 0 0
1.17667 0 0 0 0
1.18333 0 0 0 0
1.19 0 0 0 0
1.19667 0 0 0 0
1.20333 0 0 0 0
1.21 0 0 0 0
1.21667 0 0 0 0
1.22333 0 0 0 0
1.23 0 0 0 0
1.23667 0 0 0 0
1.24333 0 0 0 0
1.25 0 0 0 0
1.25667 0 0 0 0
1.26333 0 0 0 0
1.27 0 0 0 0
1.27667 0 0 0 0
1.28333 0 0 0 0
1.29 0 0 0 0
1.29667 0 0 0 0
1.30333 0 0 0 0
1.31 0 0 0 0
1.31667 0 0 0 0
1.32333 0 0 0 0
1.33 0 0 0 0
1.33667 0 0 0 0
1.34333 0 0 0 0
1.35 0 0 0 0
1.35667 0 0 0 0
1.36333 0 0 0 0
1.37 0 0 0 0
1.37667 0 0 0 0
1.38333 0 0 0 0
1.39 0 0 0 0
1.39667 0 0 0 0
1.40333 0 0 0 0
1.41 0 0 0 0
1.41667 0 0 0 0
1.42333 0 0 0 0
1.43 0 0 0 0
1.43667 0 0 0 0
1.44333 0 0 0 0
1.45 0 0 0 0
1.45667 0 0 0 0
1.46333 0 0 0 0
1.47 0 0 0 0
1.47667 0 0 0 0
1.48333 0 0 0 0
1.49 0 0 0 0
1.49667 0 0 0 0
1.50333 0 0 0 0
1.51 0 0 0 0
1.51667 0 0 0 0
1.52333 0 0 0 0
1.53 0 0 0 0
1.53667 0 0 0 0
1.54333 0 0 0 0
1.55 0 0 0 0
1.55667 0 0 0 0
1.56333 0 0 0 0
1.57 0 0 0 0
1.57667 0 0 0 0
1.58333 0 0 0 0
1.59 0 0 0 0
1.59667 0 0 0 0
1.60333 0 0 0 0
1.61 0 0 0 0
1.61667 0 0 0 0
1.62333 0 0 0 0
1.63 0 0 0 0
1.63667 0 0 0 0
1.64333 0 0 0 0
1.65 0 0 0 0
1.65667 0 0 0 0
1.66333 0 0 0 0
1.67 0 0 0 0
1.67667 0 0 0 0
1.68333 0 0 0 0
1.69 0 0 0 0
1.69667 0 0 0 0
1.70333 0 0 0 0
1.71 0 0 0 0
1.71667 0 0 0 0
1.72333 0 0 0 0
1.73 0 0 0 0
1.73667 0 0 0 0
1.74333 0 0 0 0
1.75 0 0 0 0
1.75667 0 0 0 0
1.76333 0 0 0 0
1.77 0 0 0 0
1.77667 0 0 0 0
1.78333 0 0 0 0
1.79 0 0 0 0
1.79667 0 0 0 0
1.80333 0 0 0 0
1.81 0 0 0 0
1.81667 0 0 0 0
1.82333 0 0 0 0
1.83 0 0 0 0
1.83667 0 0 0 0
1.84333 0 0 0 0
1.85 0 0 0 0
1.85667 0 0 0 0
1.86333 0 0 0 0
1.87 0 0 0 0
1.87667 0 0 0 0
1.88333 0 0 0 0
1.89 0 0 0 0
1.89667 0 0 0 0
1.90333 0 0 0 0
1.91 0 0 0 0
1.91667 0 0 0 0
1.92333 0 0 0 0
1.93 0 0 0 0
1.93667 0 0 0 0
1.94333 0 0 0 0
1.95 0 0 0 0
1.95667 0 0 0 0
1.96333 0 0 0 0
1.97 0 0 0 0
1.97667 0 0 0 0
1.98333 0 0 0 0
1.99 0 0 0 0
1.99667 0 0 0 0
