0.00333333 0 9 54 12
0.01 1 13 45 15
0.0166667 2 23 59 27
0.0233333 8 19 71 20
0.03 5 10 66 29
0.0366667 5 15 87 39
0.0433333 5 31 103 48
0.05 3 28 110 66
0.0566667 9 28 179 50
0.0633333 8 47 175 67
0.07 6 37 169 64
0.0766667 6 36 206 92
0.0833333 8 34 188 77
0.09 8 36 195 76
0.0966667 7 41 168 71
0.103333 5 51 214 79
0.11 5 42 177 74
0.116667 3 40 197 64
0.123333 6 40 206 76
0.13 3 50 196 71
0.136667 6 35 175 52
0.143333 3 54 154 65
0.15 6 48 169 56
0.156667 6 36 146 58
0.163333 2 37 143 65
0.17 5 40 135 60
0.176667 0 38 154 53
0.183333 6 29 126 53
0.19 3 53 150 43
0.196667 7 44 138 63
0.203333 2 41 147 52
0.21 9 40 161 48
0.216667 8 29 128 41
0.223333 2 30 133 49
0.23 6 40 105 50
0.236667 5 26 118 46
0.243333 3 31 124 39
0.25 10 25 102 41
0.256667 5 23 114 38
0.263333 3 29 86 44
0.27 3 22 79 44
0.276667 3 17 110 42
0.283333 4 30 91 32
0.29 2 16 89 30
0.296667 2 23 74 35
0.303333 5 17 79 39
0.31 5 22 82 34
0.316667 1 23 78 28
0.323333 2 24 93 23
0.33 2 15 62 31
0.336667 4 22 60 29
0.343333 4 22 74 28
0.35 7 19 84 22
0.356667 1 22 64 30
0.363333 2 25 62 24
0.37 2 13 58 28
0.376667 2 23 62 26
0.383333 2 30 61 25
0.39 1 20 81 27
0.396667 3 23 53 30
0.403333 2 21 66 14
0.41 3 21 42 28
0.416667 3 27 62 22
0.423333 3 12 59 24
0.43 3 11 67 18
0.436667 3 21 62 17
0.443333 3 21 58 20
0.45 6 19 68 21
0.456667 3 18 71 20
0.463333 3 25 54 23
0.47 5 26 55 22
0.476667 2 17 51 25
0.483333 1 14 34 20
0.49 0 12 29 16
0.496667 1 9 42 21
0.503333 0 14 33 14
0.51 1 10 29 21
0.516667 3 10 32 10
0.523333 3 16 32 12
0.53 2 16 21 11
0.536667 0 6 36 14
0.543333 3 6 32 8
0.55 1 8 41 18
0.556667 3 10 30 12
0.563333 2 10 21 11
0.57 2 14 24 12
0.576667 1 8 26 13
0.583333 2 12 33 10
0.59 0 6 23 11
0.596667 1 12 23 13
0.603333 0 14 36 14
0.61 1 7 33 12
0.616667 1 5 20 7
0.623333 1 6 33 12
0.63 3 3 14 14
0.636667 4 5 30 9
0.643333 1 10 27 14
0.65 2 4 30 16
0.656667 1 11 32 6
0.663333 38 576 1528 495
0.67 0 0 0 0
0.676667 0 0 0 0
0.683333 0 0 0 0
0.69 0 0 0 0
0.696667 0 0 0 0
0.703333 0 0 0 0
0.71 0 0 0 0
0.716667 0 0 0 0
0.723333 0 0 0 0
0.73 0 0 0 0
0.736667 0 0 0 0
0.743333 0 0 0 0
0.75 0 0 0 0
0.756667 0 0 0 0
0.763333 0 0 0 0
0.77 0 0 0 0
0.776667 0 0 0 0
0.783333 0 0 0 0
0.79 0 0 0 0
0.796667 0 0 0 0
0.803333 0 0 0 0
0.81 0 0 0 0
0.816667 0 0 0 0
0.823333 0 0 0 0
0.83 0 0 0 0
0.836667 0 0 0 0
0.843333 0 0 0 0
0.85 0 0 0 0
0.856667 0 0 0 0
0.863333 0 0 0 0
0.87 0 0 0 0
0.876667 0 0 0 0
0.883333 0 0 0 0
0.89 0 0 0 0
0.896667 0 0 0 0
0.903333 0 0 0 0
0.91 0 0 0 0
0.916667 0 0 0 0
0.923333 0 0 0 0
0.93 0 0 0 0
0.936667 0 0 0 0
0.943333 0 0 0 0
0.95 0 0 0 0
0.956667 0 0 0 0
0.963333 0 0 0 0
0.97 0 0 0 0
0.976667 0 0 0 0
0.983333 0 0 0 0
0.99 0 0 0 0
0.996667 0 0 0 0
1.00333 0 0 0 0
1.01 0 0 0 0
1.01667 0 0 0 0
1.02333 0 0 0 0
1.03 0 0 0 0
1.03667 0 0 0 0
1.04333 0 0 0 0
1.05 0 0 0 0
1.05667 0 0 0 0
1.06333 0 0 0 0
1.07 0 0 0 0
1.07667 0 0 0 0
1.08333 0 0 0 0
1.09 0 0 0 0
1.09667 0 0 0 0
1.10333 0 0 0 0
1.11 0 0 0 0
1.11667 0 0 0 0
1.12333 0 0 0 0
1.13 0 0 0 0
1.13667 0 0 0 0
1.14333 0 0 0 0
1.15 0 0 0 0
1.15667 0 0 0 0
1.16333 0 0 0 0
1.17 0 0 0 0
1.17667 0 0 0 0
1.18333 0 0 0 0
1.19 0 0 0 0
1.19667 0 0 0 0
1.20333 0 0 0 0
1.21 0 0 0 0
1.21667 0 0 0 0
1.22333 0 0 0 0
1.23 0 0 0 0
1.23667 0 0 0 0
1.24333 0 0 0 0
1.25 0 0 0 0
1.25667 0 0 0 0
1.26333 0 0 0 0
1.27 0 0 0 0
1.27667 0 0 0 0
1.28333 0 0 0 0
1.29 0 0 0 0
1.29667 0 0 0 0
1.30333 0 0 0 0
1.31 0 0 0 0
1.31667 0 0 0 0
1.32333 0 0 0 0
1.33 0 0 0 0
1.33667 0 0 0 0
1.34333 0 0 0 0
1.35 0 0 0 0
1.35667 0 0 0 0
1.36333 0 0 0 0
1.37 0 0 0 0
1.37667 0 0 0 0
1.38333 0 0 0 0
1.39 0 0 0 0
1.39667 0 0 0 0
1.40333 0 0 0 0
1.41 0 0 0 0
1.41667 0 0 0 0
1.42333 0 0 0 0
1.43 0 0 0 0
1.43667 0 0 0 0
1.44333 0 0 0 0
1.45 0 0 0 0
1.45667 0 0 0 0
1.46333 0 0 0 0
1.47 0 0 0 0
1.47667 0 0 0 0
1.48333 0 0 0 0
1.49 0 0 0 0
1.49667 0 0 0 0
1.50333 0 0 0 0
1.51 0 0 0 0
1.51667 0 0 0 0
1.52333 0 0 0 0
1.53 0 0 0 0
1.53667 0 0 0 0
1.54333 0 0 0 0
1.55 0 0 0 0
1.55667 0 0 0 0
1.56333 0 0 0 0
1.57 0 0 0 0
1.57667 0 0 0 0
1.58333 0 0 0 0
1.59 0 0 0 0
1.59667 0 0 0 0
1.60333 0 0 0 0
1.61 0 0 0 0
1.61667 0 0 0 0
1.62333 0 0 0 0
1.63 0 0 0 0
1.63667 0 0 0 0
1.64333 0 0 0 0
1.65 0 0 0 0
1.65667 0 0 0 0
1.66333 0 0 0 0
1.67 0 0 0 0
1.67667 0 0 0 0
1.68333 0 0 0 0
1.69 0 0 0 0
1.69667 0 0 0 0
1.70333 0 0 0 0
1.71 0 0 0 0
1.71667 0 0 0 0
1.72333 0 0 0 0
1.73 0 0 0 0
1.73667 0 0 0 0
1.74333 0 0 0 0
1.75 0 0 0 0
1.75667 0 0 0 0
1.76333 0 0 0 0
1.77 0 0 0 0
1.77667 0 0 0 0
1.78333 0 0 0 0
1.79 0 0 0 0
1.79667 0 0 0 0
1.80333 0 0 0 0
1.81 0 0 0 0
1.81667 0 0 0 0
1.82333 0 0 0 0
1.83 0 0 0 0
1.83667 0 0 0 0
1.84333 0 0 0 0
1.85 0 0 0 0
1.85667 0 0 0 0
1.86333 0 0 0 0
1.87 0 0 0 0
1.87667 0 0 0 0
1.88333 0 0 0 0
1.89 0 0 0 0
1.89667 0 0 0 0
1.90333 0 0 0 0
1.91 0 0 0 0
1.91667 0 0 0 0
1.92333 0 0 0 0
1.93 0 0 0 0
1.93667 0 0 0 0
1.94333 0 0 0 0
1.95 0 0 0 0
1.95667 0 0 0 0
1.96333 0 0 0 0
1.97 0 0 0 0
1.97667 0 0 0 0
1.98333 0 0 0 0
1.99 0 0 0 0
1.99667 0 0 0 0
