0.00333333 28 58 4 7
0.01 31 71 6 7
0.0166667 28 73 8 4
0.0233333 32 54 13 7
0.03 38 91 12 4
0.0366667 26 101 6 5
0.0433333 57 135 8 5
0.05 72 136 11 11
0.0566667 80 151 23 11
0.0633333 63 198 27 10
0.07 81 170 33 8
0.0766667 94 189 19 21
0.0833333 84 214 25 19
0.09 91 210 22 10
0.0966667 67 223 24 12
0.103333 95 188 27 20
0.11 78 214 20 19
0.116667 84 200 14 14
0.123333 86 226 17 11
0.13 87 223 10 21
0.136667 83 196 14 16
0.143333 72 179 17 12
0.15 95 207 18 10
0.156667 84 150 10 20
0.163333 69 181 16 7
0.17 79 192 8 14
0.176667 80 184 22 13
0.183333 94 173 16 17
0.19 119 209 13 28
0.196667 93 193 10 22
0.203333 102 189 12 19
0.21 88 168 13 17
0.216667 73 189 12 15
0.223333 76 167 13 18
0.23 62 173 14 11
0.236667 74 149 9 14
0.243333 60 136 11 6
0.25 73 145 11 11
0.256667 58 115 10 11
0.263333 55 148 9 13
0.27 50 133 9 12
0.276667 76 123 7 18
0.283333 42 120 11 3
0.29 56 110 11 8
0.296667 50 113 11 6
0.303333 64 114 13 9
0.31 53 112 10 7
0.316667 45 93 10 7
0.323333 43 116 11 16
0.33 40 107 9 15
0.336667 41 95 12 4
0.343333 39 92 9 14
0.35 44 103 6 9
0.356667 43 80 10 13
0.363333 42 95 8 6
0.37 39 92 3 8
0.376667 35 74 6 9
0.383333 32 86 8 6
0.39 49 89 4 9
0.396667 36 89 7 7
0.403333 36 65 6 6
0.41 35 83 4 8
0.416667 39 77 5 7
0.423333 45 88 4 7
0.43 29 64 1 10
0.436667 47 86 5 11
0.443333 38 81 1 12
0.45 36 93 9 8
0.456667 37 88 6 13
0.463333 38 70 4 6
0.47 46 89 5 7
0.476667 29 49 6 7
0.483333 18 46 2 5
0.49 20 54 6 8
0.496667 30 41 4 6
0.503333 25 37 2 3
0.51 16 43 2 8
0.516667 16 46 2 3
0.523333 21 46 1 4
0.53 18 38 5 5
0.536667 18 34 0 3
0.543333 15 44 4 3
0.55 15 42 3 5
0.556667 18 30 5 5
0.563333 13 46 1 2
0.57 11 35 9 7
0.576667 15 45 4 2
0.583333 16 37 7 7
0.59 9 41 4 3
0.596667 12 36 4 13
0.603333 13 43 6 3
0.61 12 41 4 5
0.616667 23 34 1 3
0.623333 8 29 3 3
0.63 11 34 3 7
0.636667 13 29 3 5
0.643333 10 31 5 4
0.65 14 29 3 4
0.656667 6 28 4 7
0.663333 1521 2476 100 308
0.67 0 0 0 0
0.676667 0 0 0 0
0.683333 0 0 0 0
0.69 0 0 0 0
0.696667 0 0 0 0
0.703333 0 0 0 0
0.71 0 0 0 0
0.716667 0 0 0 0
0.723333 0 0 0 0
0.73 0 0 0 0
0.736667 0 0 0 0
0.743333 0 0 0 0
0.75 0 0 0 0
0.756667 0 0 0 0
0.763333 0 0 0 0
0.77 0 0 0 0
0.776667 0 0 0 0
0.783333 0 0 0 0
0.79 0 0 0 0
0.796667 0 0 0 0
0.803333 0 0 0 0
0.81 0 0 0 0
0.816667 0 0 0 0
0.823333 0 0 0 0
0.83 0 0 0 0
0.836667 0 0 0 0
0.843333 0 0 0 0
0.85 0 0 0 0
0.856667 0 0 0 0
0.863333 0 0 0 0
0.87 0 0 0 0
0.876667 0 0 0 0
0.883333 0 0 0 0
0.89 0 0 0 0
0.896667 0 0 0 0
0.903333 0 0 0 0
0.91 0 0 0 0
0.916667 0 0 0 0
0.923333 0 0 0 0
0.93 0 0 0 0
0.936667 0 0 0 0
0.943333 0 0 0 0
0.95 0 0 0 0
0.956667 0 0 0 0
0.963333 0 0 0 0
0.97 0 0 0 0
0.976667 0 0 0 0
0.983333 0 0 0 0
0.99 0 0 0 0
0.996667 0 0 0 0
1.00333 0 0 0 0
1.01 0 0 0 0
1.01667 0 0 0 0
1.02333 0 0 0 0
1.03 0 0 0 0
1.03667 0 0 0 0
1.04333 0 0 0 0
1.05 0 0 0 0
1.05667 0 0 0 0
1.06333 0 0 0 0
1.07 0 0 0 0
1.07667 0 0 0 0
1.08333 0 0 0 0
1.09 0 0 0 0
1.09667 0 0 0 0
1.10333 0 0 0 0
1.11 0 0 0 0
1.11667 0 0 0 0
1.12333 0 0 0 0
1.13 0 0 0 0
1.13667 0 0 0 0
1.14333 0 0 0 0
1.15 0 0 0 0
1.15667 0 0 0 0
1.16333 0 0 0 0
1.17 0 0 0 0
1.17667 0 0 0 0
1.18333 0 0 0 0
1.19 0 0 0 0
1.19667 0 0 0 0
1.20333 0 0 0 0
1.21 0 0 0 0
1.21667 0 0 0 0
1.22333 0 0 0 0
1.23 0 0 0 0
1.23667 0 0 0 0
1.24333 0 0 0 0
1.25 0 0 0 0
1.25667 0 0 0 0
1.26333 0 0 0 0
1.27 0 0 0 0
1.27667 0 0 0 0
1.28333 0 0 0 0
1.29 0 0 0 0
1.29667 0 0 0 0
1.30333 0 0 0 0
1.31 0 0 0 0
1.31667 0 0 0 0
1.32333 0 0 0 0
1.33 0 0 0 0
1.33667 0 0 0 0
1.34333 0 0 0 0
1.35 0 0 0 0
1.35667 0 0 0 0
1.36333 0 0 0 0
1.37 0 0 0 0
1.37667 0 0 0 0
1.38333 0 0 0 0
1.39 0 0 0 0
1.39667 0 0 0 0
1.40333 0 0 0 0
1.41 0 0 0 0
1.41667 0 0 0 0
1.42333 0 0 0 0
1.43 0 0 0 0
1.43667 0 0 0 0
1.44333 0 0 0 0
1.45 0 0 0 0
1.45667 0 0 0 0
1.46333 0 0 0 0
1.47 0 0 0 0
1.47667 0 0 0 0
1.48333 0 0 0 0
1.49 0 0 0 0
1.49667 0 0 0 0
1.50333 0 0 0 0
1.51 0 0 0 0
1.51667 0 0 0 0
1.52333 0 0 0 0
1.53 0 0 0 0
1.53667 0 0 0 0
1.54333 0 0 0 0
1.55 0 0 0 0
1.55667 0 0 0 0
1.56333 0 0 0 0
1.57 0 0 0 0
1.57667 0 0 0 0
1.58333 0 0 0 0
1.59 0 0 0 0
1.59667 0 0 0 0
1.60333 0 0 0 0
1.61 0 0 0 0
1.61667 0 0 0 0
1.62333 0 0 0 0
1.63 0 0 0 0
1.63667 0 0 0 0
1.64333 0 0 0 0
1.65 0 0 0 0
1.65667 0 0 0 0
1.66333 0 0 0 0
1.67 0 0 0 0
1.67667 0 0 0 0
1.68333 0 0 0 0
1.69 0 0 0 0
1.69667 0 0 0 0
1.70333 0 0 0 0
1.71 0 0 0 0
1.71667 0 0 0 0
1.72333 0 0 0 0
1.73 0 0 0 0
1.73667 0 0 0 0
1.74333 0 0 0 0
1.75 0 0 0 0
1.75667 0 0 0 0
1.76333 0 0 0 0
1.77 0 0 0 0
1.77667 0 0 0 0
1.78333 0 0 0 0
1.79 0 0 0 0
1.79667 0 0 0 0
1.80333 0 0 0 0
1.81 0 0 0 0
1.81667 0 0 0 0
1.82333 0 0 0 0
1.83 0 0 0 0
1.83667 0 0 0 0
1.84333 0 0 0 0
1.85 0 0 0 0
1.85667 0 0 0 0
1.86333 0 0 0 0
1.87 0 0 0 0
1.87667 0 0 0 0
1.88333 0 0 0 0
1.89 0 0 0 0
1.89667 0 0 0 0
1.90333 0 0 0 0
1.91 0 0 0 0
1.91667 0 0 0 0
1.92333 0 0 0 0
1.93 0 0 0 0
1.93667 0 0 0 0
1.94333 0 0 0 0
1.95 0 0 0 0
1.95667 0 0 0 0
1.96333 0 0 0 0
1.97 0 0 0 0
1.97667 0 0 0 0
1.98333 0 0 0 0
1.99 0 0 0 0
1.99667 0 0 0 0
