0.00333333 15 40 12 0
0.01 16 42 16 3
0.0166667 17 59 13 2
0.0233333 15 52 15 1
0.03 12 69 21 4
0.0366667 33 81 14 0
0.0433333 53 112 17 4
0.05 45 108 27 3
0.0566667 58 139 25 2
0.0633333 70 170 21 6
0.07 67 181 19 3
0.0766667 75 186 25 7
0.0833333 64 175 35 3
0.09 68 177 46 3
0.0966667 64 172 23 2
0.103333 54 188 39 3
0.11 78 167 25 4
0.116667 65 212 40 3
0.123333 58 188 48 2
0.13 44 168 45 3
0.136667 52 163 33 6
0.143333 47 171 28 2
0.15 42 159 30 1
0.156667 38 159 28 1
0.163333 37 128 29 1
0.17 38 156 32 3
0.176667 40 160 29 2
0.183333 38 145 27 3
0.19 30 153 36 2
0.196667 44 162 37 3
0.203333 29 146 31 2
0.21 48 133 22 1
0.216667 40 151 28 3
0.223333 19 127 25 3
0.23 39 137 29 1
0.236667 35 127 28 1
0.243333 30 113 27 2
0.25 34 106 21 2
0.256667 31 99 8 2
0.263333 27 99 25 2
0.27 32 88 18 2
0.276667 39 92 20 0
0.283333 23 85 24 1
0.29 30 105 23 0
0.296667 19 77 20 2
0.303333 23 95 19 1
0.31 19 76 16 0
0.316667 26 74 25 1
0.323333 27 69 18 2
0.33 20 71 23 0
0.336667 21 66 20 2
0.343333 24 81 11 0
0.35 26 66 13 3
0.356667 19 73 17 2
0.363333 21 62 17 1
0.37 14 74 20 1
0.376667 24 64 13 1
0.383333 16 66 12 1
0.39 22 75 10 0
0.396667 14 59 17 1
0.403333 18 70 12 2
0.41 16 56 17 1
0.416667 24 71 23 5
0.423333 17 57 14 0
0.43 17 68 20 1
0.436667 20 56 24 1
0.443333 26 67 11 0
0.45 21 66 15 3
0.456667 22 52 10 3
0.463333 19 53 12 0
0.47 15 48 10 1
0.476667 12 55 13 0
0.483333 12 34 7 1
0.49 22 48 7 1
0.496667 16 42 6 1
0.503333 9 26 16 2
0.51 15 33 5 0
0.516667 13 37 4 1
0.523333 10 27 4 1
0.53 10 28 5 0
0.536667 14 37 7 2
0.543333 9 35 7 0
0.55 8 34 5 0
0.556667 6 33 10 0
0.563333 7 30 8 1
0.57 10 23 6 0
0.576667 7 37 8 1
0.583333 11 34 4 1
0.59 11 23 10 1
0.596667 10 38 6 0
0.603333 4 28 9 0
0.61 8 26 5 1
0.616667 6 28 9 0
0.623333 8 25 7 1
0.63 4 26 8 0
0.636667 7 31 9 1
0.643333 9 24 4 0
0.65 9 21 5 1
0.656667 9 26 3 0
0.663333 260 1635 547 7
0.67 0 0 0 0
0.676667 0 0 0 0
0.683333 0 0 0 0
0.69 0 0 0 0
0.696667 0 0 0 0
0.703333 0 0 0 0
0.71 0 0 0 0
0.716667 0 0 0 0
0.723333 0 0 0 0
0.73 0 0 0 0
0.736667 0 0 0 0
0.743333 0 0 0 0
0.75 0 0 0 0
0.756667 0 0 0 0
0.763333 0 0 0 0
0.77 0 0 0 0
0.776667 0 0 0 0
0.783333 0 0 0 0
0.79 0 0 0 0
0.796667 0 0 0 0
0.803333 0 0 0 0
0.81 0 0 0 0
0.816667 0 0 0 0
0.823333 0 0 0 0
0.83 0 0 0 0
0.836667 0 0 0 0
0.843333 0 0 0 0
0.85 0 0 0 0
0.856667 0 0 0 0
0.863333 0 0 0 0
0.87 0 0 0 0
0.876667 0 0 0 0
0.883333 0 0 0 0
0.89 0 0 0 0
0.896667 0 0 0 0
0.903333 0 0 0 0
0.91 0 0 0 0
0.916667 0 0 0 0
0.923333 0 0 0 0
0.93 0 0 0 0
0.936667 0 0 0 0
0.943333 0 0 0 0
0.95 0 0 0 0
0.956667 0 0 0 0
0.963333 0 0 0 0
0.97 0 0 0 0
0.976667 0 0 0 0
0.983333 0 0 0 0
0.99 0 0 0 0
0.996667 0 0 0 0
1.00333 0 0 0 0
1.01 0 0 0 0
1.01667 0 0 0 0
1.02333 0 0 0 0
1.03 0 0 0 0
1.03667 0 0 0 0
1.04333 0 0 0 0
1.05 0 0 0 0
1.05667 0 0 0 0
1.06333 0 0 0 0
1.07 0 0 0 0
1.07667 0 0 0 0
1.08333 0 0 0 0
1.09 0 0 0 0
1.09667 0 0 0 0
1.10333 0 0 0 0
1.11 0 0 0 0
1.11667 0 0 0 0
1.12333 0 0 0 0
1.13 0 0 0 0
1.13667 0 0 0 0
1.14333 0 0 0 0
1.15 0 0 0 0
1.15667 0 0 0 0
1.16333 0 0 0 0
1.17 0 0 0 0
1.17667 0 0 0 0
1.18333 0 0 0 0
1.19 0 0 0 0
1.19667 0 0 0 0
1.20333 0 0 0 0
1.21 0 0 0 0
1.21667 0 0 0 0
1.22333 0 0 0 0
1.23 0 0 0 0
1.23667 0 0 0 0
1.24333 0 0 0 0
1.25 0 0 0 0
1.25667 0 0 0 0
1.26333 0 0 0 0
1.27 0 0 0 0
1.27667 0 0 0 0
1.28333 0 0 0 0
1.29 0 0 0 0
1.29667 0 0 0 0
1.30333 0 0 0 0
1.31 0 0 0 0
1.31667 0 0 0 0
1.32333 0 0 0 0
1.33 0 0 0 0
1.33667 0 0 0 0
1.34333 0 0 0 0
1.35 0 0 0 0
1.35667 0 0 0 0
1.36333 0 0 0 0
1.37 0 0 0 0
1.37667 0 0 0 0
1.38333 0 0 0 0
1.39 0 0 0 0
1.39667 0 0 0 0
1.40333 0 0 0 0
1.41 0 0 0 0
1.41667 0 0 0 0
1.42333 0 0 0 0
1.43 0 0 0 0
1.43667 0 0 0 0
1.44333 0 0 0 0
1.45 0 0 0 0
1.45667 0 0 0 0
1.46333 0 0 0 0
1.47 0 0 0 0
1.47667 0 0 0 0
1.48333 0 0 0 0
1.49 0 0 0 0
1.49667 0 0 0 0
1.50333 0 0 0 0
1.51 0 0 0 0
1.51667 0 0 0 0
1.52333 0 0 0 0
1.53 0 0 0 0
1.53667 0 0 0 0
1.54333 0 0 0 0
1.55 0 0 0 0
1.55667 0 0 0 0
1.56333 0 0 0 0
1.57 0 0 0 0
1.57667 0 0 0 0
1.58333 0 0 0 0
1.59 0 0 0 0
1.59667 0 0 0 0
1.60333 0 0 0 0
1.61 0 0 0 0
1.61667 0 0 0 0
1.62333 0 0 0 0
1.63 0 0 0 0
1.63667 0 0 0 0
1.64333 0 0 0 0
1.65 0 0 0 0
1.65667 0 0 0 0
1.66333 0 0 0 0
1.67 0 0 0 0
1.67667 0 0 0 0
1.68333 0 0 0 0
1.69 0 0 0 0
1.69667 0 0 0 0
1.70333 0 0 0 0
1.71 0 0 0 0
1.71667 0 0 0 0
1.72333 0 0 0 0
1.73 0 0 0 0
1.73667 0 0 0 0
1.74333 0 0 0 0
1.75 0 0 0 0
1.75667 0 0 0 0
1.76333 0 0 0 0
1.77 0 0 0 0
1.77667 0 0 0 0
1.78333 0 0 0 0
1.79 0 0 0 0
1.79667 0 0 0 0
1.80333 0 0 0 0
1.81 0 0 0 0
1.81667 0 0 0 0
1.82333 0 0 0 0
1.83 0 0 0 0
1.83667 0 0 0 0
1.84333 0 0 0 0
1.85 0 0 0 0
1.85667 0 0 0 0
1.86333 0 0 0 0
1.87 0 0 0 0
1.87667 0 0 0 0
1.88333 0 0 0 0
1.89 0 0 0 0
1.89667 0 0 0 0
1.90333 0 0 0 0
1.91 0 0 0 0
1.91667 0 0 0 0
1.92333 0 0 0 0
1.93 0 0 0 0
1.93667 0 0 0 0
1.94333 0 0 0 0
1.95 0 0 0 0
1.95667 0 0 0 0
1.96333 0 0 0 0
1.97 0 0 0 0
1.97667 0 0 0 0
1.98333 0 0 0 0
1.99 0 0 0 0
1.99667 0 0 0 0
