0.00333333 14 35 14 2
0.01 23 53 13 2
0.0166667 14 45 22 4
0.0233333 26 42 16 4
0.03 19 55 10 4
0.0366667 32 97 21 6
0.0433333 35 115 23 3
0.05 49 135 40 8
0.0566667 53 176 44 9
0.0633333 57 166 44 11
0.07 69 202 56 7
0.0766667 55 202 51 5
0.0833333 69 187 38 8
0.09 55 215 66 14
0.0966667 56 195 47 8
0.103333 68 200 56 9
0.11 53 187 51 12
0.116667 55 166 60 7
0.123333 42 184 46 5
0.13 41 192 44 7
0.136667 55 171 41 6
0.143333 49 163 39 7
0.15 40 136 42 12
0.156667 47 135 29 11
0.163333 41 115 35 2
0.17 48 129 33 4
0.176667 49 152 39 8
0.183333 36 134 43 12
0.19 41 132 43 6
0.196667 32 142 41 3
0.203333 51 117 40 7
0.21 55 123 32 6
0.216667 29 112 26 11
0.223333 38 105 33 5
0.23 34 98 34 3
0.236667 34 99 27 4
0.243333 25 101 35 5
0.25 40 87 27 2
0.256667 25 96 37 5
0.263333 26 95 29 5
0.27 20 80 24 9
0.276667 18 93 31 3
0.283333 23 81 20 6
0.29 29 86 20 4
0.296667 21 93 19 4
0.303333 27 76 21 8
0.31 20 68 27 5
0.316667 28 68 29 1
0.323333 22 54 15 1
0.33 16 62 20 2
0.336667 29 74 23 2
0.343333 18 73 17 2
0.35 14 60 19 3
0.356667 19 57 21 5
0.363333 19 66 18 1
0.37 24 66 20 4
0.376667 34 39 22 8
0.383333 26 56 18 1
0.39 13 60 12 2
0.396667 17 46 12 2
0.403333 22 54 23 0
0.41 23 34 21 3
0.416667 13 44 20 4
0.423333 12 53 26 4
0.43 14 47 13 6
0.436667 16 42 12 5
0.443333 17 44 15 1
0.45 20 48 8 0
0.456667 13 54 17 5
0.463333 20 63 16 4
0.47 14 37 11 2
0.476667 19 36 14 3
0.483333 19 39 8 3
0.49 8 31 16 2
0.496667 13 22 7 2
0.503333 13 31 9 3
0.51 10 26 8 1
0.516667 10 28 10 1
0.523333 6 22 6 3
0.53 13 23 9 0
0.536667 8 31 10 1
0.543333 11 26 8 4
0.55 7 20 7 2
0.556667 13 16 7 2
0.563333 10 22 5 2
0.57 7 18 14 0
0.576667 10 26 11 4
0.583333 7 26 5 4
0.59 7 21 3 2
0.596667 5 18 9 2
0.603333 4 26 6 3
0.61 8 29 4 2
0.616667 5 25 12 1
0.623333 12 20 6 3
0.63 11 22 8 5
0.636667 7 21 7 3
0.643333 9 20 5 2
0.65 4 26 9 2
0.656667 4 30 9 1
0.663333 295 1061 305 33
0.67 0 0 0 0
0.676667 0 0 0 0
0.683333 0 0 0 0
0.69 0 0 0 0
0.696667 0 0 0 0
0.703333 0 0 0 0
0.71 0 0 0 0
0.716667 0 0 0 0
0.723333 0 0 0 0
0.73 0 0 0 0
0.736667 0 0 0 0
0.743333 0 0 0 0
0.75 0 0 0 0
0.756667 0 0 0 0
0.763333 0 0 0 0
0.77 0 0 0 0
0.776667 0 0 0 0
0.783333 0 0 0 0
0.79 0 0 0 0
0.796667 0 0 0 0
0.803333 0 0 0 0
0.81 0 0 0 0
0.816667 0 0 0 0
0.823333 0 0 0 0
0.83 0 0 0 0
0.836667 0 0 0 0
0.843333 0 0 0 0
0.85 0 0 0 0
0.856667 0 0 0 0
0.863333 0 0 0 0
0.87 0 0 0 0
0.876667 0 0 0 0
0.883333 0 0 0 0
0.89 0 0 0 0
0.896667 0 0 0 0
0.903333 0 0 0 0
0.91 0 0 0 0
0.916667 0 0 0 0
0.923333 0 0 0 0
0.93 0 0 0 0
0.936667 0 0 0 0
0.943333 0 0 0 0
0.95 0 0 0 0
0.956667 0 0 0 0
0.963333 0 0 0 0
0.97 0 0 0 0
0.976667 0 0 0 0
0.983333 0 0 0 0
0.99 0 0 0 0
0.996667 0 0 0 0
1.00333 0 0 0 0
1.01 0 0 0 0
1.01667 0 0 0 0
1.02333 0 0 0 0
1.03 0 0 0 0
1.03667 0 0 0 0
1.04333 0 0 0 0
1.05 0 0 0 0
1.05667 0 0 0 0
1.06333 0 0 0 0
1.07 0 0 0 0
1.07667 0 0 0 0
1.08333 0 0 0 0
1.09 0 0 0 0
1.09667 0 0 0 0
1.10333 0 0 0 0
1.11 0 0 0 0
1.11667 0 0 0 0
1.12333 0 0 0 0
1.13 0 0 0 0
1.13667 0 0 0 0
1.14333 0 0 0 0
1.15 0 0 0 0
1.15667 0 0 0 0
1.16333 0 0 0 0
1.17 0 0 0 0
1.17667 0 0 0 0
1.18333 0 0 0 0
1.19 0 0 0 0
1.19667 0 0 0 0
1.20333 0 0 0 0
1.21 0 0 0 0
1.21667 0 0 0 0
1.22333 0 0 0 0
1.23 0 0 0 0
1.23667 0 0 0 0
1.24333 0 0 0 0
1.25 0 0 0 0
1.25667 0 0 0 0
1.26333 0 0 0 0
1.27 0 0 0 0
1.27667 0 0 0 0
1.28333 0 0 0 0
1.29 0 0 0 0
1.29667 0 0 0 0
1.30333 0 0 0 0
1.31 0 0 0 0
1.31667 0 0 0 0
1.32333 0 0 0 0
1.33 0 0 0 0
1.33667 0 0 0 0
1.34333 0 0 0 0
1.35 0 0 0 0
1.35667 0 0 0 0
1.36333 0 0 0 0
1.37 0 0 0 0
1.37667 0 0 0 0
1.38333 0 0 0 0
1.39 0 0 0 0
1.39667 0 0 0 0
1.40333 0 0 0 0
1.41 0 0 0 0
1.41667 0 0 0 0
1.42333 0 0 0 0
1.43 0 0 0 0
1.43667 0 0 0 0
1.44333 0 0 0 0
1.45 0 0 0 0
1.45667 0 0 0 0
1.46333 0 0 0 0
1.47 0 0 0 0
1.47667 0 0 0 0
1.48333 0 0 0 0
1.49 0 0 0 0
1.49667 0 0 0 0
1.50333 0 0 0 0
1.51 0 0 0 0
1.51667 0 0 0 0
1.52333 0 0 0 0
1.53 0 0 0 0
1.53667 0 0 0 0
1.54333 0 0 0 0
1.55 0 0 0 0
1.55667 0 0 0 0
1.56333 0 0 0 0
1.57 0 0 0 0
1.57667 0 0 0 0
1.58333 0 0 0 0
1.59 0 0 0 0
1.59667 0 0 0 0
1.60333 0 0 0 0
1.61 0 0 0 0
1.61667 0 0 0 0
1.62333 0 0 0 0
1.63 0 0 0 0
1.63667 0 0 0 0
1.64333 0 0 0 0
1.65 0 0 0 0
1.65667 0 0 0 0
1.66333 0 0 0 0
1.67 0 0 0 0
1.67667 0 0 0 0
1.68333 0 0 0 0
1.69 0 0 0 0
1.69667 0 0 0 0
1.70333 0 0 0 0
1.71 0 0 0 0
1.71667 0 0 0 0
1.72333 0 0 0 0
1.73 0 0 0 0
1.73667 0 0 0 0
1.74333 0 0 0 0
1.75 0 0 0 0
1.75667 0 0 0 0
1.76333 0 0 0 0
1.77 0 0 0 0
1.77667 0 0 0 0
1.78333 0 0 0 0
1.79 0 0 0 0
1.79667 0 0 0 0
1.80333 0 0 0 0
1.81 0 0 0 0
1.81667 0 0 0 0
1.82333 0 0 0 0
1.83 0 0 0 0
1.83667 0 0 0 0
1.84333 0 0 0 0
1.85 0 0 0 0
1.85667 0 0 0 0
1.86333 0 0 0 0
1.87 0 0 0 0
1.87667 0 0 0 0
1.88333 0 0 0 0
1.89 0 0 0 0
1.89667 0 0 0 0
1.90333 0 0 0 0
1.91 0 0 0 0
1.91667 0 0 0 0
1.92333 0 0 0 0
1.93 0 0 0 0
1.93667 0 0 0 0
1.94333 0 0 0 0
1.95 0 0 0 0
1.95667 0 0 0 0
1.96333 0 0 0 0
1.97 0 0 0 0
1.97667 0 0 0 0
1.98333 0 0 0 0
1.99 0 0 0 0
1.99667 0 0 0 0
