0.00333333 7 38 32 5
0.01 6 45 23 1
0.0166667 12 44 41 5
0.0233333 9 39 44 5
0.03 8 50 32 6
0.0366667 17 57 50 11
0.0433333 19 92 45 7
0.05 24 98 59 18
0.0566667 20 119 87 22
0.0633333 40 126 93 20
0.07 41 145 98 20
0.0766667 39 130 142 22
0.0833333 31 161 101 20
0.09 35 160 105 21
0.0966667 31 150 98 25
0.103333 31 139 113 24
0.11 35 131 105 18
0.116667 23 139 103 17
0.123333 17 162 98 16
0.13 31 140 110 4
0.136667 37 112 93 19
0.143333 23 113 79 3
0.15 18 103 91 11
0.156667 27 107 102 13
0.163333 19 95 65 8
0.17 24 103 71 12
0.176667 23 116 88 13
0.183333 24 104 68 17
0.19 25 91 90 10
0.196667 18 101 85 17
0.203333 21 107 63 7
0.21 21 111 86 9
0.216667 16 75 60 11
0.223333 17 95 77 10
0.23 14 91 69 4
0.236667 18 71 58 12
0.243333 15 72 68 5
0.25 24 96 52 6
0.256667 11 64 63 12
0.263333 15 68 48 7
0.27 17 62 49 11
0.276667 16 59 52 7
0.283333 12 66 39 11
0.29 14 63 35 8
0.296667 11 58 33 15
0.303333 18 57 43 8
0.31 10 73 39 8
0.316667 8 53 40 6
0.323333 13 62 52 9
0.33 11 59 33 3
0.336667 12 50 40 5
0.343333 4 41 39 8
0.35 17 52 43 4
0.356667 15 46 25 8
0.363333 9 50 27 5
0.37 8 39 23 10
0.376667 9 28 30 13
0.383333 18 45 30 10
0.39 12 39 34 4
0.396667 12 42 27 4
0.403333 11 41 35 7
0.41 12 35 37 8
0.416667 14 35 25 8
0.423333 9 41 28 3
0.43 7 36 30 3
0.436667 8 42 33 5
0.443333 11 39 31 5
0.45 8 41 21 5
0.456667 8 38 36 10
0.463333 14 40 36 1
0.47 5 32 32 6
0.476667 8 26 19 1
0.483333 10 19 18 8
0.49 3 24 25 7
0.496667 9 15 18 0
0.503333 8 23 15 3
0.51 6 21 23 2
0.516667 5 28 13 5
0.523333 6 20 10 3
0.53 7 20 11 3
0.536667 6 20 13 7
0.543333 6 18 19 5
0.55 3 24 20 0
0.556667 3 15 12 3
0.563333 6 28 15 3
0.57 1 20 13 6
0.576667 4 17 13 5
0.583333 5 11 16 6
0.59 5 17 8 3
0.596667 8 17 23 3
0.603333 5 14 10 1
0.61 3 18 9 4
0.616667 4 17 18 2
0.623333 4 13 9 3
0.63 8 18 10 2
0.636667 6 14 11 2
0.643333 5 16 16 4
0.65 5 26 18 3
0.656667 3 13 15 1
0.663333 145 802 731 63
0.67 0 0 0 0
0.676667 0 0 0 0
0.683333 0 0 0 0
0.69 0 0 0 0
0.696667 0 0 0 0
0.703333 0 0 0 0
0.71 0 0 0 0
0.716667 0 0 0 0
0.723333 0 0 0 0
0.73 0 0 0 0
0.736667 0 0 0 0
0.743333 0 0 0 0
0.75 0 0 0 0
0.756667 0 0 0 0
0.763333 0 0 0 0
0.77 0 0 0 0
0.776667 0 0 0 0
0.783333 0 0 0 0
0.79 0 0 0 0
0.796667 0 0 0 0
0.803333 0 0 0 0
0.81 0 0 0 0
0.816667 0 0 0 0
0.823333 0 0 0 0
0.83 0 0 0 0
0.836667 0 0 0 0
0.843333 0 0 0 0
0.85 0 0 0 0
0.856667 0 0 0 0
0.863333 0 0 0 0
0.87 0 0 0 0
0.876667 0 0 0 0
0.883333 0 0 0 0
0.89 0 0 0 0
0.896667 0 0 0 0
0.903333 0 0 0 0
0.91 0 0 0 0
0.916667 0 0 0 0
0.923333 0 0 0 0
0.93 0 0 0 0
0.936667 0 0 0 0
0.943333 0 0 0 0
0.95 0 0 0 0
0.956667 0 0 0 0
0.963333 0 0 0 0
0.97 0 0 0 0
0.976667 0 0 0 0
0.983333 0 0 0 0
0.99 0 0 0 0
0.996667 0 0 0 0
1.00333 0 0 0 0
1.01 0 0 0 0
1.01667 0 0 0 0
1.02333 0 0 0 0
1.03 0 0 0 0
1.03667 0 0 0 0
1.04333 0 0 0 0
1.05 0 0 0 0
1.05667 0 0 0 0
1.06333 0 0 0 0
1.07 0 0 0 0
1.07667 0 0 0 0
1.08333 0 0 0 0
1.09 0 0 0 0
1.09667 0 0 0 0
1.10333 0 0 0 0
1.11 0 0 0 0
1.11667 0 0 0 0
1.12333 0 0 0 0
1.13 0 0 0 0
1.13667 0 0 0 0
1.14333 0 0 0 0
1.15 0 0 0 0
1.15667 0 0 0 0
1.16333 0 0 0 0
1.17 0 0 0 0
1.17667 0 0 0 0
1.18333 0 0 0 0
1.19 0 0 0 0
1.19667 0 0 0 0
1.20333 0 0 0 0
1.21 0 0 0 0
1.21667 0 0 0 0
1.22333 0 0 0 0
1.23 0 0 0 0
1.23667 0 0 0 0
1.24333 0 0 0 0
1.25 0 0 0 0
1.25667 0 0 0 0
1.26333 0 0 0 0
1.27 0 0 0 0
1.27667 0 0 0 0
1.28333 0 0 0 0
1.29 0 0 0 0
1.29667 0 0 0 0
1.30333 0 0 0 0
1.31 0 0 0 0
1.31667 0 0 0 0
1.32333 0 0 0 0
1.33 0 0 0 0
1.33667 0 0 0 0
1.34333 0 0 0 0
1.35 0 0 0 0
1.35667 0 0 0 0
1.36333 0 0 0 0
1.37 0 0 0 0
1.37667 0 0 0 0
1.38333 0 0 0 0
1.39 0 0 0 0
1.39667 0 0 0 0
1.40333 0 0 0 0
1.41 0 0 0 0
1.41667 0 0 0 0
1.42333 0 0 0 0
1.43 0 0 0 0
1.43667 0 0 0 0
1.44333 0 0 0 0
1.45 0 0 0 0
1.45667 0 0 0 0
1.46333 0 0 0 0
1.47 0 0 0 0
1.47667 0 0 0 0
1.48333 0 0 0 0
1.49 0 0 0 0
1.49667 0 0 0 0
1.50333 0 0 0 0
1.51 0 0 0 0
1.51667 0 0 0 0
1.52333 0 0 0 0
1.53 0 0 0 0
1.53667 0 0 0 0
1.54333 0 0 0 0
1.55 0 0 0 0
1.55667 0 0 0 0
1.56333 0 0 0 0
1.57 0 0 0 0
1.57667 0 0 0 0
1.58333 0 0 0 0
1.59 0 0 0 0
1.59667 0 0 0 0
1.60333 0 0 0 0
1.61 0 0 0 0
1.61667 0 0 0 0
1.62333 0 0 0 0
1.63 0 0 0 0
1.63667 0 0 0 0
1.64333 0 0 0 0
1.65 0 0 0 0
1.65667 0 0 0 0
1.66333 0 0 0 0
1.67 0 0 0 0
1.67667 0 0 0 0
1.68333 0 0 0 0
1.69 0 0 0 0
1.69667 0 0 0 0
1.70333 0 0 0 0
1.71 0 0 0 0
1.71667 0 0 0 0
1.72333 0 0 0 0
1.73 0 0 0 0
1.73667 0 0 0 0
1.74333 0 0 0 0
1.75 0 0 0 0
1.75667 0 0 0 0
1.76333 0 0 0 0
1.77 0 0 0 0
1.77667 0 0 0 0
1.78333 0 0 0 0
1.79 0 0 0 0
1.79667 0 0 0 0
1.80333 0 0 0 0
1.81 0 0 0 0
1.81667 0 0 0 0
1.82333 0 0 0 0
1.83 0 0 0 0
1.83667 0 0 0 0
1.84333 0 0 0 0
1.85 0 0 0 0
1.85667 0 0 0 0
1.86333 0 0 0 0
1.87 0 0 0 0
1.87667 0 0 0 0
1.88333 0 0 0 0
1.89 0 0 0 0
1.89667 0 0 0 0
1.90333 0 0 0 0
1.91 0 0 0 0
1.91667 0 0 0 0
1.92333 0 0 0 0
1.93 0 0 0 0
1.93667 0 0 0 0
1.94333 0 0 0 0
1.95 0 0 0 0
1.95667 0 0 0 0
1.96333 0 0 0 0
1.97 0 0 0 0
1.97667 0 0 0 0
1.98333 0 0 0 0
1.99 0 0 0 0
1.99667 0 0 0 0
