0.00333333 4 12 24 24
0.01 2 7 26 43
0.0166667 2 11 47 48
0.0233333 1 15 41 33
0.03 4 13 45 29
0.0366667 2 13 68 45
0.0433333 2 17 76 57
0.05 5 23 97 76
0.0566667 3 26 124 92
0.0633333 15 24 132 86
0.07 3 31 138 88
0.0766667 8 25 135 112
0.0833333 7 37 132 80
0.09 2 29 145 122
0.0966667 7 37 127 100
0.103333 6 35 153 95
0.11 5 43 129 94
0.116667 6 37 158 99
0.123333 3 24 123 96
0.13 5 46 130 99
0.136667 5 30 126 93
0.143333 4 31 111 111
0.15 6 33 90 94
0.156667 5 26 115 93
0.163333 7 29 92 91
0.17 4 33 100 71
0.176667 7 27 81 87
0.183333 7 21 80 102
0.19 12 37 89 78
0.196667 4 29 79 99
0.203333 7 29 88 86
0.21 6 25 96 77
0.216667 6 25 73 81
0.223333 5 30 72 78
0.23 2 31 89 74
0.236667 8 20 63 67
0.243333 0 26 82 78
0.25 1 27 63 65
0.256667 2 20 59 72
0.263333 1 19 61 58
0.27 5 20 62 76
0.276667 2 15 69 71
0.283333 3 29 83 56
0.29 3 17 54 42
0.296667 7 21 71 44
0.303333 1 14 61 44
0.31 5 25 54 51
0.316667 2 21 48 48
0.323333 5 23 59 50
0.33 1 13 49 56
0.336667 3 25 59 46
0.343333 8 10 29 49
0.35 4 11 35 51
0.356667 2 12 44 65
0.363333 3 15 53 44
0.37 1 11 44 38
0.376667 4 20 41 37
0.383333 1 23 47 34
0.39 4 17 62 41
0.396667 2 11 37 41
0.403333 4 18 40 39
0.41 2 12 39 46
0.416667 4 15 33 35
0.423333 2 14 41 31
0.43 2 11 47 24
0.436667 2 16 39 43
0.443333 3 12 31 31
0.45 3 13 27 40
0.456667 2 18 37 33
0.463333 3 18 38 43
0.47 2 14 48 36
0.476667 1 19 28 32
0.483333 2 8 30 25
0.49 0 13 26 23
0.496667 3 8 30 38
0.503333 0 7 29 27
0.51 2 9 28 25
0.516667 1 12 32 20
0.523333 2 7 31 27
0.53 2 6 15 26
0.536667 1 7 26 24
0.543333 0 5 17 18
0.55 3 4 30 17
0.556667 2 9 28 19
0.563333 1 3 17 25
0.57 3 10 26 20
0.576667 2 6 16 22
0.583333 1 7 22 21
0.59 1 4 24 24
0.596667 4 9 17 11
0.603333 1 10 20 14
0.61 2 1 15 16
0.616667 0 5 23 20
0.623333 4 4 19 12
0.63 0 4 18 14
0.636667 3 7 23 12
0.643333 1 7 15 23
0.65 2 8 18 22
0.656667 0 7 22 18
0.663333 44 521 897 1061
0.67 0 0 0 0
0.676667 0 0 0 0
0.683333 0 0 0 0
0.69 0 0 0 0
0.696667 0 0 0 0
0.703333 0 0 0 0
0.71 0 0 0 0
0.716667 0 0 0 0
0.723333 0 0 0 0
0.73 0 0 0 0
0.736667 0 0 0 0
0.743333 0 0 0 0
0.75 0 0 0 0
0.756667 0 0 0 0
0.763333 0 0 0 0
0.77 0 0 0 0
0.776667 0 0 0 0
0.783333 0 0 0 0
0.79 0 0 0 0
0.796667 0 0 0 0
0.803333 0 0 0 0
0.81 0 0 0 0
0.816667 0 0 0 0
0.823333 0 0 0 0
0.83 0 0 0 0
0.836667 0 0 0 0
0.843333 0 0 0 0
0.85 0 0 0 0
0.856667 0 0 0 0
0.863333 0 0 0 0
0.87 0 0 0 0
0.876667 0 0 0 0
0.883333 0 0 0 0
0.89 0 0 0 0
0.896667 0 0 0 0
0.903333 0 0 0 0
0.91 0 0 0 0
0.916667 0 0 0 0
0.923333 0 0 0 0
0.93 0 0 0 0
0.936667 0 0 0 0
0.943333 0 0 0 0
0.95 0 0 0 0
0.956667 0 0 0 0
0.963333 0 0 0 0
0.97 0 0 0 0
0.976667 0 0 0 0
0.983333 0 0 0 0
0.99 0 0 0 0
0.996667 0 0 0 0
1.00333 0 0 0 0
1.01 0 0 0 0
1.01667 0 0 0 0
1.02333 0 0 0 0
1.03 0 0 0 0
1.03667 0 0 0 0
1.04333 0 0 0 0
1.05 0 0 0 0
1.05667 0 0 0 0
1.06333 0 0 0 0
1.07 0 0 0 0
1.07667 0 0 0 0
1.08333 0 0 0 0
1.09 0 0 0 0
1.09667 0 0 0 0
1.10333 0 0 0 0
1.11 0 0 0 0
1.11667 0 0 0 0
1.12333 0 0 0 0
1.13 0 0 0 0
1.13667 0 0 0 0
1.14333 0 0 0 0
1.15 0 0 0 0
1.15667 0 0 0 0
1.16333 0 0 0 0
1.17 0 0 0 0
1.17667 0 0 0 0
1.18333 0 0 0 0
1.19 0 0 0 0
1.19667 0 0 0 0
1.20333 0 0 0 0
1.21 0 0 0 0
1.21667 0 0 0 0
1.22333 0 0 0 0
1.23 0 0 0 0
1.23667 0 0 0 0
1.24333 0 0 0 0
1.25 0 0 0 0
1.25667 0 0 0 0
1.26333 0 0 0 0
1.27 0 0 0 0
1.27667 0 0 0 0
1.28333 0 0 0 0
1.29 0 0 0 0
1.29667 0 0 0 0
1.30333 0 0 0 0
1.31 0 0 0 0
1.31667 0 0 0 0
1.32333 0 0 0 0
1.33 0 0 0 0
1.33667 0 0 0 0
1.34333 0 0 0 0
1.35 0 0 0 0
1.35667 0 0 0 0
1.36333 0 0 0 0
1.37 0 0 0 0
1.37667 0 0 0 0
1.38333 0 0 0 0
1.39 0 0 0 0
1.39667 0 0 0 0
1.40333 0 0 0 0
1.41 0 0 0 0
1.41667 0 0 0 0
1.42333 0 0 0 0
1.43 0 0 0 0
1.43667 0 0 0 0
1.44333 0 0 0 0
1.45 0 0 0 0
1.45667 0 0 0 0
1.46333 0 0 0 0
1.47 0 0 0 0
1.47667 0 0 0 0
1.48333 0 0 0 0
1.49 0 0 0 0
1.49667 0 0 0 0
1.50333 0 0 0 0
1.51 0 0 0 0
1.51667 0 0 0 0
1.52333 0 0 0 0
1.53 0 0 0 0
1.53667 0 0 0 0
1.54333 0 0 0 0
1.55 0 0 0 0
1.55667 0 0 0 0
1.56333 0 0 0 0
1.57 0 0 0 0
1.57667 0 0 0 0
1.58333 0 0 0 0
1.59 0 0 0 0
1.59667 0 0 0 0
1.60333 0 0 0 0
1.61 0 0 0 0
1.61667 0 0 0 0
1.62333 0 0 0 0
1.63 0 0 0 0
1.63667 0 0 0 0
1.64333 0 0 0 0
1.65 0 0 0 0
1.65667 0 0 0 0
1.66333 0 0 0 0
1.67 0 0 0 0
1.67667 0 0 0 0
1.68333 0 0 0 0
1.69 0 0 0 0
1.69667 0 0 0 0
1.70333 0 0 0 0
1.71 0 0 0 0
1.71667 0 0 0 0
1.72333 0 0 0 0
1.73 0 0 0 0
1.73667 0 0 0 0
1.74333 0 0 0 0
1.75 0 0 0 0
1.75667 0 0 0 0
1.76333 0 0 0 0
1.77 0 0 0 0
1.77667 0 0 0 0
1.78333 0 0 0 0
1.79 0 0 0 0
1.79667 0 0 0 0
1.80333 0 0 0 0
1.81 0 0 0 0
1.81667 0 0 0 0
1.82333 0 0 0 0
1.83 0 0 0 0
1.83667 0 0 0 0
1.84333 0 0 0 0
1.85 0 0 0 0
1.85667 0 0 0 0
1.86333 0 0 0 0
1.87 0 0 0 0
1.87667 0 0 0 0
1.88333 0 0 0 0
1.89 0 0 0 0
1.89667 0 0 0 0
1.90333 0 0 0 0
1.91 0 0 0 0
1.91667 0 0 0 0
1.92333 0 0 0 0
1.93 0 0 0 0
1.93667 0 0 0 0
1.94333 0 0 0 0
1.95 0 0 0 0
1.95667 0 0 0 0
1.96333 0 0 0 0
1.97 0 0 0 0
1.97667 0 0 0 0
1.98333 0 0 0 0
1.99 0 0 0 0
1.99667 0 0 0 0
