0.00333333 3 26 38 4
0.01 4 27 61 14
0.0166667 5 25 64 16
0.0233333 3 34 61 12
0.03 3 34 68 9
0.0366667 4 34 81 6
0.0433333 6 42 103 20
0.05 11 46 119 32
0.0566667 12 72 158 35
0.0633333 12 83 177 36
0.07 10 75 166 41
0.0766667 13 93 189 47
0.0833333 9 91 184 35
0.09 9 78 191 42
0.0966667 10 86 203 28
0.103333 10 81 178 33
0.11 13 107 216 27
0.116667 9 78 205 26
0.123333 11 75 171 27
0.13 7 89 169 32
0.136667 5 75 149 32
0.143333 10 79 160 28
0.15 13 71 167 20
0.156667 5 87 145 21
0.163333 7 84 158 26
0.17 6 70 152 25
0.176667 3 79 173 30
0.183333 11 74 156 32
0.19 9 85 146 29
0.196667 8 88 167 19
0.203333 12 69 151 17
0.21 9 93 144 23
0.216667 10 79 120 17
0.223333 8 52 141 16
0.23 5 62 141 20
0.236667 4 71 104 21
0.243333 5 61 106 14
0.25 5 56 115 15
0.256667 6 53 117 16
0.263333 5 62 106 19
0.27 8 41 104 13
0.276667 5 37 108 22
0.283333 4 46 74 18
0.29 8 43 83 5
0.296667 2 33 81 12
0.303333 10 39 69 14
0.31 1 43 84 8
0.316667 2 37 84 7
0.323333 4 46 77 16
0.33 10 32 76 16
0.336667 4 31 63 11
0.343333 3 23 57 13
0.35 6 33 90 10
0.356667 6 37 62 17
0.363333 3 35 79 9
0.37 4 41 61 6
0.376667 5 40 63 14
0.383333 7 31 75 8
0.39 2 36 63 17
0.396667 7 39 63 10
0.403333 1 33 62 8
0.41 4 29 60 8
0.416667 4 19 62 14
0.423333 5 25 52 15
0.43 6 30 47 7
0.436667 7 27 58 4
0.443333 2 31 58 7
0.45 4 44 58 9
0.456667 2 25 40 10
0.463333 2 26 50 9
0.47 5 30 52 13
0.476667 2 18 56 11
0.483333 1 24 38 8
0.49 2 16 27 9
0.496667 4 18 28 5
0.503333 3 16 33 14
0.51 1 15 44 5
0.516667 5 18 33 6
0.523333 2 18 29 6
0.53 0 16 29 5
0.536667 3 20 31 3
0.543333 2 13 32 5
0.55 1 14 41 4
0.556667 2 16 31 10
0.563333 4 13 28 5
0.57 1 13 25 4
0.576667 2 15 27 4
0.583333 3 12 18 8
0.59 1 10 27 9
0.596667 4 17 28 9
0.603333 3 12 22 6
0.61 1 13 25 7
0.616667 3 15 19 5
0.623333 4 12 32 6
0.63 3 8 20 7
0.636667 1 19 26 6
0.643333 4 9 29 4
0.65 3 15 27 6
0.656667 2 13 25 4
0.663333 44 976 1652 180
0.67 0 0 0 0
0.676667 0 0 0 0
0.683333 0 0 0 0
0.69 0 0 0 0
0.696667 0 0 0 0
0.703333 0 0 0 0
0.71 0 0 0 0
0.716667 0 0 0 0
0.723333 0 0 0 0
0.73 0 0 0 0
0.736667 0 0 0 0
0.743333 0 0 0 0
0.75 0 0 0 0
0.756667 0 0 0 0
0.763333 0 0 0 0
0.77 0 0 0 0
0.776667 0 0 0 0
0.783333 0 0 0 0
0.79 0 0 0 0
0.796667 0 0 0 0
0.803333 0 0 0 0
0.81 0 0 0 0
0.816667 0 0 0 0
0.823333 0 0 0 0
0.83 0 0 0 0
0.836667 0 0 0 0
0.843333 0 0 0 0
0.85 0 0 0 0
0.856667 0 0 0 0
0.863333 0 0 0 0
0.87 0 0 0 0
0.876667 0 0 0 0
0.883333 0 0 0 0
0.89 0 0 0 0
0.896667 0 0 0 0
0.903333 0 0 0 0
0.91 0 0 0 0
0.916667 0 0 0 0
0.923333 0 0 0 0
0.93 0 0 0 0
0.936667 0 0 0 0
0.943333 0 0 0 0
0.95 0 0 0 0
0.956667 0 0 0 0
0.963333 0 0 0 0
0.97 0 0 0 0
0.976667 0 0 0 0
0.983333 0 0 0 0
0.99 0 0 0 0
0.996667 0 0 0 0
1.00333 0 0 0 0
1.01 0 0 0 0
1.01667 0 0 0 0
1.02333 0 0 0 0
1.03 0 0 0 0
1.03667 0 0 0 0
1.04333 0 0 0 0
1.05 0 0 0 0
1.05667 0 0 0 0
1.06333 0 0 0 0
1.07 0 0 0 0
1.07667 0 0 0 0
1.08333 0 0 0 0
1.09 0 0 0 0
1.09667 0 0 0 0
1.10333 0 0 0 0
1.11 0 0 0 0
1.11667 0 0 0 0
1.12333 0 0 0 0
1.13 0 0 0 0
1.13667 0 0 0 0
1.14333 0 0 0 0
1.15 0 0 0 0
1.15667 0 0 0 0
1.16333 0 0 0 0
1.17 0 0 0 0
1.17667 0 0 0 0
1.18333 0 0 0 0
1.19 0 0 0 0
1.19667 0 0 0 0
1.20333 0 0 0 0
1.21 0 0 0 0
1.21667 0 0 0 0
1.22333 0 0 0 0
1.23 0 0 0 0
1.23667 0 0 0 0
1.24333 0 0 0 0
1.25 0 0 0 0
1.25667 0 0 0 0
1.26333 0 0 0 0
1.27 0 0 0 0
1.27667 0 0 0 0
1.28333 0 0 0 0
1.29 0 0 0 0
1.29667 0 0 0 0
1.30333 0 0 0 0
1.31 0 0 0 0
1.31667 0 0 0 0
1.32333 0 0 0 0
1.33 0 0 0 0
1.33667 0 0 0 0
1.34333 0 0 0 0
1.35 0 0 0 0
1.35667 0 0 0 0
1.36333 0 0 0 0
1.37 0 0 0 0
1.37667 0 0 0 0
1.38333 0 0 0 0
1.39 0 0 0 0
1.39667 0 0 0 0
1.40333 0 0 0 0
1.41 0 0 0 0
1.41667 0 0 0 0
1.42333 0 0 0 0
1.43 0 0 0 0
1.43667 0 0 0 0
1.44333 0 0 0 0
1.45 0 0 0 0
1.45667 0 0 0 0
1.46333 0 0 0 0
1.47 0 0 0 0
1.47667 0 0 0 0
1.48333 0 0 0 0
1.49 0 0 0 0
1.49667 0 0 0 0
1.50333 0 0 0 0
1.51 0 0 0 0
1.51667 0 0 0 0
1.52333 0 0 0 0
1.53 0 0 0 0
1.53667 0 0 0 0
1.54333 0 0 0 0
1.55 0 0 0 0
1.55667 0 0 0 0
1.56333 0 0 0 0
1.57 0 0 0 0
1.57667 0 0 0 0
1.58333 0 0 0 0
1.59 0 0 0 0
1.59667 0 0 0 0
1.60333 0 0 0 0
1.61 0 0 0 0
1.61667 0 0 0 0
1.62333 0 0 0 0
1.63 0 0 0 0
1.63667 0 0 0 0
1.64333 0 0 0 0
1.65 0 0 0 0
1.65667 0 0 0 0
1.66333 0 0 0 0
1.67 0 0 0 0
1.67667 0 0 0 0
1.68333 0 0 0 0
1.69 0 0 0 0
1.69667 0 0 0 0
1.70333 0 0 0 0
1.71 0 0 0 0
1.71667 0 0 0 0
1.72333 0 0 0 0
1.73 0 0 0 0
1.73667 0 0 0 0
1.74333 0 0 0 0
1.75 0 0 0 0
1.75667 0 0 0 0
1.76333 0 0 0 0
1.77 0 0 0 0
1.77667 0 0 0 0
1.78333 0 0 0 0
1.79 0 0 0 0
1.79667 0 0 0 0
1.80333 0 0 0 0
1.81 0 0 0 0
1.81667 0 0 0 0
1.82333 0 0 0 0
1.83 0 0 0 0
1.83667 0 0 0 0
1.84333 0 0 0 0
1.85 0 0 0 0
1.85667 0 0 0 0
1.86333 0 0 0 0
1.87 0 0 0 0
1.87667 0 0 0 0
1.88333 0 0 0 0
1.89 0 0 0 0
1.89667 0 0 0 0
1.90333 0 0 0 0
1.91 0 0 0 0
1.91667 0 0 0 0
1.92333 0 0 0 0
1.93 0 0 0 0
1.93667 0 0 0 0
1.94333 0 0 0 0
1.95 0 0 0 0
1.95667 0 0 0 0
1.96333 0 0 0 0
1.97 0 0 0 0
1.97667 0 0 0 0
1.98333 0 0 0 0
1.99 0 0 0 0
1.99667 0 0 0 0
