0.00333333 1 2 51 18
0.01 1 1 63 27
0.0166667 0 0 55 27
0.0233333 0 2 68 24
0.03 0 0 70 28
0.0366667 0 2 85 42
0.0433333 1 2 93 56
0.05 1 1 96 56
0.0566667 1 2 112 71
0.0633333 1 3 127 88
0.07 0 3 136 96
0.0766667 1 2 124 85
0.0833333 4 4 146 86
0.09 2 2 156 78
0.0966667 1 3 126 85
0.103333 1 4 143 90
0.11 0 7 154 91
0.116667 0 4 157 93
0.123333 0 6 163 72
0.13 1 5 144 77
0.136667 0 2 157 71
0.143333 0 3 146 60
0.15 1 3 122 56
0.156667 2 2 160 52
0.163333 1 3 157 66
0.17 0 4 133 68
0.176667 0 2 136 60
0.183333 1 3 190 64
0.19 1 1 214 53
0.196667 0 3 185 55
0.203333 1 2 142 48
0.21 0 6 166 49
0.216667 0 3 136 49
0.223333 0 2 150 41
0.23 0 2 137 42
0.236667 1 3 113 52
0.243333 0 2 121 49
0.25 1 2 121 43
0.256667 0 1 104 46
0.263333 1 3 118 42
0.27 0 3 91 40
0.276667 0 1 98 39
0.283333 0 3 82 37
0.29 0 0 102 43
0.296667 0 1 99 44
0.303333 1 3 82 38
0.31 1 2 90 30
0.316667 0 4 79 33
0.323333 0 2 90 39
0.33 0 2 84 24
0.336667 2 2 80 38
0.343333 1 3 70 27
0.35 0 4 60 31
0.356667 0 2 65 27
0.363333 0 1 78 32
0.37 0 1 72 28
0.376667 1 2 75 25
0.383333 0 0 65 24
0.39 0 0 58 30
0.396667 0 2 72 32
0.403333 0 3 63 26
0.41 0 0 79 28
0.416667 0 0 77 29
0.423333 1 1 80 31
0.43 2 0 65 24
0.436667 0 1 66 17
0.443333 0 2 56 14
0.45 0 1 68 29
0.456667 0 1 55 29
0.463333 0 1 72 21
0.47 1 4 65 24
0.476667 0 2 52 24
0.483333 0 2 27 15
0.49 0 0 32 12
0.496667 0 0 38 15
0.503333 0 1 24 16
0.51 0 2 24 12
0.516667 1 0 28 12
0.523333 0 2 29 13
0.53 0 0 27 13
0.536667 0 1 19 14
0.543333 0 0 21 17
0.55 0 1 22 15
0.556667 0 0 23 15
0.563333 0 3 19 19
0.57 1 0 17 16
0.576667 0 0 28 21
0.583333 0 1 23 14
0.59 1 0 20 18
0.596667 1 2 13 16
0.603333 0 2 16 16
0.61 0 1 24 7
0.616667 0 0 20 7
0.623333 0 0 17 14
0.63 0 0 23 13
0.636667 0 0 30 12
0.643333 0 1 19 16
0.65 0 2 17 11
0.656667 0 2 13 10
0.663333 2 28 2762 456
0.67 0 0 0 0
0.676667 0 0 0 0
0.683333 0 0 0 0
0.69 0 0 0 0
0.696667 0 0 0 0
0.703333 0 0 0 0
0.71 0 0 0 0
0.716667 0 0 0 0
0.723333 0 0 0 0
0.73 0 0 0 0
0.736667 0 0 0 0
0.743333 0 0 0 0
0.75 0 0 0 0
0.756667 0 0 0 0
0.763333 0 0 0 0
0.77 0 0 0 0
0.776667 0 0 0 0
0.783333 0 0 0 0
0.79 0 0 0 0
0.796667 0 0 0 0
0.803333 0 0 0 0
0.81 0 0 0 0
0.816667 0 0 0 0
0.823333 0 0 0 0
0.83 0 0 0 0
0.836667 0 0 0 0
0.843333 0 0 0 0
0.85 0 0 0 0
0.856667 0 0 0 0
0.863333 0 0 0 0
0.87 0 0 0 0
0.876667 0 0 0 0
0.883333 0 0 0 0
0.89 0 0 0 0
0.896667 0 0 0 0
0.903333 0 0 0 0
0.91 0 0 0 0
0.916667 0 0 0 0
0.923333 0 0 0 0
0.93 0 0 0 0
0.936667 0 0 0 0
0.943333 0 0 0 0
0.95 0 0 0 0
0.956667 0 0 0 0
0.963333 0 0 0 0
0.97 0 0 0 0
0.976667 0 0 0 0
0.983333 0 0 0 0
0.99 0 0 0 0
0.996667 0 0 0 0
1.00333 0 0 0 0
1.01 0 0 0 0
1.01667 0 0 0 0
1.02333 0 0 0 0
1.03 0 0 0 0
1.03667 0 0 0 0
1.04333 0 0 0 0
1.05 0 0 0 0
1.05667 0 0 0 0
1.06333 0 0 0 0
1.07 0 0 0 0
1.07667 0 0 0 0
1.08333 0 0 0 0
1.09 0 0 0 0
1.09667 0 0 0 0
1.10333 0 0 0 0
1.11 0 0 0 0
1.11667 0 0 0 0
1.12333 0 0 0 0
1.13 0 0 0 0
1.13667 0 0 0 0
1.14333 0 0 0 0
1.15 0 0 0 0
1.15667 0 0 0 0
1.16333 0 0 0 0
1.17 0 0 0 0
1.17667 0 0 0 0
1.18333 0 0 0 0
1.19 0 0 0 0
1.19667 0 0 0 0
1.20333 0 0 0 0
1.21 0 0 0 0
1.21667 0 0 0 0
1.22333 0 0 0 0
1.23 0 0 0 0
1.23667 0 0 0 0
1.24333 0 0 0 0
1.25 0 0 0 0
1.25667 0 0 0 0
1.26333 0 0 0 0
1.27 0 0 0 0
1.27667 0 0 0 0
1.28333 0 0 0 0
1.29 0 0 0 0
1.29667 0 0 0 0
1.30333 0 0 0 0
1.31 0 0 0 0
1.31667 0 0 0 0
1.32333 0 0 0 0
1.33 0 0 0 0
1.33667 0 0 0 0
1.34333 0 0 0 0
1.35 0 0 0 0
1.35667 0 0 0 0
1.36333 0 0 0 0
1.37 0 0 0 0
1.37667 0 0 0 0
1.38333 0 0 0 0
1.39 0 0 0 0
1.39667 0 0 0 0
1.40333 0 0 0 0
1.41 0 0 0 0
1.41667 0 0 0 0
1.42333 0 0 0 0
1.43 0 0 0 0
1.43667 0 0 0 0
1.44333 0 0 0 0
1.45 0 0 0 0
1.45667 0 0 0 0
1.46333 0 0 0 0
1.47 0 0 0 0
1.47667 0 0 0 0
1.48333 0 0 0 0
1.49 0 0 0 0
1.49667 0 0 0 0
1.50333 0 0 0 0
1.51 0 0 0 0
1.51667 0 0 0 0
1.52333 0 0 0 0
1.53 0 0 0 0
1.53667 0 0 0 0
1.54333 0 0 0 0
1.55 0 0 0 0
1.55667 0 0 0 0
1.56333 0 0 0 0
1.57 0 0 0 0
1.57667 0 0 0 0
1.58333 0 0 0 0
1.59 0 0 0 0
1.59667 0 0 0 0
1.60333 0 0 0 0
1.61 0 0 0 0
1.61667 0 0 0 0
1.62333 0 0 0 0
1.63 0 0 0 0
1.63667 0 0 0 0
1.64333 0 0 0 0
1.65 0 0 0 0
1.65667 0 0 0 0
1.66333 0 0 0 0
1.67 0 0 0 0
1.67667 0 0 0 0
1.68333 0 0 0 0
1.69 0 0 0 0
1.69667 0 0 0 0
1.70333 0 0 0 0
1.71 0 0 0 0
1.71667 0 0 0 0
1.72333 0 0 0 0
1.73 0 0 0 0
1.73667 0 0 0 0
1.74333 0 0 0 0
1.75 0 0 0 0
1.75667 0 0 0 0
1.76333 0 0 0 0
1.77 0 0 0 0
1.77667 0 0 0 0
1.78333 0 0 0 0
1.79 0 0 0 0
1.79667 0 0 0 0
1.80333 0 0 0 0
1.81 0 0 0 0
1.81667 0 0 0 0
1.82333 0 0 0 0
1.83 0 0 0 0
1.83667 0 0 0 0
1.84333 0 0 0 0
1.85 0 0 0 0
1.85667 0 0 0 0
1.86333 0 0 0 0
1.87 0 0 0 0
1.87667 0 0 0 0
1.88333 0 0 0 0
1.89 0 0 0 0
1.89667 0 0 0 0
1.90333 0 0 0 0
1.91 0 0 0 0
1.91667 0 0 0 0
1.92333 0 0 0 0
1.93 0 0 0 0
1.93667 0 0 0 0
1.94333 0 0 0 0
1.95 0 0 0 0
1.95667 0 0 0 0
1.96333 0 0 0 0
1.97 0 0 0 0
1.97667 0 0 0 0
1.98333 0 0 0 0
1.99 0 0 0 0
1.99667 0 0 0 0
