0.00333333 1 4 161 9
0.01 2 9 181 18
0.0166667 2 2 181 21
0.0233333 0 7 173 20
0.03 1 12 195 22
0.0366667 0 11 198 32
0.0433333 3 6 250 41
0.05 1 13 273 60
0.0566667 2 15 338 70
0.0633333 2 16 346 61
0.07 2 15 383 71
0.0766667 7 23 428 67
0.0833333 5 17 465 71
0.09 3 24 425 63
0.0966667 3 11 451 70
0.103333 6 19 423 59
0.11 6 21 456 63
0.116667 3 21 453 69
0.123333 2 18 455 56
0.13 1 21 481 63
0.136667 3 13 502 54
0.143333 6 11 489 57
0.15 6 13 469 43
0.156667 3 22 472 41
0.163333 2 14 469 53
0.17 3 15 447 42
0.176667 5 12 465 46
0.183333 2 18 512 45
0.19 2 18 660 49
0.196667 2 17 628 43
0.203333 2 11 535 44
0.21 3 15 540 38
0.216667 2 8 517 39
0.223333 5 6 479 43
0.23 0 14 433 39
0.236667 2 11 408 34
0.243333 4 6 332 31
0.25 4 10 350 32
0.256667 3 6 341 31
0.263333 2 8 317 44
0.27 0 13 308 30
0.276667 0 10 272 33
0.283333 2 3 264 23
0.29 0 7 274 39
0.296667 0 5 228 23
0.303333 2 13 230 29
0.31 1 8 254 32
0.316667 0 6 214 16
0.323333 2 13 204 23
0.33 0 9 209 28
0.336667 1 10 194 22
0.343333 2 3 209 29
0.35 1 5 215 29
0.356667 1 1 198 26
0.363333 0 3 195 20
0.37 0 7 193 21
0.376667 0 5 172 17
0.383333 0 6 183 18
0.39 2 6 191 34
0.396667 2 8 180 19
0.403333 1 3 185 30
0.41 0 5 174 25
0.416667 2 5 188 21
0.423333 0 8 182 13
0.43 0 2 175 23
0.436667 1 2 202 19
0.443333 1 7 157 13
0.45 0 3 180 24
0.456667 0 4 195 20
0.463333 0 6 181 14
0.47 1 5 181 29
0.476667 1 9 162 16
0.483333 2 3 108 18
0.49 1 4 84 16
0.496667 1 4 84 24
0.503333 0 3 80 17
0.51 1 5 76 15
0.516667 1 7 70 9
0.523333 1 3 75 11
0.53 0 7 84 9
0.536667 0 3 68 13
0.543333 0 2 77 13
0.55 1 4 65 8
0.556667 3 5 66 12
0.563333 1 12 76 12
0.57 1 3 50 10
0.576667 4 10 47 10
0.583333 0 4 60 11
0.59 1 3 51 6
0.596667 3 0 60 9
0.603333 1 7 56 6
0.61 0 4 64 9
0.616667 1 2 53 10
0.623333 0 1 51 7
0.63 1 2 62 7
0.636667 0 1 80 10
0.643333 0 9 42 5
0.65 2 8 48 9
0.656667 0 0 47 11
0.663333 10 97 9221 330
0.67 0 0 0 0
0.676667 0 0 0 0
0.683333 0 0 0 0
0.69 0 0 0 0
0.696667 0 0 0 0
0.703333 0 0 0 0
0.71 0 0 0 0
0.716667 0 0 0 0
0.723333 0 0 0 0
0.73 0 0 0 0
0.736667 0 0 0 0
0.743333 0 0 0 0
0.75 0 0 0 0
0.756667 0 0 0 0
0.763333 0 0 0 0
0.77 0 0 0 0
0.776667 0 0 0 0
0.783333 0 0 0 0
0.79 0 0 0 0
0.796667 0 0 0 0
0.803333 0 0 0 0
0.81 0 0 0 0
0.816667 0 0 0 0
0.823333 0 0 0 0
0.83 0 0 0 0
0.836667 0 0 0 0
0.843333 0 0 0 0
0.85 0 0 0 0
0.856667 0 0 0 0
0.863333 0 0 0 0
0.87 0 0 0 0
0.876667 0 0 0 0
0.883333 0 0 0 0
0.89 0 0 0 0
0.896667 0 0 0 0
0.903333 0 0 0 0
0.91 0 0 0 0
0.916667 0 0 0 0
0.923333 0 0 0 0
0.93 0 0 0 0
0.936667 0 0 0 0
0.943333 0 0 0 0
0.95 0 0 0 0
0.956667 0 0 0 0
0.963333 0 0 0 0
0.97 0 0 0 0
0.976667 0 0 0 0
0.983333 0 0 0 0
0.99 0 0 0 0
0.996667 0 0 0 0
1.00333 0 0 0 0
1.01 0 0 0 0
1.01667 0 0 0 0
1.02333 0 0 0 0
1.03 0 0 0 0
1.03667 0 0 0 0
1.04333 0 0 0 0
1.05 0 0 0 0
1.05667 0 0 0 0
1.06333 0 0 0 0
1.07 0 0 0 0
1.07667 0 0 0 0
1.08333 0 0 0 0
1.09 0 0 0 0
1.09667 0 0 0 0
1.10333 0 0 0 0
1.11 0 0 0 0
1.11667 0 0 0 0
1.12333 0 0 0 0
1.13 0 0 0 0
1.13667 0 0 0 0
1.14333 0 0 0 0
1.15 0 0 0 0
1.15667 0 0 0 0
1.16333 0 0 0 0
1.17 0 0 0 0
1.17667 0 0 0 0
1.18333 0 0 0 0
1.19 0 0 0 0
1.19667 0 0 0 0
1.20333 0 0 0 0
1.21 0 0 0 0
1.21667 0 0 0 0
1.22333 0 0 0 0
1.23 0 0 0 0
1.23667 0 0 0 0
1.24333 0 0 0 0
1.25 0 0 0 0
1.25667 0 0 0 0
1.26333 0 0 0 0
1.27 0 0 0 0
1.27667 0 0 0 0
1.28333 0 0 0 0
1.29 0 0 0 0
1.29667 0 0 0 0
1.30333 0 0 0 0
1.31 0 0 0 0
1.31667 0 0 0 0
1.32333 0 0 0 0
1.33 0 0 0 0
1.33667 0 0 0 0
1.34333 0 0 0 0
1.35 0 0 0 0
1.35667 0 0 0 0
1.36333 0 0 0 0
1.37 0 0 0 0
1.37667 0 0 0 0
1.38333 0 0 0 0
1.39 0 0 0 0
1.39667 0 0 0 0
1.40333 0 0 0 0
1.41 0 0 0 0
1.41667 0 0 0 0
1.42333 0 0 0 0
1.43 0 0 0 0
1.43667 0 0 0 0
1.44333 0 0 0 0
1.45 0 0 0 0
1.45667 0 0 0 0
1.46333 0 0 0 0
1.47 0 0 0 0
1.47667 0 0 0 0
1.48333 0 0 0 0
1.49 0 0 0 0
1.49667 0 0 0 0
1.50333 0 0 0 0
1.51 0 0 0 0
1.51667 0 0 0 0
1.52333 0 0 0 0
1.53 0 0 0 0
1.53667 0 0 0 0
1.54333 0 0 0 0
1.55 0 0 0 0
1.55667 0 0 0 0
1.56333 0 0 0 0
1.57 0 0 0 0
1.57667 0 0 0 0
1.58333 0 0 0 0
1.59 0 0 0 0
1.59667 0 0 0 0
1.60333 0 0 0 0
1.61 0 0 0 0
1.61667 0 0 0 0
1.62333 0 0 0 0
1.63 0 0 0 0
1.63667 0 0 0 0
1.64333 0 0 0 0
1.65 0 0 0 0
1.65667 0 0 0 0
1.66333 0 0 0 0
1.67 0 0 0 0
1.67667 0 0 0 0
1.68333 0 0 0 0
1.69 0 0 0 0
1.69667 0 0 0 0
1.70333 0 0 0 0
1.71 0 0 0 0
1.71667 0 0 0 0
1.72333 0 0 0 0
1.73 0 0 0 0
1.73667 0 0 0 0
1.74333 0 0 0 0
1.75 0 0 0 0
1.75667 0 0 0 0
1.76333 0 0 0 0
1.77 0 0 0 0
1.77667 0 0 0 0
1.78333 0 0 0 0
1.79 0 0 0 0
1.79667 0 0 0 0
1.80333 0 0 0 0
1.81 0 0 0 0
1.81667 0 0 0 0
1.82333 0 0 0 0
1.83 0 0 0 0
1.83667 0 0 0 0
1.84333 0 0 0 0
1.85 0 0 0 0
1.85667 0 0 0 0
1.86333 0 0 0 0
1.87 0 0 0 0
1.87667 0 0 0 0
1.88333 0 0 0 0
1.89 0 0 0 0
1.89667 0 0 0 0
1.90333 0 0 0 0
1.91 0 0 0 0
1.91667 0 0 0 0
1.92333 0 0 0 0
1.93 0 0 0 0
1.93667 0 0 0 0
1.94333 0 0 0 0
1.95 0 0 0 0
1.95667 0 0 0 0
1.96333 0 0 0 0
1.97 0 0 0 0
1.97667 0 0 0 0
1.98333 0 0 0 0
1.99 0 0 0 0
1.99667 0 0 0 0
