0.00333333 0 2 114 15
0.01 1 1 116 15
0.0166667 1 2 132 19
0.0233333 0 1 109 15
0.03 0 1 107 17
0.0366667 0 2 119 28
0.0433333 4 3 148 27
0.05 0 5 201 47
0.0566667 1 4 191 60
0.0633333 3 5 205 76
0.07 0 9 237 67
0.0766667 2 5 217 56
0.0833333 2 5 239 52
0.09 3 4 240 70
0.0966667 0 5 270 54
0.103333 1 6 232 53
0.11 3 5 253 65
0.116667 2 4 284 63
0.123333 1 7 305 49
0.13 0 5 292 56
0.136667 1 4 239 44
0.143333 1 4 273 43
0.15 1 7 255 47
0.156667 1 3 287 33
0.163333 1 6 267 54
0.17 3 5 259 37
0.176667 1 7 231 31
0.183333 1 7 279 41
0.19 1 6 344 42
0.196667 2 7 355 44
0.203333 0 1 308 35
0.21 2 2 317 40
0.216667 1 4 300 28
0.223333 0 6 275 38
0.23 2 7 254 25
0.236667 2 6 254 34
0.243333 2 3 232 26
0.25 3 5 246 35
0.256667 0 3 201 35
0.263333 1 2 227 25
0.27 0 7 192 34
0.276667 0 3 177 23
0.283333 0 1 193 27
0.29 1 4 154 36
0.296667 3 5 165 28
0.303333 0 0 154 16
0.31 0 1 165 29
0.316667 0 5 159 20
0.323333 2 5 156 23
0.33 1 2 141 28
0.336667 1 3 130 25
0.343333 1 3 133 23
0.35 1 0 146 28
0.356667 1 6 136 28
0.363333 0 3 119 26
0.37 0 0 129 23
0.376667 2 4 129 21
0.383333 0 2 120 26
0.39 0 3 123 25
0.396667 0 5 118 20
0.403333 2 5 126 18
0.41 0 2 129 21
0.416667 2 0 111 18
0.423333 1 5 130 16
0.43 1 3 124 24
0.436667 0 2 96 20
0.443333 1 1 113 16
0.45 0 1 130 19
0.456667 1 2 127 21
0.463333 0 1 125 17
0.47 0 4 142 12
0.476667 0 5 97 11
0.483333 2 1 65 12
0.49 0 2 56 8
0.496667 0 3 51 14
0.503333 1 3 62 11
0.51 0 2 53 18
0.516667 1 3 55 13
0.523333 0 1 48 12
0.53 0 0 47 12
0.536667 1 1 53 17
0.543333 0 1 31 8
0.55 1 2 57 9
0.556667 0 2 29 19
0.563333 1 1 33 16
0.57 0 0 41 14
0.576667 0 0 31 13
0.583333 0 2 34 8
0.59 0 0 37 6
0.596667 3 1 33 10
0.603333 0 2 42 15
0.61 0 0 35 13
0.616667 0 1 31 13
0.623333 1 2 40 10
0.63 1 1 40 6
0.636667 0 0 44 14
0.643333 1 3 34 9
0.65 1 2 34 16
0.656667 0 1 35 9
0.663333 8 33 5945 303
0.67 0 0 0 0
0.676667 0 0 0 0
0.683333 0 0 0 0
0.69 0 0 0 0
0.696667 0 0 0 0
0.703333 0 0 0 0
0.71 0 0 0 0
0.716667 0 0 0 0
0.723333 0 0 0 0
0.73 0 0 0 0
0.736667 0 0 0 0
0.743333 0 0 0 0
0.75 0 0 0 0
0.756667 0 0 0 0
0.763333 0 0 0 0
0.77 0 0 0 0
0.776667 0 0 0 0
0.783333 0 0 0 0
0.79 0 0 0 0
0.796667 0 0 0 0
0.803333 0 0 0 0
0.81 0 0 0 0
0.816667 0 0 0 0
0.823333 0 0 0 0
0.83 0 0 0 0
0.836667 0 0 0 0
0.843333 0 0 0 0
0.85 0 0 0 0
0.856667 0 0 0 0
0.863333 0 0 0 0
0.87 0 0 0 0
0.876667 0 0 0 0
0.883333 0 0 0 0
0.89 0 0 0 0
0.896667 0 0 0 0
0.903333 0 0 0 0
0.91 0 0 0 0
0.916667 0 0 0 0
0.923333 0 0 0 0
0.93 0 0 0 0
0.936667 0 0 0 0
0.943333 0 0 0 0
0.95 0 0 0 0
0.956667 0 0 0 0
0.963333 0 0 0 0
0.97 0 0 0 0
0.976667 0 0 0 0
0.983333 0 0 0 0
0.99 0 0 0 0
0.996667 0 0 0 0
1.00333 0 0 0 0
1.01 0 0 0 0
1.01667 0 0 0 0
1.02333 0 0 0 0
1.03 0 0 0 0
1.03667 0 0 0 0
1.04333 0 0 0 0
1.05 0 0 0 0
1.05667 0 0 0 0
1.06333 0 0 0 0
1.07 0 0 0 0
1.07667 0 0 0 0
1.08333 0 0 0 0
1.09 0 0 0 0
1.09667 0 0 0 0
1.10333 0 0 0 0
1.11 0 0 0 0
1.11667 0 0 0 0
1.12333 0 0 0 0
1.13 0 0 0 0
1.13667 0 0 0 0
1.14333 0 0 0 0
1.15 0 0 0 0
1.15667 0 0 0 0
1.16333 0 0 0 0
1.17 0 0 0 0
1.17667 0 0 0 0
1.18333 0 0 0 0
1.19 0 0 0 0
1.19667 0 0 0 0
1.20333 0 0 0 0
1.21 0 0 0 0
1.21667 0 0 0 0
1.22333 0 0 0 0
1.23 0 0 0 0
1.23667 0 0 0 0
1.24333 0 0 0 0
1.25 0 0 0 0
1.25667 0 0 0 0
1.26333 0 0 0 0
1.27 0 0 0 0
1.27667 0 0 0 0
1.28333 0 0 0 0
1.29 0 0 0 0
1.29667 0 0 0 0
1.30333 0 0 0 0
1.31 0 0 0 0
1.31667 0 0 0 0
1.32333 0 0 0 0
1.33 0 0 0 0
1.33667 0 0 0 0
1.34333 0 0 0 0
1.35 0 0 0 0
1.35667 0 0 0 0
1.36333 0 0 0 0
1.37 0 0 0 0
1.37667 0 0 0 0
1.38333 0 0 0 0
1.39 0 0 0 0
1.39667 0 0 0 0
1.40333 0 0 0 0
1.41 0 0 0 0
1.41667 0 0 0 0
1.42333 0 0 0 0
1.43 0 0 0 0
1.43667 0 0 0 0
1.44333 0 0 0 0
1.45 0 0 0 0
1.45667 0 0 0 0
1.46333 0 0 0 0
1.47 0 0 0 0
1.47667 0 0 0 0
1.48333 0 0 0 0
1.49 0 0 0 0
1.49667 0 0 0 0
1.50333 0 0 0 0
1.51 0 0 0 0
1.51667 0 0 0 0
1.52333 0 0 0 0
1.53 0 0 0 0
1.53667 0 0 0 0
1.54333 0 0 0 0
1.55 0 0 0 0
1.55667 0 0 0 0
1.56333 0 0 0 0
1.57 0 0 0 0
1.57667 0 0 0 0
1.58333 0 0 0 0
1.59 0 0 0 0
1.59667 0 0 0 0
1.60333 0 0 0 0
1.61 0 0 0 0
1.61667 0 0 0 0
1.62333 0 0 0 0
1.63 0 0 0 0
1.63667 0 0 0 0
1.64333 0 0 0 0
1.65 0 0 0 0
1.65667 0 0 0 0
1.66333 0 0 0 0
1.67 0 0 0 0
1.67667 0 0 0 0
1.68333 0 0 0 0
1.69 0 0 0 0
1.69667 0 0 0 0
1.70333 0 0 0 0
1.71 0 0 0 0
1.71667 0 0 0 0
1.72333 0 0 0 0
1.73 0 0 0 0
1.73667 0 0 0 0
1.74333 0 0 0 0
1.75 0 0 0 0
1.75667 0 0 0 0
1.76333 0 0 0 0
1.77 0 0 0 0
1.77667 0 0 0 0
1.78333 0 0 0 0
1.79 0 0 0 0
1.79667 0 0 0 0
1.80333 0 0 0 0
1.81 0 0 0 0
1.81667 0 0 0 0
1.82333 0 0 0 0
1.83 0 0 0 0
1.83667 0 0 0 0
1.84333 0 0 0 0
1.85 0 0 0 0
1.85667 0 0 0 0
1.86333 0 0 0 0
1.87 0 0 0 0
1.87667 0 0 0 0
1.88333 0 0 0 0
1.89 0 0 0 0
1.89667 0 0 0 0
1.90333 0 0 0 0
1.91 0 0 0 0
1.91667 0 0 0 0
1.92333 0 0 0 0
1.93 0 0 0 0
1.93667 0 0 0 0
1.94333 0 0 0 0
1.95 0 0 0 0
1.95667 0 0 0 0
1.96333 0 0 0 0
1.97 0 0 0 0
1.97667 0 0 0 0
1.98333 0 0 0 0
1.99 0 0 0 0
1.99667 0 0 0 0
