0.00333333 0 0 29 71
0.01 0 6 32 77
0.0166667 1 1 34 88
0.0233333 1 7 35 86
0.03 0 1 36 96
0.0366667 1 3 52 118
0.0433333 2 2 60 123
0.05 3 10 79 201
0.0566667 3 5 91 232
0.0633333 3 4 91 212
0.07 4 8 109 249
0.0766667 3 11 115 257
0.0833333 1 10 117 281
0.09 2 2 121 269
0.0966667 1 10 107 235
0.103333 2 7 101 245
0.11 2 11 107 272
0.116667 4 6 111 288
0.123333 3 11 99 262
0.13 3 5 99 264
0.136667 1 7 80 240
0.143333 3 5 92 236
0.15 1 5 93 207
0.156667 2 3 69 240
0.163333 2 8 96 204
0.17 1 4 92 193
0.176667 2 3 81 212
0.183333 1 13 75 238
0.19 3 4 79 230
0.196667 2 6 68 208
0.203333 1 2 78 215
0.21 1 5 73 204
0.216667 3 7 57 192
0.223333 2 3 69 191
0.23 1 7 68 162
0.236667 0 4 56 157
0.243333 3 6 52 169
0.25 1 5 44 151
0.256667 3 7 53 148
0.263333 0 3 44 140
0.27 2 4 64 144
0.276667 2 5 53 146
0.283333 1 2 45 134
0.29 0 9 44 140
0.296667 2 5 41 115
0.303333 0 4 40 108
0.31 1 2 37 128
0.316667 0 1 47 109
0.323333 1 6 53 107
0.33 1 6 47 107
0.336667 2 3 42 118
0.343333 2 3 23 114
0.35 0 1 50 93
0.356667 0 6 44 82
0.363333 0 2 40 95
0.37 0 1 43 80
0.376667 1 1 37 78
0.383333 3 3 36 74
0.39 0 3 33 86
0.396667 1 4 27 98
0.403333 3 5 33 80
0.41 0 3 28 66
0.416667 1 2 33 86
0.423333 0 3 39 71
0.43 1 6 44 81
0.436667 2 3 30 74
0.443333 0 1 17 81
0.45 0 4 38 79
0.456667 0 2 23 81
0.463333 1 1 23 75
0.47 0 8 36 83
0.476667 1 2 18 72
0.483333 0 3 23 54
0.49 0 1 16 48
0.496667 0 3 17 35
0.503333 0 2 21 43
0.51 0 3 24 42
0.516667 2 2 13 49
0.523333 1 2 19 56
0.53 0 2 13 29
0.536667 0 0 14 38
0.543333 1 0 26 42
0.55 1 2 14 46
0.556667 1 1 20 53
0.563333 0 1 15 31
0.57 0 2 22 35
0.576667 0 1 20 33
0.583333 1 1 18 38
0.59 0 1 13 44
0.596667 2 1 17 30
0.603333 0 4 16 39
0.61 0 2 18 35
0.616667 0 1 7 33
0.623333 0 1 19 32
0.63 0 0 16 37
0.636667 0 1 18 44
0.643333 0 1 11 34
0.65 1 3 10 43
0.656667 0 0 8 35
0.663333 9 41 597 2466
0.67 0 0 0 0
0.676667 0 0 0 0
0.683333 0 0 0 0
0.69 0 0 0 0
0.696667 0 0 0 0
0.703333 0 0 0 0
0.71 0 0 0 0
0.716667 0 0 0 0
0.723333 0 0 0 0
0.73 0 0 0 0
0.736667 0 0 0 0
0.743333 0 0 0 0
0.75 0 0 0 0
0.756667 0 0 0 0
0.763333 0 0 0 0
0.77 0 0 0 0
0.776667 0 0 0 0
0.783333 0 0 0 0
0.79 0 0 0 0
0.796667 0 0 0 0
0.803333 0 0 0 0
0.81 0 0 0 0
0.816667 0 0 0 0
0.823333 0 0 0 0
0.83 0 0 0 0
0.836667 0 0 0 0
0.843333 0 0 0 0
0.85 0 0 0 0
0.856667 0 0 0 0
0.863333 0 0 0 0
0.87 0 0 0 0
0.876667 0 0 0 0
0.883333 0 0 0 0
0.89 0 0 0 0
0.896667 0 0 0 0
0.903333 0 0 0 0
0.91 0 0 0 0
0.916667 0 0 0 0
0.923333 0 0 0 0
0.93 0 0 0 0
0.936667 0 0 0 0
0.943333 0 0 0 0
0.95 0 0 0 0
0.956667 0 0 0 0
0.963333 0 0 0 0
0.97 0 0 0 0
0.976667 0 0 0 0
0.983333 0 0 0 0
0.99 0 0 0 0
0.996667 0 0 0 0
1.00333 0 0 0 0
1.01 0 0 0 0
1.01667 0 0 0 0
1.02333 0 0 0 0
1.03 0 0 0 0
1.03667 0 0 0 0
1.04333 0 0 0 0
1.05 0 0 0 0
1.05667 0 0 0 0
1.06333 0 0 0 0
1.07 0 0 0 0
1.07667 0 0 0 0
1.08333 0 0 0 0
1.09 0 0 0 0
1.09667 0 0 0 0
1.10333 0 0 0 0
1.11 0 0 0 0
1.11667 0 0 0 0
1.12333 0 0 0 0
1.13 0 0 0 0
1.13667 0 0 0 0
1.14333 0 0 0 0
1.15 0 0 0 0
1.15667 0 0 0 0
1.16333 0 0 0 0
1.17 0 0 0 0
1.17667 0 0 0 0
1.18333 0 0 0 0
1.19 0 0 0 0
1.19667 0 0 0 0
1.20333 0 0 0 0
1.21 0 0 0 0
1.21667 0 0 0 0
1.22333 0 0 0 0
1.23 0 0 0 0
1.23667 0 0 0 0
1.24333 0 0 0 0
1.25 0 0 0 0
1.25667 0 0 0 0
1.26333 0 0 0 0
1.27 0 0 0 0
1.27667 0 0 0 0
1.28333 0 0 0 0
1.29 0 0 0 0
1.29667 0 0 0 0
1.30333 0 0 0 0
1.31 0 0 0 0
1.31667 0 0 0 0
1.32333 0 0 0 0
1.33 0 0 0 0
1.33667 0 0 0 0
1.34333 0 0 0 0
1.35 0 0 0 0
1.35667 0 0 0 0
1.36333 0 0 0 0
1.37 0 0 0 0
1.37667 0 0 0 0
1.38333 0 0 0 0
1.39 0 0 0 0
1.39667 0 0 0 0
1.40333 0 0 0 0
1.41 0 0 0 0
1.41667 0 0 0 0
1.42333 0 0 0 0
1.43 0 0 0 0
1.43667 0 0 0 0
1.44333 0 0 0 0
1.45 0 0 0 0
1.45667 0 0 0 0
1.46333 0 0 0 0
1.47 0 0 0 0
1.47667 0 0 0 0
1.48333 0 0 0 0
1.49 0 0 0 0
1.49667 0 0 0 0
1.50333 0 0 0 0
1.51 0 0 0 0
1.51667 0 0 0 0
1.52333 0 0 0 0
1.53 0 0 0 0
1.53667 0 0 0 0
1.54333 0 0 0 0
1.55 0 0 0 0
1.55667 0 0 0 0
1.56333 0 0 0 0
1.57 0 0 0 0
1.57667 0 0 0 0
1.58333 0 0 0 0
1.59 0 0 0 0
1.59667 0 0 0 0
1.60333 0 0 0 0
1.61 0 0 0 0
1.61667 0 0 0 0
1.62333 0 0 0 0
1.63 0 0 0 0
1.63667 0 0 0 0
1.64333 0 0 0 0
1.65 0 0 0 0
1.65667 0 0 0 0
1.66333 0 0 0 0
1.67 0 0 0 0
1.67667 0 0 0 0
1.68333 0 0 0 0
1.69 0 0 0 0
1.69667 0 0 0 0
1.70333 0 0 0 0
1.71 0 0 0 0
1.71667 0 0 0 0
1.72333 0 0 0 0
1.73 0 0 0 0
1.73667 0 0 0 0
1.74333 0 0 0 0
1.75 0 0 0 0
1.75667 0 0 0 0
1.76333 0 0 0 0
1.77 0 0 0 0
1.77667 0 0 0 0
1.78333 0 0 0 0
1.79 0 0 0 0
1.79667 0 0 0 0
1.80333 0 0 0 0
1.81 0 0 0 0
1.81667 0 0 0 0
1.82333 0 0 0 0
1.83 0 0 0 0
1.83667 0 0 0 0
1.84333 0 0 0 0
1.85 0 0 0 0
1.85667 0 0 0 0
1.86333 0 0 0 0
1.87 0 0 0 0
1.87667 0 0 0 0
1.88333 0 0 0 0
1.89 0 0 0 0
1.89667 0 0 0 0
1.90333 0 0 0 0
1.91 0 0 0 0
1.91667 0 0 0 0
1.92333 0 0 0 0
1.93 0 0 0 0
1.93667 0 0 0 0
1.94333 0 0 0 0
1.95 0 0 0 0
1.95667 0 0 0 0
1.96333 0 0 0 0
1.97 0 0 0 0
1.97667 0 0 0 0
1.98333 0 0 0 0
1.99 0 0 0 0
1.99667 0 0 0 0
