0.00333333 0 0 47 6
0.01 0 2 41 23
0.0166667 0 0 49 23
0.0233333 0 0 53 22
0.03 1 0 50 29
0.0366667 0 2 57 36
0.0433333 1 1 62 39
0.05 0 6 76 63
0.0566667 0 3 91 70
0.0633333 1 7 96 72
0.07 0 3 93 77
0.0766667 0 5 93 70
0.0833333 4 5 109 68
0.09 0 3 106 79
0.0966667 0 2 115 81
0.103333 0 4 106 64
0.11 1 5 106 63
0.116667 0 3 128 69
0.123333 0 3 122 67
0.13 1 1 104 68
0.136667 1 2 108 57
0.143333 1 3 112 58
0.15 1 3 102 53
0.156667 1 2 125 69
0.163333 0 2 117 44
0.17 1 3 87 53
0.176667 2 2 102 43
0.183333 1 3 151 55
0.19 0 4 155 42
0.196667 0 3 132 50
0.203333 0 2 144 37
0.21 0 1 110 48
0.216667 0 1 102 44
0.223333 0 3 111 44
0.23 0 3 101 40
0.236667 1 1 92 39
0.243333 0 4 92 40
0.25 0 0 100 46
0.256667 0 6 87 36
0.263333 1 2 88 33
0.27 1 1 68 57
0.276667 0 6 78 44
0.283333 0 2 75 39
0.29 1 4 67 34
0.296667 0 3 56 32
0.303333 2 2 66 26
0.31 0 2 69 39
0.316667 0 1 59 34
0.323333 0 1 61 36
0.33 0 3 59 31
0.336667 1 2 80 35
0.343333 1 4 65 25
0.35 0 2 57 24
0.356667 0 1 66 20
0.363333 0 1 61 27
0.37 0 2 64 25
0.376667 0 0 62 26
0.383333 0 1 61 30
0.39 0 3 50 32
0.396667 0 5 48 32
0.403333 0 0 65 22
0.41 1 0 49 26
0.416667 0 1 47 31
0.423333 1 3 52 28
0.43 1 4 47 20
0.436667 0 2 58 23
0.443333 0 1 50 21
0.45 0 1 59 18
0.456667 0 2 56 16
0.463333 2 1 53 20
0.47 0 2 48 23
0.476667 0 0 54 23
0.483333 0 0 28 28
0.49 0 0 30 17
0.496667 1 2 38 23
0.503333 0 0 28 12
0.51 0 2 20 13
0.516667 0 1 20 19
0.523333 1 0 24 11
0.53 0 2 16 11
0.536667 0 2 18 11
0.543333 0 0 13 11
0.55 0 0 23 10
0.556667 0 4 20 15
0.563333 0 1 14 10
0.57 0 1 22 14
0.576667 1 1 17 9
0.583333 2 0 17 13
0.59 1 1 19 13
0.596667 1 2 12 13
0.603333 0 0 10 11
0.61 0 2 14 17
0.616667 0 3 23 9
0.623333 0 0 12 8
0.63 0 1 13 12
0.636667 0 0 18 23
0.643333 0 3 16 10
0.65 0 3 13 14
0.656667 0 2 7 11
0.663333 1 34 2323 445
0.67 0 0 0 0
0.676667 0 0 0 0
0.683333 0 0 0 0
0.69 0 0 0 0
0.696667 0 0 0 0
0.703333 0 0 0 0
0.71 0 0 0 0
0.716667 0 0 0 0
0.723333 0 0 0 0
0.73 0 0 0 0
0.736667 0 0 0 0
0.743333 0 0 0 0
0.75 0 0 0 0
0.756667 0 0 0 0
0.763333 0 0 0 0
0.77 0 0 0 0
0.776667 0 0 0 0
0.783333 0 0 0 0
0.79 0 0 0 0
0.796667 0 0 0 0
0.803333 0 0 0 0
0.81 0 0 0 0
0.816667 0 0 0 0
0.823333 0 0 0 0
0.83 0 0 0 0
0.836667 0 0 0 0
0.843333 0 0 0 0
0.85 0 0 0 0
0.856667 0 0 0 0
0.863333 0 0 0 0
0.87 0 0 0 0
0.876667 0 0 0 0
0.883333 0 0 0 0
0.89 0 0 0 0
0.896667 0 0 0 0
0.903333 0 0 0 0
0.91 0 0 0 0
0.916667 0 0 0 0
0.923333 0 0 0 0
0.93 0 0 0 0
0.936667 0 0 0 0
0.943333 0 0 0 0
0.95 0 0 0 0
0.956667 0 0 0 0
0.963333 0 0 0 0
0.97 0 0 0 0
0.976667 0 0 0 0
0.983333 0 0 0 0
0.99 0 0 0 0
0.996667 0 0 0 0
1.00333 0 0 0 0
1.01 0 0 0 0
1.01667 0 0 0 0
1.02333 0 0 0 0
1.03 0 0 0 0
1.03667 0 0 0 0
1.04333 0 0 0 0
1.05 0 0 0 0
1.05667 0 0 0 0
1.06333 0 0 0 0
1.07 0 0 0 0
1.07667 0 0 0 0
1.08333 0 0 0 0
1.09 0 0 0 0
1.09667 0 0 0 0
1.10333 0 0 0 0
1.11 0 0 0 0
1.11667 0 0 0 0
1.12333 0 0 0 0
1.13 0 0 0 0
1.13667 0 0 0 0
1.14333 0 0 0 0
1.15 0 0 0 0
1.15667 0 0 0 0
1.16333 0 0 0 0
1.17 0 0 0 0
1.17667 0 0 0 0
1.18333 0 0 0 0
1.19 0 0 0 0
1.19667 0 0 0 0
1.20333 0 0 0 0
1.21 0 0 0 0
1.21667 0 0 0 0
1.22333 0 0 0 0
1.23 0 0 0 0
1.23667 0 0 0 0
1.24333 0 0 0 0
1.25 0 0 0 0
1.25667 0 0 0 0
1.26333 0 0 0 0
1.27 0 0 0 0
1.27667 0 0 0 0
1.28333 0 0 0 0
1.29 0 0 0 0
1.29667 0 0 0 0
1.30333 0 0 0 0
1.31 0 0 0 0
1.31667 0 0 0 0
1.32333 0 0 0 0
1.33 0 0 0 0
1.33667 0 0 0 0
1.34333 0 0 0 0
1.35 0 0 0 0
1.35667 0 0 0 0
1.36333 0 0 0 0
1.37 0 0 0 0
1.37667 0 0 0 0
1.38333 0 0 0 0
1.39 0 0 0 0
1.39667 0 0 0 0
1.40333 0 0 0 0
1.41 0 0 0 0
1.41667 0 0 0 0
1.42333 0 0 0 0
1.43 0 0 0 0
1.43667 0 0 0 0
1.44333 0 0 0 0
1.45 0 0 0 0
1.45667 0 0 0 0
1.46333 0 0 0 0
1.47 0 0 0 0
1.47667 0 0 0 0
1.48333 0 0 0 0
1.49 0 0 0 0
1.49667 0 0 0 0
1.50333 0 0 0 0
1.51 0 0 0 0
1.51667 0 0 0 0
1.52333 0 0 0 0
1.53 0 0 0 0
1.53667 0 0 0 0
1.54333 0 0 0 0
1.55 0 0 0 0
1.55667 0 0 0 0
1.56333 0 0 0 0
1.57 0 0 0 0
1.57667 0 0 0 0
1.58333 0 0 0 0
1.59 0 0 0 0
1.59667 0 0 0 0
1.60333 0 0 0 0
1.61 0 0 0 0
1.61667 0 0 0 0
1.62333 0 0 0 0
1.63 0 0 0 0
1.63667 0 0 0 0
1.64333 0 0 0 0
1.65 0 0 0 0
1.65667 0 0 0 0
1.66333 0 0 0 0
1.67 0 0 0 0
1.67667 0 0 0 0
1.68333 0 0 0 0
1.69 0 0 0 0
1.69667 0 0 0 0
1.70333 0 0 0 0
1.71 0 0 0 0
1.71667 0 0 0 0
1.72333 0 0 0 0
1.73 0 0 0 0
1.73667 0 0 0 0
1.74333 0 0 0 0
1.75 0 0 0 0
1.75667 0 0 0 0
1.76333 0 0 0 0
1.77 0 0 0 0
1.77667 0 0 0 0
1.78333 0 0 0 0
1.79 0 0 0 0
1.79667 0 0 0 0
1.80333 0 0 0 0
1.81 0 0 0 0
1.81667 0 0 0 0
1.82333 0 0 0 0
1.83 0 0 0 0
1.83667 0 0 0 0
1.84333 0 0 0 0
1.85 0 0 0 0
1.85667 0 0 0 0
1.86333 0 0 0 0
1.87 0 0 0 0
1.87667 0 0 0 0
1.88333 0 0 0 0
1.89 0 0 0 0
1.89667 0 0 0 0
1.90333 0 0 0 0
1.91 0 0 0 0
1.91667 0 0 0 0
1.92333 0 0 0 0
1.93 0 0 0 0
1.93667 0 0 0 0
1.94333 0 0 0 0
1.95 0 0 0 0
1.95667 0 0 0 0
1.96333 0 0 0 0
1.97 0 0 0 0
1.97667 0 0 0 0
1.98333 0 0 0 0
1.99 0 0 0 0
1.99667 0 0 0 0
