0.00333333 12 20 13 6
0.01 8 24 26 2
0.0166667 15 21 22 9
0.0233333 11 32 21 10
0.03 10 35 31 11
0.0366667 15 39 32 11
0.0433333 18 52 41 14
0.05 29 59 60 13
0.0566667 27 77 71 16
0.0633333 31 98 86 17
0.07 26 82 75 24
0.0766667 37 96 64 17
0.0833333 29 99 60 23
0.09 27 95 75 27
0.0966667 31 91 65 21
0.103333 33 96 78 22
0.11 27 77 59 19
0.116667 26 94 71 17
0.123333 43 108 79 20
0.13 36 71 60 26
0.136667 28 67 57 21
0.143333 26 76 58 23
0.15 16 66 43 16
0.156667 37 65 46 11
0.163333 30 66 56 28
0.17 20 45 45 21
0.176667 28 58 59 8
0.183333 34 65 47 21
0.19 27 55 51 23
0.196667 24 61 48 12
0.203333 30 48 44 19
0.21 24 57 29 19
0.216667 26 51 44 24
0.223333 28 54 32 13
0.23 23 54 36 12
0.236667 15 41 52 17
0.243333 24 43 24 11
0.25 15 40 38 8
0.256667 25 41 37 14
0.263333 18 34 40 14
0.27 15 46 37 12
0.276667 16 32 35 11
0.283333 21 38 27 13
0.29 23 26 33 14
0.296667 14 30 30 9
0.303333 13 25 28 13
0.31 15 37 22 9
0.316667 16 29 24 8
0.323333 12 37 23 10
0.33 10 27 14 8
0.336667 7 42 34 17
0.343333 15 35 22 14
0.35 9 28 32 13
0.356667 12 32 19 8
0.363333 15 29 19 9
0.37 8 28 19 5
0.376667 12 19 25 14
0.383333 10 11 15 8
0.39 17 24 14 3
0.396667 15 20 22 6
0.403333 13 24 21 10
0.41 11 22 22 9
0.416667 6 26 16 3
0.423333 16 22 17 4
0.43 11 17 18 5
0.436667 13 16 12 11
0.443333 14 22 17 5
0.45 12 19 17 11
0.456667 16 20 22 15
0.463333 10 19 22 10
0.47 11 22 17 9
0.476667 12 16 11 10
0.483333 14 12 13 8
0.49 7 11 15 8
0.496667 11 13 16 6
0.503333 8 12 16 3
0.51 3 9 15 7
0.516667 14 10 12 5
0.523333 5 13 8 5
0.53 8 13 15 4
0.536667 5 16 15 8
0.543333 12 13 19 6
0.55 5 14 11 4
0.556667 8 10 11 4
0.563333 5 21 8 6
0.57 7 17 7 10
0.576667 5 18 8 6
0.583333 7 16 8 2
0.59 3 19 10 4
0.596667 8 9 17 1
0.603333 14 11 15 8
0.61 5 16 10 10
0.616667 7 10 12 2
0.623333 11 12 12 2
0.63 5 13 12 1
0.636667 7 9 13 6
0.643333 7 10 10 6
0.65 5 9 11 4
0.656667 5 9 8 7
0.663333 249 364 343 160
0.67 0 0 0 0
0.676667 0 0 0 0
0.683333 0 0 0 0
0.69 0 0 0 0
0.696667 0 0 0 0
0.703333 0 0 0 0
0.71 0 0 0 0
0.716667 0 0 0 0
0.723333 0 0 0 0
0.73 0 0 0 0
0.736667 0 0 0 0
0.743333 0 0 0 0
0.75 0 0 0 0
0.756667 0 0 0 0
0.763333 0 0 0 0
0.77 0 0 0 0
0.776667 0 0 0 0
0.783333 0 0 0 0
0.79 0 0 0 0
0.796667 0 0 0 0
0.803333 0 0 0 0
0.81 0 0 0 0
0.816667 0 0 0 0
0.823333 0 0 0 0
0.83 0 0 0 0
0.836667 0 0 0 0
0.843333 0 0 0 0
0.85 0 0 0 0
0.856667 0 0 0 0
0.863333 0 0 0 0
0.87 0 0 0 0
0.876667 0 0 0 0
0.883333 0 0 0 0
0.89 0 0 0 0
0.896667 0 0 0 0
0.903333 0 0 0 0
0.91 0 0 0 0
0.916667 0 0 0 0
0.923333 0 0 0 0
0.93 0 0 0 0
0.936667 0 0 0 0
0.943333 0 0 0 0
0.95 0 0 0 0
0.956667 0 0 0 0
0.963333 0 0 0 0
0.97 0 0 0 0
0.976667 0 0 0 0
0.983333 0 0 0 0
0.99 0 0 0 0
0.996667 0 0 0 0
1.00333 0 0 0 0
1.01 0 0 0 0
1.01667 0 0 0 0
1.02333 0 0 0 0
1.03 0 0 0 0
1.03667 0 0 0 0
1.04333 0 0 0 0
1.05 0 0 0 0
1.05667 0 0 0 0
1.06333 0 0 0 0
1.07 0 0 0 0
1.07667 0 0 0 0
1.08333 0 0 0 0
1.09 0 0 0 0
1.09667 0 0 0 0
1.10333 0 0 0 0
1.11 0 0 0 0
1.11667 0 0 0 0
1.12333 0 0 0 0
1.13 0 0 0 0
1.13667 0 0 0 0
1.14333 0 0 0 0
1.15 0 0 0 0
1.15667 0 0 0 0
1.16333 0 0 0 0
1.17 0 0 0 0
1.17667 0 0 0 0
1.18333 0 0 0 0
1.19 0 0 0 0
1.19667 0 0 0 0
1.20333 0 0 0 0
1.21 0 0 0 0
1.21667 0 0 0 0
1.22333 0 0 0 0
1.23 0 0 0 0
1.23667 0 0 0 0
1.24333 0 0 0 0
1.25 0 0 0 0
1.25667 0 0 0 0
1.26333 0 0 0 0
1.27 0 0 0 0
1.27667 0 0 0 0
1.28333 0 0 0 0
1.29 0 0 0 0
1.29667 0 0 0 0
1.30333 0 0 0 0
1.31 0 0 0 0
1.31667 0 0 0 0
1.32333 0 0 0 0
1.33 0 0 0 0
1.33667 0 0 0 0
1.34333 0 0 0 0
1.35 0 0 0 0
1.35667 0 0 0 0
1.36333 0 0 0 0
1.37 0 0 0 0
1.37667 0 0 0 0
1.38333 0 0 0 0
1.39 0 0 0 0
1.39667 0 0 0 0
1.40333 0 0 0 0
1.41 0 0 0 0
1.41667 0 0 0 0
1.42333 0 0 0 0
1.43 0 0 0 0
1.43667 0 0 0 0
1.44333 0 0 0 0
1.45 0 0 0 0
1.45667 0 0 0 0
1.46333 0 0 0 0
1.47 0 0 0 0
1.47667 0 0 0 0
1.48333 0 0 0 0
1.49 0 0 0 0
1.49667 0 0 0 0
1.50333 0 0 0 0
1.51 0 0 0 0
1.51667 0 0 0 0
1.52333 0 0 0 0
1.53 0 0 0 0
1.53667 0 0 0 0
1.54333 0 0 0 0
1.55 0 0 0 0
1.55667 0 0 0 0
1.56333 0 0 0 0
1.57 0 0 0 0
1.57667 0 0 0 0
1.58333 0 0 0 0
1.59 0 0 0 0
1.59667 0 0 0 0
1.60333 0 0 0 0
1.61 0 0 0 0
1.61667 0 0 0 0
1.62333 0 0 0 0
1.63 0 0 0 0
1.63667 0 0 0 0
1.64333 0 0 0 0
1.65 0 0 0 0
1.65667 0 0 0 0
1.66333 0 0 0 0
1.67 0 0 0 0
1.67667 0 0 0 0
1.68333 0 0 0 0
1.69 0 0 0 0
1.69667 0 0 0 0
1.70333 0 0 0 0
1.71 0 0 0 0
1.71667 0 0 0 0
1.72333 0 0 0 0
1.73 0 0 0 0
1.73667 0 0 0 0
1.74333 0 0 0 0
1.75 0 0 0 0
1.75667 0 0 0 0
1.76333 0 0 0 0
1.77 0 0 0 0
1.77667 0 0 0 0
1.78333 0 0 0 0
1.79 0 0 0 0
1.79667 0 0 0 0
1.80333 0 0 0 0
1.81 0 0 0 0
1.81667 0 0 0 0
1.82333 0 0 0 0
1.83 0 0 0 0
1.83667 0 0 0 0
1.84333 0 0 0 0
1.85 0 0 0 0
1.85667 0 0 0 0
1.86333 0 0 0 0
1.87 0 0 0 0
1.87667 0 0 0 0
1.88333 0 0 0 0
1.89 0 0 0 0
1.89667 0 0 0 0
1.90333 0 0 0 0
1.91 0 0 0 0
1.91667 0 0 0 0
1.92333 0 0 0 0
1.93 0 0 0 0
1.93667 0 0 0 0
1.94333 0 0 0 0
1.95 0 0 0 0
1.95667 0 0 0 0
1.96333 0 0 0 0
1.97 0 0 0 0
1.97667 0 0 0 0
1.98333 0 0 0 0
1.99 0 0 0 0
1.99667 0 0 0 0
