0.00333333 5 23 22 9
0.01 4 21 24 14
0.0166667 10 13 31 10
0.0233333 11 22 31 17
0.03 13 25 46 16
0.0366667 9 40 43 23
0.0433333 10 45 65 25
0.05 13 61 76 32
0.0566667 23 63 104 41
0.0633333 21 79 107 44
0.07 20 95 117 45
0.0766667 17 76 107 43
0.0833333 30 62 101 53
0.09 26 55 119 45
0.0966667 21 70 107 49
0.103333 30 86 89 62
0.11 26 67 125 41
0.116667 29 66 112 48
0.123333 27 56 105 34
0.13 28 67 95 35
0.136667 24 41 90 47
0.143333 27 52 77 28
0.15 22 59 86 42
0.156667 15 59 87 34
0.163333 17 43 95 46
0.17 20 38 70 33
0.176667 16 64 69 31
0.183333 25 51 58 39
0.19 29 48 66 48
0.196667 26 49 56 33
0.203333 21 63 64 36
0.21 16 66 50 40
0.216667 17 51 56 40
0.223333 24 42 59 25
0.23 11 45 75 30
0.236667 17 43 52 33
0.243333 21 41 52 25
0.25 11 39 49 23
0.256667 8 33 47 21
0.263333 15 35 45 26
0.27 8 30 58 20
0.276667 14 40 45 18
0.283333 10 23 35 20
0.29 11 30 47 21
0.296667 8 23 43 22
0.303333 13 38 38 20
0.31 9 31 35 20
0.316667 8 30 40 21
0.323333 14 27 38 24
0.33 10 26 37 15
0.336667 9 27 31 25
0.343333 10 18 41 10
0.35 11 16 37 21
0.356667 10 36 37 16
0.363333 9 31 22 11
0.37 11 17 38 19
0.376667 7 24 34 16
0.383333 10 20 30 13
0.39 9 20 27 18
0.396667 12 16 40 21
0.403333 3 24 29 19
0.41 4 20 25 13
0.416667 12 17 30 9
0.423333 5 20 19 11
0.43 9 29 28 17
0.436667 9 21 40 16
0.443333 6 21 26 14
0.45 10 25 35 16
0.456667 12 10 23 22
0.463333 8 21 25 9
0.47 8 17 24 18
0.476667 6 25 27 16
0.483333 11 20 25 11
0.49 4 25 22 12
0.496667 6 15 24 12
0.503333 6 11 14 10
0.51 5 13 15 10
0.516667 4 16 17 7
0.523333 8 12 24 14
0.53 2 11 21 5
0.536667 4 9 12 11
0.543333 7 13 13 10
0.55 7 18 16 9
0.556667 5 10 10 7
0.563333 8 9 14 8
0.57 8 17 11 15
0.576667 11 13 5 8
0.583333 4 12 17 11
0.59 2 20 8 9
0.596667 9 9 15 3
0.603333 7 14 16 6
0.61 5 11 13 11
0.616667 6 9 11 5
0.623333 3 8 18 9
0.63 2 8 14 6
0.636667 2 11 15 8
0.643333 2 7 14 11
0.65 3 7 11 5
0.656667 2 8 6 8
0.663333 186 390 507 374
0.67 0 0 0 0
0.676667 0 0 0 0
0.683333 0 0 0 0
0.69 0 0 0 0
0.696667 0 0 0 0
0.703333 0 0 0 0
0.71 0 0 0 0
0.716667 0 0 0 0
0.723333 0 0 0 0
0.73 0 0 0 0
0.736667 0 0 0 0
0.743333 0 0 0 0
0.75 0 0 0 0
0.756667 0 0 0 0
0.763333 0 0 0 0
0.77 0 0 0 0
0.776667 0 0 0 0
0.783333 0 0 0 0
0.79 0 0 0 0
0.796667 0 0 0 0
0.803333 0 0 0 0
0.81 0 0 0 0
0.816667 0 0 0 0
0.823333 0 0 0 0
0.83 0 0 0 0
0.836667 0 0 0 0
0.843333 0 0 0 0
0.85 0 0 0 0
0.856667 0 0 0 0
0.863333 0 0 0 0
0.87 0 0 0 0
0.876667 0 0 0 0
0.883333 0 0 0 0
0.89 0 0 0 0
0.896667 0 0 0 0
0.903333 0 0 0 0
0.91 0 0 0 0
0.916667 0 0 0 0
0.923333 0 0 0 0
0.93 0 0 0 0
0.936667 0 0 0 0
0.943333 0 0 0 0
0.95 0 0 0 0
0.956667 0 0 0 0
0.963333 0 0 0 0
0.97 0 0 0 0
0.976667 0 0 0 0
0.983333 0 0 0 0
0.99 0 0 0 0
0.996667 0 0 0 0
1.00333 0 0 0 0
1.01 0 0 0 0
1.01667 0 0 0 0
1.02333 0 0 0 0
1.03 0 0 0 0
1.03667 0 0 0 0
1.04333 0 0 0 0
1.05 0 0 0 0
1.05667 0 0 0 0
1.06333 0 0 0 0
1.07 0 0 0 0
1.07667 0 0 0 0
1.08333 0 0 0 0
1.09 0 0 0 0
1.09667 0 0 0 0
1.10333 0 0 0 0
1.11 0 0 0 0
1.11667 0 0 0 0
1.12333 0 0 0 0
1.13 0 0 0 0
1.13667 0 0 0 0
1.14333 0 0 0 0
1.15 0 0 0 0
1.15667 0 0 0 0
1.16333 0 0 0 0
1.17 0 0 0 0
1.17667 0 0 0 0
1.18333 0 0 0 0
1.19 0 0 0 0
1.19667 0 0 0 0
1.20333 0 0 0 0
1.21 0 0 0 0
1.21667 0 0 0 0
1.22333 0 0 0 0
1.23 0 0 0 0
1.23667 0 0 0 0
1.24333 0 0 0 0
1.25 0 0 0 0
1.25667 0 0 0 0
1.26333 0 0 0 0
1.27 0 0 0 0
1.27667 0 0 0 0
1.28333 0 0 0 0
1.29 0 0 0 0
1.29667 0 0 0 0
1.30333 0 0 0 0
1.31 0 0 0 0
1.31667 0 0 0 0
1.32333 0 0 0 0
1.33 0 0 0 0
1.33667 0 0 0 0
1.34333 0 0 0 0
1.35 0 0 0 0
1.35667 0 0 0 0
1.36333 0 0 0 0
1.37 0 0 0 0
1.37667 0 0 0 0
1.38333 0 0 0 0
1.39 0 0 0 0
1.39667 0 0 0 0
1.40333 0 0 0 0
1.41 0 0 0 0
1.41667 0 0 0 0
1.42333 0 0 0 0
1.43 0 0 0 0
1.43667 0 0 0 0
1.44333 0 0 0 0
1.45 0 0 0 0
1.45667 0 0 0 0
1.46333 0 0 0 0
1.47 0 0 0 0
1.47667 0 0 0 0
1.48333 0 0 0 0
1.49 0 0 0 0
1.49667 0 0 0 0
1.50333 0 0 0 0
1.51 0 0 0 0
1.51667 0 0 0 0
1.52333 0 0 0 0
1.53 0 0 0 0
1.53667 0 0 0 0
1.54333 0 0 0 0
1.55 0 0 0 0
1.55667 0 0 0 0
1.56333 0 0 0 0
1.57 0 0 0 0
1.57667 0 0 0 0
1.58333 0 0 0 0
1.59 0 0 0 0
1.59667 0 0 0 0
1.60333 0 0 0 0
1.61 0 0 0 0
1.61667 0 0 0 0
1.62333 0 0 0 0
1.63 0 0 0 0
1.63667 0 0 0 0
1.64333 0 0 0 0
1.65 0 0 0 0
1.65667 0 0 0 0
1.66333 0 0 0 0
1.67 0 0 0 0
1.67667 0 0 0 0
1.68333 0 0 0 0
1.69 0 0 0 0
1.69667 0 0 0 0
1.70333 0 0 0 0
1.71 0 0 0 0
1.71667 0 0 0 0
1.72333 0 0 0 0
1.73 0 0 0 0
1.73667 0 0 0 0
1.74333 0 0 0 0
1.75 0 0 0 0
1.75667 0 0 0 0
1.76333 0 0 0 0
1.77 0 0 0 0
1.77667 0 0 0 0
1.78333 0 0 0 0
1.79 0 0 0 0
1.79667 0 0 0 0
1.80333 0 0 0 0
1.81 0 0 0 0
1.81667 0 0 0 0
1.82333 0 0 0 0
1.83 0 0 0 0
1.83667 0 0 0 0
1.84333 0 0 0 0
1.85 0 0 0 0
1.85667 0 0 0 0
1.86333 0 0 0 0
1.87 0 0 0 0
1.87667 0 0 0 0
1.88333 0 0 0 0
1.89 0 0 0 0
1.89667 0 0 0 0
1.90333 0 0 0 0
1.91 0 0 0 0
1.91667 0 0 0 0
1.92333 0 0 0 0
1.93 0 0 0 0
1.93667 0 0 0 0
1.94333 0 0 0 0
1.95 0 0 0 0
1.95667 0 0 0 0
1.96333 0 0 0 0
1.97 0 0 0 0
1.97667 0 0 0 0
1.98333 0 0 0 0
1.99 0 0 0 0
1.99667 0 0 0 0
