0.00333333 75 29 2 4
0.01 107 35 2 3
0.0166667 113 41 3 4
0.0233333 83 38 1 3
0.03 118 42 2 2
0.0366667 92 62 4 2
0.0433333 135 59 6 4
0.05 167 101 4 1
0.0566667 186 113 5 4
0.0633333 213 109 7 6
0.07 231 132 12 3
0.0766667 226 118 11 2
0.0833333 257 121 5 6
0.09 244 146 7 4
0.0966667 257 118 10 7
0.103333 239 118 8 7
0.11 239 135 6 3
0.116667 304 127 13 5
0.123333 242 117 4 6
0.13 250 118 11 8
0.136667 276 102 8 3
0.143333 285 102 6 5
0.15 251 88 8 2
0.156667 269 107 6 1
0.163333 238 91 7 4
0.17 264 93 9 7
0.176667 267 75 2 3
0.183333 282 96 4 4
0.19 286 89 2 8
0.196667 284 78 6 7
0.203333 261 95 7 8
0.21 228 79 4 5
0.216667 270 66 7 3
0.223333 240 79 7 8
0.23 221 79 2 7
0.236667 200 85 1 8
0.243333 203 65 5 9
0.25 177 92 5 4
0.256667 166 64 1 5
0.263333 178 54 5 3
0.27 161 57 2 5
0.276667 168 62 2 5
0.283333 153 43 5 6
0.29 144 63 2 1
0.296667 161 55 3 3
0.303333 148 43 1 2
0.31 148 53 1 5
0.316667 112 55 3 4
0.323333 143 52 2 5
0.33 137 38 3 4
0.336667 125 47 1 4
0.343333 113 35 1 2
0.35 104 48 2 3
0.356667 98 38 5 4
0.363333 123 32 0 2
0.37 91 34 3 4
0.376667 121 39 2 1
0.383333 103 36 5 3
0.39 101 43 5 4
0.396667 71 40 2 0
0.403333 89 40 6 4
0.41 104 49 2 2
0.416667 96 37 2 3
0.423333 95 33 3 3
0.43 101 32 5 1
0.436667 99 30 3 0
0.443333 86 30 1 4
0.45 90 31 2 3
0.456667 96 28 2 0
0.463333 88 19 2 1
0.47 99 32 1 4
0.476667 91 35 2 4
0.483333 65 27 5 1
0.49 50 22 3 3
0.496667 45 22 2 1
0.503333 44 26 2 3
0.51 48 20 1 4
0.516667 51 17 2 4
0.523333 49 27 3 3
0.53 49 24 0 3
0.536667 45 23 1 3
0.543333 46 18 1 1
0.55 31 26 1 0
0.556667 37 21 2 7
0.563333 38 17 2 1
0.57 37 16 2 1
0.576667 31 18 1 0
0.583333 34 20 1 2
0.59 29 11 1 2
0.596667 38 11 3 0
0.603333 34 14 1 3
0.61 29 16 4 2
0.616667 43 12 3 1
0.623333 54 12 2 0
0.63 33 11 1 1
0.636667 38 13 2 3
0.643333 35 13 2 2
0.65 30 22 0 0
0.656667 31 17 6 1
0.663333 3914 718 34 85
0.67 0 0 0 0
0.676667 0 0 0 0
0.683333 0 0 0 0
0.69 0 0 0 0
0.696667 0 0 0 0
0.703333 0 0 0 0
0.71 0 0 0 0
0.716667 0 0 0 0
0.723333 0 0 0 0
0.73 0 0 0 0
0.736667 0 0 0 0
0.743333 0 0 0 0
0.75 0 0 0 0
0.756667 0 0 0 0
0.763333 0 0 0 0
0.77 0 0 0 0
0.776667 0 0 0 0
0.783333 0 0 0 0
0.79 0 0 0 0
0.796667 0 0 0 0
0.803333 0 0 0 0
0.81 0 0 0 0
0.816667 0 0 0 0
0.823333 0 0 0 0
0.83 0 0 0 0
0.836667 0 0 0 0
0.843333 0 0 0 0
0.85 0 0 0 0
0.856667 0 0 0 0
0.863333 0 0 0 0
0.87 0 0 0 0
0.876667 0 0 0 0
0.883333 0 0 0 0
0.89 0 0 0 0
0.896667 0 0 0 0
0.903333 0 0 0 0
0.91 0 0 0 0
0.916667 0 0 0 0
0.923333 0 0 0 0
0.93 0 0 0 0
0.936667 0 0 0 0
0.943333 0 0 0 0
0.95 0 0 0 0
0.956667 0 0 0 0
0.963333 0 0 0 0
0.97 0 0 0 0
0.976667 0 0 0 0
0.983333 0 0 0 0
0.99 0 0 0 0
0.996667 0 0 0 0
1.00333 0 0 0 0
1.01 0 0 0 0
1.01667 0 0 0 0
1.02333 0 0 0 0
1.03 0 0 0 0
1.03667 0 0 0 0
1.04333 0 0 0 0
1.05 0 0 0 0
1.05667 0 0 0 0
1.06333 0 0 0 0
1.07 0 0 0 0
1.07667 0 0 0 0
1.08333 0 0 0 0
1.09 0 0 0 0
1.09667 0 0 0 0
1.10333 0 0 0 0
1.11 0 0 0 0
1.11667 0 0 0 0
1.12333 0 0 0 0
1.13 0 0 0 0
1.13667 0 0 0 0
1.14333 0 0 0 0
1.15 0 0 0 0
1.15667 0 0 0 0
1.16333 0 0 0 0
1.17 0 0 0 0
1.17667 0 0 0 0
1.18333 0 0 0 0
1.19 0 0 0 0
1.19667 0 0 0 0
1.20333 0 0 0 0
1.21 0 0 0 0
1.21667 0 0 0 0
1.22333 0 0 0 0
1.23 0 0 0 0
1.23667 0 0 0 0
1.24333 0 0 0 0
1.25 0 0 0 0
1.25667 0 0 0 0
1.26333 0 0 0 0
1.27 0 0 0 0
1.27667 0 0 0 0
1.28333 0 0 0 0
1.29 0 0 0 0
1.29667 0 0 0 0
1.30333 0 0 0 0
1.31 0 0 0 0
1.31667 0 0 0 0
1.32333 0 0 0 0
1.33 0 0 0 0
1.33667 0 0 0 0
1.34333 0 0 0 0
1.35 0 0 0 0
1.35667 0 0 0 0
1.36333 0 0 0 0
1.37 0 0 0 0
1.37667 0 0 0 0
1.38333 0 0 0 0
1.39 0 0 0 0
1.39667 0 0 0 0
1.40333 0 0 0 0
1.41 0 0 0 0
1.41667 0 0 0 0
1.42333 0 0 0 0
1.43 0 0 0 0
1.43667 0 0 0 0
1.44333 0 0 0 0
1.45 0 0 0 0
1.45667 0 0 0 0
1.46333 0 0 0 0
1.47 0 0 0 0
1.47667 0 0 0 0
1.48333 0 0 0 0
1.49 0 0 0 0
1.49667 0 0 0 0
1.50333 0 0 0 0
1.51 0 0 0 0
1.51667 0 0 0 0
1.52333 0 0 0 0
1.53 0 0 0 0
1.53667 0 0 0 0
1.54333 0 0 0 0
1.55 0 0 0 0
1.55667 0 0 0 0
1.56333 0 0 0 0
1.57 0 0 0 0
1.57667 0 0 0 0
1.58333 0 0 0 0
1.59 0 0 0 0
1.59667 0 0 0 0
1.60333 0 0 0 0
1.61 0 0 0 0
1.61667 0 0 0 0
1.62333 0 0 0 0
1.63 0 0 0 0
1.63667 0 0 0 0
1.64333 0 0 0 0
1.65 0 0 0 0
1.65667 0 0 0 0
1.66333 0 0 0 0
1.67 0 0 0 0
1.67667 0 0 0 0
1.68333 0 0 0 0
1.69 0 0 0 0
1.69667 0 0 0 0
1.70333 0 0 0 0
1.71 0 0 0 0
1.71667 0 0 0 0
1.72333 0 0 0 0
1.73 0 0 0 0
1.73667 0 0 0 0
1.74333 0 0 0 0
1.75 0 0 0 0
1.75667 0 0 0 0
1.76333 0 0 0 0
1.77 0 0 0 0
1.77667 0 0 0 0
1.78333 0 0 0 0
1.79 0 0 0 0
1.79667 0 0 0 0
1.80333 0 0 0 0
1.81 0 0 0 0
1.81667 0 0 0 0
1.82333 0 0 0 0
1.83 0 0 0 0
1.83667 0 0 0 0
1.84333 0 0 0 0
1.85 0 0 0 0
1.85667 0 0 0 0
1.86333 0 0 0 0
1.87 0 0 0 0
1.87667 0 0 0 0
1.88333 0 0 0 0
1.89 0 0 0 0
1.89667 0 0 0 0
1.90333 0 0 0 0
1.91 0 0 0 0
1.91667 0 0 0 0
1.92333 0 0 0 0
1.93 0 0 0 0
1.93667 0 0 0 0
1.94333 0 0 0 0
1.95 0 0 0 0
1.95667 0 0 0 0
1.96333 0 0 0 0
1.97 0 0 0 0
1.97667 0 0 0 0
1.98333 0 0 0 0
1.99 0 0 0 0
1.99667 0 0 0 0
