0.00333333 55 50 4 1
0.01 64 66 2 2
0.0166667 75 51 7 1
0.0233333 78 76 8 2
0.03 83 77 5 1
0.0366667 75 116 6 0
0.0433333 116 108 14 4
0.05 161 157 4 4
0.0566667 150 191 18 8
0.0633333 206 210 11 4
0.07 208 189 11 6
0.0766667 171 238 21 4
0.0833333 212 227 12 6
0.09 221 248 13 5
0.0966667 222 257 11 4
0.103333 205 205 14 4
0.11 233 252 15 6
0.116667 213 214 17 3
0.123333 243 224 16 1
0.13 208 232 13 6
0.136667 198 217 20 5
0.143333 212 197 16 4
0.15 178 200 13 5
0.156667 153 198 14 4
0.163333 189 173 11 7
0.17 179 183 10 5
0.176667 182 199 7 1
0.183333 181 204 9 2
0.19 201 178 11 8
0.196667 201 179 8 2
0.203333 169 184 12 7
0.21 168 169 10 5
0.216667 140 155 6 10
0.223333 156 147 11 5
0.23 142 143 9 5
0.236667 147 130 8 5
0.243333 151 146 5 4
0.25 133 142 7 3
0.256667 110 118 4 3
0.263333 102 98 5 2
0.27 118 123 4 3
0.276667 129 120 4 4
0.283333 104 109 9 2
0.29 80 86 3 2
0.296667 93 100 3 3
0.303333 107 115 7 3
0.31 101 88 11 3
0.316667 86 98 6 5
0.323333 106 81 4 3
0.33 86 77 9 3
0.336667 98 87 11 6
0.343333 81 93 3 5
0.35 81 93 9 4
0.356667 70 82 6 3
0.363333 91 71 4 2
0.37 61 77 2 3
0.376667 76 80 7 3
0.383333 62 67 5 3
0.39 73 81 10 0
0.396667 77 62 2 2
0.403333 72 82 6 3
0.41 75 68 5 4
0.416667 56 59 2 4
0.423333 70 65 7 1
0.43 61 70 5 2
0.436667 61 49 1 3
0.443333 64 69 5 1
0.45 57 70 4 2
0.456667 74 75 4 3
0.463333 71 61 4 2
0.47 68 71 3 0
0.476667 60 54 3 2
0.483333 31 52 3 4
0.49 45 49 5 0
0.496667 39 37 7 1
0.503333 36 46 4 0
0.51 32 36 6 1
0.516667 32 42 7 2
0.523333 43 38 5 0
0.53 24 27 2 1
0.536667 40 50 1 1
0.543333 25 28 3 1
0.55 33 29 1 1
0.556667 23 30 4 1
0.563333 28 29 2 2
0.57 33 30 2 4
0.576667 25 40 4 2
0.583333 18 38 6 0
0.59 27 22 1 1
0.596667 36 30 0 2
0.603333 22 38 4 2
0.61 24 27 2 2
0.616667 32 19 6 2
0.623333 26 37 0 2
0.63 29 27 1 1
0.636667 32 32 4 1
0.643333 21 27 1 0
0.65 26 22 1 5
0.656667 21 29 4 4
0.663333 1990 1802 63 46
0.67 0 0 0 0
0.676667 0 0 0 0
0.683333 0 0 0 0
0.69 0 0 0 0
0.696667 0 0 0 0
0.703333 0 0 0 0
0.71 0 0 0 0
0.716667 0 0 0 0
0.723333 0 0 0 0
0.73 0 0 0 0
0.736667 0 0 0 0
0.743333 0 0 0 0
0.75 0 0 0 0
0.756667 0 0 0 0
0.763333 0 0 0 0
0.77 0 0 0 0
0.776667 0 0 0 0
0.783333 0 0 0 0
0.79 0 0 0 0
0.796667 0 0 0 0
0.803333 0 0 0 0
0.81 0 0 0 0
0.816667 0 0 0 0
0.823333 0 0 0 0
0.83 0 0 0 0
0.836667 0 0 0 0
0.843333 0 0 0 0
0.85 0 0 0 0
0.856667 0 0 0 0
0.863333 0 0 0 0
0.87 0 0 0 0
0.876667 0 0 0 0
0.883333 0 0 0 0
0.89 0 0 0 0
0.896667 0 0 0 0
0.903333 0 0 0 0
0.91 0 0 0 0
0.916667 0 0 0 0
0.923333 0 0 0 0
0.93 0 0 0 0
0.936667 0 0 0 0
0.943333 0 0 0 0
0.95 0 0 0 0
0.956667 0 0 0 0
0.963333 0 0 0 0
0.97 0 0 0 0
0.976667 0 0 0 0
0.983333 0 0 0 0
0.99 0 0 0 0
0.996667 0 0 0 0
1.00333 0 0 0 0
1.01 0 0 0 0
1.01667 0 0 0 0
1.02333 0 0 0 0
1.03 0 0 0 0
1.03667 0 0 0 0
1.04333 0 0 0 0
1.05 0 0 0 0
1.05667 0 0 0 0
1.06333 0 0 0 0
1.07 0 0 0 0
1.07667 0 0 0 0
1.08333 0 0 0 0
1.09 0 0 0 0
1.09667 0 0 0 0
1.10333 0 0 0 0
1.11 0 0 0 0
1.11667 0 0 0 0
1.12333 0 0 0 0
1.13 0 0 0 0
1.13667 0 0 0 0
1.14333 0 0 0 0
1.15 0 0 0 0
1.15667 0 0 0 0
1.16333 0 0 0 0
1.17 0 0 0 0
1.17667 0 0 0 0
1.18333 0 0 0 0
1.19 0 0 0 0
1.19667 0 0 0 0
1.20333 0 0 0 0
1.21 0 0 0 0
1.21667 0 0 0 0
1.22333 0 0 0 0
1.23 0 0 0 0
1.23667 0 0 0 0
1.24333 0 0 0 0
1.25 0 0 0 0
1.25667 0 0 0 0
1.26333 0 0 0 0
1.27 0 0 0 0
1.27667 0 0 0 0
1.28333 0 0 0 0
1.29 0 0 0 0
1.29667 0 0 0 0
1.30333 0 0 0 0
1.31 0 0 0 0
1.31667 0 0 0 0
1.32333 0 0 0 0
1.33 0 0 0 0
1.33667 0 0 0 0
1.34333 0 0 0 0
1.35 0 0 0 0
1.35667 0 0 0 0
1.36333 0 0 0 0
1.37 0 0 0 0
1.37667 0 0 0 0
1.38333 0 0 0 0
1.39 0 0 0 0
1.39667 0 0 0 0
1.40333 0 0 0 0
1.41 0 0 0 0
1.41667 0 0 0 0
1.42333 0 0 0 0
1.43 0 0 0 0
1.43667 0 0 0 0
1.44333 0 0 0 0
1.45 0 0 0 0
1.45667 0 0 0 0
1.46333 0 0 0 0
1.47 0 0 0 0
1.47667 0 0 0 0
1.48333 0 0 0 0
1.49 0 0 0 0
1.49667 0 0 0 0
1.50333 0 0 0 0
1.51 0 0 0 0
1.51667 0 0 0 0
1.52333 0 0 0 0
1.53 0 0 0 0
1.53667 0 0 0 0
1.54333 0 0 0 0
1.55 0 0 0 0
1.55667 0 0 0 0
1.56333 0 0 0 0
1.57 0 0 0 0
1.57667 0 0 0 0
1.58333 0 0 0 0
1.59 0 0 0 0
1.59667 0 0 0 0
1.60333 0 0 0 0
1.61 0 0 0 0
1.61667 0 0 0 0
1.62333 0 0 0 0
1.63 0 0 0 0
1.63667 0 0 0 0
1.64333 0 0 0 0
1.65 0 0 0 0
1.65667 0 0 0 0
1.66333 0 0 0 0
1.67 0 0 0 0
1.67667 0 0 0 0
1.68333 0 0 0 0
1.69 0 0 0 0
1.69667 0 0 0 0
1.70333 0 0 0 0
1.71 0 0 0 0
1.71667 0 0 0 0
1.72333 0 0 0 0
1.73 0 0 0 0
1.73667 0 0 0 0
1.74333 0 0 0 0
1.75 0 0 0 0
1.75667 0 0 0 0
1.76333 0 0 0 0
1.77 0 0 0 0
1.77667 0 0 0 0
1.78333 0 0 0 0
1.79 0 0 0 0
1.79667 0 0 0 0
1.80333 0 0 0 0
1.81 0 0 0 0
1.81667 0 0 0 0
1.82333 0 0 0 0
1.83 0 0 0 0
1.83667 0 0 0 0
1.84333 0 0 0 0
1.85 0 0 0 0
1.85667 0 0 0 0
1.86333 0 0 0 0
1.87 0 0 0 0
1.87667 0 0 0 0
1.88333 0 0 0 0
1.89 0 0 0 0
1.89667 0 0 0 0
1.90333 0 0 0 0
1.91 0 0 0 0
1.91667 0 0 0 0
1.92333 0 0 0 0
1.93 0 0 0 0
1.93667 0 0 0 0
1.94333 0 0 0 0
1.95 0 0 0 0
1.95667 0 0 0 0
1.96333 0 0 0 0
1.97 0 0 0 0
1.97667 0 0 0 0
1.98333 0 0 0 0
1.99 0 0 0 0
1.99667 0 0 0 0
