0.00333333 3 10 49 12
0.01 2 8 56 13
0.0166667 4 11 56 17
0.0233333 8 8 54 18
0.03 7 16 56 13
0.0366667 0 13 77 20
0.0433333 8 30 96 30
0.05 9 24 138 33
0.0566667 12 39 156 46
0.0633333 11 33 162 55
0.07 8 40 175 48
0.0766667 16 49 128 51
0.0833333 13 53 170 53
0.09 7 45 178 52
0.0966667 13 32 184 58
0.103333 17 39 183 56
0.11 12 50 189 45
0.116667 9 45 188 51
0.123333 6 43 190 37
0.13 11 35 181 26
0.136667 10 25 156 37
0.143333 12 35 156 46
0.15 2 29 159 33
0.156667 9 38 139 28
0.163333 10 26 139 37
0.17 9 23 118 44
0.176667 10 34 132 35
0.183333 11 24 127 38
0.19 10 23 159 36
0.196667 17 26 150 32
0.203333 9 36 138 29
0.21 8 22 128 29
0.216667 7 27 123 31
0.223333 8 24 86 29
0.23 5 28 106 22
0.236667 5 24 86 19
0.243333 10 15 98 19
0.25 3 19 117 22
0.256667 11 20 78 22
0.263333 4 14 81 28
0.27 9 14 99 26
0.276667 4 15 79 20
0.283333 7 19 77 21
0.29 6 13 78 22
0.296667 3 24 77 19
0.303333 5 15 78 23
0.31 2 16 83 13
0.316667 7 13 56 17
0.323333 3 25 59 17
0.33 3 7 67 11
0.336667 9 16 66 15
0.343333 2 11 80 19
0.35 4 14 55 11
0.356667 2 21 50 20
0.363333 5 14 53 14
0.37 5 9 58 27
0.376667 8 9 59 10
0.383333 5 12 50 16
0.39 6 12 46 16
0.396667 6 16 42 10
0.403333 5 18 51 12
0.41 4 6 45 14
0.416667 9 10 51 16
0.423333 5 11 49 18
0.43 4 15 42 11
0.436667 3 10 51 11
0.443333 2 9 52 24
0.45 6 15 48 13
0.456667 6 11 54 16
0.463333 7 9 44 16
0.47 5 17 47 13
0.476667 4 10 45 10
0.483333 3 16 35 11
0.49 3 7 38 9
0.496667 4 9 34 10
0.503333 1 8 36 2
0.51 2 8 23 6
0.516667 2 6 34 14
0.523333 1 6 31 10
0.53 2 7 33 18
0.536667 5 4 30 7
0.543333 1 4 26 12
0.55 2 7 24 5
0.556667 2 5 23 11
0.563333 1 5 27 10
0.57 2 9 28 5
0.576667 6 4 32 10
0.583333 1 5 33 12
0.59 0 8 18 7
0.596667 3 2 17 7
0.603333 1 3 25 8
0.61 2 3 27 8
0.616667 2 5 22 5
0.623333 5 3 23 4
0.63 0 4 25 10
0.636667 2 7 22 6
0.643333 2 4 15 7
0.65 1 9 23 14
0.656667 2 4 15 10
0.663333 59 164 1179 296
0.67 0 0 0 0
0.676667 0 0 0 0
0.683333 0 0 0 0
0.69 0 0 0 0
0.696667 0 0 0 0
0.703333 0 0 0 0
0.71 0 0 0 0
0.716667 0 0 0 0
0.723333 0 0 0 0
0.73 0 0 0 0
0.736667 0 0 0 0
0.743333 0 0 0 0
0.75 0 0 0 0
0.756667 0 0 0 0
0.763333 0 0 0 0
0.77 0 0 0 0
0.776667 0 0 0 0
0.783333 0 0 0 0
0.79 0 0 0 0
0.796667 0 0 0 0
0.803333 0 0 0 0
0.81 0 0 0 0
0.816667 0 0 0 0
0.823333 0 0 0 0
0.83 0 0 0 0
0.836667 0 0 0 0
0.843333 0 0 0 0
0.85 0 0 0 0
0.856667 0 0 0 0
0.863333 0 0 0 0
0.87 0 0 0 0
0.876667 0 0 0 0
0.883333 0 0 0 0
0.89 0 0 0 0
0.896667 0 0 0 0
0.903333 0 0 0 0
0.91 0 0 0 0
0.916667 0 0 0 0
0.923333 0 0 0 0
0.93 0 0 0 0
0.936667 0 0 0 0
0.943333 0 0 0 0
0.95 0 0 0 0
0.956667 0 0 0 0
0.963333 0 0 0 0
0.97 0 0 0 0
0.976667 0 0 0 0
0.983333 0 0 0 0
0.99 0 0 0 0
0.996667 0 0 0 0
1.00333 0 0 0 0
1.01 0 0 0 0
1.01667 0 0 0 0
1.02333 0 0 0 0
1.03 0 0 0 0
1.03667 0 0 0 0
1.04333 0 0 0 0
1.05 0 0 0 0
1.05667 0 0 0 0
1.06333 0 0 0 0
1.07 0 0 0 0
1.07667 0 0 0 0
1.08333 0 0 0 0
1.09 0 0 0 0
1.09667 0 0 0 0
1.10333 0 0 0 0
1.11 0 0 0 0
1.11667 0 0 0 0
1.12333 0 0 0 0
1.13 0 0 0 0
1.13667 0 0 0 0
1.14333 0 0 0 0
1.15 0 0 0 0
1.15667 0 0 0 0
1.16333 0 0 0 0
1.17 0 0 0 0
1.17667 0 0 0 0
1.18333 0 0 0 0
1.19 0 0 0 0
1.19667 0 0 0 0
1.20333 0 0 0 0
1.21 0 0 0 0
1.21667 0 0 0 0
1.22333 0 0 0 0
1.23 0 0 0 0
1.23667 0 0 0 0
1.24333 0 0 0 0
1.25 0 0 0 0
1.25667 0 0 0 0
1.26333 0 0 0 0
1.27 0 0 0 0
1.27667 0 0 0 0
1.28333 0 0 0 0
1.29 0 0 0 0
1.29667 0 0 0 0
1.30333 0 0 0 0
1.31 0 0 0 0
1.31667 0 0 0 0
1.32333 0 0 0 0
1.33 0 0 0 0
1.33667 0 0 0 0
1.34333 0 0 0 0
1.35 0 0 0 0
1.35667 0 0 0 0
1.36333 0 0 0 0
1.37 0 0 0 0
1.37667 0 0 0 0
1.38333 0 0 0 0
1.39 0 0 0 0
1.39667 0 0 0 0
1.40333 0 0 0 0
1.41 0 0 0 0
1.41667 0 0 0 0
1.42333 0 0 0 0
1.43 0 0 0 0
1.43667 0 0 0 0
1.44333 0 0 0 0
1.45 0 0 0 0
1.45667 0 0 0 0
1.46333 0 0 0 0
1.47 0 0 0 0
1.47667 0 0 0 0
1.48333 0 0 0 0
1.49 0 0 0 0
1.49667 0 0 0 0
1.50333 0 0 0 0
1.51 0 0 0 0
1.51667 0 0 0 0
1.52333 0 0 0 0
1.53 0 0 0 0
1.53667 0 0 0 0
1.54333 0 0 0 0
1.55 0 0 0 0
1.55667 0 0 0 0
1.56333 0 0 0 0
1.57 0 0 0 0
1.57667 0 0 0 0
1.58333 0 0 0 0
1.59 0 0 0 0
1.59667 0 0 0 0
1.60333 0 0 0 0
1.61 0 0 0 0
1.61667 0 0 0 0
1.62333 0 0 0 0
1.63 0 0 0 0
1.63667 0 0 0 0
1.64333 0 0 0 0
1.65 0 0 0 0
1.65667 0 0 0 0
1.66333 0 0 0 0
1.67 0 0 0 0
1.67667 0 0 0 0
1.68333 0 0 0 0
1.69 0 0 0 0
1.69667 0 0 0 0
1.70333 0 0 0 0
1.71 0 0 0 0
1.71667 0 0 0 0
1.72333 0 0 0 0
1.73 0 0 0 0
1.73667 0 0 0 0
1.74333 0 0 0 0
1.75 0 0 0 0
1.75667 0 0 0 0
1.76333 0 0 0 0
1.77 0 0 0 0
1.77667 0 0 0 0
1.78333 0 0 0 0
1.79 0 0 0 0
1.79667 0 0 0 0
1.80333 0 0 0 0
1.81 0 0 0 0
1.81667 0 0 0 0
1.82333 0 0 0 0
1.83 0 0 0 0
1.83667 0 0 0 0
1.84333 0 0 0 0
1.85 0 0 0 0
1.85667 0 0 0 0
1.86333 0 0 0 0
1.87 0 0 0 0
1.87667 0 0 0 0
1.88333 0 0 0 0
1.89 0 0 0 0
1.89667 0 0 0 0
1.90333 0 0 0 0
1.91 0 0 0 0
1.91667 0 0 0 0
1.92333 0 0 0 0
1.93 0 0 0 0
1.93667 0 0 0 0
1.94333 0 0 0 0
1.95 0 0 0 0
1.95667 0 0 0 0
1.96333 0 0 0 0
1.97 0 0 0 0
1.97667 0 0 0 0
1.98333 0 0 0 0
1.99 0 0 0 0
1.99667 0 0 0 0
