0.00333333 2 0 13 181
0.01 2 1 11 198
0.0166667 3 1 25 230
0.0233333 0 1 12 209
0.03 2 0 19 195
0.0366667 1 0 27 213
0.0433333 1 2 34 249
0.05 2 1 41 293
0.0566667 3 5 56 306
0.0633333 1 5 66 347
0.07 1 4 47 352
0.0766667 5 8 55 369
0.0833333 2 9 51 409
0.09 5 4 65 400
0.0966667 0 6 56 398
0.103333 5 5 60 423
0.11 4 4 48 431
0.116667 2 1 48 489
0.123333 3 5 53 489
0.13 1 2 33 509
0.136667 4 2 36 471
0.143333 3 2 35 477
0.15 3 4 39 465
0.156667 1 2 36 455
0.163333 1 4 36 466
0.17 3 3 41 472
0.176667 3 1 40 443
0.183333 2 3 50 533
0.19 2 5 33 672
0.196667 9 1 33 654
0.203333 5 3 33 653
0.21 9 1 34 580
0.216667 4 3 36 524
0.223333 4 5 27 482
0.23 2 1 22 461
0.236667 3 7 24 444
0.243333 1 2 26 372
0.25 3 4 18 386
0.256667 3 1 16 377
0.263333 0 0 34 323
0.27 1 2 22 324
0.276667 3 2 28 276
0.283333 3 1 26 296
0.29 3 3 19 277
0.296667 3 1 15 264
0.303333 4 1 16 268
0.31 3 2 13 232
0.316667 2 4 17 201
0.323333 3 3 18 251
0.33 1 3 25 222
0.336667 1 2 19 238
0.343333 1 3 19 206
0.35 2 4 14 242
0.356667 0 0 15 210
0.363333 2 2 15 243
0.37 3 0 17 205
0.376667 1 1 15 198
0.383333 1 3 17 201
0.39 1 1 13 192
0.396667 2 0 19 198
0.403333 2 7 18 215
0.41 0 1 30 184
0.416667 2 4 15 185
0.423333 1 0 17 169
0.43 2 1 16 183
0.436667 2 3 13 221
0.443333 2 2 12 188
0.45 1 1 22 245
0.456667 2 1 6 212
0.463333 1 1 17 224
0.47 1 1 10 223
0.476667 5 1 8 191
0.483333 3 2 11 93
0.49 3 0 13 104
0.496667 1 0 7 83
0.503333 3 0 8 99
0.51 1 0 9 76
0.516667 2 3 10 97
0.523333 2 0 9 80
0.53 2 1 10 70
0.536667 1 0 7 59
0.543333 1 4 9 57
0.55 0 1 10 47
0.556667 1 3 8 62
0.563333 1 0 6 46
0.57 2 2 10 72
0.576667 1 0 5 72
0.583333 0 0 8 67
0.59 0 1 5 69
0.596667 0 2 9 58
0.603333 2 0 7 57
0.61 1 1 8 55
0.616667 1 1 5 62
0.623333 0 1 6 48
0.63 2 0 6 62
0.636667 0 1 7 86
0.643333 0 1 3 45
0.65 0 1 1 54
0.656667 3 2 9 39
0.663333 80 26 201 10672
0.67 0 0 0 0
0.676667 0 0 0 0
0.683333 0 0 0 0
0.69 0 0 0 0
0.696667 0 0 0 0
0.703333 0 0 0 0
0.71 0 0 0 0
0.716667 0 0 0 0
0.723333 0 0 0 0
0.73 0 0 0 0
0.736667 0 0 0 0
0.743333 0 0 0 0
0.75 0 0 0 0
0.756667 0 0 0 0
0.763333 0 0 0 0
0.77 0 0 0 0
0.776667 0 0 0 0
0.783333 0 0 0 0
0.79 0 0 0 0
0.796667 0 0 0 0
0.803333 0 0 0 0
0.81 0 0 0 0
0.816667 0 0 0 0
0.823333 0 0 0 0
0.83 0 0 0 0
0.836667 0 0 0 0
0.843333 0 0 0 0
0.85 0 0 0 0
0.856667 0 0 0 0
0.863333 0 0 0 0
0.87 0 0 0 0
0.876667 0 0 0 0
0.883333 0 0 0 0
0.89 0 0 0 0
0.896667 0 0 0 0
0.903333 0 0 0 0
0.91 0 0 0 0
0.916667 0 0 0 0
0.923333 0 0 0 0
0.93 0 0 0 0
0.936667 0 0 0 0
0.943333 0 0 0 0
0.95 0 0 0 0
0.956667 0 0 0 0
0.963333 0 0 0 0
0.97 0 0 0 0
0.976667 0 0 0 0
0.983333 0 0 0 0
0.99 0 0 0 0
0.996667 0 0 0 0
1.00333 0 0 0 0
1.01 0 0 0 0
1.01667 0 0 0 0
1.02333 0 0 0 0
1.03 0 0 0 0
1.03667 0 0 0 0
1.04333 0 0 0 0
1.05 0 0 0 0
1.05667 0 0 0 0
1.06333 0 0 0 0
1.07 0 0 0 0
1.07667 0 0 0 0
1.08333 0 0 0 0
1.09 0 0 0 0
1.09667 0 0 0 0
1.10333 0 0 0 0
1.11 0 0 0 0
1.11667 0 0 0 0
1.12333 0 0 0 0
1.13 0 0 0 0
1.13667 0 0 0 0
1.14333 0 0 0 0
1.15 0 0 0 0
1.15667 0 0 0 0
1.16333 0 0 0 0
1.17 0 0 0 0
1.17667 0 0 0 0
1.18333 0 0 0 0
1.19 0 0 0 0
1.19667 0 0 0 0
1.20333 0 0 0 0
1.21 0 0 0 0
1.21667 0 0 0 0
1.22333 0 0 0 0
1.23 0 0 0 0
1.23667 0 0 0 0
1.24333 0 0 0 0
1.25 0 0 0 0
1.25667 0 0 0 0
1.26333 0 0 0 0
1.27 0 0 0 0
1.27667 0 0 0 0
1.28333 0 0 0 0
1.29 0 0 0 0
1.29667 0 0 0 0
1.30333 0 0 0 0
1.31 0 0 0 0
1.31667 0 0 0 0
1.32333 0 0 0 0
1.33 0 0 0 0
1.33667 0 0 0 0
1.34333 0 0 0 0
1.35 0 0 0 0
1.35667 0 0 0 0
1.36333 0 0 0 0
1.37 0 0 0 0
1.37667 0 0 0 0
1.38333 0 0 0 0
1.39 0 0 0 0
1.39667 0 0 0 0
1.40333 0 0 0 0
1.41 0 0 0 0
1.41667 0 0 0 0
1.42333 0 0 0 0
1.43 0 0 0 0
1.43667 0 0 0 0
1.44333 0 0 0 0
1.45 0 0 0 0
1.45667 0 0 0 0
1.46333 0 0 0 0
1.47 0 0 0 0
1.47667 0 0 0 0
1.48333 0 0 0 0
1.49 0 0 0 0
1.49667 0 0 0 0
1.50333 0 0 0 0
1.51 0 0 0 0
1.51667 0 0 0 0
1.52333 0 0 0 0
1.53 0 0 0 0
1.53667 0 0 0 0
1.54333 0 0 0 0
1.55 0 0 0 0
1.55667 0 0 0 0
1.56333 0 0 0 0
1.57 0 0 0 0
1.57667 0 0 0 0
1.58333 0 0 0 0
1.59 0 0 0 0
1.59667 0 0 0 0
1.60333 0 0 0 0
1.61 0 0 0 0
1.61667 0 0 0 0
1.62333 0 0 0 0
1.63 0 0 0 0
1.63667 0 0 0 0
1.64333 0 0 0 0
1.65 0 0 0 0
1.65667 0 0 0 0
1.66333 0 0 0 0
1.67 0 0 0 0
1.67667 0 0 0 0
1.68333 0 0 0 0
1.69 0 0 0 0
1.69667 0 0 0 0
1.70333 0 0 0 0
1.71 0 0 0 0
1.71667 0 0 0 0
1.72333 0 0 0 0
1.73 0 0 0 0
1.73667 0 0 0 0
1.74333 0 0 0 0
1.75 0 0 0 0
1.75667 0 0 0 0
1.76333 0 0 0 0
1.77 0 0 0 0
1.77667 0 0 0 0
1.78333 0 0 0 0
1.79 0 0 0 0
1.79667 0 0 0 0
1.80333 0 0 0 0
1.81 0 0 0 0
1.81667 0 0 0 0
1.82333 0 0 0 0
1.83 0 0 0 0
1.83667 0 0 0 0
1.84333 0 0 0 0
1.85 0 0 0 0
1.85667 0 0 0 0
1.86333 0 0 0 0
1.87 0 0 0 0
1.87667 0 0 0 0
1.88333 0 0 0 0
1.89 0 0 0 0
1.89667 0 0 0 0
1.90333 0 0 0 0
1.91 0 0 0 0
1.91667 0 0 0 0
1.92333 0 0 0 0
1.93 0 0 0 0
1.93667 0 0 0 0
1.94333 0 0 0 0
1.95 0 0 0 0
1.95667 0 0 0 0
1.96333 0 0 0 0
1.97 0 0 0 0
1.97667 0 0 0 0
1.98333 0 0 0 0
1.99 0 0 0 0
1.99667 0 0 0 0
