0.00333333 1 0 32 65
0.01 0 1 32 78
0.0166667 0 4 33 76
0.0233333 4 2 30 59
0.03 1 3 40 72
0.0366667 1 8 50 89
0.0433333 3 4 51 137
0.05 1 8 87 159
0.0566667 0 8 105 151
0.0633333 1 2 115 216
0.07 5 4 97 201
0.0766667 3 8 114 197
0.0833333 2 5 120 205
0.09 1 5 123 203
0.0966667 3 5 105 225
0.103333 1 7 117 238
0.11 3 6 111 239
0.116667 1 3 107 214
0.123333 1 7 82 224
0.13 5 4 99 230
0.136667 0 3 99 230
0.143333 5 2 101 192
0.15 1 7 90 203
0.156667 2 4 81 167
0.163333 3 2 102 179
0.17 3 2 81 174
0.176667 2 12 93 173
0.183333 1 8 57 170
0.19 1 7 89 218
0.196667 1 1 83 193
0.203333 2 5 65 174
0.21 1 5 74 188
0.216667 2 3 73 188
0.223333 2 0 88 171
0.23 3 4 57 163
0.236667 1 6 68 152
0.243333 3 3 59 138
0.25 0 2 66 132
0.256667 1 1 45 122
0.263333 2 0 51 116
0.27 1 3 45 120
0.276667 2 3 47 122
0.283333 0 3 53 118
0.29 1 3 51 106
0.296667 1 3 39 103
0.303333 3 3 42 103
0.31 1 1 43 102
0.316667 2 3 45 101
0.323333 1 3 41 104
0.33 2 2 44 89
0.336667 0 3 45 124
0.343333 0 2 55 90
0.35 2 2 46 95
0.356667 1 4 35 81
0.363333 1 1 39 69
0.37 5 5 42 81
0.376667 1 2 37 100
0.383333 0 4 29 80
0.39 2 2 34 99
0.396667 0 1 33 85
0.403333 1 3 32 84
0.41 3 1 15 82
0.416667 1 3 32 89
0.423333 0 2 35 60
0.43 1 2 28 63
0.436667 1 1 30 74
0.443333 0 2 18 66
0.45 1 5 30 79
0.456667 0 1 30 79
0.463333 2 2 36 103
0.47 0 1 22 71
0.476667 1 2 28 64
0.483333 2 2 23 41
0.49 1 4 17 41
0.496667 0 2 15 44
0.503333 0 3 20 36
0.51 2 0 19 43
0.516667 0 0 18 37
0.523333 1 3 26 35
0.53 0 2 23 35
0.536667 1 1 19 38
0.543333 0 2 21 31
0.55 0 1 25 37
0.556667 0 2 13 39
0.563333 1 0 12 38
0.57 1 0 17 40
0.576667 1 0 11 23
0.583333 0 4 16 32
0.59 1 1 18 37
0.596667 0 0 9 28
0.603333 1 2 19 35
0.61 0 0 24 31
0.616667 2 2 12 31
0.623333 1 0 17 28
0.63 1 1 17 30
0.636667 1 0 16 47
0.643333 0 1 19 27
0.65 0 0 22 29
0.656667 3 1 13 34
0.663333 17 26 678 2285
0.67 0 0 0 0
0.676667 0 0 0 0
0.683333 0 0 0 0
0.69 0 0 0 0
0.696667 0 0 0 0
0.703333 0 0 0 0
0.71 0 0 0 0
0.716667 0 0 0 0
0.723333 0 0 0 0
0.73 0 0 0 0
0.736667 0 0 0 0
0.743333 0 0 0 0
0.75 0 0 0 0
0.756667 0 0 0 0
0.763333 0 0 0 0
0.77 0 0 0 0
0.776667 0 0 0 0
0.783333 0 0 0 0
0.79 0 0 0 0
0.796667 0 0 0 0
0.803333 0 0 0 0
0.81 0 0 0 0
0.816667 0 0 0 0
0.823333 0 0 0 0
0.83 0 0 0 0
0.836667 0 0 0 0
0.843333 0 0 0 0
0.85 0 0 0 0
0.856667 0 0 0 0
0.863333 0 0 0 0
0.87 0 0 0 0
0.876667 0 0 0 0
0.883333 0 0 0 0
0.89 0 0 0 0
0.896667 0 0 0 0
0.903333 0 0 0 0
0.91 0 0 0 0
0.916667 0 0 0 0
0.923333 0 0 0 0
0.93 0 0 0 0
0.936667 0 0 0 0
0.943333 0 0 0 0
0.95 0 0 0 0
0.956667 0 0 0 0
0.963333 0 0 0 0
0.97 0 0 0 0
0.976667 0 0 0 0
0.983333 0 0 0 0
0.99 0 0 0 0
0.996667 0 0 0 0
1.00333 0 0 0 0
1.01 0 0 0 0
1.01667 0 0 0 0
1.02333 0 0 0 0
1.03 0 0 0 0
1.03667 0 0 0 0
1.04333 0 0 0 0
1.05 0 0 0 0
1.05667 0 0 0 0
1.06333 0 0 0 0
1.07 0 0 0 0
1.07667 0 0 0 0
1.08333 0 0 0 0
1.09 0 0 0 0
1.09667 0 0 0 0
1.10333 0 0 0 0
1.11 0 0 0 0
1.11667 0 0 0 0
1.12333 0 0 0 0
1.13 0 0 0 0
1.13667 0 0 0 0
1.14333 0 0 0 0
1.15 0 0 0 0
1.15667 0 0 0 0
1.16333 0 0 0 0
1.17 0 0 0 0
1.17667 0 0 0 0
1.18333 0 0 0 0
1.19 0 0 0 0
1.19667 0 0 0 0
1.20333 0 0 0 0
1.21 0 0 0 0
1.21667 0 0 0 0
1.22333 0 0 0 0
1.23 0 0 0 0
1.23667 0 0 0 0
1.24333 0 0 0 0
1.25 0 0 0 0
1.25667 0 0 0 0
1.26333 0 0 0 0
1.27 0 0 0 0
1.27667 0 0 0 0
1.28333 0 0 0 0
1.29 0 0 0 0
1.29667 0 0 0 0
1.30333 0 0 0 0
1.31 0 0 0 0
1.31667 0 0 0 0
1.32333 0 0 0 0
1.33 0 0 0 0
1.33667 0 0 0 0
1.34333 0 0 0 0
1.35 0 0 0 0
1.35667 0 0 0 0
1.36333 0 0 0 0
1.37 0 0 0 0
1.37667 0 0 0 0
1.38333 0 0 0 0
1.39 0 0 0 0
1.39667 0 0 0 0
1.40333 0 0 0 0
1.41 0 0 0 0
1.41667 0 0 0 0
1.42333 0 0 0 0
1.43 0 0 0 0
1.43667 0 0 0 0
1.44333 0 0 0 0
1.45 0 0 0 0
1.45667 0 0 0 0
1.46333 0 0 0 0
1.47 0 0 0 0
1.47667 0 0 0 0
1.48333 0 0 0 0
1.49 0 0 0 0
1.49667 0 0 0 0
1.50333 0 0 0 0
1.51 0 0 0 0
1.51667 0 0 0 0
1.52333 0 0 0 0
1.53 0 0 0 0
1.53667 0 0 0 0
1.54333 0 0 0 0
1.55 0 0 0 0
1.55667 0 0 0 0
1.56333 0 0 0 0
1.57 0 0 0 0
1.57667 0 0 0 0
1.58333 0 0 0 0
1.59 0 0 0 0
1.59667 0 0 0 0
1.60333 0 0 0 0
1.61 0 0 0 0
1.61667 0 0 0 0
1.62333 0 0 0 0
1.63 0 0 0 0
1.63667 0 0 0 0
1.64333 0 0 0 0
1.65 0 0 0 0
1.65667 0 0 0 0
1.66333 0 0 0 0
1.67 0 0 0 0
1.67667 0 0 0 0
1.68333 0 0 0 0
1.69 0 0 0 0
1.69667 0 0 0 0
1.70333 0 0 0 0
1.71 0 0 0 0
1.71667 0 0 0 0
1.72333 0 0 0 0
1.73 0 0 0 0
1.73667 0 0 0 0
1.74333 0 0 0 0
1.75 0 0 0 0
1.75667 0 0 0 0
1.76333 0 0 0 0
1.77 0 0 0 0
1.77667 0 0 0 0
1.78333 0 0 0 0
1.79 0 0 0 0
1.79667 0 0 0 0
1.80333 0 0 0 0
1.81 0 0 0 0
1.81667 0 0 0 0
1.82333 0 0 0 0
1.83 0 0 0 0
1.83667 0 0 0 0
1.84333 0 0 0 0
1.85 0 0 0 0
1.85667 0 0 0 0
1.86333 0 0 0 0
1.87 0 0 0 0
1.87667 0 0 0 0
1.88333 0 0 0 0
1.89 0 0 0 0
1.89667 0 0 0 0
1.90333 0 0 0 0
1.91 0 0 0 0
1.91667 0 0 0 0
1.92333 0 0 0 0
1.93 0 0 0 0
1.93667 0 0 0 0
1.94333 0 0 0 0
1.95 0 0 0 0
1.95667 0 0 0 0
1.96333 0 0 0 0
1.97 0 0 0 0
1.97667 0 0 0 0
1.98333 0 0 0 0
1.99 0 0 0 0
1.99667 0 0 0 0
