0.00333333 4 29 61 4
0.01 1 29 67 9
0.0166667 2 21 73 8
0.0233333 1 27 78 12
0.03 9 27 83 13
0.0366667 5 33 94 13
0.0433333 6 45 121 22
0.05 11 63 147 14
0.0566667 7 70 171 22
0.0633333 14 59 190 30
0.07 9 82 205 31
0.0766667 11 94 211 31
0.0833333 18 78 227 28
0.09 10 79 211 30
0.0966667 9 73 220 28
0.103333 18 76 209 24
0.11 14 75 242 23
0.116667 12 77 257 23
0.123333 20 72 199 22
0.13 14 69 233 21
0.136667 10 65 209 20
0.143333 9 65 215 23
0.15 7 58 221 23
0.156667 8 59 199 14
0.163333 5 69 217 14
0.17 14 71 191 16
0.176667 8 56 222 19
0.183333 6 71 184 22
0.19 10 60 242 13
0.196667 15 80 236 20
0.203333 5 58 204 16
0.21 7 49 174 19
0.216667 6 48 189 16
0.223333 7 47 169 12
0.23 8 49 169 13
0.236667 3 40 154 15
0.243333 5 52 142 6
0.25 8 44 154 12
0.256667 10 42 145 13
0.263333 9 42 137 7
0.27 8 35 109 8
0.276667 6 39 129 14
0.283333 8 33 104 11
0.29 4 46 100 8
0.296667 2 37 107 11
0.303333 9 18 99 10
0.31 2 33 93 13
0.316667 2 28 94 9
0.323333 9 34 93 6
0.33 5 36 87 6
0.336667 5 44 91 11
0.343333 3 29 100 13
0.35 0 27 90 9
0.356667 4 29 82 13
0.363333 6 35 99 7
0.37 5 31 60 12
0.376667 7 23 74 12
0.383333 7 30 64 4
0.39 5 20 67 10
0.396667 3 21 87 5
0.403333 5 22 74 5
0.41 2 21 73 3
0.416667 1 25 94 5
0.423333 2 16 70 10
0.43 1 22 80 11
0.436667 5 26 83 4
0.443333 0 25 88 8
0.45 4 21 80 8
0.456667 2 24 86 6
0.463333 2 28 74 4
0.47 3 17 72 7
0.476667 3 23 57 6
0.483333 2 15 46 5
0.49 1 14 32 6
0.496667 4 17 43 6
0.503333 6 11 39 6
0.51 2 20 48 3
0.516667 3 16 32 2
0.523333 5 16 20 4
0.53 4 17 40 8
0.536667 3 13 28 5
0.543333 2 7 23 3
0.55 3 14 41 4
0.556667 2 8 26 4
0.563333 1 13 33 4
0.57 5 9 31 6
0.576667 0 15 37 3
0.583333 1 13 32 3
0.59 4 5 27 6
0.596667 3 12 23 9
0.603333 2 9 35 2
0.61 0 15 21 9
0.616667 3 13 26 5
0.623333 1 13 20 1
0.63 5 7 24 3
0.636667 3 11 40 6
0.643333 0 13 16 3
0.65 3 9 33 5
0.656667 1 17 17 2
0.663333 41 553 2664 98
0.67 0 0 0 0
0.676667 0 0 0 0
0.683333 0 0 0 0
0.69 0 0 0 0
0.696667 0 0 0 0
0.703333 0 0 0 0
0.71 0 0 0 0
0.716667 0 0 0 0
0.723333 0 0 0 0
0.73 0 0 0 0
0.736667 0 0 0 0
0.743333 0 0 0 0
0.75 0 0 0 0
0.756667 0 0 0 0
0.763333 0 0 0 0
0.77 0 0 0 0
0.776667 0 0 0 0
0.783333 0 0 0 0
0.79 0 0 0 0
0.796667 0 0 0 0
0.803333 0 0 0 0
0.81 0 0 0 0
0.816667 0 0 0 0
0.823333 0 0 0 0
0.83 0 0 0 0
0.836667 0 0 0 0
0.843333 0 0 0 0
0.85 0 0 0 0
0.856667 0 0 0 0
0.863333 0 0 0 0
0.87 0 0 0 0
0.876667 0 0 0 0
0.883333 0 0 0 0
0.89 0 0 0 0
0.896667 0 0 0 0
0.903333 0 0 0 0
0.91 0 0 0 0
0.916667 0 0 0 0
0.923333 0 0 0 0
0.93 0 0 0 0
0.936667 0 0 0 0
0.943333 0 0 0 0
0.95 0 0 0 0
0.956667 0 0 0 0
0.963333 0 0 0 0
0.97 0 0 0 0
0.976667 0 0 0 0
0.983333 0 0 0 0
0.99 0 0 0 0
0.996667 0 0 0 0
1.00333 0 0 0 0
1.01 0 0 0 0
1.01667 0 0 0 0
1.02333 0 0 0 0
1.03 0 0 0 0
1.03667 0 0 0 0
1.04333 0 0 0 0
1.05 0 0 0 0
1.05667 0 0 0 0
1.06333 0 0 0 0
1.07 0 0 0 0
1.07667 0 0 0 0
1.08333 0 0 0 0
1.09 0 0 0 0
1.09667 0 0 0 0
1.10333 0 0 0 0
1.11 0 0 0 0
1.11667 0 0 0 0
1.12333 0 0 0 0
1.13 0 0 0 0
1.13667 0 0 0 0
1.14333 0 0 0 0
1.15 0 0 0 0
1.15667 0 0 0 0
1.16333 0 0 0 0
1.17 0 0 0 0
1.17667 0 0 0 0
1.18333 0 0 0 0
1.19 0 0 0 0
1.19667 0 0 0 0
1.20333 0 0 0 0
1.21 0 0 0 0
1.21667 0 0 0 0
1.22333 0 0 0 0
1.23 0 0 0 0
1.23667 0 0 0 0
1.24333 0 0 0 0
1.25 0 0 0 0
1.25667 0 0 0 0
1.26333 0 0 0 0
1.27 0 0 0 0
1.27667 0 0 0 0
1.28333 0 0 0 0
1.29 0 0 0 0
1.29667 0 0 0 0
1.30333 0 0 0 0
1.31 0 0 0 0
1.31667 0 0 0 0
1.32333 0 0 0 0
1.33 0 0 0 0
1.33667 0 0 0 0
1.34333 0 0 0 0
1.35 0 0 0 0
1.35667 0 0 0 0
1.36333 0 0 0 0
1.37 0 0 0 0
1.37667 0 0 0 0
1.38333 0 0 0 0
1.39 0 0 0 0
1.39667 0 0 0 0
1.40333 0 0 0 0
1.41 0 0 0 0
1.41667 0 0 0 0
1.42333 0 0 0 0
1.43 0 0 0 0
1.43667 0 0 0 0
1.44333 0 0 0 0
1.45 0 0 0 0
1.45667 0 0 0 0
1.46333 0 0 0 0
1.47 0 0 0 0
1.47667 0 0 0 0
1.48333 0 0 0 0
1.49 0 0 0 0
1.49667 0 0 0 0
1.50333 0 0 0 0
1.51 0 0 0 0
1.51667 0 0 0 0
1.52333 0 0 0 0
1.53 0 0 0 0
1.53667 0 0 0 0
1.54333 0 0 0 0
1.55 0 0 0 0
1.55667 0 0 0 0
1.56333 0 0 0 0
1.57 0 0 0 0
1.57667 0 0 0 0
1.58333 0 0 0 0
1.59 0 0 0 0
1.59667 0 0 0 0
1.60333 0 0 0 0
1.61 0 0 0 0
1.61667 0 0 0 0
1.62333 0 0 0 0
1.63 0 0 0 0
1.63667 0 0 0 0
1.64333 0 0 0 0
1.65 0 0 0 0
1.65667 0 0 0 0
1.66333 0 0 0 0
1.67 0 0 0 0
1.67667 0 0 0 0
1.68333 0 0 0 0
1.69 0 0 0 0
1.69667 0 0 0 0
1.70333 0 0 0 0
1.71 0 0 0 0
1.71667 0 0 0 0
1.72333 0 0 0 0
1.73 0 0 0 0
1.73667 0 0 0 0
1.74333 0 0 0 0
1.75 0 0 0 0
1.75667 0 0 0 0
1.76333 0 0 0 0
1.77 0 0 0 0
1.77667 0 0 0 0
1.78333 0 0 0 0
1.79 0 0 0 0
1.79667 0 0 0 0
1.80333 0 0 0 0
1.81 0 0 0 0
1.81667 0 0 0 0
1.82333 0 0 0 0
1.83 0 0 0 0
1.83667 0 0 0 0
1.84333 0 0 0 0
1.85 0 0 0 0
1.85667 0 0 0 0
1.86333 0 0 0 0
1.87 0 0 0 0
1.87667 0 0 0 0
1.88333 0 0 0 0
1.89 0 0 0 0
1.89667 0 0 0 0
1.90333 0 0 0 0
1.91 0 0 0 0
1.91667 0 0 0 0
1.92333 0 0 0 0
1.93 0 0 0 0
1.93667 0 0 0 0
1.94333 0 0 0 0
1.95 0 0 0 0
1.95667 0 0 0 0
1.96333 0 0 0 0
1.97 0 0 0 0
1.97667 0 0 0 0
1.98333 0 0 0 0
1.99 0 0 0 0
1.99667 0 0 0 0
