0.00333333 8 110 15 2
0.01 14 150 6 4
0.0166667 11 142 9 0
0.0233333 16 142 18 0
0.03 12 126 11 5
0.0366667 23 165 17 4
0.0433333 25 191 27 3
0.05 39 230 24 2
0.0566667 49 278 32 8
0.0633333 53 283 27 7
0.07 46 316 35 4
0.0766667 60 306 46 8
0.0833333 61 339 46 10
0.09 48 352 40 9
0.0966667 41 369 36 13
0.103333 50 353 32 8
0.11 48 399 48 12
0.116667 37 386 24 13
0.123333 35 381 38 9
0.13 44 356 44 7
0.136667 44 413 28 9
0.143333 42 364 33 8
0.15 42 380 41 3
0.156667 41 326 25 9
0.163333 39 329 33 3
0.17 30 330 27 6
0.176667 40 342 23 2
0.183333 36 408 26 3
0.19 30 450 22 9
0.196667 40 429 43 4
0.203333 35 434 25 6
0.21 34 367 26 6
0.216667 31 384 31 10
0.223333 27 342 24 6
0.23 20 340 31 4
0.236667 33 326 26 3
0.243333 35 279 23 3
0.25 26 260 22 2
0.256667 26 247 17 2
0.263333 27 244 22 4
0.27 22 218 30 4
0.276667 29 228 21 6
0.283333 28 191 18 3
0.29 21 192 15 2
0.296667 24 230 17 8
0.303333 19 195 8 6
0.31 27 163 20 2
0.316667 29 188 12 4
0.323333 25 189 18 8
0.33 23 166 11 3
0.336667 15 163 17 3
0.343333 22 162 16 4
0.35 19 151 20 2
0.356667 14 167 20 3
0.363333 14 142 21 3
0.37 11 131 16 2
0.376667 21 125 20 2
0.383333 16 165 16 5
0.39 12 134 26 1
0.396667 20 136 16 1
0.403333 21 143 13 2
0.41 16 122 15 4
0.416667 17 155 10 3
0.423333 20 141 12 1
0.43 8 148 15 2
0.436667 12 119 20 2
0.443333 13 167 8 2
0.45 10 129 18 4
0.456667 17 124 11 4
0.463333 14 145 19 3
0.47 14 164 11 3
0.476667 16 137 11 3
0.483333 9 74 10 0
0.49 7 64 10 2
0.496667 14 76 11 2
0.503333 12 45 11 3
0.51 8 78 7 1
0.516667 13 68 8 0
0.523333 8 53 10 0
0.53 9 60 12 1
0.536667 13 51 10 2
0.543333 9 48 7 2
0.55 7 52 7 3
0.556667 8 52 4 3
0.563333 10 47 8 2
0.57 3 51 2 4
0.576667 6 54 11 2
0.583333 9 55 11 3
0.59 6 44 9 3
0.596667 9 50 5 0
0.603333 6 52 4 2
0.61 7 35 4 2
0.616667 6 29 3 2
0.623333 4 47 6 4
0.63 9 44 10 3
0.636667 10 47 7 1
0.643333 8 30 4 1
0.65 6 38 8 3
0.656667 10 42 9 1
0.663333 324 6262 265 40
0.67 0 0 0 0
0.676667 0 0 0 0
0.683333 0 0 0 0
0.69 0 0 0 0
0.696667 0 0 0 0
0.703333 0 0 0 0
0.71 0 0 0 0
0.716667 0 0 0 0
0.723333 0 0 0 0
0.73 0 0 0 0
0.736667 0 0 0 0
0.743333 0 0 0 0
0.75 0 0 0 0
0.756667 0 0 0 0
0.763333 0 0 0 0
0.77 0 0 0 0
0.776667 0 0 0 0
0.783333 0 0 0 0
0.79 0 0 0 0
0.796667 0 0 0 0
0.803333 0 0 0 0
0.81 0 0 0 0
0.816667 0 0 0 0
0.823333 0 0 0 0
0.83 0 0 0 0
0.836667 0 0 0 0
0.843333 0 0 0 0
0.85 0 0 0 0
0.856667 0 0 0 0
0.863333 0 0 0 0
0.87 0 0 0 0
0.876667 0 0 0 0
0.883333 0 0 0 0
0.89 0 0 0 0
0.896667 0 0 0 0
0.903333 0 0 0 0
0.91 0 0 0 0
0.916667 0 0 0 0
0.923333 0 0 0 0
0.93 0 0 0 0
0.936667 0 0 0 0
0.943333 0 0 0 0
0.95 0 0 0 0
0.956667 0 0 0 0
0.963333 0 0 0 0
0.97 0 0 0 0
0.976667 0 0 0 0
0.983333 0 0 0 0
0.99 0 0 0 0
0.996667 0 0 0 0
1.00333 0 0 0 0
1.01 0 0 0 0
1.01667 0 0 0 0
1.02333 0 0 0 0
1.03 0 0 0 0
1.03667 0 0 0 0
1.04333 0 0 0 0
1.05 0 0 0 0
1.05667 0 0 0 0
1.06333 0 0 0 0
1.07 0 0 0 0
1.07667 0 0 0 0
1.08333 0 0 0 0
1.09 0 0 0 0
1.09667 0 0 0 0
1.10333 0 0 0 0
1.11 0 0 0 0
1.11667 0 0 0 0
1.12333 0 0 0 0
1.13 0 0 0 0
1.13667 0 0 0 0
1.14333 0 0 0 0
1.15 0 0 0 0
1.15667 0 0 0 0
1.16333 0 0 0 0
1.17 0 0 0 0
1.17667 0 0 0 0
1.18333 0 0 0 0
1.19 0 0 0 0
1.19667 0 0 0 0
1.20333 0 0 0 0
1.21 0 0 0 0
1.21667 0 0 0 0
1.22333 0 0 0 0
1.23 0 0 0 0
1.23667 0 0 0 0
1.24333 0 0 0 0
1.25 0 0 0 0
1.25667 0 0 0 0
1.26333 0 0 0 0
1.27 0 0 0 0
1.27667 0 0 0 0
1.28333 0 0 0 0
1.29 0 0 0 0
1.29667 0 0 0 0
1.30333 0 0 0 0
1.31 0 0 0 0
1.31667 0 0 0 0
1.32333 0 0 0 0
1.33 0 0 0 0
1.33667 0 0 0 0
1.34333 0 0 0 0
1.35 0 0 0 0
1.35667 0 0 0 0
1.36333 0 0 0 0
1.37 0 0 0 0
1.37667 0 0 0 0
1.38333 0 0 0 0
1.39 0 0 0 0
1.39667 0 0 0 0
1.40333 0 0 0 0
1.41 0 0 0 0
1.41667 0 0 0 0
1.42333 0 0 0 0
1.43 0 0 0 0
1.43667 0 0 0 0
1.44333 0 0 0 0
1.45 0 0 0 0
1.45667 0 0 0 0
1.46333 0 0 0 0
1.47 0 0 0 0
1.47667 0 0 0 0
1.48333 0 0 0 0
1.49 0 0 0 0
1.49667 0 0 0 0
1.50333 0 0 0 0
1.51 0 0 0 0
1.51667 0 0 0 0
1.52333 0 0 0 0
1.53 0 0 0 0
1.53667 0 0 0 0
1.54333 0 0 0 0
1.55 0 0 0 0
1.55667 0 0 0 0
1.56333 0 0 0 0
1.57 0 0 0 0
1.57667 0 0 0 0
1.58333 0 0 0 0
1.59 0 0 0 0
1.59667 0 0 0 0
1.60333 0 0 0 0
1.61 0 0 0 0
1.61667 0 0 0 0
1.62333 0 0 0 0
1.63 0 0 0 0
1.63667 0 0 0 0
1.64333 0 0 0 0
1.65 0 0 0 0
1.65667 0 0 0 0
1.66333 0 0 0 0
1.67 0 0 0 0
1.67667 0 0 0 0
1.68333 0 0 0 0
1.69 0 0 0 0
1.69667 0 0 0 0
1.70333 0 0 0 0
1.71 0 0 0 0
1.71667 0 0 0 0
1.72333 0 0 0 0
1.73 0 0 0 0
1.73667 0 0 0 0
1.74333 0 0 0 0
1.75 0 0 0 0
1.75667 0 0 0 0
1.76333 0 0 0 0
1.77 0 0 0 0
1.77667 0 0 0 0
1.78333 0 0 0 0
1.79 0 0 0 0
1.79667 0 0 0 0
1.80333 0 0 0 0
1.81 0 0 0 0
1.81667 0 0 0 0
1.82333 0 0 0 0
1.83 0 0 0 0
1.83667 0 0 0 0
1.84333 0 0 0 0
1.85 0 0 0 0
1.85667 0 0 0 0
1.86333 0 0 0 0
1.87 0 0 0 0
1.87667 0 0 0 0
1.88333 0 0 0 0
1.89 0 0 0 0
1.89667 0 0 0 0
1.90333 0 0 0 0
1.91 0 0 0 0
1.91667 0 0 0 0
1.92333 0 0 0 0
1.93 0 0 0 0
1.93667 0 0 0 0
1.94333 0 0 0 0
1.95 0 0 0 0
1.95667 0 0 0 0
1.96333 0 0 0 0
1.97 0 0 0 0
1.97667 0 0 0 0
1.98333 0 0 0 0
1.99 0 0 0 0
1.99667 0 0 0 0
