0.00333333 2 7 34 19
0.01 6 11 46 25
0.0166667 4 19 49 25
0.0233333 2 18 56 21
0.03 3 17 79 27
0.0366667 4 28 90 34
0.0433333 4 34 112 45
0.05 1 30 165 58
0.0566667 16 59 165 61
0.0633333 13 42 186 79
0.07 13 55 200 93
0.0766667 10 48 196 77
0.0833333 12 45 197 95
0.09 6 36 201 73
0.0966667 9 63 198 91
0.103333 13 40 206 91
0.11 11 53 196 85
0.116667 7 55 216 74
0.123333 12 44 170 82
0.13 17 41 155 75
0.136667 9 41 168 81
0.143333 11 49 126 72
0.15 9 39 161 74
0.156667 13 42 162 59
0.163333 6 37 133 64
0.17 6 37 121 69
0.176667 6 29 145 65
0.183333 8 42 113 61
0.19 4 37 139 67
0.196667 9 54 132 64
0.203333 6 33 129 59
0.21 9 39 124 61
0.216667 8 37 89 43
0.223333 3 30 108 55
0.23 5 35 112 47
0.236667 5 33 110 43
0.243333 7 31 94 42
0.25 10 20 98 49
0.256667 2 24 86 45
0.263333 4 30 84 43
0.27 5 27 71 40
0.276667 10 24 79 33
0.283333 9 32 75 60
0.29 2 23 67 30
0.296667 7 22 89 27
0.303333 7 15 62 35
0.31 7 26 57 32
0.316667 4 26 60 35
0.323333 6 19 67 35
0.33 4 16 57 31
0.336667 4 23 61 30
0.343333 9 20 76 28
0.35 2 16 68 29
0.356667 2 25 60 34
0.363333 3 20 48 27
0.37 6 23 44 19
0.376667 5 18 51 27
0.383333 3 23 44 24
0.39 2 19 58 22
0.396667 4 12 43 27
0.403333 4 15 33 27
0.41 5 21 57 21
0.416667 2 21 39 27
0.423333 4 19 49 29
0.43 6 19 43 37
0.436667 5 19 46 20
0.443333 3 18 51 25
0.45 5 16 43 17
0.456667 3 17 35 29
0.463333 7 18 39 33
0.47 4 16 55 30
0.476667 2 10 40 22
0.483333 3 9 30 17
0.49 2 16 26 11
0.496667 5 9 26 6
0.503333 5 10 18 16
0.51 1 5 35 17
0.516667 3 5 36 16
0.523333 5 12 35 13
0.53 4 8 22 17
0.536667 3 9 28 9
0.543333 2 11 20 11
0.55 2 12 28 11
0.556667 2 11 26 9
0.563333 1 8 14 14
0.57 3 11 25 16
0.576667 2 10 27 10
0.583333 2 11 27 17
0.59 3 11 23 23
0.596667 2 10 16 12
0.603333 4 9 17 10
0.61 2 7 27 13
0.616667 2 5 17 8
0.623333 4 15 22 13
0.63 2 8 21 11
0.636667 3 10 27 9
0.643333 0 10 23 7
0.65 4 9 30 9
0.656667 3 11 14 5
0.663333 77 387 1077 553
0.67 0 0 0 0
0.676667 0 0 0 0
0.683333 0 0 0 0
0.69 0 0 0 0
0.696667 0 0 0 0
0.703333 0 0 0 0
0.71 0 0 0 0
0.716667 0 0 0 0
0.723333 0 0 0 0
0.73 0 0 0 0
0.736667 0 0 0 0
0.743333 0 0 0 0
0.75 0 0 0 0
0.756667 0 0 0 0
0.763333 0 0 0 0
0.77 0 0 0 0
0.776667 0 0 0 0
0.783333 0 0 0 0
0.79 0 0 0 0
0.796667 0 0 0 0
0.803333 0 0 0 0
0.81 0 0 0 0
0.816667 0 0 0 0
0.823333 0 0 0 0
0.83 0 0 0 0
0.836667 0 0 0 0
0.843333 0 0 0 0
0.85 0 0 0 0
0.856667 0 0 0 0
0.863333 0 0 0 0
0.87 0 0 0 0
0.876667 0 0 0 0
0.883333 0 0 0 0
0.89 0 0 0 0
0.896667 0 0 0 0
0.903333 0 0 0 0
0.91 0 0 0 0
0.916667 0 0 0 0
0.923333 0 0 0 0
0.93 0 0 0 0
0.936667 0 0 0 0
0.943333 0 0 0 0
0.95 0 0 0 0
0.956667 0 0 0 0
0.963333 0 0 0 0
0.97 0 0 0 0
0.976667 0 0 0 0
0.983333 0 0 0 0
0.99 0 0 0 0
0.996667 0 0 0 0
1.00333 0 0 0 0
1.01 0 0 0 0
1.01667 0 0 0 0
1.02333 0 0 0 0
1.03 0 0 0 0
1.03667 0 0 0 0
1.04333 0 0 0 0
1.05 0 0 0 0
1.05667 0 0 0 0
1.06333 0 0 0 0
1.07 0 0 0 0
1.07667 0 0 0 0
1.08333 0 0 0 0
1.09 0 0 0 0
1.09667 0 0 0 0
1.10333 0 0 0 0
1.11 0 0 0 0
1.11667 0 0 0 0
1.12333 0 0 0 0
1.13 0 0 0 0
1.13667 0 0 0 0
1.14333 0 0 0 0
1.15 0 0 0 0
1.15667 0 0 0 0
1.16333 0 0 0 0
1.17 0 0 0 0
1.17667 0 0 0 0
1.18333 0 0 0 0
1.19 0 0 0 0
1.19667 0 0 0 0
1.20333 0 0 0 0
1.21 0 0 0 0
1.21667 0 0 0 0
1.22333 0 0 0 0
1.23 0 0 0 0
1.23667 0 0 0 0
1.24333 0 0 0 0
1.25 0 0 0 0
1.25667 0 0 0 0
1.26333 0 0 0 0
1.27 0 0 0 0
1.27667 0 0 0 0
1.28333 0 0 0 0
1.29 0 0 0 0
1.29667 0 0 0 0
1.30333 0 0 0 0
1.31 0 0 0 0
1.31667 0 0 0 0
1.32333 0 0 0 0
1.33 0 0 0 0
1.33667 0 0 0 0
1.34333 0 0 0 0
1.35 0 0 0 0
1.35667 0 0 0 0
1.36333 0 0 0 0
1.37 0 0 0 0
1.37667 0 0 0 0
1.38333 0 0 0 0
1.39 0 0 0 0
1.39667 0 0 0 0
1.40333 0 0 0 0
1.41 0 0 0 0
1.41667 0 0 0 0
1.42333 0 0 0 0
1.43 0 0 0 0
1.43667 0 0 0 0
1.44333 0 0 0 0
1.45 0 0 0 0
1.45667 0 0 0 0
1.46333 0 0 0 0
1.47 0 0 0 0
1.47667 0 0 0 0
1.48333 0 0 0 0
1.49 0 0 0 0
1.49667 0 0 0 0
1.50333 0 0 0 0
1.51 0 0 0 0
1.51667 0 0 0 0
1.52333 0 0 0 0
1.53 0 0 0 0
1.53667 0 0 0 0
1.54333 0 0 0 0
1.55 0 0 0 0
1.55667 0 0 0 0
1.56333 0 0 0 0
1.57 0 0 0 0
1.57667 0 0 0 0
1.58333 0 0 0 0
1.59 0 0 0 0
1.59667 0 0 0 0
1.60333 0 0 0 0
1.61 0 0 0 0
1.61667 0 0 0 0
1.62333 0 0 0 0
1.63 0 0 0 0
1.63667 0 0 0 0
1.64333 0 0 0 0
1.65 0 0 0 0
1.65667 0 0 0 0
1.66333 0 0 0 0
1.67 0 0 0 0
1.67667 0 0 0 0
1.68333 0 0 0 0
1.69 0 0 0 0
1.69667 0 0 0 0
1.70333 0 0 0 0
1.71 0 0 0 0
1.71667 0 0 0 0
1.72333 0 0 0 0
1.73 0 0 0 0
1.73667 0 0 0 0
1.74333 0 0 0 0
1.75 0 0 0 0
1.75667 0 0 0 0
1.76333 0 0 0 0
1.77 0 0 0 0
1.77667 0 0 0 0
1.78333 0 0 0 0
1.79 0 0 0 0
1.79667 0 0 0 0
1.80333 0 0 0 0
1.81 0 0 0 0
1.81667 0 0 0 0
1.82333 0 0 0 0
1.83 0 0 0 0
1.83667 0 0 0 0
1.84333 0 0 0 0
1.85 0 0 0 0
1.85667 0 0 0 0
1.86333 0 0 0 0
1.87 0 0 0 0
1.87667 0 0 0 0
1.88333 0 0 0 0
1.89 0 0 0 0
1.89667 0 0 0 0
1.90333 0 0 0 0
1.91 0 0 0 0
1.91667 0 0 0 0
1.92333 0 0 0 0
1.93 0 0 0 0
1.93667 0 0 0 0
1.94333 0 0 0 0
1.95 0 0 0 0
1.95667 0 0 0 0
1.96333 0 0 0 0
1.97 0 0 0 0
1.97667 0 0 0 0
1.98333 0 0 0 0
1.99 0 0 0 0
1.99667 0 0 0 0
