0.00333333 94 29 1 0
0.01 114 24 0 1
0.0166667 137 38 0 0
0.0233333 109 33 1 1
0.03 120 30 0 0
0.0366667 121 36 1 2
0.0433333 137 38 1 1
0.05 163 43 4 2
0.0566667 171 44 0 2
0.0633333 161 45 1 0
0.07 184 63 0 0
0.0766667 183 58 2 3
0.0833333 238 53 4 1
0.09 219 74 2 2
0.0966667 219 62 1 0
0.103333 234 58 1 2
0.11 240 69 1 1
0.116667 264 64 1 2
0.123333 238 64 5 1
0.13 270 58 1 4
0.136667 257 59 1 3
0.143333 248 65 0 2
0.15 269 61 0 3
0.156667 255 78 0 3
0.163333 231 56 1 2
0.17 239 53 1 1
0.176667 257 68 0 2
0.183333 292 49 0 3
0.19 324 66 2 2
0.196667 298 66 1 4
0.203333 281 54 1 6
0.21 297 56 1 4
0.216667 290 56 1 1
0.223333 297 55 4 3
0.23 260 55 1 0
0.236667 266 52 0 4
0.243333 238 50 4 1
0.25 226 58 4 2
0.256667 229 63 0 3
0.263333 212 48 2 1
0.27 192 40 0 1
0.276667 190 54 3 3
0.283333 209 37 1 2
0.29 182 48 1 2
0.296667 181 36 0 1
0.303333 173 33 0 1
0.31 146 35 3 1
0.316667 172 34 1 1
0.323333 172 38 0 2
0.33 148 51 0 3
0.336667 147 36 0 1
0.343333 147 28 1 3
0.35 142 34 1 1
0.356667 140 33 1 1
0.363333 128 36 0 1
0.37 115 32 0 2
0.376667 144 27 1 1
0.383333 130 30 0 0
0.39 164 32 1 2
0.396667 131 28 2 4
0.403333 124 25 4 4
0.41 124 32 1 0
0.416667 137 30 0 4
0.423333 128 28 0 1
0.43 128 24 0 1
0.436667 140 31 0 0
0.443333 135 27 0 3
0.45 134 30 0 0
0.456667 132 30 0 4
0.463333 114 34 0 2
0.47 128 40 0 2
0.476667 115 22 2 3
0.483333 67 16 1 0
0.49 80 16 1 1
0.496667 58 13 1 1
0.503333 54 21 0 1
0.51 56 21 0 0
0.516667 47 13 0 0
0.523333 62 13 1 1
0.53 45 17 0 1
0.536667 61 10 1 2
0.543333 54 25 0 0
0.55 41 16 0 3
0.556667 46 8 0 0
0.563333 41 13 0 0
0.57 51 14 0 0
0.576667 41 23 0 0
0.583333 43 15 0 0
0.59 53 14 0 1
0.596667 40 12 0 1
0.603333 42 12 0 1
0.61 45 17 0 1
0.616667 38 9 2 0
0.623333 35 8 0 1
0.63 29 14 0 0
0.636667 55 10 3 2
0.643333 38 16 0 4
0.65 40 11 0 2
0.656667 32 14 0 2
0.663333 5873 1108 6 57
0.67 0 0 0 0
0.676667 0 0 0 0
0.683333 0 0 0 0
0.69 0 0 0 0
0.696667 0 0 0 0
0.703333 0 0 0 0
0.71 0 0 0 0
0.716667 0 0 0 0
0.723333 0 0 0 0
0.73 0 0 0 0
0.736667 0 0 0 0
0.743333 0 0 0 0
0.75 0 0 0 0
0.756667 0 0 0 0
0.763333 0 0 0 0
0.77 0 0 0 0
0.776667 0 0 0 0
0.783333 0 0 0 0
0.79 0 0 0 0
0.796667 0 0 0 0
0.803333 0 0 0 0
0.81 0 0 0 0
0.816667 0 0 0 0
0.823333 0 0 0 0
0.83 0 0 0 0
0.836667 0 0 0 0
0.843333 0 0 0 0
0.85 0 0 0 0
0.856667 0 0 0 0
0.863333 0 0 0 0
0.87 0 0 0 0
0.876667 0 0 0 0
0.883333 0 0 0 0
0.89 0 0 0 0
0.896667 0 0 0 0
0.903333 0 0 0 0
0.91 0 0 0 0
0.916667 0 0 0 0
0.923333 0 0 0 0
0.93 0 0 0 0
0.936667 0 0 0 0
0.943333 0 0 0 0
0.95 0 0 0 0
0.956667 0 0 0 0
0.963333 0 0 0 0
0.97 0 0 0 0
0.976667 0 0 0 0
0.983333 0 0 0 0
0.99 0 0 0 0
0.996667 0 0 0 0
1.00333 0 0 0 0
1.01 0 0 0 0
1.01667 0 0 0 0
1.02333 0 0 0 0
1.03 0 0 0 0
1.03667 0 0 0 0
1.04333 0 0 0 0
1.05 0 0 0 0
1.05667 0 0 0 0
1.06333 0 0 0 0
1.07 0 0 0 0
1.07667 0 0 0 0
1.08333 0 0 0 0
1.09 0 0 0 0
1.09667 0 0 0 0
1.10333 0 0 0 0
1.11 0 0 0 0
1.11667 0 0 0 0
1.12333 0 0 0 0
1.13 0 0 0 0
1.13667 0 0 0 0
1.14333 0 0 0 0
1.15 0 0 0 0
1.15667 0 0 0 0
1.16333 0 0 0 0
1.17 0 0 0 0
1.17667 0 0 0 0
1.18333 0 0 0 0
1.19 0 0 0 0
1.19667 0 0 0 0
1.20333 0 0 0 0
1.21 0 0 0 0
1.21667 0 0 0 0
1.22333 0 0 0 0
1.23 0 0 0 0
1.23667 0 0 0 0
1.24333 0 0 0 0
1.25 0 0 0 0
1.25667 0 0 0 0
1.26333 0 0 0 0
1.27 0 0 0 0
1.27667 0 0 0 0
1.28333 0 0 0 0
1.29 0 0 0 0
1.29667 0 0 0 0
1.30333 0 0 0 0
1.31 0 0 0 0
1.31667 0 0 0 0
1.32333 0 0 0 0
1.33 0 0 0 0
1.33667 0 0 0 0
1.34333 0 0 0 0
1.35 0 0 0 0
1.35667 0 0 0 0
1.36333 0 0 0 0
1.37 0 0 0 0
1.37667 0 0 0 0
1.38333 0 0 0 0
1.39 0 0 0 0
1.39667 0 0 0 0
1.40333 0 0 0 0
1.41 0 0 0 0
1.41667 0 0 0 0
1.42333 0 0 0 0
1.43 0 0 0 0
1.43667 0 0 0 0
1.44333 0 0 0 0
1.45 0 0 0 0
1.45667 0 0 0 0
1.46333 0 0 0 0
1.47 0 0 0 0
1.47667 0 0 0 0
1.48333 0 0 0 0
1.49 0 0 0 0
1.49667 0 0 0 0
1.50333 0 0 0 0
1.51 0 0 0 0
1.51667 0 0 0 0
1.52333 0 0 0 0
1.53 0 0 0 0
1.53667 0 0 0 0
1.54333 0 0 0 0
1.55 0 0 0 0
1.55667 0 0 0 0
1.56333 0 0 0 0
1.57 0 0 0 0
1.57667 0 0 0 0
1.58333 0 0 0 0
1.59 0 0 0 0
1.59667 0 0 0 0
1.60333 0 0 0 0
1.61 0 0 0 0
1.61667 0 0 0 0
1.62333 0 0 0 0
1.63 0 0 0 0
1.63667 0 0 0 0
1.64333 0 0 0 0
1.65 0 0 0 0
1.65667 0 0 0 0
1.66333 0 0 0 0
1.67 0 0 0 0
1.67667 0 0 0 0
1.68333 0 0 0 0
1.69 0 0 0 0
1.69667 0 0 0 0
1.70333 0 0 0 0
1.71 0 0 0 0
1.71667 0 0 0 0
1.72333 0 0 0 0
1.73 0 0 0 0
1.73667 0 0 0 0
1.74333 0 0 0 0
1.75 0 0 0 0
1.75667 0 0 0 0
1.76333 0 0 0 0
1.77 0 0 0 0
1.77667 0 0 0 0
1.78333 0 0 0 0
1.79 0 0 0 0
1.79667 0 0 0 0
1.80333 0 0 0 0
1.81 0 0 0 0
1.81667 0 0 0 0
1.82333 0 0 0 0
1.83 0 0 0 0
1.83667 0 0 0 0
1.84333 0 0 0 0
1.85 0 0 0 0
1.85667 0 0 0 0
1.86333 0 0 0 0
1.87 0 0 0 0
1.87667 0 0 0 0
1.88333 0 0 0 0
1.89 0 0 0 0
1.89667 0 0 0 0
1.90333 0 0 0 0
1.91 0 0 0 0
1.91667 0 0 0 0
1.92333 0 0 0 0
1.93 0 0 0 0
1.93667 0 0 0 0
1.94333 0 0 0 0
1.95 0 0 0 0
1.95667 0 0 0 0
1.96333 0 0 0 0
1.97 0 0 0 0
1.97667 0 0 0 0
1.98333 0 0 0 0
1.99 0 0 0 0
1.99667 0 0 0 0
