0.00333333 1 2 28 154
0.01 0 2 25 186
0.0166667 1 1 23 206
0.0233333 1 1 26 203
0.03 2 0 18 189
0.0366667 2 1 23 231
0.0433333 3 1 33 261
0.05 5 4 58 314
0.0566667 4 6 58 311
0.0633333 3 9 71 351
0.07 5 6 72 400
0.0766667 5 11 69 384
0.0833333 3 9 78 440
0.09 5 7 86 424
0.0966667 1 5 65 433
0.103333 4 3 82 405
0.11 3 3 61 448
0.116667 2 1 58 472
0.123333 4 4 66 493
0.13 3 4 45 505
0.136667 3 4 47 490
0.143333 3 5 45 478
0.15 1 6 60 488
0.156667 1 2 45 473
0.163333 1 5 45 446
0.17 5 7 38 469
0.176667 3 5 49 447
0.183333 2 8 54 525
0.19 6 3 53 629
0.196667 5 3 40 634
0.203333 8 5 41 619
0.21 7 2 42 556
0.216667 7 4 45 498
0.223333 3 4 33 494
0.23 1 1 42 463
0.236667 5 4 38 403
0.243333 1 2 37 397
0.25 3 2 30 350
0.256667 3 1 27 321
0.263333 1 2 35 311
0.27 5 3 32 315
0.276667 1 3 40 254
0.283333 5 2 33 271
0.29 5 4 32 289
0.296667 2 4 23 223
0.303333 5 0 17 246
0.31 5 2 22 230
0.316667 5 3 28 222
0.323333 0 3 28 229
0.33 1 3 31 233
0.336667 3 3 22 230
0.343333 0 6 24 229
0.35 0 3 19 210
0.356667 3 3 24 203
0.363333 4 0 17 193
0.37 1 1 30 197
0.376667 0 3 21 203
0.383333 0 5 20 187
0.39 1 0 17 180
0.396667 1 1 21 198
0.403333 3 4 22 195
0.41 1 1 24 174
0.416667 0 6 16 177
0.423333 0 4 20 200
0.43 1 4 14 167
0.436667 5 4 15 217
0.443333 2 2 13 176
0.45 0 3 27 202
0.456667 1 1 17 215
0.463333 0 0 17 208
0.47 0 2 9 225
0.476667 4 2 12 174
0.483333 3 0 14 104
0.49 1 2 13 89
0.496667 2 0 11 78
0.503333 3 0 10 92
0.51 1 0 12 83
0.516667 2 1 10 86
0.523333 2 1 9 68
0.53 1 2 14 74
0.536667 1 0 5 83
0.543333 2 5 11 61
0.55 0 1 13 58
0.556667 1 3 11 84
0.563333 0 2 11 54
0.57 0 2 12 78
0.576667 2 0 3 51
0.583333 0 1 9 58
0.59 1 2 7 74
0.596667 0 2 14 53
0.603333 2 1 8 53
0.61 2 1 9 62
0.616667 0 2 3 64
0.623333 1 1 6 50
0.63 4 0 10 74
0.636667 1 1 13 71
0.643333 0 1 6 35
0.65 0 1 7 55
0.656667 4 1 10 54
0.663333 65 34 304 9828
0.67 0 0 0 0
0.676667 0 0 0 0
0.683333 0 0 0 0
0.69 0 0 0 0
0.696667 0 0 0 0
0.703333 0 0 0 0
0.71 0 0 0 0
0.716667 0 0 0 0
0.723333 0 0 0 0
0.73 0 0 0 0
0.736667 0 0 0 0
0.743333 0 0 0 0
0.75 0 0 0 0
0.756667 0 0 0 0
0.763333 0 0 0 0
0.77 0 0 0 0
0.776667 0 0 0 0
0.783333 0 0 0 0
0.79 0 0 0 0
0.796667 0 0 0 0
0.803333 0 0 0 0
0.81 0 0 0 0
0.816667 0 0 0 0
0.823333 0 0 0 0
0.83 0 0 0 0
0.836667 0 0 0 0
0.843333 0 0 0 0
0.85 0 0 0 0
0.856667 0 0 0 0
0.863333 0 0 0 0
0.87 0 0 0 0
0.876667 0 0 0 0
0.883333 0 0 0 0
0.89 0 0 0 0
0.896667 0 0 0 0
0.903333 0 0 0 0
0.91 0 0 0 0
0.916667 0 0 0 0
0.923333 0 0 0 0
0.93 0 0 0 0
0.936667 0 0 0 0
0.943333 0 0 0 0
0.95 0 0 0 0
0.956667 0 0 0 0
0.963333 0 0 0 0
0.97 0 0 0 0
0.976667 0 0 0 0
0.983333 0 0 0 0
0.99 0 0 0 0
0.996667 0 0 0 0
1.00333 0 0 0 0
1.01 0 0 0 0
1.01667 0 0 0 0
1.02333 0 0 0 0
1.03 0 0 0 0
1.03667 0 0 0 0
1.04333 0 0 0 0
1.05 0 0 0 0
1.05667 0 0 0 0
1.06333 0 0 0 0
1.07 0 0 0 0
1.07667 0 0 0 0
1.08333 0 0 0 0
1.09 0 0 0 0
1.09667 0 0 0 0
1.10333 0 0 0 0
1.11 0 0 0 0
1.11667 0 0 0 0
1.12333 0 0 0 0
1.13 0 0 0 0
1.13667 0 0 0 0
1.14333 0 0 0 0
1.15 0 0 0 0
1.15667 0 0 0 0
1.16333 0 0 0 0
1.17 0 0 0 0
1.17667 0 0 0 0
1.18333 0 0 0 0
1.19 0 0 0 0
1.19667 0 0 0 0
1.20333 0 0 0 0
1.21 0 0 0 0
1.21667 0 0 0 0
1.22333 0 0 0 0
1.23 0 0 0 0
1.23667 0 0 0 0
1.24333 0 0 0 0
1.25 0 0 0 0
1.25667 0 0 0 0
1.26333 0 0 0 0
1.27 0 0 0 0
1.27667 0 0 0 0
1.28333 0 0 0 0
1.29 0 0 0 0
1.29667 0 0 0 0
1.30333 0 0 0 0
1.31 0 0 0 0
1.31667 0 0 0 0
1.32333 0 0 0 0
1.33 0 0 0 0
1.33667 0 0 0 0
1.34333 0 0 0 0
1.35 0 0 0 0
1.35667 0 0 0 0
1.36333 0 0 0 0
1.37 0 0 0 0
1.37667 0 0 0 0
1.38333 0 0 0 0
1.39 0 0 0 0
1.39667 0 0 0 0
1.40333 0 0 0 0
1.41 0 0 0 0
1.41667 0 0 0 0
1.42333 0 0 0 0
1.43 0 0 0 0
1.43667 0 0 0 0
1.44333 0 0 0 0
1.45 0 0 0 0
1.45667 0 0 0 0
1.46333 0 0 0 0
1.47 0 0 0 0
1.47667 0 0 0 0
1.48333 0 0 0 0
1.49 0 0 0 0
1.49667 0 0 0 0
1.50333 0 0 0 0
1.51 0 0 0 0
1.51667 0 0 0 0
1.52333 0 0 0 0
1.53 0 0 0 0
1.53667 0 0 0 0
1.54333 0 0 0 0
1.55 0 0 0 0
1.55667 0 0 0 0
1.56333 0 0 0 0
1.57 0 0 0 0
1.57667 0 0 0 0
1.58333 0 0 0 0
1.59 0 0 0 0
1.59667 0 0 0 0
1.60333 0 0 0 0
1.61 0 0 0 0
1.61667 0 0 0 0
1.62333 0 0 0 0
1.63 0 0 0 0
1.63667 0 0 0 0
1.64333 0 0 0 0
1.65 0 0 0 0
1.65667 0 0 0 0
1.66333 0 0 0 0
1.67 0 0 0 0
1.67667 0 0 0 0
1.68333 0 0 0 0
1.69 0 0 0 0
1.69667 0 0 0 0
1.70333 0 0 0 0
1.71 0 0 0 0
1.71667 0 0 0 0
1.72333 0 0 0 0
1.73 0 0 0 0
1.73667 0 0 0 0
1.74333 0 0 0 0
1.75 0 0 0 0
1.75667 0 0 0 0
1.76333 0 0 0 0
1.77 0 0 0 0
1.77667 0 0 0 0
1.78333 0 0 0 0
1.79 0 0 0 0
1.79667 0 0 0 0
1.80333 0 0 0 0
1.81 0 0 0 0
1.81667 0 0 0 0
1.82333 0 0 0 0
1.83 0 0 0 0
1.83667 0 0 0 0
1.84333 0 0 0 0
1.85 0 0 0 0
1.85667 0 0 0 0
1.86333 0 0 0 0
1.87 0 0 0 0
1.87667 0 0 0 0
1.88333 0 0 0 0
1.89 0 0 0 0
1.89667 0 0 0 0
1.90333 0 0 0 0
1.91 0 0 0 0
1.91667 0 0 0 0
1.92333 0 0 0 0
1.93 0 0 0 0
1.93667 0 0 0 0
1.94333 0 0 0 0
1.95 0 0 0 0
1.95667 0 0 0 0
1.96333 0 0 0 0
1.97 0 0 0 0
1.97667 0 0 0 0
1.98333 0 0 0 0
1.99 0 0 0 0
1.99667 0 0 0 0
