0.00333333 11 19 19 4
0.01 14 39 13 3
0.0166667 16 47 24 2
0.0233333 10 32 21 4
0.03 15 49 20 3
0.0366667 17 45 27 8
0.0433333 21 95 43 3
0.05 29 118 51 11
0.0566667 43 133 64 13
0.0633333 39 125 71 10
0.07 42 152 62 10
0.0766667 44 138 60 9
0.0833333 43 135 63 11
0.09 57 156 70 13
0.0966667 47 128 67 12
0.103333 42 144 61 13
0.11 47 135 58 13
0.116667 42 137 73 17
0.123333 40 120 61 3
0.13 32 117 53 8
0.136667 37 114 55 9
0.143333 36 125 52 8
0.15 25 100 56 15
0.156667 35 81 47 10
0.163333 30 83 46 9
0.17 36 92 43 5
0.176667 29 80 44 7
0.183333 39 84 37 12
0.19 24 76 53 10
0.196667 32 94 58 12
0.203333 33 78 45 10
0.21 35 83 47 12
0.216667 27 88 39 14
0.223333 26 86 43 11
0.23 26 70 34 5
0.236667 25 70 41 5
0.243333 23 65 34 5
0.25 31 63 35 6
0.256667 16 62 30 5
0.263333 16 59 33 6
0.27 20 49 26 10
0.276667 12 82 39 5
0.283333 16 56 39 8
0.29 17 56 27 6
0.296667 20 51 29 3
0.303333 16 49 29 5
0.31 26 55 33 6
0.316667 19 50 32 3
0.323333 15 52 26 7
0.33 11 46 27 5
0.336667 24 51 27 6
0.343333 12 35 17 5
0.35 16 54 21 4
0.356667 18 55 26 5
0.363333 14 42 19 4
0.37 13 44 23 6
0.376667 17 35 25 7
0.383333 18 44 16 2
0.39 12 37 26 3
0.396667 10 47 10 1
0.403333 18 27 27 7
0.41 16 30 24 5
0.416667 10 38 25 4
0.423333 8 42 24 4
0.43 12 42 17 5
0.436667 11 21 13 6
0.443333 14 27 22 2
0.45 10 35 9 5
0.456667 11 38 17 3
0.463333 21 30 19 1
0.47 12 30 21 3
0.476667 13 16 14 3
0.483333 13 24 15 6
0.49 11 25 16 4
0.496667 10 21 20 3
0.503333 8 22 17 2
0.51 6 22 14 1
0.516667 6 20 9 3
0.523333 2 27 8 3
0.53 10 24 9 1
0.536667 6 19 6 2
0.543333 4 15 10 7
0.55 9 19 12 2
0.556667 6 12 12 2
0.563333 10 18 12 3
0.57 4 21 18 4
0.576667 13 19 8 4
0.583333 5 11 9 7
0.59 8 7 5 1
0.596667 5 16 18 1
0.603333 6 21 11 3
0.61 6 11 11 3
0.616667 4 15 13 1
0.623333 13 13 7 5
0.63 11 18 12 4
0.636667 8 9 13 3
0.643333 9 15 5 3
0.65 8 14 7 3
0.656667 2 24 5 1
0.663333 225 644 422 46
0.67 0 0 0 0
0.676667 0 0 0 0
0.683333 0 0 0 0
0.69 0 0 0 0
0.696667 0 0 0 0
0.703333 0 0 0 0
0.71 0 0 0 0
0.716667 0 0 0 0
0.723333 0 0 0 0
0.73 0 0 0 0
0.736667 0 0 0 0
0.743333 0 0 0 0
0.75 0 0 0 0
0.756667 0 0 0 0
0.763333 0 0 0 0
0.77 0 0 0 0
0.776667 0 0 0 0
0.783333 0 0 0 0
0.79 0 0 0 0
0.796667 0 0 0 0
0.803333 0 0 0 0
0.81 0 0 0 0
0.816667 0 0 0 0
0.823333 0 0 0 0
0.83 0 0 0 0
0.836667 0 0 0 0
0.843333 0 0 0 0
0.85 0 0 0 0
0.856667 0 0 0 0
0.863333 0 0 0 0
0.87 0 0 0 0
0.876667 0 0 0 0
0.883333 0 0 0 0
0.89 0 0 0 0
0.896667 0 0 0 0
0.903333 0 0 0 0
0.91 0 0 0 0
0.916667 0 0 0 0
0.923333 0 0 0 0
0.93 0 0 0 0
0.936667 0 0 0 0
0.943333 0 0 0 0
0.95 0 0 0 0
0.956667 0 0 0 0
0.963333 0 0 0 0
0.97 0 0 0 0
0.976667 0 0 0 0
0.983333 0 0 0 0
0.99 0 0 0 0
0.996667 0 0 0 0
1.00333 0 0 0 0
1.01 0 0 0 0
1.01667 0 0 0 0
1.02333 0 0 0 0
1.03 0 0 0 0
1.03667 0 0 0 0
1.04333 0 0 0 0
1.05 0 0 0 0
1.05667 0 0 0 0
1.06333 0 0 0 0
1.07 0 0 0 0
1.07667 0 0 0 0
1.08333 0 0 0 0
1.09 0 0 0 0
1.09667 0 0 0 0
1.10333 0 0 0 0
1.11 0 0 0 0
1.11667 0 0 0 0
1.12333 0 0 0 0
1.13 0 0 0 0
1.13667 0 0 0 0
1.14333 0 0 0 0
1.15 0 0 0 0
1.15667 0 0 0 0
1.16333 0 0 0 0
1.17 0 0 0 0
1.17667 0 0 0 0
1.18333 0 0 0 0
1.19 0 0 0 0
1.19667 0 0 0 0
1.20333 0 0 0 0
1.21 0 0 0 0
1.21667 0 0 0 0
1.22333 0 0 0 0
1.23 0 0 0 0
1.23667 0 0 0 0
1.24333 0 0 0 0
1.25 0 0 0 0
1.25667 0 0 0 0
1.26333 0 0 0 0
1.27 0 0 0 0
1.27667 0 0 0 0
1.28333 0 0 0 0
1.29 0 0 0 0
1.29667 0 0 0 0
1.30333 0 0 0 0
1.31 0 0 0 0
1.31667 0 0 0 0
1.32333 0 0 0 0
1.33 0 0 0 0
1.33667 0 0 0 0
1.34333 0 0 0 0
1.35 0 0 0 0
1.35667 0 0 0 0
1.36333 0 0 0 0
1.37 0 0 0 0
1.37667 0 0 0 0
1.38333 0 0 0 0
1.39 0 0 0 0
1.39667 0 0 0 0
1.40333 0 0 0 0
1.41 0 0 0 0
1.41667 0 0 0 0
1.42333 0 0 0 0
1.43 0 0 0 0
1.43667 0 0 0 0
1.44333 0 0 0 0
1.45 0 0 0 0
1.45667 0 0 0 0
1.46333 0 0 0 0
1.47 0 0 0 0
1.47667 0 0 0 0
1.48333 0 0 0 0
1.49 0 0 0 0
1.49667 0 0 0 0
1.50333 0 0 0 0
1.51 0 0 0 0
1.51667 0 0 0 0
1.52333 0 0 0 0
1.53 0 0 0 0
1.53667 0 0 0 0
1.54333 0 0 0 0
1.55 0 0 0 0
1.55667 0 0 0 0
1.56333 0 0 0 0
1.57 0 0 0 0
1.57667 0 0 0 0
1.58333 0 0 0 0
1.59 0 0 0 0
1.59667 0 0 0 0
1.60333 0 0 0 0
1.61 0 0 0 0
1.61667 0 0 0 0
1.62333 0 0 0 0
1.63 0 0 0 0
1.63667 0 0 0 0
1.64333 0 0 0 0
1.65 0 0 0 0
1.65667 0 0 0 0
1.66333 0 0 0 0
1.67 0 0 0 0
1.67667 0 0 0 0
1.68333 0 0 0 0
1.69 0 0 0 0
1.69667 0 0 0 0
1.70333 0 0 0 0
1.71 0 0 0 0
1.71667 0 0 0 0
1.72333 0 0 0 0
1.73 0 0 0 0
1.73667 0 0 0 0
1.74333 0 0 0 0
1.75 0 0 0 0
1.75667 0 0 0 0
1.76333 0 0 0 0
1.77 0 0 0 0
1.77667 0 0 0 0
1.78333 0 0 0 0
1.79 0 0 0 0
1.79667 0 0 0 0
1.80333 0 0 0 0
1.81 0 0 0 0
1.81667 0 0 0 0
1.82333 0 0 0 0
1.83 0 0 0 0
1.83667 0 0 0 0
1.84333 0 0 0 0
1.85 0 0 0 0
1.85667 0 0 0 0
1.86333 0 0 0 0
1.87 0 0 0 0
1.87667 0 0 0 0
1.88333 0 0 0 0
1.89 0 0 0 0
1.89667 0 0 0 0
1.90333 0 0 0 0
1.91 0 0 0 0
1.91667 0 0 0 0
1.92333 0 0 0 0
1.93 0 0 0 0
1.93667 0 0 0 0
1.94333 0 0 0 0
1.95 0 0 0 0
1.95667 0 0 0 0
1.96333 0 0 0 0
1.97 0 0 0 0
1.97667 0 0 0 0
1.98333 0 0 0 0
1.99 0 0 0 0
1.99667 0 0 0 0
