0.00333333 107 29 0 0
0.01 104 33 4 0
0.0166667 112 31 2 1
0.0233333 127 36 2 0
0.03 103 39 3 2
0.0366667 157 49 3 3
0.0433333 192 65 4 1
0.05 254 79 3 0
0.0566667 234 96 10 5
0.0633333 268 84 5 3
0.07 290 99 5 3
0.0766667 308 102 1 1
0.0833333 340 95 6 5
0.09 307 100 5 7
0.0966667 322 103 6 3
0.103333 310 105 4 3
0.11 337 87 8 1
0.116667 368 104 4 0
0.123333 362 106 5 1
0.13 376 120 2 0
0.136667 357 77 4 4
0.143333 328 75 1 1
0.15 287 80 4 4
0.156667 305 77 5 1
0.163333 289 68 3 2
0.17 291 92 1 0
0.176667 281 70 1 2
0.183333 317 85 0 2
0.19 346 76 6 4
0.196667 337 87 4 1
0.203333 311 64 3 2
0.21 298 67 3 2
0.216667 260 55 4 5
0.223333 292 63 4 5
0.23 282 54 2 1
0.236667 252 53 4 2
0.243333 252 53 3 3
0.25 256 65 0 2
0.256667 213 46 1 4
0.263333 213 50 2 1
0.27 208 41 3 0
0.276667 197 46 0 1
0.283333 189 41 1 0
0.29 181 48 4 3
0.296667 172 46 2 2
0.303333 153 37 1 0
0.31 172 44 6 1
0.316667 135 44 4 1
0.323333 149 42 3 2
0.33 150 42 2 1
0.336667 151 35 1 1
0.343333 142 38 1 2
0.35 122 28 5 2
0.356667 118 32 1 0
0.363333 117 47 0 0
0.37 124 25 3 1
0.376667 116 43 2 1
0.383333 125 27 2 0
0.39 115 26 0 0
0.396667 133 31 2 0
0.403333 101 32 3 1
0.41 113 34 1 1
0.416667 121 46 1 4
0.423333 107 24 1 2
0.43 112 30 1 0
0.436667 106 33 0 1
0.443333 115 36 0 2
0.45 110 28 0 0
0.456667 113 37 0 1
0.463333 91 23 2 0
0.47 111 29 1 0
0.476667 99 36 2 0
0.483333 78 16 1 2
0.49 74 19 1 1
0.496667 52 17 2 0
0.503333 62 14 2 0
0.51 63 21 3 1
0.516667 69 16 1 1
0.523333 62 20 0 0
0.53 46 17 2 0
0.536667 55 12 2 0
0.543333 47 15 1 1
0.55 58 10 1 1
0.556667 60 13 1 0
0.563333 46 15 0 0
0.57 44 12 1 2
0.576667 42 16 5 3
0.583333 41 22 0 1
0.59 47 22 1 0
0.596667 48 19 2 0
0.603333 41 16 2 2
0.61 42 11 3 0
0.616667 48 10 3 1
0.623333 44 9 0 1
0.63 53 14 0 1
0.636667 52 15 0 0
0.643333 38 14 1 0
0.65 44 16 4 3
0.656667 48 13 0 3
0.663333 4408 682 22 15
0.67 0 0 0 0
0.676667 0 0 0 0
0.683333 0 0 0 0
0.69 0 0 0 0
0.696667 0 0 0 0
0.703333 0 0 0 0
0.71 0 0 0 0
0.716667 0 0 0 0
0.723333 0 0 0 0
0.73 0 0 0 0
0.736667 0 0 0 0
0.743333 0 0 0 0
0.75 0 0 0 0
0.756667 0 0 0 0
0.763333 0 0 0 0
0.77 0 0 0 0
0.776667 0 0 0 0
0.783333 0 0 0 0
0.79 0 0 0 0
0.796667 0 0 0 0
0.803333 0 0 0 0
0.81 0 0 0 0
0.816667 0 0 0 0
0.823333 0 0 0 0
0.83 0 0 0 0
0.836667 0 0 0 0
0.843333 0 0 0 0
0.85 0 0 0 0
0.856667 0 0 0 0
0.863333 0 0 0 0
0.87 0 0 0 0
0.876667 0 0 0 0
0.883333 0 0 0 0
0.89 0 0 0 0
0.896667 0 0 0 0
0.903333 0 0 0 0
0.91 0 0 0 0
0.916667 0 0 0 0
0.923333 0 0 0 0
0.93 0 0 0 0
0.936667 0 0 0 0
0.943333 0 0 0 0
0.95 0 0 0 0
0.956667 0 0 0 0
0.963333 0 0 0 0
0.97 0 0 0 0
0.976667 0 0 0 0
0.983333 0 0 0 0
0.99 0 0 0 0
0.996667 0 0 0 0
1.00333 0 0 0 0
1.01 0 0 0 0
1.01667 0 0 0 0
1.02333 0 0 0 0
1.03 0 0 0 0
1.03667 0 0 0 0
1.04333 0 0 0 0
1.05 0 0 0 0
1.05667 0 0 0 0
1.06333 0 0 0 0
1.07 0 0 0 0
1.07667 0 0 0 0
1.08333 0 0 0 0
1.09 0 0 0 0
1.09667 0 0 0 0
1.10333 0 0 0 0
1.11 0 0 0 0
1.11667 0 0 0 0
1.12333 0 0 0 0
1.13 0 0 0 0
1.13667 0 0 0 0
1.14333 0 0 0 0
1.15 0 0 0 0
1.15667 0 0 0 0
1.16333 0 0 0 0
1.17 0 0 0 0
1.17667 0 0 0 0
1.18333 0 0 0 0
1.19 0 0 0 0
1.19667 0 0 0 0
1.20333 0 0 0 0
1.21 0 0 0 0
1.21667 0 0 0 0
1.22333 0 0 0 0
1.23 0 0 0 0
1.23667 0 0 0 0
1.24333 0 0 0 0
1.25 0 0 0 0
1.25667 0 0 0 0
1.26333 0 0 0 0
1.27 0 0 0 0
1.27667 0 0 0 0
1.28333 0 0 0 0
1.29 0 0 0 0
1.29667 0 0 0 0
1.30333 0 0 0 0
1.31 0 0 0 0
1.31667 0 0 0 0
1.32333 0 0 0 0
1.33 0 0 0 0
1.33667 0 0 0 0
1.34333 0 0 0 0
1.35 0 0 0 0
1.35667 0 0 0 0
1.36333 0 0 0 0
1.37 0 0 0 0
1.37667 0 0 0 0
1.38333 0 0 0 0
1.39 0 0 0 0
1.39667 0 0 0 0
1.40333 0 0 0 0
1.41 0 0 0 0
1.41667 0 0 0 0
1.42333 0 0 0 0
1.43 0 0 0 0
1.43667 0 0 0 0
1.44333 0 0 0 0
1.45 0 0 0 0
1.45667 0 0 0 0
1.46333 0 0 0 0
1.47 0 0 0 0
1.47667 0 0 0 0
1.48333 0 0 0 0
1.49 0 0 0 0
1.49667 0 0 0 0
1.50333 0 0 0 0
1.51 0 0 0 0
1.51667 0 0 0 0
1.52333 0 0 0 0
1.53 0 0 0 0
1.53667 0 0 0 0
1.54333 0 0 0 0
1.55 0 0 0 0
1.55667 0 0 0 0
1.56333 0 0 0 0
1.57 0 0 0 0
1.57667 0 0 0 0
1.58333 0 0 0 0
1.59 0 0 0 0
1.59667 0 0 0 0
1.60333 0 0 0 0
1.61 0 0 0 0
1.61667 0 0 0 0
1.62333 0 0 0 0
1.63 0 0 0 0
1.63667 0 0 0 0
1.64333 0 0 0 0
1.65 0 0 0 0
1.65667 0 0 0 0
1.66333 0 0 0 0
1.67 0 0 0 0
1.67667 0 0 0 0
1.68333 0 0 0 0
1.69 0 0 0 0
1.69667 0 0 0 0
1.70333 0 0 0 0
1.71 0 0 0 0
1.71667 0 0 0 0
1.72333 0 0 0 0
1.73 0 0 0 0
1.73667 0 0 0 0
1.74333 0 0 0 0
1.75 0 0 0 0
1.75667 0 0 0 0
1.76333 0 0 0 0
1.77 0 0 0 0
1.77667 0 0 0 0
1.78333 0 0 0 0
1.79 0 0 0 0
1.79667 0 0 0 0
1.80333 0 0 0 0
1.81 0 0 0 0
1.81667 0 0 0 0
1.82333 0 0 0 0
1.83 0 0 0 0
1.83667 0 0 0 0
1.84333 0 0 0 0
1.85 0 0 0 0
1.85667 0 0 0 0
1.86333 0 0 0 0
1.87 0 0 0 0
1.87667 0 0 0 0
1.88333 0 0 0 0
1.89 0 0 0 0
1.89667 0 0 0 0
1.90333 0 0 0 0
1.91 0 0 0 0
1.91667 0 0 0 0
1.92333 0 0 0 0
1.93 0 0 0 0
1.93667 0 0 0 0
1.94333 0 0 0 0
1.95 0 0 0 0
1.95667 0 0 0 0
1.96333 0 0 0 0
1.97 0 0 0 0
1.97667 0 0 0 0
1.98333 0 0 0 0
1.99 0 0 0 0
1.99667 0 0 0 0
