0.00333333 20 59 2 2
0.01 31 58 10 3
0.0166667 33 79 10 0
0.0233333 34 74 6 2
0.03 25 85 8 0
0.0366667 54 87 13 4
0.0433333 66 148 25 4
0.05 64 201 24 7
0.0566667 109 227 25 9
0.0633333 133 232 24 8
0.07 113 253 31 3
0.0766667 86 285 36 10
0.0833333 105 246 38 4
0.09 99 240 31 6
0.0966667 111 252 29 3
0.103333 99 241 40 8
0.11 105 262 26 8
0.116667 90 246 33 4
0.123333 85 235 25 9
0.13 69 245 25 5
0.136667 81 224 21 5
0.143333 86 212 22 5
0.15 71 211 29 5
0.156667 73 217 20 9
0.163333 74 213 30 7
0.17 69 198 27 3
0.176667 85 202 20 7
0.183333 61 187 26 9
0.19 74 181 29 1
0.196667 82 190 29 2
0.203333 77 184 26 7
0.21 58 171 15 6
0.216667 46 164 19 7
0.223333 69 151 25 4
0.23 63 145 23 5
0.236667 60 168 21 4
0.243333 60 129 18 4
0.25 50 148 18 1
0.256667 41 141 14 3
0.263333 48 136 12 6
0.27 40 127 19 5
0.276667 45 126 16 5
0.283333 38 104 19 4
0.29 39 108 13 2
0.296667 43 111 12 7
0.303333 35 109 6 3
0.31 41 112 13 2
0.316667 53 98 10 4
0.323333 35 88 7 1
0.33 39 93 17 4
0.336667 44 80 16 4
0.343333 39 85 9 2
0.35 23 89 15 1
0.356667 36 76 13 3
0.363333 34 67 11 1
0.37 28 62 14 4
0.376667 24 70 10 4
0.383333 29 63 8 0
0.39 29 58 8 5
0.396667 35 52 10 3
0.403333 27 81 13 2
0.41 26 67 9 2
0.416667 17 56 13 1
0.423333 23 54 15 5
0.43 22 60 11 2
0.436667 18 60 7 2
0.443333 22 60 11 0
0.45 24 53 8 0
0.456667 28 57 19 2
0.463333 31 62 12 3
0.47 21 69 5 1
0.476667 24 55 6 4
0.483333 18 45 9 3
0.49 17 43 7 2
0.496667 21 37 6 2
0.503333 23 36 8 0
0.51 23 34 8 0
0.516667 22 33 13 0
0.523333 13 30 5 1
0.53 18 35 7 3
0.536667 17 33 4 3
0.543333 13 43 8 0
0.55 13 32 4 3
0.556667 14 29 8 1
0.563333 14 45 9 2
0.57 14 34 6 1
0.576667 14 34 13 2
0.583333 18 35 7 0
0.59 16 32 4 1
0.596667 9 29 4 2
0.603333 9 35 8 2
0.61 15 29 4 2
0.616667 9 21 10 2
0.623333 14 28 7 1
0.63 15 33 2 5
0.636667 6 31 6 5
0.643333 11 31 5 1
0.65 5 30 7 2
0.656667 13 44 6 1
0.663333 526 1814 191 27
0.67 0 0 0 0
0.676667 0 0 0 0
0.683333 0 0 0 0
0.69 0 0 0 0
0.696667 0 0 0 0
0.703333 0 0 0 0
0.71 0 0 0 0
0.716667 0 0 0 0
0.723333 0 0 0 0
0.73 0 0 0 0
0.736667 0 0 0 0
0.743333 0 0 0 0
0.75 0 0 0 0
0.756667 0 0 0 0
0.763333 0 0 0 0
0.77 0 0 0 0
0.776667 0 0 0 0
0.783333 0 0 0 0
0.79 0 0 0 0
0.796667 0 0 0 0
0.803333 0 0 0 0
0.81 0 0 0 0
0.816667 0 0 0 0
0.823333 0 0 0 0
0.83 0 0 0 0
0.836667 0 0 0 0
0.843333 0 0 0 0
0.85 0 0 0 0
0.856667 0 0 0 0
0.863333 0 0 0 0
0.87 0 0 0 0
0.876667 0 0 0 0
0.883333 0 0 0 0
0.89 0 0 0 0
0.896667 0 0 0 0
0.903333 0 0 0 0
0.91 0 0 0 0
0.916667 0 0 0 0
0.923333 0 0 0 0
0.93 0 0 0 0
0.936667 0 0 0 0
0.943333 0 0 0 0
0.95 0 0 0 0
0.956667 0 0 0 0
0.963333 0 0 0 0
0.97 0 0 0 0
0.976667 0 0 0 0
0.983333 0 0 0 0
0.99 0 0 0 0
0.996667 0 0 0 0
1.00333 0 0 0 0
1.01 0 0 0 0
1.01667 0 0 0 0
1.02333 0 0 0 0
1.03 0 0 0 0
1.03667 0 0 0 0
1.04333 0 0 0 0
1.05 0 0 0 0
1.05667 0 0 0 0
1.06333 0 0 0 0
1.07 0 0 0 0
1.07667 0 0 0 0
1.08333 0 0 0 0
1.09 0 0 0 0
1.09667 0 0 0 0
1.10333 0 0 0 0
1.11 0 0 0 0
1.11667 0 0 0 0
1.12333 0 0 0 0
1.13 0 0 0 0
1.13667 0 0 0 0
1.14333 0 0 0 0
1.15 0 0 0 0
1.15667 0 0 0 0
1.16333 0 0 0 0
1.17 0 0 0 0
1.17667 0 0 0 0
1.18333 0 0 0 0
1.19 0 0 0 0
1.19667 0 0 0 0
1.20333 0 0 0 0
1.21 0 0 0 0
1.21667 0 0 0 0
1.22333 0 0 0 0
1.23 0 0 0 0
1.23667 0 0 0 0
1.24333 0 0 0 0
1.25 0 0 0 0
1.25667 0 0 0 0
1.26333 0 0 0 0
1.27 0 0 0 0
1.27667 0 0 0 0
1.28333 0 0 0 0
1.29 0 0 0 0
1.29667 0 0 0 0
1.30333 0 0 0 0
1.31 0 0 0 0
1.31667 0 0 0 0
1.32333 0 0 0 0
1.33 0 0 0 0
1.33667 0 0 0 0
1.34333 0 0 0 0
1.35 0 0 0 0
1.35667 0 0 0 0
1.36333 0 0 0 0
1.37 0 0 0 0
1.37667 0 0 0 0
1.38333 0 0 0 0
1.39 0 0 0 0
1.39667 0 0 0 0
1.40333 0 0 0 0
1.41 0 0 0 0
1.41667 0 0 0 0
1.42333 0 0 0 0
1.43 0 0 0 0
1.43667 0 0 0 0
1.44333 0 0 0 0
1.45 0 0 0 0
1.45667 0 0 0 0
1.46333 0 0 0 0
1.47 0 0 0 0
1.47667 0 0 0 0
1.48333 0 0 0 0
1.49 0 0 0 0
1.49667 0 0 0 0
1.50333 0 0 0 0
1.51 0 0 0 0
1.51667 0 0 0 0
1.52333 0 0 0 0
1.53 0 0 0 0
1.53667 0 0 0 0
1.54333 0 0 0 0
1.55 0 0 0 0
1.55667 0 0 0 0
1.56333 0 0 0 0
1.57 0 0 0 0
1.57667 0 0 0 0
1.58333 0 0 0 0
1.59 0 0 0 0
1.59667 0 0 0 0
1.60333 0 0 0 0
1.61 0 0 0 0
1.61667 0 0 0 0
1.62333 0 0 0 0
1.63 0 0 0 0
1.63667 0 0 0 0
1.64333 0 0 0 0
1.65 0 0 0 0
1.65667 0 0 0 0
1.66333 0 0 0 0
1.67 0 0 0 0
1.67667 0 0 0 0
1.68333 0 0 0 0
1.69 0 0 0 0
1.69667 0 0 0 0
1.70333 0 0 0 0
1.71 0 0 0 0
1.71667 0 0 0 0
1.72333 0 0 0 0
1.73 0 0 0 0
1.73667 0 0 0 0
1.74333 0 0 0 0
1.75 0 0 0 0
1.75667 0 0 0 0
1.76333 0 0 0 0
1.77 0 0 0 0
1.77667 0 0 0 0
1.78333 0 0 0 0
1.79 0 0 0 0
1.79667 0 0 0 0
1.80333 0 0 0 0
1.81 0 0 0 0
1.81667 0 0 0 0
1.82333 0 0 0 0
1.83 0 0 0 0
1.83667 0 0 0 0
1.84333 0 0 0 0
1.85 0 0 0 0
1.85667 0 0 0 0
1.86333 0 0 0 0
1.87 0 0 0 0
1.87667 0 0 0 0
1.88333 0 0 0 0
1.89 0 0 0 0
1.89667 0 0 0 0
1.90333 0 0 0 0
1.91 0 0 0 0
1.91667 0 0 0 0
1.92333 0 0 0 0
1.93 0 0 0 0
1.93667 0 0 0 0
1.94333 0 0 0 0
1.95 0 0 0 0
1.95667 0 0 0 0
1.96333 0 0 0 0
1.97 0 0 0 0
1.97667 0 0 0 0
1.98333 0 0 0 0
1.99 0 0 0 0
1.99667 0 0 0 0
