0.00333333 12 36 5 9
0.01 25 48 10 12
0.0166667 11 41 17 11
0.0233333 10 49 6 11
0.03 20 43 21 8
0.0366667 24 48 18 15
0.0433333 29 64 29 9
0.05 36 82 38 22
0.0566667 37 103 52 25
0.0633333 34 117 28 19
0.07 48 104 43 19
0.0766667 44 140 46 31
0.0833333 39 107 54 25
0.09 57 114 44 19
0.0966667 39 106 45 18
0.103333 42 127 47 33
0.11 40 122 39 29
0.116667 37 125 46 36
0.123333 43 117 41 28
0.13 43 116 29 24
0.136667 32 124 33 28
0.143333 47 114 34 25
0.15 35 119 32 24
0.156667 39 99 25 23
0.163333 42 105 25 20
0.17 34 107 27 15
0.176667 43 96 33 26
0.183333 35 110 21 34
0.19 57 120 35 41
0.196667 51 95 32 46
0.203333 59 112 22 37
0.21 39 97 21 24
0.216667 22 113 23 26
0.223333 36 89 29 20
0.23 35 91 19 25
0.236667 42 93 17 22
0.243333 35 68 23 22
0.25 30 72 29 14
0.256667 25 66 22 11
0.263333 30 70 15 21
0.27 25 71 21 19
0.276667 23 76 18 21
0.283333 24 52 14 18
0.29 37 67 17 16
0.296667 30 51 23 9
0.303333 35 65 17 17
0.31 20 39 16 22
0.316667 30 60 18 13
0.323333 23 59 23 22
0.33 22 61 14 16
0.336667 27 49 15 8
0.343333 23 48 17 20
0.35 27 57 17 20
0.356667 25 53 14 20
0.363333 20 39 16 18
0.37 20 58 12 17
0.376667 15 53 17 20
0.383333 23 40 11 13
0.39 21 45 10 12
0.396667 24 51 16 14
0.403333 25 43 14 13
0.41 17 46 15 11
0.416667 23 53 13 18
0.423333 21 54 12 13
0.43 20 54 13 17
0.436667 24 39 18 15
0.443333 10 48 10 22
0.45 19 41 17 15
0.456667 22 50 11 13
0.463333 20 45 15 8
0.47 18 47 14 16
0.476667 20 40 12 8
0.483333 15 35 15 11
0.49 8 26 7 12
0.496667 18 34 10 10
0.503333 8 23 5 7
0.51 9 25 8 7
0.516667 11 24 11 6
0.523333 11 36 5 5
0.53 7 32 6 8
0.536667 12 32 8 6
0.543333 6 29 10 5
0.55 4 18 9 9
0.556667 13 26 10 8
0.563333 9 25 4 9
0.57 9 19 7 9
0.576667 11 23 8 7
0.583333 9 21 5 8
0.59 10 22 6 5
0.596667 11 21 10 10
0.603333 10 24 5 5
0.61 8 23 3 6
0.616667 14 22 11 7
0.623333 7 14 1 6
0.63 12 18 6 4
0.636667 2 19 8 4
0.643333 9 21 7 2
0.65 8 15 6 10
0.656667 2 12 4 10
0.663333 713 1366 159 513
0.67 0 0 0 0
0.676667 0 0 0 0
0.683333 0 0 0 0
0.69 0 0 0 0
0.696667 0 0 0 0
0.703333 0 0 0 0
0.71 0 0 0 0
0.716667 0 0 0 0
0.723333 0 0 0 0
0.73 0 0 0 0
0.736667 0 0 0 0
0.743333 0 0 0 0
0.75 0 0 0 0
0.756667 0 0 0 0
0.763333 0 0 0 0
0.77 0 0 0 0
0.776667 0 0 0 0
0.783333 0 0 0 0
0.79 0 0 0 0
0.796667 0 0 0 0
0.803333 0 0 0 0
0.81 0 0 0 0
0.816667 0 0 0 0
0.823333 0 0 0 0
0.83 0 0 0 0
0.836667 0 0 0 0
0.843333 0 0 0 0
0.85 0 0 0 0
0.856667 0 0 0 0
0.863333 0 0 0 0
0.87 0 0 0 0
0.876667 0 0 0 0
0.883333 0 0 0 0
0.89 0 0 0 0
0.896667 0 0 0 0
0.903333 0 0 0 0
0.91 0 0 0 0
0.916667 0 0 0 0
0.923333 0 0 0 0
0.93 0 0 0 0
0.936667 0 0 0 0
0.943333 0 0 0 0
0.95 0 0 0 0
0.956667 0 0 0 0
0.963333 0 0 0 0
0.97 0 0 0 0
0.976667 0 0 0 0
0.983333 0 0 0 0
0.99 0 0 0 0
0.996667 0 0 0 0
1.00333 0 0 0 0
1.01 0 0 0 0
1.01667 0 0 0 0
1.02333 0 0 0 0
1.03 0 0 0 0
1.03667 0 0 0 0
1.04333 0 0 0 0
1.05 0 0 0 0
1.05667 0 0 0 0
1.06333 0 0 0 0
1.07 0 0 0 0
1.07667 0 0 0 0
1.08333 0 0 0 0
1.09 0 0 0 0
1.09667 0 0 0 0
1.10333 0 0 0 0
1.11 0 0 0 0
1.11667 0 0 0 0
1.12333 0 0 0 0
1.13 0 0 0 0
1.13667 0 0 0 0
1.14333 0 0 0 0
1.15 0 0 0 0
1.15667 0 0 0 0
1.16333 0 0 0 0
1.17 0 0 0 0
1.17667 0 0 0 0
1.18333 0 0 0 0
1.19 0 0 0 0
1.19667 0 0 0 0
1.20333 0 0 0 0
1.21 0 0 0 0
1.21667 0 0 0 0
1.22333 0 0 0 0
1.23 0 0 0 0
1.23667 0 0 0 0
1.24333 0 0 0 0
1.25 0 0 0 0
1.25667 0 0 0 0
1.26333 0 0 0 0
1.27 0 0 0 0
1.27667 0 0 0 0
1.28333 0 0 0 0
1.29 0 0 0 0
1.29667 0 0 0 0
1.30333 0 0 0 0
1.31 0 0 0 0
1.31667 0 0 0 0
1.32333 0 0 0 0
1.33 0 0 0 0
1.33667 0 0 0 0
1.34333 0 0 0 0
1.35 0 0 0 0
1.35667 0 0 0 0
1.36333 0 0 0 0
1.37 0 0 0 0
1.37667 0 0 0 0
1.38333 0 0 0 0
1.39 0 0 0 0
1.39667 0 0 0 0
1.40333 0 0 0 0
1.41 0 0 0 0
1.41667 0 0 0 0
1.42333 0 0 0 0
1.43 0 0 0 0
1.43667 0 0 0 0
1.44333 0 0 0 0
1.45 0 0 0 0
1.45667 0 0 0 0
1.46333 0 0 0 0
1.47 0 0 0 0
1.47667 0 0 0 0
1.48333 0 0 0 0
1.49 0 0 0 0
1.49667 0 0 0 0
1.50333 0 0 0 0
1.51 0 0 0 0
1.51667 0 0 0 0
1.52333 0 0 0 0
1.53 0 0 0 0
1.53667 0 0 0 0
1.54333 0 0 0 0
1.55 0 0 0 0
1.55667 0 0 0 0
1.56333 0 0 0 0
1.57 0 0 0 0
1.57667 0 0 0 0
1.58333 0 0 0 0
1.59 0 0 0 0
1.59667 0 0 0 0
1.60333 0 0 0 0
1.61 0 0 0 0
1.61667 0 0 0 0
1.62333 0 0 0 0
1.63 0 0 0 0
1.63667 0 0 0 0
1.64333 0 0 0 0
1.65 0 0 0 0
1.65667 0 0 0 0
1.66333 0 0 0 0
1.67 0 0 0 0
1.67667 0 0 0 0
1.68333 0 0 0 0
1.69 0 0 0 0
1.69667 0 0 0 0
1.70333 0 0 0 0
1.71 0 0 0 0
1.71667 0 0 0 0
1.72333 0 0 0 0
1.73 0 0 0 0
1.73667 0 0 0 0
1.74333 0 0 0 0
1.75 0 0 0 0
1.75667 0 0 0 0
1.76333 0 0 0 0
1.77 0 0 0 0
1.77667 0 0 0 0
1.78333 0 0 0 0
1.79 0 0 0 0
1.79667 0 0 0 0
1.80333 0 0 0 0
1.81 0 0 0 0
1.81667 0 0 0 0
1.82333 0 0 0 0
1.83 0 0 0 0
1.83667 0 0 0 0
1.84333 0 0 0 0
1.85 0 0 0 0
1.85667 0 0 0 0
1.86333 0 0 0 0
1.87 0 0 0 0
1.87667 0 0 0 0
1.88333 0 0 0 0
1.89 0 0 0 0
1.89667 0 0 0 0
1.90333 0 0 0 0
1.91 0 0 0 0
1.91667 0 0 0 0
1.92333 0 0 0 0
1.93 0 0 0 0
1.93667 0 0 0 0
1.94333 0 0 0 0
1.95 0 0 0 0
1.95667 0 0 0 0
1.96333 0 0 0 0
1.97 0 0 0 0
1.97667 0 0 0 0
1.98333 0 0 0 0
1.99 0 0 0 0
1.99667 0 0 0 0
