0.00333333 2 5 28 67
0.01 2 2 26 82
0.0166667 1 3 34 111
0.0233333 2 5 42 85
0.03 0 5 37 116
0.0366667 2 8 50 126
0.0433333 1 2 74 152
0.05 1 9 90 191
0.0566667 1 9 113 196
0.0633333 3 8 124 239
0.07 7 10 123 265
0.0766667 7 15 113 263
0.0833333 3 15 115 291
0.09 5 16 105 251
0.0966667 6 9 115 271
0.103333 1 9 126 260
0.11 1 15 109 272
0.116667 2 7 83 304
0.123333 2 9 107 312
0.13 5 19 111 262
0.136667 6 14 76 249
0.143333 1 12 92 255
0.15 5 8 92 261
0.156667 2 10 75 256
0.163333 3 11 90 249
0.17 2 6 63 227
0.176667 5 5 87 241
0.183333 5 6 88 244
0.19 6 10 91 279
0.196667 2 14 62 270
0.203333 1 13 71 235
0.21 2 8 79 239
0.216667 1 9 63 206
0.223333 3 10 60 206
0.23 1 9 61 208
0.236667 2 8 63 211
0.243333 3 10 57 192
0.25 3 8 50 185
0.256667 2 11 60 183
0.263333 0 10 61 162
0.27 1 6 55 166
0.276667 3 5 54 156
0.283333 0 5 45 144
0.29 1 7 46 151
0.296667 1 6 50 127
0.303333 2 6 44 135
0.31 5 5 49 122
0.316667 3 6 47 119
0.323333 3 9 36 125
0.33 2 7 41 96
0.336667 3 6 29 116
0.343333 2 3 46 110
0.35 4 2 40 112
0.356667 0 3 35 107
0.363333 2 5 35 86
0.37 3 4 43 114
0.376667 4 5 31 118
0.383333 2 7 36 99
0.39 2 6 25 92
0.396667 2 5 37 105
0.403333 3 8 48 92
0.41 2 5 36 78
0.416667 3 8 41 100
0.423333 0 3 21 96
0.43 2 3 23 91
0.436667 0 4 39 93
0.443333 2 7 39 105
0.45 2 5 27 83
0.456667 4 8 24 91
0.463333 0 4 31 82
0.47 0 9 28 85
0.476667 1 3 19 79
0.483333 1 5 29 38
0.49 1 4 15 46
0.496667 2 4 20 40
0.503333 1 4 23 65
0.51 2 4 16 54
0.516667 2 7 17 35
0.523333 3 3 26 46
0.53 2 5 15 48
0.536667 2 1 14 54
0.543333 0 2 9 40
0.55 1 1 15 43
0.556667 1 4 17 49
0.563333 1 2 21 41
0.57 1 3 19 30
0.576667 1 3 18 30
0.583333 1 6 20 55
0.59 3 1 17 40
0.596667 1 2 9 37
0.603333 0 4 10 33
0.61 0 1 17 40
0.616667 0 0 18 46
0.623333 2 3 10 38
0.63 0 2 17 40
0.636667 0 3 27 38
0.643333 1 3 8 44
0.65 0 3 16 37
0.656667 1 1 12 39
0.663333 31 101 576 3206
0.67 0 0 0 0
0.676667 0 0 0 0
0.683333 0 0 0 0
0.69 0 0 0 0
0.696667 0 0 0 0
0.703333 0 0 0 0
0.71 0 0 0 0
0.716667 0 0 0 0
0.723333 0 0 0 0
0.73 0 0 0 0
0.736667 0 0 0 0
0.743333 0 0 0 0
0.75 0 0 0 0
0.756667 0 0 0 0
0.763333 0 0 0 0
0.77 0 0 0 0
0.776667 0 0 0 0
0.783333 0 0 0 0
0.79 0 0 0 0
0.796667 0 0 0 0
0.803333 0 0 0 0
0.81 0 0 0 0
0.816667 0 0 0 0
0.823333 0 0 0 0
0.83 0 0 0 0
0.836667 0 0 0 0
0.843333 0 0 0 0
0.85 0 0 0 0
0.856667 0 0 0 0
0.863333 0 0 0 0
0.87 0 0 0 0
0.876667 0 0 0 0
0.883333 0 0 0 0
0.89 0 0 0 0
0.896667 0 0 0 0
0.903333 0 0 0 0
0.91 0 0 0 0
0.916667 0 0 0 0
0.923333 0 0 0 0
0.93 0 0 0 0
0.936667 0 0 0 0
0.943333 0 0 0 0
0.95 0 0 0 0
0.956667 0 0 0 0
0.963333 0 0 0 0
0.97 0 0 0 0
0.976667 0 0 0 0
0.983333 0 0 0 0
0.99 0 0 0 0
0.996667 0 0 0 0
1.00333 0 0 0 0
1.01 0 0 0 0
1.01667 0 0 0 0
1.02333 0 0 0 0
1.03 0 0 0 0
1.03667 0 0 0 0
1.04333 0 0 0 0
1.05 0 0 0 0
1.05667 0 0 0 0
1.06333 0 0 0 0
1.07 0 0 0 0
1.07667 0 0 0 0
1.08333 0 0 0 0
1.09 0 0 0 0
1.09667 0 0 0 0
1.10333 0 0 0 0
1.11 0 0 0 0
1.11667 0 0 0 0
1.12333 0 0 0 0
1.13 0 0 0 0
1.13667 0 0 0 0
1.14333 0 0 0 0
1.15 0 0 0 0
1.15667 0 0 0 0
1.16333 0 0 0 0
1.17 0 0 0 0
1.17667 0 0 0 0
1.18333 0 0 0 0
1.19 0 0 0 0
1.19667 0 0 0 0
1.20333 0 0 0 0
1.21 0 0 0 0
1.21667 0 0 0 0
1.22333 0 0 0 0
1.23 0 0 0 0
1.23667 0 0 0 0
1.24333 0 0 0 0
1.25 0 0 0 0
1.25667 0 0 0 0
1.26333 0 0 0 0
1.27 0 0 0 0
1.27667 0 0 0 0
1.28333 0 0 0 0
1.29 0 0 0 0
1.29667 0 0 0 0
1.30333 0 0 0 0
1.31 0 0 0 0
1.31667 0 0 0 0
1.32333 0 0 0 0
1.33 0 0 0 0
1.33667 0 0 0 0
1.34333 0 0 0 0
1.35 0 0 0 0
1.35667 0 0 0 0
1.36333 0 0 0 0
1.37 0 0 0 0
1.37667 0 0 0 0
1.38333 0 0 0 0
1.39 0 0 0 0
1.39667 0 0 0 0
1.40333 0 0 0 0
1.41 0 0 0 0
1.41667 0 0 0 0
1.42333 0 0 0 0
1.43 0 0 0 0
1.43667 0 0 0 0
1.44333 0 0 0 0
1.45 0 0 0 0
1.45667 0 0 0 0
1.46333 0 0 0 0
1.47 0 0 0 0
1.47667 0 0 0 0
1.48333 0 0 0 0
1.49 0 0 0 0
1.49667 0 0 0 0
1.50333 0 0 0 0
1.51 0 0 0 0
1.51667 0 0 0 0
1.52333 0 0 0 0
1.53 0 0 0 0
1.53667 0 0 0 0
1.54333 0 0 0 0
1.55 0 0 0 0
1.55667 0 0 0 0
1.56333 0 0 0 0
1.57 0 0 0 0
1.57667 0 0 0 0
1.58333 0 0 0 0
1.59 0 0 0 0
1.59667 0 0 0 0
1.60333 0 0 0 0
1.61 0 0 0 0
1.61667 0 0 0 0
1.62333 0 0 0 0
1.63 0 0 0 0
1.63667 0 0 0 0
1.64333 0 0 0 0
1.65 0 0 0 0
1.65667 0 0 0 0
1.66333 0 0 0 0
1.67 0 0 0 0
1.67667 0 0 0 0
1.68333 0 0 0 0
1.69 0 0 0 0
1.69667 0 0 0 0
1.70333 0 0 0 0
1.71 0 0 0 0
1.71667 0 0 0 0
1.72333 0 0 0 0
1.73 0 0 0 0
1.73667 0 0 0 0
1.74333 0 0 0 0
1.75 0 0 0 0
1.75667 0 0 0 0
1.76333 0 0 0 0
1.77 0 0 0 0
1.77667 0 0 0 0
1.78333 0 0 0 0
1.79 0 0 0 0
1.79667 0 0 0 0
1.80333 0 0 0 0
1.81 0 0 0 0
1.81667 0 0 0 0
1.82333 0 0 0 0
1.83 0 0 0 0
1.83667 0 0 0 0
1.84333 0 0 0 0
1.85 0 0 0 0
1.85667 0 0 0 0
1.86333 0 0 0 0
1.87 0 0 0 0
1.87667 0 0 0 0
1.88333 0 0 0 0
1.89 0 0 0 0
1.89667 0 0 0 0
1.90333 0 0 0 0
1.91 0 0 0 0
1.91667 0 0 0 0
1.92333 0 0 0 0
1.93 0 0 0 0
1.93667 0 0 0 0
1.94333 0 0 0 0
1.95 0 0 0 0
1.95667 0 0 0 0
1.96333 0 0 0 0
1.97 0 0 0 0
1.97667 0 0 0 0
1.98333 0 0 0 0
1.99 0 0 0 0
1.99667 0 0 0 0
