0.00333333 33 59 5 2
0.01 39 70 6 0
0.0166667 52 70 5 2
0.0233333 46 74 3 5
0.03 57 102 5 5
0.0366667 51 102 6 3
0.0433333 73 138 20 1
0.05 111 163 16 4
0.0566667 112 208 29 5
0.0633333 120 251 23 4
0.07 144 237 14 7
0.0766667 137 232 24 6
0.0833333 133 225 29 14
0.09 147 255 25 10
0.0966667 161 243 20 5
0.103333 158 246 20 10
0.11 156 268 24 4
0.116667 145 245 24 7
0.123333 142 257 23 5
0.13 124 243 10 7
0.136667 130 225 20 13
0.143333 129 228 20 7
0.15 131 214 19 8
0.156667 114 212 18 2
0.163333 106 190 16 9
0.17 128 183 15 7
0.176667 146 182 15 2
0.183333 117 184 13 7
0.19 103 198 16 6
0.196667 118 168 6 5
0.203333 105 187 19 7
0.21 101 181 12 5
0.216667 86 174 10 9
0.223333 104 149 20 8
0.23 89 139 12 5
0.236667 91 156 19 4
0.243333 88 145 7 4
0.25 79 141 6 1
0.256667 55 125 11 4
0.263333 67 121 10 4
0.27 72 123 7 10
0.276667 76 118 12 2
0.283333 58 116 13 2
0.29 53 128 6 3
0.296667 61 86 7 3
0.303333 62 109 7 7
0.31 64 98 13 7
0.316667 68 82 3 5
0.323333 57 97 10 4
0.33 61 82 9 2
0.336667 53 84 13 5
0.343333 55 87 9 2
0.35 47 94 4 4
0.356667 53 71 3 5
0.363333 56 97 10 3
0.37 38 59 6 4
0.376667 52 72 10 9
0.383333 44 79 7 3
0.39 43 80 6 1
0.396667 49 61 4 3
0.403333 36 78 10 1
0.41 44 69 9 2
0.416667 44 66 7 4
0.423333 30 64 8 1
0.43 45 60 7 3
0.436667 30 61 3 2
0.443333 51 57 11 5
0.45 41 64 3 3
0.456667 31 56 6 4
0.463333 44 78 2 4
0.47 33 75 8 3
0.476667 38 59 7 1
0.483333 31 45 4 3
0.49 28 57 8 3
0.496667 24 38 7 1
0.503333 28 46 8 1
0.51 24 38 4 1
0.516667 22 42 3 5
0.523333 14 31 6 0
0.53 23 33 3 4
0.536667 24 27 1 1
0.543333 19 37 3 1
0.55 16 36 1 0
0.556667 20 31 4 2
0.563333 14 36 0 3
0.57 15 44 2 2
0.576667 12 35 5 2
0.583333 14 34 6 2
0.59 17 31 3 3
0.596667 24 30 2 2
0.603333 19 32 4 2
0.61 16 31 2 4
0.616667 14 23 9 1
0.623333 20 24 0 2
0.63 21 38 0 1
0.636667 18 31 5 1
0.643333 17 28 3 1
0.65 15 22 4 7
0.656667 9 23 5 4
0.663333 1121 1835 107 56
0.67 0 0 0 0
0.676667 0 0 0 0
0.683333 0 0 0 0
0.69 0 0 0 0
0.696667 0 0 0 0
0.703333 0 0 0 0
0.71 0 0 0 0
0.716667 0 0 0 0
0.723333 0 0 0 0
0.73 0 0 0 0
0.736667 0 0 0 0
0.743333 0 0 0 0
0.75 0 0 0 0
0.756667 0 0 0 0
0.763333 0 0 0 0
0.77 0 0 0 0
0.776667 0 0 0 0
0.783333 0 0 0 0
0.79 0 0 0 0
0.796667 0 0 0 0
0.803333 0 0 0 0
0.81 0 0 0 0
0.816667 0 0 0 0
0.823333 0 0 0 0
0.83 0 0 0 0
0.836667 0 0 0 0
0.843333 0 0 0 0
0.85 0 0 0 0
0.856667 0 0 0 0
0.863333 0 0 0 0
0.87 0 0 0 0
0.876667 0 0 0 0
0.883333 0 0 0 0
0.89 0 0 0 0
0.896667 0 0 0 0
0.903333 0 0 0 0
0.91 0 0 0 0
0.916667 0 0 0 0
0.923333 0 0 0 0
0.93 0 0 0 0
0.936667 0 0 0 0
0.943333 0 0 0 0
0.95 0 0 0 0
0.956667 0 0 0 0
0.963333 0 0 0 0
0.97 0 0 0 0
0.976667 0 0 0 0
0.983333 0 0 0 0
0.99 0 0 0 0
0.996667 0 0 0 0
1.00333 0 0 0 0
1.01 0 0 0 0
1.01667 0 0 0 0
1.02333 0 0 0 0
1.03 0 0 0 0
1.03667 0 0 0 0
1.04333 0 0 0 0
1.05 0 0 0 0
1.05667 0 0 0 0
1.06333 0 0 0 0
1.07 0 0 0 0
1.07667 0 0 0 0
1.08333 0 0 0 0
1.09 0 0 0 0
1.09667 0 0 0 0
1.10333 0 0 0 0
1.11 0 0 0 0
1.11667 0 0 0 0
1.12333 0 0 0 0
1.13 0 0 0 0
1.13667 0 0 0 0
1.14333 0 0 0 0
1.15 0 0 0 0
1.15667 0 0 0 0
1.16333 0 0 0 0
1.17 0 0 0 0
1.17667 0 0 0 0
1.18333 0 0 0 0
1.19 0 0 0 0
1.19667 0 0 0 0
1.20333 0 0 0 0
1.21 0 0 0 0
1.21667 0 0 0 0
1.22333 0 0 0 0
1.23 0 0 0 0
1.23667 0 0 0 0
1.24333 0 0 0 0
1.25 0 0 0 0
1.25667 0 0 0 0
1.26333 0 0 0 0
1.27 0 0 0 0
1.27667 0 0 0 0
1.28333 0 0 0 0
1.29 0 0 0 0
1.29667 0 0 0 0
1.30333 0 0 0 0
1.31 0 0 0 0
1.31667 0 0 0 0
1.32333 0 0 0 0
1.33 0 0 0 0
1.33667 0 0 0 0
1.34333 0 0 0 0
1.35 0 0 0 0
1.35667 0 0 0 0
1.36333 0 0 0 0
1.37 0 0 0 0
1.37667 0 0 0 0
1.38333 0 0 0 0
1.39 0 0 0 0
1.39667 0 0 0 0
1.40333 0 0 0 0
1.41 0 0 0 0
1.41667 0 0 0 0
1.42333 0 0 0 0
1.43 0 0 0 0
1.43667 0 0 0 0
1.44333 0 0 0 0
1.45 0 0 0 0
1.45667 0 0 0 0
1.46333 0 0 0 0
1.47 0 0 0 0
1.47667 0 0 0 0
1.48333 0 0 0 0
1.49 0 0 0 0
1.49667 0 0 0 0
1.50333 0 0 0 0
1.51 0 0 0 0
1.51667 0 0 0 0
1.52333 0 0 0 0
1.53 0 0 0 0
1.53667 0 0 0 0
1.54333 0 0 0 0
1.55 0 0 0 0
1.55667 0 0 0 0
1.56333 0 0 0 0
1.57 0 0 0 0
1.57667 0 0 0 0
1.58333 0 0 0 0
1.59 0 0 0 0
1.59667 0 0 0 0
1.60333 0 0 0 0
1.61 0 0 0 0
1.61667 0 0 0 0
1.62333 0 0 0 0
1.63 0 0 0 0
1.63667 0 0 0 0
1.64333 0 0 0 0
1.65 0 0 0 0
1.65667 0 0 0 0
1.66333 0 0 0 0
1.67 0 0 0 0
1.67667 0 0 0 0
1.68333 0 0 0 0
1.69 0 0 0 0
1.69667 0 0 0 0
1.70333 0 0 0 0
1.71 0 0 0 0
1.71667 0 0 0 0
1.72333 0 0 0 0
1.73 0 0 0 0
1.73667 0 0 0 0
1.74333 0 0 0 0
1.75 0 0 0 0
1.75667 0 0 0 0
1.76333 0 0 0 0
1.77 0 0 0 0
1.77667 0 0 0 0
1.78333 0 0 0 0
1.79 0 0 0 0
1.79667 0 0 0 0
1.80333 0 0 0 0
1.81 0 0 0 0
1.81667 0 0 0 0
1.82333 0 0 0 0
1.83 0 0 0 0
1.83667 0 0 0 0
1.84333 0 0 0 0
1.85 0 0 0 0
1.85667 0 0 0 0
1.86333 0 0 0 0
1.87 0 0 0 0
1.87667 0 0 0 0
1.88333 0 0 0 0
1.89 0 0 0 0
1.89667 0 0 0 0
1.90333 0 0 0 0
1.91 0 0 0 0
1.91667 0 0 0 0
1.92333 0 0 0 0
1.93 0 0 0 0
1.93667 0 0 0 0
1.94333 0 0 0 0
1.95 0 0 0 0
1.95667 0 0 0 0
1.96333 0 0 0 0
1.97 0 0 0 0
1.97667 0 0 0 0
1.98333 0 0 0 0
1.99 0 0 0 0
1.99667 0 0 0 0
