0.00333333 8 35 14 8
0.01 13 43 20 14
0.0166667 9 54 19 12
0.0233333 16 60 22 8
0.03 14 42 32 11
0.0366667 9 63 29 18
0.0433333 9 63 49 25
0.05 20 86 59 27
0.0566667 22 94 61 32
0.0633333 18 101 67 26
0.07 25 120 61 30
0.0766667 19 98 75 42
0.0833333 20 114 75 32
0.09 36 116 61 36
0.0966667 19 89 81 24
0.103333 25 117 75 42
0.11 31 121 73 29
0.116667 26 144 67 32
0.123333 25 106 51 41
0.13 24 112 60 39
0.136667 18 119 49 32
0.143333 22 107 52 27
0.15 21 87 41 14
0.156667 15 115 43 31
0.163333 16 75 43 30
0.17 14 96 41 24
0.176667 16 102 47 26
0.183333 29 119 59 31
0.19 26 128 50 28
0.196667 18 101 42 31
0.203333 16 126 44 25
0.21 25 86 38 23
0.216667 15 92 38 31
0.223333 20 88 28 25
0.23 16 102 41 28
0.236667 29 83 38 30
0.243333 20 74 26 22
0.25 18 90 31 26
0.256667 21 76 46 16
0.263333 22 75 28 22
0.27 12 66 33 14
0.276667 17 65 28 14
0.283333 11 67 26 22
0.29 13 63 26 22
0.296667 14 55 23 16
0.303333 13 62 31 18
0.31 12 62 24 15
0.316667 13 58 33 13
0.323333 6 56 31 8
0.33 9 49 28 13
0.336667 11 56 26 14
0.343333 11 43 22 13
0.35 15 53 23 21
0.356667 14 45 18 16
0.363333 13 52 22 16
0.37 21 41 22 16
0.376667 8 39 22 13
0.383333 16 50 20 18
0.39 17 46 19 14
0.396667 16 53 11 18
0.403333 10 57 20 11
0.41 11 50 23 15
0.416667 9 43 17 11
0.423333 6 55 18 11
0.43 10 45 11 10
0.436667 15 28 30 20
0.443333 12 47 17 16
0.45 16 55 19 17
0.456667 10 31 17 11
0.463333 9 49 17 10
0.47 9 44 17 18
0.476667 8 44 13 11
0.483333 8 24 12 8
0.49 6 31 12 5
0.496667 10 27 14 10
0.503333 8 24 11 10
0.51 6 20 10 7
0.516667 3 25 10 11
0.523333 10 25 5 6
0.53 9 23 9 8
0.536667 8 29 12 9
0.543333 8 21 14 7
0.55 3 28 8 8
0.556667 3 20 14 7
0.563333 8 23 9 5
0.57 6 15 10 10
0.576667 8 25 12 6
0.583333 9 13 8 9
0.59 3 20 14 4
0.596667 6 18 10 1
0.603333 4 15 9 11
0.61 6 30 14 10
0.616667 6 20 13 3
0.623333 8 16 11 7
0.63 4 23 9 10
0.636667 5 25 9 10
0.643333 10 15 13 4
0.65 5 16 8 7
0.656667 6 20 7 6
0.663333 279 1526 352 333
0.67 0 0 0 0
0.676667 0 0 0 0
0.683333 0 0 0 0
0.69 0 0 0 0
0.696667 0 0 0 0
0.703333 0 0 0 0
0.71 0 0 0 0
0.716667 0 0 0 0
0.723333 0 0 0 0
0.73 0 0 0 0
0.736667 0 0 0 0
0.743333 0 0 0 0
0.75 0 0 0 0
0.756667 0 0 0 0
0.763333 0 0 0 0
0.77 0 0 0 0
0.776667 0 0 0 0
0.783333 0 0 0 0
0.79 0 0 0 0
0.796667 0 0 0 0
0.803333 0 0 0 0
0.81 0 0 0 0
0.816667 0 0 0 0
0.823333 0 0 0 0
0.83 0 0 0 0
0.836667 0 0 0 0
0.843333 0 0 0 0
0.85 0 0 0 0
0.856667 0 0 0 0
0.863333 0 0 0 0
0.87 0 0 0 0
0.876667 0 0 0 0
0.883333 0 0 0 0
0.89 0 0 0 0
0.896667 0 0 0 0
0.903333 0 0 0 0
0.91 0 0 0 0
0.916667 0 0 0 0
0.923333 0 0 0 0
0.93 0 0 0 0
0.936667 0 0 0 0
0.943333 0 0 0 0
0.95 0 0 0 0
0.956667 0 0 0 0
0.963333 0 0 0 0
0.97 0 0 0 0
0.976667 0 0 0 0
0.983333 0 0 0 0
0.99 0 0 0 0
0.996667 0 0 0 0
1.00333 0 0 0 0
1.01 0 0 0 0
1.01667 0 0 0 0
1.02333 0 0 0 0
1.03 0 0 0 0
1.03667 0 0 0 0
1.04333 0 0 0 0
1.05 0 0 0 0
1.05667 0 0 0 0
1.06333 0 0 0 0
1.07 0 0 0 0
1.07667 0 0 0 0
1.08333 0 0 0 0
1.09 0 0 0 0
1.09667 0 0 0 0
1.10333 0 0 0 0
1.11 0 0 0 0
1.11667 0 0 0 0
1.12333 0 0 0 0
1.13 0 0 0 0
1.13667 0 0 0 0
1.14333 0 0 0 0
1.15 0 0 0 0
1.15667 0 0 0 0
1.16333 0 0 0 0
1.17 0 0 0 0
1.17667 0 0 0 0
1.18333 0 0 0 0
1.19 0 0 0 0
1.19667 0 0 0 0
1.20333 0 0 0 0
1.21 0 0 0 0
1.21667 0 0 0 0
1.22333 0 0 0 0
1.23 0 0 0 0
1.23667 0 0 0 0
1.24333 0 0 0 0
1.25 0 0 0 0
1.25667 0 0 0 0
1.26333 0 0 0 0
1.27 0 0 0 0
1.27667 0 0 0 0
1.28333 0 0 0 0
1.29 0 0 0 0
1.29667 0 0 0 0
1.30333 0 0 0 0
1.31 0 0 0 0
1.31667 0 0 0 0
1.32333 0 0 0 0
1.33 0 0 0 0
1.33667 0 0 0 0
1.34333 0 0 0 0
1.35 0 0 0 0
1.35667 0 0 0 0
1.36333 0 0 0 0
1.37 0 0 0 0
1.37667 0 0 0 0
1.38333 0 0 0 0
1.39 0 0 0 0
1.39667 0 0 0 0
1.40333 0 0 0 0
1.41 0 0 0 0
1.41667 0 0 0 0
1.42333 0 0 0 0
1.43 0 0 0 0
1.43667 0 0 0 0
1.44333 0 0 0 0
1.45 0 0 0 0
1.45667 0 0 0 0
1.46333 0 0 0 0
1.47 0 0 0 0
1.47667 0 0 0 0
1.48333 0 0 0 0
1.49 0 0 0 0
1.49667 0 0 0 0
1.50333 0 0 0 0
1.51 0 0 0 0
1.51667 0 0 0 0
1.52333 0 0 0 0
1.53 0 0 0 0
1.53667 0 0 0 0
1.54333 0 0 0 0
1.55 0 0 0 0
1.55667 0 0 0 0
1.56333 0 0 0 0
1.57 0 0 0 0
1.57667 0 0 0 0
1.58333 0 0 0 0
1.59 0 0 0 0
1.59667 0 0 0 0
1.60333 0 0 0 0
1.61 0 0 0 0
1.61667 0 0 0 0
1.62333 0 0 0 0
1.63 0 0 0 0
1.63667 0 0 0 0
1.64333 0 0 0 0
1.65 0 0 0 0
1.65667 0 0 0 0
1.66333 0 0 0 0
1.67 0 0 0 0
1.67667 0 0 0 0
1.68333 0 0 0 0
1.69 0 0 0 0
1.69667 0 0 0 0
1.70333 0 0 0 0
1.71 0 0 0 0
1.71667 0 0 0 0
1.72333 0 0 0 0
1.73 0 0 0 0
1.73667 0 0 0 0
1.74333 0 0 0 0
1.75 0 0 0 0
1.75667 0 0 0 0
1.76333 0 0 0 0
1.77 0 0 0 0
1.77667 0 0 0 0
1.78333 0 0 0 0
1.79 0 0 0 0
1.79667 0 0 0 0
1.80333 0 0 0 0
1.81 0 0 0 0
1.81667 0 0 0 0
1.82333 0 0 0 0
1.83 0 0 0 0
1.83667 0 0 0 0
1.84333 0 0 0 0
1.85 0 0 0 0
1.85667 0 0 0 0
1.86333 0 0 0 0
1.87 0 0 0 0
1.87667 0 0 0 0
1.88333 0 0 0 0
1.89 0 0 0 0
1.89667 0 0 0 0
1.90333 0 0 0 0
1.91 0 0 0 0
1.91667 0 0 0 0
1.92333 0 0 0 0
1.93 0 0 0 0
1.93667 0 0 0 0
1.94333 0 0 0 0
1.95 0 0 0 0
1.95667 0 0 0 0
1.96333 0 0 0 0
1.97 0 0 0 0
1.97667 0 0 0 0
1.98333 0 0 0 0
1.99 0 0 0 0
1.99667 0 0 0 0
