0.00333333 7 28 36 9
0.01 5 33 38 10
0.0166667 4 35 32 9
0.0233333 9 33 37 7
0.03 10 38 44 12
0.0366667 10 58 48 12
0.0433333 14 73 80 16
0.05 27 70 84 27
0.0566667 24 110 101 26
0.0633333 21 115 110 22
0.07 28 136 137 34
0.0766667 26 126 149 34
0.0833333 27 125 136 30
0.09 25 116 150 37
0.0966667 25 110 136 33
0.103333 26 104 145 22
0.11 26 115 114 29
0.116667 25 106 131 30
0.123333 20 128 131 22
0.13 26 100 139 24
0.136667 22 96 113 29
0.143333 22 110 102 21
0.15 17 80 110 18
0.156667 17 97 105 21
0.163333 15 70 92 23
0.17 24 79 91 23
0.176667 21 105 96 18
0.183333 19 82 88 26
0.19 13 79 103 20
0.196667 23 82 93 23
0.203333 15 98 94 17
0.21 12 79 89 14
0.216667 15 66 86 16
0.223333 13 64 72 12
0.23 14 73 68 15
0.236667 13 70 80 17
0.243333 8 52 67 11
0.25 17 72 58 16
0.256667 15 43 66 14
0.263333 12 57 60 18
0.27 10 53 64 14
0.276667 12 52 46 10
0.283333 11 34 55 12
0.29 8 51 54 6
0.296667 7 45 49 21
0.303333 7 53 53 20
0.31 3 48 42 12
0.316667 12 43 46 9
0.323333 9 45 56 5
0.33 16 38 44 10
0.336667 12 54 41 12
0.343333 9 36 47 9
0.35 7 24 53 9
0.356667 7 43 33 13
0.363333 10 32 39 8
0.37 7 36 32 11
0.376667 9 37 34 10
0.383333 12 32 41 12
0.39 10 27 36 9
0.396667 8 32 27 6
0.403333 4 28 43 10
0.41 9 23 37 10
0.416667 10 30 39 12
0.423333 13 26 34 4
0.43 7 42 38 10
0.436667 10 36 42 6
0.443333 7 31 33 9
0.45 10 29 36 8
0.456667 7 22 31 10
0.463333 10 35 32 2
0.47 10 29 31 10
0.476667 11 15 32 7
0.483333 8 19 24 11
0.49 3 19 13 7
0.496667 4 20 24 6
0.503333 8 19 21 2
0.51 4 15 19 8
0.516667 7 19 16 11
0.523333 4 15 20 7
0.53 1 26 23 4
0.536667 6 16 12 8
0.543333 4 11 14 5
0.55 5 21 16 1
0.556667 3 22 23 4
0.563333 7 12 15 5
0.57 1 18 14 6
0.576667 5 17 13 3
0.583333 8 15 21 3
0.59 2 17 16 4
0.596667 3 14 21 5
0.603333 3 15 13 3
0.61 4 15 15 4
0.616667 3 10 18 9
0.623333 2 15 13 5
0.63 3 13 11 3
0.636667 3 23 18 1
0.643333 4 14 15 4
0.65 5 19 14 5
0.656667 1 12 11 4
0.663333 121 651 753 119
0.67 0 0 0 0
0.676667 0 0 0 0
0.683333 0 0 0 0
0.69 0 0 0 0
0.696667 0 0 0 0
0.703333 0 0 0 0
0.71 0 0 0 0
0.716667 0 0 0 0
0.723333 0 0 0 0
0.73 0 0 0 0
0.736667 0 0 0 0
0.743333 0 0 0 0
0.75 0 0 0 0
0.756667 0 0 0 0
0.763333 0 0 0 0
0.77 0 0 0 0
0.776667 0 0 0 0
0.783333 0 0 0 0
0.79 0 0 0 0
0.796667 0 0 0 0
0.803333 0 0 0 0
0.81 0 0 0 0
0.816667 0 0 0 0
0.823333 0 0 0 0
0.83 0 0 0 0
0.836667 0 0 0 0
0.843333 0 0 0 0
0.85 0 0 0 0
0.856667 0 0 0 0
0.863333 0 0 0 0
0.87 0 0 0 0
0.876667 0 0 0 0
0.883333 0 0 0 0
0.89 0 0 0 0
0.896667 0 0 0 0
0.903333 0 0 0 0
0.91 0 0 0 0
0.916667 0 0 0 0
0.923333 0 0 0 0
0.93 0 0 0 0
0.936667 0 0 0 0
0.943333 0 0 0 0
0.95 0 0 0 0
0.956667 0 0 0 0
0.963333 0 0 0 0
0.97 0 0 0 0
0.976667 0 0 0 0
0.983333 0 0 0 0
0.99 0 0 0 0
0.996667 0 0 0 0
1.00333 0 0 0 0
1.01 0 0 0 0
1.01667 0 0 0 0
1.02333 0 0 0 0
1.03 0 0 0 0
1.03667 0 0 0 0
1.04333 0 0 0 0
1.05 0 0 0 0
1.05667 0 0 0 0
1.06333 0 0 0 0
1.07 0 0 0 0
1.07667 0 0 0 0
1.08333 0 0 0 0
1.09 0 0 0 0
1.09667 0 0 0 0
1.10333 0 0 0 0
1.11 0 0 0 0
1.11667 0 0 0 0
1.12333 0 0 0 0
1.13 0 0 0 0
1.13667 0 0 0 0
1.14333 0 0 0 0
1.15 0 0 0 0
1.15667 0 0 0 0
1.16333 0 0 0 0
1.17 0 0 0 0
1.17667 0 0 0 0
1.18333 0 0 0 0
1.19 0 0 0 0
1.19667 0 0 0 0
1.20333 0 0 0 0
1.21 0 0 0 0
1.21667 0 0 0 0
1.22333 0 0 0 0
1.23 0 0 0 0
1.23667 0 0 0 0
1.24333 0 0 0 0
1.25 0 0 0 0
1.25667 0 0 0 0
1.26333 0 0 0 0
1.27 0 0 0 0
1.27667 0 0 0 0
1.28333 0 0 0 0
1.29 0 0 0 0
1.29667 0 0 0 0
1.30333 0 0 0 0
1.31 0 0 0 0
1.31667 0 0 0 0
1.32333 0 0 0 0
1.33 0 0 0 0
1.33667 0 0 0 0
1.34333 0 0 0 0
1.35 0 0 0 0
1.35667 0 0 0 0
1.36333 0 0 0 0
1.37 0 0 0 0
1.37667 0 0 0 0
1.38333 0 0 0 0
1.39 0 0 0 0
1.39667 0 0 0 0
1.40333 0 0 0 0
1.41 0 0 0 0
1.41667 0 0 0 0
1.42333 0 0 0 0
1.43 0 0 0 0
1.43667 0 0 0 0
1.44333 0 0 0 0
1.45 0 0 0 0
1.45667 0 0 0 0
1.46333 0 0 0 0
1.47 0 0 0 0
1.47667 0 0 0 0
1.48333 0 0 0 0
1.49 0 0 0 0
1.49667 0 0 0 0
1.50333 0 0 0 0
1.51 0 0 0 0
1.51667 0 0 0 0
1.52333 0 0 0 0
1.53 0 0 0 0
1.53667 0 0 0 0
1.54333 0 0 0 0
1.55 0 0 0 0
1.55667 0 0 0 0
1.56333 0 0 0 0
1.57 0 0 0 0
1.57667 0 0 0 0
1.58333 0 0 0 0
1.59 0 0 0 0
1.59667 0 0 0 0
1.60333 0 0 0 0
1.61 0 0 0 0
1.61667 0 0 0 0
1.62333 0 0 0 0
1.63 0 0 0 0
1.63667 0 0 0 0
1.64333 0 0 0 0
1.65 0 0 0 0
1.65667 0 0 0 0
1.66333 0 0 0 0
1.67 0 0 0 0
1.67667 0 0 0 0
1.68333 0 0 0 0
1.69 0 0 0 0
1.69667 0 0 0 0
1.70333 0 0 0 0
1.71 0 0 0 0
1.71667 0 0 0 0
1.72333 0 0 0 0
1.73 0 0 0 0
1.73667 0 0 0 0
1.74333 0 0 0 0
1.75 0 0 0 0
1.75667 0 0 0 0
1.76333 0 0 0 0
1.77 0 0 0 0
1.77667 0 0 0 0
1.78333 0 0 0 0
1.79 0 0 0 0
1.79667 0 0 0 0
1.80333 0 0 0 0
1.81 0 0 0 0
1.81667 0 0 0 0
1.82333 0 0 0 0
1.83 0 0 0 0
1.83667 0 0 0 0
1.84333 0 0 0 0
1.85 0 0 0 0
1.85667 0 0 0 0
1.86333 0 0 0 0
1.87 0 0 0 0
1.87667 0 0 0 0
1.88333 0 0 0 0
1.89 0 0 0 0
1.89667 0 0 0 0
1.90333 0 0 0 0
1.91 0 0 0 0
1.91667 0 0 0 0
1.92333 0 0 0 0
1.93 0 0 0 0
1.93667 0 0 0 0
1.94333 0 0 0 0
1.95 0 0 0 0
1.95667 0 0 0 0
1.96333 0 0 0 0
1.97 0 0 0 0
1.97667 0 0 0 0
1.98333 0 0 0 0
1.99 0 0 0 0
1.99667 0 0 0 0
