0.00333333 3 8 41 22
0.01 1 10 63 39
0.0166667 3 10 69 34
0.0233333 5 10 53 34
0.03 3 8 55 39
0.0366667 4 10 96 49
0.0433333 4 22 117 66
0.05 1 24 147 73
0.0566667 8 25 173 117
0.0633333 9 26 205 120
0.07 7 36 204 121
0.0766667 7 40 218 121
0.0833333 7 25 227 133
0.09 6 33 227 122
0.0966667 6 23 195 135
0.103333 3 37 226 121
0.11 3 39 205 130
0.116667 9 30 205 119
0.123333 8 24 188 138
0.13 12 28 207 136
0.136667 5 30 182 117
0.143333 6 28 168 123
0.15 2 29 141 101
0.156667 5 28 173 104
0.163333 7 20 143 124
0.17 9 26 152 102
0.176667 2 14 137 96
0.183333 3 33 124 105
0.19 4 30 139 83
0.196667 3 33 127 104
0.203333 3 22 150 92
0.21 11 26 123 91
0.216667 5 23 111 90
0.223333 2 20 111 85
0.23 3 25 130 77
0.236667 3 11 105 66
0.243333 4 18 120 65
0.25 4 14 96 77
0.256667 5 14 101 61
0.263333 2 14 94 69
0.27 2 20 80 66
0.276667 6 7 82 58
0.283333 4 21 99 56
0.29 1 19 91 58
0.296667 3 23 75 59
0.303333 2 5 67 49
0.31 3 11 97 46
0.316667 3 17 76 59
0.323333 3 19 75 48
0.33 3 10 60 47
0.336667 5 13 87 50
0.343333 5 8 53 41
0.35 2 7 70 35
0.356667 5 14 46 46
0.363333 6 16 70 38
0.37 4 11 68 46
0.376667 3 9 56 35
0.383333 0 10 59 44
0.39 1 17 59 34
0.396667 0 14 44 45
0.403333 3 16 53 42
0.41 5 12 41 39
0.416667 2 12 49 31
0.423333 4 9 65 29
0.43 4 13 63 42
0.436667 4 8 54 35
0.443333 2 6 46 35
0.45 1 6 33 36
0.456667 2 11 57 40
0.463333 4 9 55 39
0.47 3 10 55 44
0.476667 2 7 42 30
0.483333 1 10 44 27
0.49 1 10 40 33
0.496667 3 10 26 24
0.503333 3 5 29 25
0.51 5 7 19 24
0.516667 2 9 37 19
0.523333 2 10 33 20
0.53 1 9 23 18
0.536667 2 3 29 15
0.543333 3 5 28 22
0.55 3 8 30 17
0.556667 3 10 32 21
0.563333 0 8 15 28
0.57 2 9 20 24
0.576667 1 9 23 21
0.583333 3 10 26 28
0.59 3 8 22 18
0.596667 1 7 27 20
0.603333 5 6 31 18
0.61 1 6 24 13
0.616667 1 5 27 12
0.623333 4 4 19 8
0.63 1 3 32 14
0.636667 1 6 31 16
0.643333 0 3 14 16
0.65 3 6 24 11
0.656667 2 6 23 18
0.663333 33 255 1329 894
0.67 0 0 0 0
0.676667 0 0 0 0
0.683333 0 0 0 0
0.69 0 0 0 0
0.696667 0 0 0 0
0.703333 0 0 0 0
0.71 0 0 0 0
0.716667 0 0 0 0
0.723333 0 0 0 0
0.73 0 0 0 0
0.736667 0 0 0 0
0.743333 0 0 0 0
0.75 0 0 0 0
0.756667 0 0 0 0
0.763333 0 0 0 0
0.77 0 0 0 0
0.776667 0 0 0 0
0.783333 0 0 0 0
0.79 0 0 0 0
0.796667 0 0 0 0
0.803333 0 0 0 0
0.81 0 0 0 0
0.816667 0 0 0 0
0.823333 0 0 0 0
0.83 0 0 0 0
0.836667 0 0 0 0
0.843333 0 0 0 0
0.85 0 0 0 0
0.856667 0 0 0 0
0.863333 0 0 0 0
0.87 0 0 0 0
0.876667 0 0 0 0
0.883333 0 0 0 0
0.89 0 0 0 0
0.896667 0 0 0 0
0.903333 0 0 0 0
0.91 0 0 0 0
0.916667 0 0 0 0
0.923333 0 0 0 0
0.93 0 0 0 0
0.936667 0 0 0 0
0.943333 0 0 0 0
0.95 0 0 0 0
0.956667 0 0 0 0
0.963333 0 0 0 0
0.97 0 0 0 0
0.976667 0 0 0 0
0.983333 0 0 0 0
0.99 0 0 0 0
0.996667 0 0 0 0
1.00333 0 0 0 0
1.01 0 0 0 0
1.01667 0 0 0 0
1.02333 0 0 0 0
1.03 0 0 0 0
1.03667 0 0 0 0
1.04333 0 0 0 0
1.05 0 0 0 0
1.05667 0 0 0 0
1.06333 0 0 0 0
1.07 0 0 0 0
1.07667 0 0 0 0
1.08333 0 0 0 0
1.09 0 0 0 0
1.09667 0 0 0 0
1.10333 0 0 0 0
1.11 0 0 0 0
1.11667 0 0 0 0
1.12333 0 0 0 0
1.13 0 0 0 0
1.13667 0 0 0 0
1.14333 0 0 0 0
1.15 0 0 0 0
1.15667 0 0 0 0
1.16333 0 0 0 0
1.17 0 0 0 0
1.17667 0 0 0 0
1.18333 0 0 0 0
1.19 0 0 0 0
1.19667 0 0 0 0
1.20333 0 0 0 0
1.21 0 0 0 0
1.21667 0 0 0 0
1.22333 0 0 0 0
1.23 0 0 0 0
1.23667 0 0 0 0
1.24333 0 0 0 0
1.25 0 0 0 0
1.25667 0 0 0 0
1.26333 0 0 0 0
1.27 0 0 0 0
1.27667 0 0 0 0
1.28333 0 0 0 0
1.29 0 0 0 0
1.29667 0 0 0 0
1.30333 0 0 0 0
1.31 0 0 0 0
1.31667 0 0 0 0
1.32333 0 0 0 0
1.33 0 0 0 0
1.33667 0 0 0 0
1.34333 0 0 0 0
1.35 0 0 0 0
1.35667 0 0 0 0
1.36333 0 0 0 0
1.37 0 0 0 0
1.37667 0 0 0 0
1.38333 0 0 0 0
1.39 0 0 0 0
1.39667 0 0 0 0
1.40333 0 0 0 0
1.41 0 0 0 0
1.41667 0 0 0 0
1.42333 0 0 0 0
1.43 0 0 0 0
1.43667 0 0 0 0
1.44333 0 0 0 0
1.45 0 0 0 0
1.45667 0 0 0 0
1.46333 0 0 0 0
1.47 0 0 0 0
1.47667 0 0 0 0
1.48333 0 0 0 0
1.49 0 0 0 0
1.49667 0 0 0 0
1.50333 0 0 0 0
1.51 0 0 0 0
1.51667 0 0 0 0
1.52333 0 0 0 0
1.53 0 0 0 0
1.53667 0 0 0 0
1.54333 0 0 0 0
1.55 0 0 0 0
1.55667 0 0 0 0
1.56333 0 0 0 0
1.57 0 0 0 0
1.57667 0 0 0 0
1.58333 0 0 0 0
1.59 0 0 0 0
1.59667 0 0 0 0
1.60333 0 0 0 0
1.61 0 0 0 0
1.61667 0 0 0 0
1.62333 0 0 0 0
1.63 0 0 0 0
1.63667 0 0 0 0
1.64333 0 0 0 0
1.65 0 0 0 0
1.65667 0 0 0 0
1.66333 0 0 0 0
1.67 0 0 0 0
1.67667 0 0 0 0
1.68333 0 0 0 0
1.69 0 0 0 0
1.69667 0 0 0 0
1.70333 0 0 0 0
1.71 0 0 0 0
1.71667 0 0 0 0
1.72333 0 0 0 0
1.73 0 0 0 0
1.73667 0 0 0 0
1.74333 0 0 0 0
1.75 0 0 0 0
1.75667 0 0 0 0
1.76333 0 0 0 0
1.77 0 0 0 0
1.77667 0 0 0 0
1.78333 0 0 0 0
1.79 0 0 0 0
1.79667 0 0 0 0
1.80333 0 0 0 0
1.81 0 0 0 0
1.81667 0 0 0 0
1.82333 0 0 0 0
1.83 0 0 0 0
1.83667 0 0 0 0
1.84333 0 0 0 0
1.85 0 0 0 0
1.85667 0 0 0 0
1.86333 0 0 0 0
1.87 0 0 0 0
1.87667 0 0 0 0
1.88333 0 0 0 0
1.89 0 0 0 0
1.89667 0 0 0 0
1.90333 0 0 0 0
1.91 0 0 0 0
1.91667 0 0 0 0
1.92333 0 0 0 0
1.93 0 0 0 0
1.93667 0 0 0 0
1.94333 0 0 0 0
1.95 0 0 0 0
1.95667 0 0 0 0
1.96333 0 0 0 0
1.97 0 0 0 0
1.97667 0 0 0 0
1.98333 0 0 0 0
1.99 0 0 0 0
1.99667 0 0 0 0
