0.00333333 1 8 81 19
0.01 3 18 98 21
0.0166667 1 15 88 13
0.0233333 2 17 107 25
0.03 1 15 106 32
0.0366667 2 16 143 24
0.0433333 3 27 170 38
0.05 4 30 213 55
0.0566667 7 21 266 67
0.0633333 7 25 276 64
0.07 6 34 295 79
0.0766667 8 52 323 83
0.0833333 5 43 357 65
0.09 6 25 325 73
0.0966667 4 29 334 90
0.103333 11 50 349 84
0.11 7 33 339 72
0.116667 8 32 348 81
0.123333 4 34 304 83
0.13 6 32 334 79
0.136667 4 31 320 69
0.143333 2 40 290 63
0.15 3 44 290 48
0.156667 11 38 274 51
0.163333 5 26 283 39
0.17 6 35 270 47
0.176667 3 42 265 52
0.183333 5 39 272 55
0.19 5 23 304 54
0.196667 3 30 278 48
0.203333 0 24 276 45
0.21 8 30 265 34
0.216667 4 31 252 43
0.223333 7 17 244 39
0.23 4 34 225 39
0.236667 1 31 212 26
0.243333 5 24 213 28
0.25 3 13 181 53
0.256667 7 14 178 22
0.263333 1 21 164 28
0.27 1 14 158 40
0.276667 3 22 150 30
0.283333 2 15 173 30
0.29 1 18 181 29
0.296667 3 10 149 33
0.303333 3 11 128 27
0.31 1 30 156 34
0.316667 8 16 152 21
0.323333 2 15 132 24
0.33 5 12 129 21
0.336667 3 16 120 24
0.343333 2 15 117 24
0.35 2 19 118 20
0.356667 3 16 93 21
0.363333 4 11 105 18
0.37 4 12 102 29
0.376667 1 10 105 23
0.383333 2 12 97 37
0.39 1 14 122 24
0.396667 1 7 103 16
0.403333 0 14 87 26
0.41 3 7 98 26
0.416667 1 6 103 18
0.423333 1 15 104 17
0.43 2 19 100 17
0.436667 2 11 99 12
0.443333 2 13 90 19
0.45 5 16 93 11
0.456667 4 17 98 22
0.463333 1 13 103 21
0.47 3 13 108 21
0.476667 2 12 85 22
0.483333 2 9 64 12
0.49 1 12 57 18
0.496667 2 7 80 10
0.503333 1 9 44 23
0.51 1 11 48 7
0.516667 1 9 54 12
0.523333 2 3 54 12
0.53 1 9 47 10
0.536667 1 7 45 11
0.543333 4 7 47 10
0.55 0 11 50 13
0.556667 2 4 40 15
0.563333 2 9 41 12
0.57 0 4 44 14
0.576667 0 2 44 8
0.583333 0 6 47 9
0.59 1 5 46 8
0.596667 1 7 42 8
0.603333 4 8 41 15
0.61 0 6 40 9
0.616667 1 1 29 7
0.623333 2 5 40 9
0.63 3 2 31 10
0.636667 0 6 54 7
0.643333 2 8 34 13
0.65 1 10 46 11
0.656667 1 6 36 3
0.663333 29 302 3266 313
0.67 0 0 0 0
0.676667 0 0 0 0
0.683333 0 0 0 0
0.69 0 0 0 0
0.696667 0 0 0 0
0.703333 0 0 0 0
0.71 0 0 0 0
0.716667 0 0 0 0
0.723333 0 0 0 0
0.73 0 0 0 0
0.736667 0 0 0 0
0.743333 0 0 0 0
0.75 0 0 0 0
0.756667 0 0 0 0
0.763333 0 0 0 0
0.77 0 0 0 0
0.776667 0 0 0 0
0.783333 0 0 0 0
0.79 0 0 0 0
0.796667 0 0 0 0
0.803333 0 0 0 0
0.81 0 0 0 0
0.816667 0 0 0 0
0.823333 0 0 0 0
0.83 0 0 0 0
0.836667 0 0 0 0
0.843333 0 0 0 0
0.85 0 0 0 0
0.856667 0 0 0 0
0.863333 0 0 0 0
0.87 0 0 0 0
0.876667 0 0 0 0
0.883333 0 0 0 0
0.89 0 0 0 0
0.896667 0 0 0 0
0.903333 0 0 0 0
0.91 0 0 0 0
0.916667 0 0 0 0
0.923333 0 0 0 0
0.93 0 0 0 0
0.936667 0 0 0 0
0.943333 0 0 0 0
0.95 0 0 0 0
0.956667 0 0 0 0
0.963333 0 0 0 0
0.97 0 0 0 0
0.976667 0 0 0 0
0.983333 0 0 0 0
0.99 0 0 0 0
0.996667 0 0 0 0
1.00333 0 0 0 0
1.01 0 0 0 0
1.01667 0 0 0 0
1.02333 0 0 0 0
1.03 0 0 0 0
1.03667 0 0 0 0
1.04333 0 0 0 0
1.05 0 0 0 0
1.05667 0 0 0 0
1.06333 0 0 0 0
1.07 0 0 0 0
1.07667 0 0 0 0
1.08333 0 0 0 0
1.09 0 0 0 0
1.09667 0 0 0 0
1.10333 0 0 0 0
1.11 0 0 0 0
1.11667 0 0 0 0
1.12333 0 0 0 0
1.13 0 0 0 0
1.13667 0 0 0 0
1.14333 0 0 0 0
1.15 0 0 0 0
1.15667 0 0 0 0
1.16333 0 0 0 0
1.17 0 0 0 0
1.17667 0 0 0 0
1.18333 0 0 0 0
1.19 0 0 0 0
1.19667 0 0 0 0
1.20333 0 0 0 0
1.21 0 0 0 0
1.21667 0 0 0 0
1.22333 0 0 0 0
1.23 0 0 0 0
1.23667 0 0 0 0
1.24333 0 0 0 0
1.25 0 0 0 0
1.25667 0 0 0 0
1.26333 0 0 0 0
1.27 0 0 0 0
1.27667 0 0 0 0
1.28333 0 0 0 0
1.29 0 0 0 0
1.29667 0 0 0 0
1.30333 0 0 0 0
1.31 0 0 0 0
1.31667 0 0 0 0
1.32333 0 0 0 0
1.33 0 0 0 0
1.33667 0 0 0 0
1.34333 0 0 0 0
1.35 0 0 0 0
1.35667 0 0 0 0
1.36333 0 0 0 0
1.37 0 0 0 0
1.37667 0 0 0 0
1.38333 0 0 0 0
1.39 0 0 0 0
1.39667 0 0 0 0
1.40333 0 0 0 0
1.41 0 0 0 0
1.41667 0 0 0 0
1.42333 0 0 0 0
1.43 0 0 0 0
1.43667 0 0 0 0
1.44333 0 0 0 0
1.45 0 0 0 0
1.45667 0 0 0 0
1.46333 0 0 0 0
1.47 0 0 0 0
1.47667 0 0 0 0
1.48333 0 0 0 0
1.49 0 0 0 0
1.49667 0 0 0 0
1.50333 0 0 0 0
1.51 0 0 0 0
1.51667 0 0 0 0
1.52333 0 0 0 0
1.53 0 0 0 0
1.53667 0 0 0 0
1.54333 0 0 0 0
1.55 0 0 0 0
1.55667 0 0 0 0
1.56333 0 0 0 0
1.57 0 0 0 0
1.57667 0 0 0 0
1.58333 0 0 0 0
1.59 0 0 0 0
1.59667 0 0 0 0
1.60333 0 0 0 0
1.61 0 0 0 0
1.61667 0 0 0 0
1.62333 0 0 0 0
1.63 0 0 0 0
1.63667 0 0 0 0
1.64333 0 0 0 0
1.65 0 0 0 0
1.65667 0 0 0 0
1.66333 0 0 0 0
1.67 0 0 0 0
1.67667 0 0 0 0
1.68333 0 0 0 0
1.69 0 0 0 0
1.69667 0 0 0 0
1.70333 0 0 0 0
1.71 0 0 0 0
1.71667 0 0 0 0
1.72333 0 0 0 0
1.73 0 0 0 0
1.73667 0 0 0 0
1.74333 0 0 0 0
1.75 0 0 0 0
1.75667 0 0 0 0
1.76333 0 0 0 0
1.77 0 0 0 0
1.77667 0 0 0 0
1.78333 0 0 0 0
1.79 0 0 0 0
1.79667 0 0 0 0
1.80333 0 0 0 0
1.81 0 0 0 0
1.81667 0 0 0 0
1.82333 0 0 0 0
1.83 0 0 0 0
1.83667 0 0 0 0
1.84333 0 0 0 0
1.85 0 0 0 0
1.85667 0 0 0 0
1.86333 0 0 0 0
1.87 0 0 0 0
1.87667 0 0 0 0
1.88333 0 0 0 0
1.89 0 0 0 0
1.89667 0 0 0 0
1.90333 0 0 0 0
1.91 0 0 0 0
1.91667 0 0 0 0
1.92333 0 0 0 0
1.93 0 0 0 0
1.93667 0 0 0 0
1.94333 0 0 0 0
1.95 0 0 0 0
1.95667 0 0 0 0
1.96333 0 0 0 0
1.97 0 0 0 0
1.97667 0 0 0 0
1.98333 0 0 0 0
1.99 0 0 0 0
1.99667 0 0 0 0
