0.00333333 26 43 6 5
0.01 21 48 9 3
0.0166667 23 64 11 5
0.0233333 34 62 13 6
0.03 28 77 22 3
0.0366667 37 98 22 8
0.0433333 50 99 29 7
0.05 53 151 32 8
0.0566667 77 165 47 8
0.0633333 76 209 44 12
0.07 75 201 20 14
0.0766667 85 204 36 10
0.0833333 70 218 42 16
0.09 82 215 42 16
0.0966667 80 212 38 16
0.103333 95 176 44 10
0.11 77 202 47 15
0.116667 82 179 45 9
0.123333 71 184 33 10
0.13 60 183 40 13
0.136667 68 165 23 16
0.143333 66 183 22 13
0.15 61 134 28 18
0.156667 70 156 22 2
0.163333 66 130 29 11
0.17 59 140 27 10
0.176667 58 123 29 10
0.183333 70 162 20 13
0.19 62 143 25 15
0.196667 50 155 19 12
0.203333 51 133 25 14
0.21 59 118 25 7
0.216667 54 129 17 14
0.223333 61 104 29 12
0.23 53 118 17 9
0.236667 43 119 27 8
0.243333 49 102 17 9
0.25 42 115 20 4
0.256667 46 106 14 9
0.263333 39 94 21 12
0.27 34 88 15 7
0.276667 39 87 22 7
0.283333 29 88 15 9
0.29 31 95 17 2
0.296667 38 90 14 4
0.303333 35 63 24 9
0.31 39 69 19 6
0.316667 35 83 17 11
0.323333 47 68 12 11
0.33 25 68 12 6
0.336667 24 66 11 12
0.343333 18 54 12 4
0.35 23 74 12 7
0.356667 29 71 14 3
0.363333 24 64 10 7
0.37 23 64 9 7
0.376667 27 52 13 7
0.383333 28 62 11 9
0.39 32 38 15 4
0.396667 26 54 4 4
0.403333 19 64 19 6
0.41 22 53 12 6
0.416667 29 47 8 4
0.423333 13 50 14 2
0.43 17 58 9 5
0.436667 24 48 8 4
0.443333 28 56 11 7
0.45 25 55 10 5
0.456667 29 45 12 5
0.463333 28 36 5 4
0.47 34 51 13 5
0.476667 29 32 11 5
0.483333 18 42 8 6
0.49 11 35 9 3
0.496667 16 40 8 4
0.503333 18 26 7 3
0.51 15 38 3 2
0.516667 13 28 5 4
0.523333 13 31 9 1
0.53 20 29 6 6
0.536667 13 27 7 4
0.543333 15 23 6 3
0.55 9 28 5 4
0.556667 7 23 8 2
0.563333 15 31 4 1
0.57 5 27 8 2
0.576667 8 26 7 3
0.583333 10 26 11 3
0.59 9 25 5 4
0.596667 10 29 9 3
0.603333 14 14 4 3
0.61 12 34 6 3
0.616667 11 19 6 1
0.623333 10 20 4 3
0.63 12 25 1 1
0.636667 12 33 4 3
0.643333 9 20 4 3
0.65 10 22 5 5
0.656667 4 11 8 4
0.663333 584 1232 191 80
0.67 0 0 0 0
0.676667 0 0 0 0
0.683333 0 0 0 0
0.69 0 0 0 0
0.696667 0 0 0 0
0.703333 0 0 0 0
0.71 0 0 0 0
0.716667 0 0 0 0
0.723333 0 0 0 0
0.73 0 0 0 0
0.736667 0 0 0 0
0.743333 0 0 0 0
0.75 0 0 0 0
0.756667 0 0 0 0
0.763333 0 0 0 0
0.77 0 0 0 0
0.776667 0 0 0 0
0.783333 0 0 0 0
0.79 0 0 0 0
0.796667 0 0 0 0
0.803333 0 0 0 0
0.81 0 0 0 0
0.816667 0 0 0 0
0.823333 0 0 0 0
0.83 0 0 0 0
0.836667 0 0 0 0
0.843333 0 0 0 0
0.85 0 0 0 0
0.856667 0 0 0 0
0.863333 0 0 0 0
0.87 0 0 0 0
0.876667 0 0 0 0
0.883333 0 0 0 0
0.89 0 0 0 0
0.896667 0 0 0 0
0.903333 0 0 0 0
0.91 0 0 0 0
0.916667 0 0 0 0
0.923333 0 0 0 0
0.93 0 0 0 0
0.936667 0 0 0 0
0.943333 0 0 0 0
0.95 0 0 0 0
0.956667 0 0 0 0
0.963333 0 0 0 0
0.97 0 0 0 0
0.976667 0 0 0 0
0.983333 0 0 0 0
0.99 0 0 0 0
0.996667 0 0 0 0
1.00333 0 0 0 0
1.01 0 0 0 0
1.01667 0 0 0 0
1.02333 0 0 0 0
1.03 0 0 0 0
1.03667 0 0 0 0
1.04333 0 0 0 0
1.05 0 0 0 0
1.05667 0 0 0 0
1.06333 0 0 0 0
1.07 0 0 0 0
1.07667 0 0 0 0
1.08333 0 0 0 0
1.09 0 0 0 0
1.09667 0 0 0 0
1.10333 0 0 0 0
1.11 0 0 0 0
1.11667 0 0 0 0
1.12333 0 0 0 0
1.13 0 0 0 0
1.13667 0 0 0 0
1.14333 0 0 0 0
1.15 0 0 0 0
1.15667 0 0 0 0
1.16333 0 0 0 0
1.17 0 0 0 0
1.17667 0 0 0 0
1.18333 0 0 0 0
1.19 0 0 0 0
1.19667 0 0 0 0
1.20333 0 0 0 0
1.21 0 0 0 0
1.21667 0 0 0 0
1.22333 0 0 0 0
1.23 0 0 0 0
1.23667 0 0 0 0
1.24333 0 0 0 0
1.25 0 0 0 0
1.25667 0 0 0 0
1.26333 0 0 0 0
1.27 0 0 0 0
1.27667 0 0 0 0
1.28333 0 0 0 0
1.29 0 0 0 0
1.29667 0 0 0 0
1.30333 0 0 0 0
1.31 0 0 0 0
1.31667 0 0 0 0
1.32333 0 0 0 0
1.33 0 0 0 0
1.33667 0 0 0 0
1.34333 0 0 0 0
1.35 0 0 0 0
1.35667 0 0 0 0
1.36333 0 0 0 0
1.37 0 0 0 0
1.37667 0 0 0 0
1.38333 0 0 0 0
1.39 0 0 0 0
1.39667 0 0 0 0
1.40333 0 0 0 0
1.41 0 0 0 0
1.41667 0 0 0 0
1.42333 0 0 0 0
1.43 0 0 0 0
1.43667 0 0 0 0
1.44333 0 0 0 0
1.45 0 0 0 0
1.45667 0 0 0 0
1.46333 0 0 0 0
1.47 0 0 0 0
1.47667 0 0 0 0
1.48333 0 0 0 0
1.49 0 0 0 0
1.49667 0 0 0 0
1.50333 0 0 0 0
1.51 0 0 0 0
1.51667 0 0 0 0
1.52333 0 0 0 0
1.53 0 0 0 0
1.53667 0 0 0 0
1.54333 0 0 0 0
1.55 0 0 0 0
1.55667 0 0 0 0
1.56333 0 0 0 0
1.57 0 0 0 0
1.57667 0 0 0 0
1.58333 0 0 0 0
1.59 0 0 0 0
1.59667 0 0 0 0
1.60333 0 0 0 0
1.61 0 0 0 0
1.61667 0 0 0 0
1.62333 0 0 0 0
1.63 0 0 0 0
1.63667 0 0 0 0
1.64333 0 0 0 0
1.65 0 0 0 0
1.65667 0 0 0 0
1.66333 0 0 0 0
1.67 0 0 0 0
1.67667 0 0 0 0
1.68333 0 0 0 0
1.69 0 0 0 0
1.69667 0 0 0 0
1.70333 0 0 0 0
1.71 0 0 0 0
1.71667 0 0 0 0
1.72333 0 0 0 0
1.73 0 0 0 0
1.73667 0 0 0 0
1.74333 0 0 0 0
1.75 0 0 0 0
1.75667 0 0 0 0
1.76333 0 0 0 0
1.77 0 0 0 0
1.77667 0 0 0 0
1.78333 0 0 0 0
1.79 0 0 0 0
1.79667 0 0 0 0
1.80333 0 0 0 0
1.81 0 0 0 0
1.81667 0 0 0 0
1.82333 0 0 0 0
1.83 0 0 0 0
1.83667 0 0 0 0
1.84333 0 0 0 0
1.85 0 0 0 0
1.85667 0 0 0 0
1.86333 0 0 0 0
1.87 0 0 0 0
1.87667 0 0 0 0
1.88333 0 0 0 0
1.89 0 0 0 0
1.89667 0 0 0 0
1.90333 0 0 0 0
1.91 0 0 0 0
1.91667 0 0 0 0
1.92333 0 0 0 0
1.93 0 0 0 0
1.93667 0 0 0 0
1.94333 0 0 0 0
1.95 0 0 0 0
1.95667 0 0 0 0
1.96333 0 0 0 0
1.97 0 0 0 0
1.97667 0 0 0 0
1.98333 0 0 0 0
1.99 0 0 0 0
1.99667 0 0 0 0
