0.00333333 23 55 7 1
0.01 34 82 5 0
0.0166667 36 61 5 0
0.0233333 31 84 6 2
0.03 49 87 7 2
0.0366667 75 126 7 2
0.0433333 85 136 14 1
0.05 125 191 13 1
0.0566667 127 214 12 5
0.0633333 147 225 18 4
0.07 135 248 14 6
0.0766667 173 250 20 7
0.0833333 169 265 23 6
0.09 159 279 20 4
0.0966667 153 258 23 2
0.103333 149 272 15 8
0.11 151 243 19 6
0.116667 158 258 20 2
0.123333 111 286 24 0
0.13 113 247 12 7
0.136667 125 204 13 6
0.143333 133 207 14 3
0.15 110 199 17 3
0.156667 90 242 13 5
0.163333 103 209 14 5
0.17 110 202 15 4
0.176667 108 185 13 5
0.183333 101 207 14 3
0.19 104 186 14 2
0.196667 100 199 19 2
0.203333 78 217 10 4
0.21 97 171 8 5
0.216667 74 172 7 0
0.223333 81 141 13 1
0.23 74 173 12 1
0.236667 75 157 12 8
0.243333 87 142 16 2
0.25 69 141 13 2
0.256667 64 111 12 2
0.263333 66 130 9 4
0.27 61 130 9 4
0.276667 75 108 12 4
0.283333 51 115 11 2
0.29 65 87 11 2
0.296667 53 127 12 5
0.303333 68 106 6 2
0.31 44 111 12 1
0.316667 65 102 12 1
0.323333 58 79 6 0
0.33 48 88 8 4
0.336667 43 102 10 4
0.343333 62 70 4 2
0.35 54 96 6 2
0.356667 40 99 5 0
0.363333 43 82 3 1
0.37 36 89 9 1
0.376667 38 91 5 3
0.383333 33 74 4 0
0.39 34 75 3 2
0.396667 42 72 10 2
0.403333 42 64 8 2
0.41 51 83 17 1
0.416667 45 69 6 1
0.423333 32 74 7 0
0.43 34 81 7 1
0.436667 32 51 4 1
0.443333 46 59 8 0
0.45 39 51 6 1
0.456667 32 70 7 0
0.463333 42 74 11 3
0.47 33 65 5 1
0.476667 30 53 8 3
0.483333 21 49 3 1
0.49 32 51 3 1
0.496667 21 41 2 2
0.503333 22 39 8 2
0.51 28 46 6 0
0.516667 23 39 5 1
0.523333 22 48 6 2
0.53 23 30 4 1
0.536667 22 31 2 1
0.543333 12 31 8 0
0.55 21 27 4 2
0.556667 19 30 3 0
0.563333 22 33 5 0
0.57 25 40 6 0
0.576667 14 38 10 1
0.583333 19 32 4 0
0.59 12 30 6 2
0.596667 21 38 0 1
0.603333 15 36 6 0
0.61 17 24 3 2
0.616667 16 28 6 2
0.623333 21 26 6 1
0.63 17 31 1 3
0.636667 13 35 3 2
0.643333 16 39 10 3
0.65 17 37 5 1
0.656667 20 30 5 1
0.663333 822 1954 118 14
0.67 0 0 0 0
0.676667 0 0 0 0
0.683333 0 0 0 0
0.69 0 0 0 0
0.696667 0 0 0 0
0.703333 0 0 0 0
0.71 0 0 0 0
0.716667 0 0 0 0
0.723333 0 0 0 0
0.73 0 0 0 0
0.736667 0 0 0 0
0.743333 0 0 0 0
0.75 0 0 0 0
0.756667 0 0 0 0
0.763333 0 0 0 0
0.77 0 0 0 0
0.776667 0 0 0 0
0.783333 0 0 0 0
0.79 0 0 0 0
0.796667 0 0 0 0
0.803333 0 0 0 0
0.81 0 0 0 0
0.816667 0 0 0 0
0.823333 0 0 0 0
0.83 0 0 0 0
0.836667 0 0 0 0
0.843333 0 0 0 0
0.85 0 0 0 0
0.856667 0 0 0 0
0.863333 0 0 0 0
0.87 0 0 0 0
0.876667 0 0 0 0
0.883333 0 0 0 0
0.89 0 0 0 0
0.896667 0 0 0 0
0.903333 0 0 0 0
0.91 0 0 0 0
0.916667 0 0 0 0
0.923333 0 0 0 0
0.93 0 0 0 0
0.936667 0 0 0 0
0.943333 0 0 0 0
0.95 0 0 0 0
0.956667 0 0 0 0
0.963333 0 0 0 0
0.97 0 0 0 0
0.976667 0 0 0 0
0.983333 0 0 0 0
0.99 0 0 0 0
0.996667 0 0 0 0
1.00333 0 0 0 0
1.01 0 0 0 0
1.01667 0 0 0 0
1.02333 0 0 0 0
1.03 0 0 0 0
1.03667 0 0 0 0
1.04333 0 0 0 0
1.05 0 0 0 0
1.05667 0 0 0 0
1.06333 0 0 0 0
1.07 0 0 0 0
1.07667 0 0 0 0
1.08333 0 0 0 0
1.09 0 0 0 0
1.09667 0 0 0 0
1.10333 0 0 0 0
1.11 0 0 0 0
1.11667 0 0 0 0
1.12333 0 0 0 0
1.13 0 0 0 0
1.13667 0 0 0 0
1.14333 0 0 0 0
1.15 0 0 0 0
1.15667 0 0 0 0
1.16333 0 0 0 0
1.17 0 0 0 0
1.17667 0 0 0 0
1.18333 0 0 0 0
1.19 0 0 0 0
1.19667 0 0 0 0
1.20333 0 0 0 0
1.21 0 0 0 0
1.21667 0 0 0 0
1.22333 0 0 0 0
1.23 0 0 0 0
1.23667 0 0 0 0
1.24333 0 0 0 0
1.25 0 0 0 0
1.25667 0 0 0 0
1.26333 0 0 0 0
1.27 0 0 0 0
1.27667 0 0 0 0
1.28333 0 0 0 0
1.29 0 0 0 0
1.29667 0 0 0 0
1.30333 0 0 0 0
1.31 0 0 0 0
1.31667 0 0 0 0
1.32333 0 0 0 0
1.33 0 0 0 0
1.33667 0 0 0 0
1.34333 0 0 0 0
1.35 0 0 0 0
1.35667 0 0 0 0
1.36333 0 0 0 0
1.37 0 0 0 0
1.37667 0 0 0 0
1.38333 0 0 0 0
1.39 0 0 0 0
1.39667 0 0 0 0
1.40333 0 0 0 0
1.41 0 0 0 0
1.41667 0 0 0 0
1.42333 0 0 0 0
1.43 0 0 0 0
1.43667 0 0 0 0
1.44333 0 0 0 0
1.45 0 0 0 0
1.45667 0 0 0 0
1.46333 0 0 0 0
1.47 0 0 0 0
1.47667 0 0 0 0
1.48333 0 0 0 0
1.49 0 0 0 0
1.49667 0 0 0 0
1.50333 0 0 0 0
1.51 0 0 0 0
1.51667 0 0 0 0
1.52333 0 0 0 0
1.53 0 0 0 0
1.53667 0 0 0 0
1.54333 0 0 0 0
1.55 0 0 0 0
1.55667 0 0 0 0
1.56333 0 0 0 0
1.57 0 0 0 0
1.57667 0 0 0 0
1.58333 0 0 0 0
1.59 0 0 0 0
1.59667 0 0 0 0
1.60333 0 0 0 0
1.61 0 0 0 0
1.61667 0 0 0 0
1.62333 0 0 0 0
1.63 0 0 0 0
1.63667 0 0 0 0
1.64333 0 0 0 0
1.65 0 0 0 0
1.65667 0 0 0 0
1.66333 0 0 0 0
1.67 0 0 0 0
1.67667 0 0 0 0
1.68333 0 0 0 0
1.69 0 0 0 0
1.69667 0 0 0 0
1.70333 0 0 0 0
1.71 0 0 0 0
1.71667 0 0 0 0
1.72333 0 0 0 0
1.73 0 0 0 0
1.73667 0 0 0 0
1.74333 0 0 0 0
1.75 0 0 0 0
1.75667 0 0 0 0
1.76333 0 0 0 0
1.77 0 0 0 0
1.77667 0 0 0 0
1.78333 0 0 0 0
1.79 0 0 0 0
1.79667 0 0 0 0
1.80333 0 0 0 0
1.81 0 0 0 0
1.81667 0 0 0 0
1.82333 0 0 0 0
1.83 0 0 0 0
1.83667 0 0 0 0
1.84333 0 0 0 0
1.85 0 0 0 0
1.85667 0 0 0 0
1.86333 0 0 0 0
1.87 0 0 0 0
1.87667 0 0 0 0
1.88333 0 0 0 0
1.89 0 0 0 0
1.89667 0 0 0 0
1.90333 0 0 0 0
1.91 0 0 0 0
1.91667 0 0 0 0
1.92333 0 0 0 0
1.93 0 0 0 0
1.93667 0 0 0 0
1.94333 0 0 0 0
1.95 0 0 0 0
1.95667 0 0 0 0
1.96333 0 0 0 0
1.97 0 0 0 0
1.97667 0 0 0 0
1.98333 0 0 0 0
1.99 0 0 0 0
1.99667 0 0 0 0
