0.00333333 1 3 199 13
0.01 0 4 237 12
0.0166667 2 0 234 18
0.0233333 2 5 226 19
0.03 1 7 224 16
0.0366667 2 7 240 22
0.0433333 1 5 283 34
0.05 1 8 322 43
0.0566667 2 7 363 63
0.0633333 0 12 357 62
0.07 3 11 382 58
0.0766667 3 16 397 55
0.0833333 4 19 449 56
0.09 2 9 464 68
0.0966667 1 14 453 59
0.103333 3 14 396 50
0.11 6 16 461 65
0.116667 3 13 465 52
0.123333 3 12 445 55
0.13 0 13 471 55
0.136667 4 6 505 44
0.143333 3 10 509 44
0.15 3 16 510 35
0.156667 2 16 511 34
0.163333 3 11 493 50
0.17 1 10 504 34
0.176667 3 9 483 38
0.183333 1 14 653 32
0.19 1 16 858 34
0.196667 2 10 818 40
0.203333 0 6 721 32
0.21 0 9 633 26
0.216667 4 9 587 39
0.223333 2 7 542 39
0.23 1 5 494 34
0.236667 0 10 480 28
0.243333 4 4 401 21
0.25 3 9 394 27
0.256667 4 7 365 30
0.263333 3 8 341 29
0.27 0 10 323 34
0.276667 1 6 325 30
0.283333 1 4 326 22
0.29 4 4 300 38
0.296667 0 5 287 20
0.303333 4 12 248 26
0.31 1 5 291 26
0.316667 2 7 246 18
0.323333 3 10 246 23
0.33 0 6 258 25
0.336667 2 7 224 22
0.343333 4 4 236 24
0.35 1 3 239 24
0.356667 0 5 233 21
0.363333 0 5 229 25
0.37 0 4 247 19
0.376667 1 2 191 10
0.383333 0 6 204 21
0.39 1 3 224 26
0.396667 0 9 223 24
0.403333 0 6 211 22
0.41 0 2 252 25
0.416667 3 3 204 21
0.423333 3 5 216 13
0.43 1 3 217 25
0.436667 2 5 223 22
0.443333 1 7 214 16
0.45 1 6 222 14
0.456667 0 3 271 20
0.463333 0 7 233 17
0.47 2 5 248 26
0.476667 1 5 201 8
0.483333 2 6 97 15
0.49 0 6 90 12
0.496667 1 4 90 18
0.503333 0 4 82 10
0.51 1 4 74 15
0.516667 0 5 78 8
0.523333 1 2 67 15
0.53 0 5 66 5
0.536667 0 3 69 9
0.543333 1 4 72 12
0.55 0 4 73 7
0.556667 1 3 69 13
0.563333 1 5 76 13
0.57 0 1 69 9
0.576667 2 5 71 7
0.583333 1 3 54 8
0.59 0 1 62 7
0.596667 0 2 54 7
0.603333 0 3 42 3
0.61 1 3 54 11
0.616667 1 2 48 9
0.623333 0 0 48 4
0.63 1 0 58 9
0.636667 2 2 92 8
0.643333 0 11 47 3
0.65 2 3 54 13
0.656667 0 0 44 6
0.663333 8 82 13498 271
0.67 0 0 0 0
0.676667 0 0 0 0
0.683333 0 0 0 0
0.69 0 0 0 0
0.696667 0 0 0 0
0.703333 0 0 0 0
0.71 0 0 0 0
0.716667 0 0 0 0
0.723333 0 0 0 0
0.73 0 0 0 0
0.736667 0 0 0 0
0.743333 0 0 0 0
0.75 0 0 0 0
0.756667 0 0 0 0
0.763333 0 0 0 0
0.77 0 0 0 0
0.776667 0 0 0 0
0.783333 0 0 0 0
0.79 0 0 0 0
0.796667 0 0 0 0
0.803333 0 0 0 0
0.81 0 0 0 0
0.816667 0 0 0 0
0.823333 0 0 0 0
0.83 0 0 0 0
0.836667 0 0 0 0
0.843333 0 0 0 0
0.85 0 0 0 0
0.856667 0 0 0 0
0.863333 0 0 0 0
0.87 0 0 0 0
0.876667 0 0 0 0
0.883333 0 0 0 0
0.89 0 0 0 0
0.896667 0 0 0 0
0.903333 0 0 0 0
0.91 0 0 0 0
0.916667 0 0 0 0
0.923333 0 0 0 0
0.93 0 0 0 0
0.936667 0 0 0 0
0.943333 0 0 0 0
0.95 0 0 0 0
0.956667 0 0 0 0
0.963333 0 0 0 0
0.97 0 0 0 0
0.976667 0 0 0 0
0.983333 0 0 0 0
0.99 0 0 0 0
0.996667 0 0 0 0
1.00333 0 0 0 0
1.01 0 0 0 0
1.01667 0 0 0 0
1.02333 0 0 0 0
1.03 0 0 0 0
1.03667 0 0 0 0
1.04333 0 0 0 0
1.05 0 0 0 0
1.05667 0 0 0 0
1.06333 0 0 0 0
1.07 0 0 0 0
1.07667 0 0 0 0
1.08333 0 0 0 0
1.09 0 0 0 0
1.09667 0 0 0 0
1.10333 0 0 0 0
1.11 0 0 0 0
1.11667 0 0 0 0
1.12333 0 0 0 0
1.13 0 0 0 0
1.13667 0 0 0 0
1.14333 0 0 0 0
1.15 0 0 0 0
1.15667 0 0 0 0
1.16333 0 0 0 0
1.17 0 0 0 0
1.17667 0 0 0 0
1.18333 0 0 0 0
1.19 0 0 0 0
1.19667 0 0 0 0
1.20333 0 0 0 0
1.21 0 0 0 0
1.21667 0 0 0 0
1.22333 0 0 0 0
1.23 0 0 0 0
1.23667 0 0 0 0
1.24333 0 0 0 0
1.25 0 0 0 0
1.25667 0 0 0 0
1.26333 0 0 0 0
1.27 0 0 0 0
1.27667 0 0 0 0
1.28333 0 0 0 0
1.29 0 0 0 0
1.29667 0 0 0 0
1.30333 0 0 0 0
1.31 0 0 0 0
1.31667 0 0 0 0
1.32333 0 0 0 0
1.33 0 0 0 0
1.33667 0 0 0 0
1.34333 0 0 0 0
1.35 0 0 0 0
1.35667 0 0 0 0
1.36333 0 0 0 0
1.37 0 0 0 0
1.37667 0 0 0 0
1.38333 0 0 0 0
1.39 0 0 0 0
1.39667 0 0 0 0
1.40333 0 0 0 0
1.41 0 0 0 0
1.41667 0 0 0 0
1.42333 0 0 0 0
1.43 0 0 0 0
1.43667 0 0 0 0
1.44333 0 0 0 0
1.45 0 0 0 0
1.45667 0 0 0 0
1.46333 0 0 0 0
1.47 0 0 0 0
1.47667 0 0 0 0
1.48333 0 0 0 0
1.49 0 0 0 0
1.49667 0 0 0 0
1.50333 0 0 0 0
1.51 0 0 0 0
1.51667 0 0 0 0
1.52333 0 0 0 0
1.53 0 0 0 0
1.53667 0 0 0 0
1.54333 0 0 0 0
1.55 0 0 0 0
1.55667 0 0 0 0
1.56333 0 0 0 0
1.57 0 0 0 0
1.57667 0 0 0 0
1.58333 0 0 0 0
1.59 0 0 0 0
1.59667 0 0 0 0
1.60333 0 0 0 0
1.61 0 0 0 0
1.61667 0 0 0 0
1.62333 0 0 0 0
1.63 0 0 0 0
1.63667 0 0 0 0
1.64333 0 0 0 0
1.65 0 0 0 0
1.65667 0 0 0 0
1.66333 0 0 0 0
1.67 0 0 0 0
1.67667 0 0 0 0
1.68333 0 0 0 0
1.69 0 0 0 0
1.69667 0 0 0 0
1.70333 0 0 0 0
1.71 0 0 0 0
1.71667 0 0 0 0
1.72333 0 0 0 0
1.73 0 0 0 0
1.73667 0 0 0 0
1.74333 0 0 0 0
1.75 0 0 0 0
1.75667 0 0 0 0
1.76333 0 0 0 0
1.77 0 0 0 0
1.77667 0 0 0 0
1.78333 0 0 0 0
1.79 0 0 0 0
1.79667 0 0 0 0
1.80333 0 0 0 0
1.81 0 0 0 0
1.81667 0 0 0 0
1.82333 0 0 0 0
1.83 0 0 0 0
1.83667 0 0 0 0
1.84333 0 0 0 0
1.85 0 0 0 0
1.85667 0 0 0 0
1.86333 0 0 0 0
1.87 0 0 0 0
1.87667 0 0 0 0
1.88333 0 0 0 0
1.89 0 0 0 0
1.89667 0 0 0 0
1.90333 0 0 0 0
1.91 0 0 0 0
1.91667 0 0 0 0
1.92333 0 0 0 0
1.93 0 0 0 0
1.93667 0 0 0 0
1.94333 0 0 0 0
1.95 0 0 0 0
1.95667 0 0 0 0
1.96333 0 0 0 0
1.97 0 0 0 0
1.97667 0 0 0 0
1.98333 0 0 0 0
1.99 0 0 0 0
1.99667 0 0 0 0
