0.00333333 3 46 40 1
0.01 4 44 36 5
0.0166667 6 38 48 6
0.0233333 7 51 60 4
0.03 7 62 38 2
0.0366667 16 57 49 5
0.0433333 11 67 67 7
0.05 12 111 75 10
0.0566667 20 98 66 3
0.0633333 26 112 75 8
0.07 20 115 110 5
0.0766667 21 123 117 7
0.0833333 17 129 111 15
0.09 19 145 113 17
0.0966667 19 139 118 8
0.103333 21 123 115 7
0.11 25 133 126 12
0.116667 20 133 129 10
0.123333 22 117 112 10
0.13 11 136 104 7
0.136667 13 94 108 7
0.143333 10 112 114 10
0.15 10 125 117 9
0.156667 11 96 108 7
0.163333 10 91 116 9
0.17 16 93 96 6
0.176667 13 109 98 7
0.183333 15 119 105 2
0.19 9 124 126 8
0.196667 15 117 126 11
0.203333 7 105 119 6
0.21 11 90 117 4
0.216667 8 116 99 6
0.223333 15 78 81 4
0.23 5 96 89 8
0.236667 3 81 83 5
0.243333 11 87 79 4
0.25 8 83 77 9
0.256667 10 86 70 5
0.263333 10 64 67 5
0.27 11 70 80 7
0.276667 14 64 77 7
0.283333 8 65 56 6
0.29 7 75 65 4
0.296667 11 54 58 3
0.303333 3 75 56 8
0.31 7 73 67 4
0.316667 6 64 60 4
0.323333 9 61 50 5
0.33 6 68 47 1
0.336667 3 61 51 4
0.343333 2 53 50 5
0.35 3 55 57 3
0.356667 9 58 41 5
0.363333 9 60 53 1
0.37 6 56 59 4
0.376667 5 44 62 5
0.383333 4 44 49 2
0.39 8 56 42 3
0.396667 3 53 50 3
0.403333 8 36 44 3
0.41 13 49 45 1
0.416667 6 46 47 2
0.423333 3 54 66 4
0.43 7 38 43 3
0.436667 8 51 47 6
0.443333 6 47 41 2
0.45 6 45 33 3
0.456667 8 28 33 4
0.463333 4 50 39 0
0.47 8 43 46 5
0.476667 3 46 40 2
0.483333 9 44 26 5
0.49 4 39 29 1
0.496667 3 32 21 2
0.503333 2 29 23 1
0.51 1 30 26 1
0.516667 3 16 25 4
0.523333 2 27 24 1
0.53 3 29 14 2
0.536667 6 15 15 2
0.543333 1 23 21 0
0.55 2 21 16 1
0.556667 3 23 15 3
0.563333 4 21 25 1
0.57 2 20 12 2
0.576667 5 18 17 3
0.583333 3 38 22 1
0.59 2 18 20 3
0.596667 3 30 14 2
0.603333 1 14 11 1
0.61 2 26 16 1
0.616667 4 17 13 2
0.623333 1 22 15 1
0.63 3 16 19 2
0.636667 6 28 23 2
0.643333 1 23 10 0
0.65 2 28 12 4
0.656667 3 23 19 1
0.663333 90 1245 1588 43
0.67 0 0 0 0
0.676667 0 0 0 0
0.683333 0 0 0 0
0.69 0 0 0 0
0.696667 0 0 0 0
0.703333 0 0 0 0
0.71 0 0 0 0
0.716667 0 0 0 0
0.723333 0 0 0 0
0.73 0 0 0 0
0.736667 0 0 0 0
0.743333 0 0 0 0
0.75 0 0 0 0
0.756667 0 0 0 0
0.763333 0 0 0 0
0.77 0 0 0 0
0.776667 0 0 0 0
0.783333 0 0 0 0
0.79 0 0 0 0
0.796667 0 0 0 0
0.803333 0 0 0 0
0.81 0 0 0 0
0.816667 0 0 0 0
0.823333 0 0 0 0
0.83 0 0 0 0
0.836667 0 0 0 0
0.843333 0 0 0 0
0.85 0 0 0 0
0.856667 0 0 0 0
0.863333 0 0 0 0
0.87 0 0 0 0
0.876667 0 0 0 0
0.883333 0 0 0 0
0.89 0 0 0 0
0.896667 0 0 0 0
0.903333 0 0 0 0
0.91 0 0 0 0
0.916667 0 0 0 0
0.923333 0 0 0 0
0.93 0 0 0 0
0.936667 0 0 0 0
0.943333 0 0 0 0
0.95 0 0 0 0
0.956667 0 0 0 0
0.963333 0 0 0 0
0.97 0 0 0 0
0.976667 0 0 0 0
0.983333 0 0 0 0
0.99 0 0 0 0
0.996667 0 0 0 0
1.00333 0 0 0 0
1.01 0 0 0 0
1.01667 0 0 0 0
1.02333 0 0 0 0
1.03 0 0 0 0
1.03667 0 0 0 0
1.04333 0 0 0 0
1.05 0 0 0 0
1.05667 0 0 0 0
1.06333 0 0 0 0
1.07 0 0 0 0
1.07667 0 0 0 0
1.08333 0 0 0 0
1.09 0 0 0 0
1.09667 0 0 0 0
1.10333 0 0 0 0
1.11 0 0 0 0
1.11667 0 0 0 0
1.12333 0 0 0 0
1.13 0 0 0 0
1.13667 0 0 0 0
1.14333 0 0 0 0
1.15 0 0 0 0
1.15667 0 0 0 0
1.16333 0 0 0 0
1.17 0 0 0 0
1.17667 0 0 0 0
1.18333 0 0 0 0
1.19 0 0 0 0
1.19667 0 0 0 0
1.20333 0 0 0 0
1.21 0 0 0 0
1.21667 0 0 0 0
1.22333 0 0 0 0
1.23 0 0 0 0
1.23667 0 0 0 0
1.24333 0 0 0 0
1.25 0 0 0 0
1.25667 0 0 0 0
1.26333 0 0 0 0
1.27 0 0 0 0
1.27667 0 0 0 0
1.28333 0 0 0 0
1.29 0 0 0 0
1.29667 0 0 0 0
1.30333 0 0 0 0
1.31 0 0 0 0
1.31667 0 0 0 0
1.32333 0 0 0 0
1.33 0 0 0 0
1.33667 0 0 0 0
1.34333 0 0 0 0
1.35 0 0 0 0
1.35667 0 0 0 0
1.36333 0 0 0 0
1.37 0 0 0 0
1.37667 0 0 0 0
1.38333 0 0 0 0
1.39 0 0 0 0
1.39667 0 0 0 0
1.40333 0 0 0 0
1.41 0 0 0 0
1.41667 0 0 0 0
1.42333 0 0 0 0
1.43 0 0 0 0
1.43667 0 0 0 0
1.44333 0 0 0 0
1.45 0 0 0 0
1.45667 0 0 0 0
1.46333 0 0 0 0
1.47 0 0 0 0
1.47667 0 0 0 0
1.48333 0 0 0 0
1.49 0 0 0 0
1.49667 0 0 0 0
1.50333 0 0 0 0
1.51 0 0 0 0
1.51667 0 0 0 0
1.52333 0 0 0 0
1.53 0 0 0 0
1.53667 0 0 0 0
1.54333 0 0 0 0
1.55 0 0 0 0
1.55667 0 0 0 0
1.56333 0 0 0 0
1.57 0 0 0 0
1.57667 0 0 0 0
1.58333 0 0 0 0
1.59 0 0 0 0
1.59667 0 0 0 0
1.60333 0 0 0 0
1.61 0 0 0 0
1.61667 0 0 0 0
1.62333 0 0 0 0
1.63 0 0 0 0
1.63667 0 0 0 0
1.64333 0 0 0 0
1.65 0 0 0 0
1.65667 0 0 0 0
1.66333 0 0 0 0
1.67 0 0 0 0
1.67667 0 0 0 0
1.68333 0 0 0 0
1.69 0 0 0 0
1.69667 0 0 0 0
1.70333 0 0 0 0
1.71 0 0 0 0
1.71667 0 0 0 0
1.72333 0 0 0 0
1.73 0 0 0 0
1.73667 0 0 0 0
1.74333 0 0 0 0
1.75 0 0 0 0
1.75667 0 0 0 0
1.76333 0 0 0 0
1.77 0 0 0 0
1.77667 0 0 0 0
1.78333 0 0 0 0
1.79 0 0 0 0
1.79667 0 0 0 0
1.80333 0 0 0 0
1.81 0 0 0 0
1.81667 0 0 0 0
1.82333 0 0 0 0
1.83 0 0 0 0
1.83667 0 0 0 0
1.84333 0 0 0 0
1.85 0 0 0 0
1.85667 0 0 0 0
1.86333 0 0 0 0
1.87 0 0 0 0
1.87667 0 0 0 0
1.88333 0 0 0 0
1.89 0 0 0 0
1.89667 0 0 0 0
1.90333 0 0 0 0
1.91 0 0 0 0
1.91667 0 0 0 0
1.92333 0 0 0 0
1.93 0 0 0 0
1.93667 0 0 0 0
1.94333 0 0 0 0
1.95 0 0 0 0
1.95667 0 0 0 0
1.96333 0 0 0 0
1.97 0 0 0 0
1.97667 0 0 0 0
1.98333 0 0 0 0
1.99 0 0 0 0
1.99667 0 0 0 0
