0.00333333 6 4 22 48
0.01 0 4 22 53
0.0166667 5 3 22 57
0.0233333 3 8 27 63
0.03 1 9 43 56
0.0366667 6 6 39 72
0.0433333 4 4 66 80
0.05 11 4 86 102
0.0566667 8 10 108 113
0.0633333 5 11 104 107
0.07 4 11 100 120
0.0766667 3 12 112 155
0.0833333 6 17 128 150
0.09 6 11 101 127
0.0966667 8 13 105 133
0.103333 4 11 130 154
0.11 9 17 108 129
0.116667 4 11 99 155
0.123333 6 10 104 148
0.13 11 10 112 154
0.136667 9 11 89 120
0.143333 5 7 89 143
0.15 7 13 68 124
0.156667 6 8 84 108
0.163333 7 14 76 130
0.17 11 14 86 130
0.176667 7 11 82 149
0.183333 9 15 88 136
0.19 5 15 99 171
0.196667 9 13 68 149
0.203333 8 11 70 138
0.21 3 4 69 132
0.216667 6 9 68 124
0.223333 9 10 67 125
0.23 6 12 67 111
0.236667 5 6 55 126
0.243333 6 8 67 107
0.25 6 5 47 116
0.256667 3 7 44 95
0.263333 5 6 69 90
0.27 6 5 43 77
0.276667 10 4 48 83
0.283333 4 5 67 70
0.29 4 3 49 89
0.296667 10 5 52 78
0.303333 7 6 40 70
0.31 3 7 41 81
0.316667 2 4 38 71
0.323333 4 7 55 66
0.33 5 7 30 70
0.336667 1 8 43 64
0.343333 5 7 39 62
0.35 3 4 48 56
0.356667 5 6 39 71
0.363333 3 8 37 50
0.37 4 8 37 67
0.376667 3 7 28 69
0.383333 7 3 30 61
0.39 2 3 27 61
0.396667 7 8 34 60
0.403333 3 6 28 51
0.41 3 2 18 69
0.416667 3 7 32 66
0.423333 6 3 25 52
0.43 4 5 22 55
0.436667 6 2 32 41
0.443333 3 6 36 51
0.45 6 4 41 50
0.456667 2 1 38 62
0.463333 6 1 31 58
0.47 3 5 23 52
0.476667 1 8 20 43
0.483333 5 4 23 41
0.49 0 1 13 39
0.496667 1 5 22 25
0.503333 4 5 25 32
0.51 2 1 20 30
0.516667 1 2 11 17
0.523333 2 4 21 23
0.53 2 3 16 36
0.536667 0 3 13 26
0.543333 1 6 13 32
0.55 0 11 17 26
0.556667 0 6 17 22
0.563333 3 2 16 24
0.57 3 8 18 26
0.576667 2 4 14 17
0.583333 2 1 12 22
0.59 6 5 10 18
0.596667 2 1 15 18
0.603333 3 3 15 22
0.61 1 2 19 25
0.616667 3 1 13 18
0.623333 3 4 15 15
0.63 3 4 14 18
0.636667 3 4 14 17
0.643333 0 4 12 18
0.65 3 0 16 27
0.656667 3 4 15 17
0.663333 105 63 609 1985
0.67 0 0 0 0
0.676667 0 0 0 0
0.683333 0 0 0 0
0.69 0 0 0 0
0.696667 0 0 0 0
0.703333 0 0 0 0
0.71 0 0 0 0
0.716667 0 0 0 0
0.723333 0 0 0 0
0.73 0 0 0 0
0.736667 0 0 0 0
0.743333 0 0 0 0
0.75 0 0 0 0
0.756667 0 0 0 0
0.763333 0 0 0 0
0.77 0 0 0 0
0.776667 0 0 0 0
0.783333 0 0 0 0
0.79 0 0 0 0
0.796667 0 0 0 0
0.803333 0 0 0 0
0.81 0 0 0 0
0.816667 0 0 0 0
0.823333 0 0 0 0
0.83 0 0 0 0
0.836667 0 0 0 0
0.843333 0 0 0 0
0.85 0 0 0 0
0.856667 0 0 0 0
0.863333 0 0 0 0
0.87 0 0 0 0
0.876667 0 0 0 0
0.883333 0 0 0 0
0.89 0 0 0 0
0.896667 0 0 0 0
0.903333 0 0 0 0
0.91 0 0 0 0
0.916667 0 0 0 0
0.923333 0 0 0 0
0.93 0 0 0 0
0.936667 0 0 0 0
0.943333 0 0 0 0
0.95 0 0 0 0
0.956667 0 0 0 0
0.963333 0 0 0 0
0.97 0 0 0 0
0.976667 0 0 0 0
0.983333 0 0 0 0
0.99 0 0 0 0
0.996667 0 0 0 0
1.00333 0 0 0 0
1.01 0 0 0 0
1.01667 0 0 0 0
1.02333 0 0 0 0
1.03 0 0 0 0
1.03667 0 0 0 0
1.04333 0 0 0 0
1.05 0 0 0 0
1.05667 0 0 0 0
1.06333 0 0 0 0
1.07 0 0 0 0
1.07667 0 0 0 0
1.08333 0 0 0 0
1.09 0 0 0 0
1.09667 0 0 0 0
1.10333 0 0 0 0
1.11 0 0 0 0
1.11667 0 0 0 0
1.12333 0 0 0 0
1.13 0 0 0 0
1.13667 0 0 0 0
1.14333 0 0 0 0
1.15 0 0 0 0
1.15667 0 0 0 0
1.16333 0 0 0 0
1.17 0 0 0 0
1.17667 0 0 0 0
1.18333 0 0 0 0
1.19 0 0 0 0
1.19667 0 0 0 0
1.20333 0 0 0 0
1.21 0 0 0 0
1.21667 0 0 0 0
1.22333 0 0 0 0
1.23 0 0 0 0
1.23667 0 0 0 0
1.24333 0 0 0 0
1.25 0 0 0 0
1.25667 0 0 0 0
1.26333 0 0 0 0
1.27 0 0 0 0
1.27667 0 0 0 0
1.28333 0 0 0 0
1.29 0 0 0 0
1.29667 0 0 0 0
1.30333 0 0 0 0
1.31 0 0 0 0
1.31667 0 0 0 0
1.32333 0 0 0 0
1.33 0 0 0 0
1.33667 0 0 0 0
1.34333 0 0 0 0
1.35 0 0 0 0
1.35667 0 0 0 0
1.36333 0 0 0 0
1.37 0 0 0 0
1.37667 0 0 0 0
1.38333 0 0 0 0
1.39 0 0 0 0
1.39667 0 0 0 0
1.40333 0 0 0 0
1.41 0 0 0 0
1.41667 0 0 0 0
1.42333 0 0 0 0
1.43 0 0 0 0
1.43667 0 0 0 0
1.44333 0 0 0 0
1.45 0 0 0 0
1.45667 0 0 0 0
1.46333 0 0 0 0
1.47 0 0 0 0
1.47667 0 0 0 0
1.48333 0 0 0 0
1.49 0 0 0 0
1.49667 0 0 0 0
1.50333 0 0 0 0
1.51 0 0 0 0
1.51667 0 0 0 0
1.52333 0 0 0 0
1.53 0 0 0 0
1.53667 0 0 0 0
1.54333 0 0 0 0
1.55 0 0 0 0
1.55667 0 0 0 0
1.56333 0 0 0 0
1.57 0 0 0 0
1.57667 0 0 0 0
1.58333 0 0 0 0
1.59 0 0 0 0
1.59667 0 0 0 0
1.60333 0 0 0 0
1.61 0 0 0 0
1.61667 0 0 0 0
1.62333 0 0 0 0
1.63 0 0 0 0
1.63667 0 0 0 0
1.64333 0 0 0 0
1.65 0 0 0 0
1.65667 0 0 0 0
1.66333 0 0 0 0
1.67 0 0 0 0
1.67667 0 0 0 0
1.68333 0 0 0 0
1.69 0 0 0 0
1.69667 0 0 0 0
1.70333 0 0 0 0
1.71 0 0 0 0
1.71667 0 0 0 0
1.72333 0 0 0 0
1.73 0 0 0 0
1.73667 0 0 0 0
1.74333 0 0 0 0
1.75 0 0 0 0
1.75667 0 0 0 0
1.76333 0 0 0 0
1.77 0 0 0 0
1.77667 0 0 0 0
1.78333 0 0 0 0
1.79 0 0 0 0
1.79667 0 0 0 0
1.80333 0 0 0 0
1.81 0 0 0 0
1.81667 0 0 0 0
1.82333 0 0 0 0
1.83 0 0 0 0
1.83667 0 0 0 0
1.84333 0 0 0 0
1.85 0 0 0 0
1.85667 0 0 0 0
1.86333 0 0 0 0
1.87 0 0 0 0
1.87667 0 0 0 0
1.88333 0 0 0 0
1.89 0 0 0 0
1.89667 0 0 0 0
1.90333 0 0 0 0
1.91 0 0 0 0
1.91667 0 0 0 0
1.92333 0 0 0 0
1.93 0 0 0 0
1.93667 0 0 0 0
1.94333 0 0 0 0
1.95 0 0 0 0
1.95667 0 0 0 0
1.96333 0 0 0 0
1.97 0 0 0 0
1.97667 0 0 0 0
1.98333 0 0 0 0
1.99 0 0 0 0
1.99667 0 0 0 0
