0.00333333 121 14 0 1
0.01 153 24 6 3
0.0166667 169 25 4 1
0.0233333 137 31 2 3
0.03 133 22 1 0
0.0366667 174 42 1 4
0.0433333 161 52 1 3
0.05 231 91 2 2
0.0566667 262 75 5 2
0.0633333 288 81 9 5
0.07 329 95 5 2
0.0766667 325 91 3 1
0.0833333 392 82 9 3
0.09 360 111 2 3
0.0966667 353 115 9 5
0.103333 352 76 5 2
0.11 345 90 4 6
0.116667 377 73 4 2
0.123333 404 75 9 4
0.13 353 79 4 5
0.136667 413 62 7 2
0.143333 366 63 1 1
0.15 383 59 3 3
0.156667 368 61 2 3
0.163333 382 57 6 3
0.17 389 59 2 3
0.176667 364 51 0 1
0.183333 367 69 5 4
0.19 442 57 4 6
0.196667 464 65 2 2
0.203333 411 65 4 3
0.21 365 56 2 1
0.216667 328 61 9 6
0.223333 317 50 8 1
0.23 329 37 2 4
0.236667 290 55 1 4
0.243333 262 49 5 7
0.25 278 54 4 2
0.256667 274 43 2 3
0.263333 228 50 3 1
0.27 248 47 2 1
0.276667 196 40 1 5
0.283333 222 33 3 3
0.29 194 34 0 4
0.296667 190 33 1 2
0.303333 183 40 0 0
0.31 179 37 0 3
0.316667 147 29 1 2
0.323333 173 22 1 1
0.33 177 30 2 2
0.336667 177 32 0 2
0.343333 145 33 2 3
0.35 171 29 3 2
0.356667 180 31 4 1
0.363333 169 25 2 1
0.37 172 28 1 0
0.376667 146 25 0 0
0.383333 171 17 3 1
0.39 136 28 3 4
0.396667 151 23 0 2
0.403333 144 19 3 3
0.41 134 29 2 1
0.416667 123 30 2 1
0.423333 148 22 0 1
0.43 133 25 3 4
0.436667 135 14 1 1
0.443333 146 27 0 0
0.45 133 34 2 0
0.456667 156 16 1 1
0.463333 137 18 0 2
0.47 150 24 2 2
0.476667 144 22 0 2
0.483333 63 16 3 2
0.49 79 14 3 1
0.496667 75 21 4 0
0.503333 76 16 1 2
0.51 65 17 2 2
0.516667 64 22 1 3
0.523333 57 16 2 1
0.53 46 17 2 3
0.536667 49 13 1 2
0.543333 61 13 3 2
0.55 54 14 2 1
0.556667 64 11 2 5
0.563333 41 12 1 2
0.57 58 19 0 2
0.576667 59 12 1 0
0.583333 63 17 3 0
0.59 53 8 2 1
0.596667 54 10 2 0
0.603333 45 8 0 2
0.61 51 11 2 2
0.616667 57 10 2 0
0.623333 42 10 0 0
0.63 65 9 1 1
0.636667 72 16 2 2
0.643333 42 19 1 0
0.65 47 12 1 0
0.656667 35 13 1 1
0.663333 6145 485 23 48
0.67 0 0 0 0
0.676667 0 0 0 0
0.683333 0 0 0 0
0.69 0 0 0 0
0.696667 0 0 0 0
0.703333 0 0 0 0
0.71 0 0 0 0
0.716667 0 0 0 0
0.723333 0 0 0 0
0.73 0 0 0 0
0.736667 0 0 0 0
0.743333 0 0 0 0
0.75 0 0 0 0
0.756667 0 0 0 0
0.763333 0 0 0 0
0.77 0 0 0 0
0.776667 0 0 0 0
0.783333 0 0 0 0
0.79 0 0 0 0
0.796667 0 0 0 0
0.803333 0 0 0 0
0.81 0 0 0 0
0.816667 0 0 0 0
0.823333 0 0 0 0
0.83 0 0 0 0
0.836667 0 0 0 0
0.843333 0 0 0 0
0.85 0 0 0 0
0.856667 0 0 0 0
0.863333 0 0 0 0
0.87 0 0 0 0
0.876667 0 0 0 0
0.883333 0 0 0 0
0.89 0 0 0 0
0.896667 0 0 0 0
0.903333 0 0 0 0
0.91 0 0 0 0
0.916667 0 0 0 0
0.923333 0 0 0 0
0.93 0 0 0 0
0.936667 0 0 0 0
0.943333 0 0 0 0
0.95 0 0 0 0
0.956667 0 0 0 0
0.963333 0 0 0 0
0.97 0 0 0 0
0.976667 0 0 0 0
0.983333 0 0 0 0
0.99 0 0 0 0
0.996667 0 0 0 0
1.00333 0 0 0 0
1.01 0 0 0 0
1.01667 0 0 0 0
1.02333 0 0 0 0
1.03 0 0 0 0
1.03667 0 0 0 0
1.04333 0 0 0 0
1.05 0 0 0 0
1.05667 0 0 0 0
1.06333 0 0 0 0
1.07 0 0 0 0
1.07667 0 0 0 0
1.08333 0 0 0 0
1.09 0 0 0 0
1.09667 0 0 0 0
1.10333 0 0 0 0
1.11 0 0 0 0
1.11667 0 0 0 0
1.12333 0 0 0 0
1.13 0 0 0 0
1.13667 0 0 0 0
1.14333 0 0 0 0
1.15 0 0 0 0
1.15667 0 0 0 0
1.16333 0 0 0 0
1.17 0 0 0 0
1.17667 0 0 0 0
1.18333 0 0 0 0
1.19 0 0 0 0
1.19667 0 0 0 0
1.20333 0 0 0 0
1.21 0 0 0 0
1.21667 0 0 0 0
1.22333 0 0 0 0
1.23 0 0 0 0
1.23667 0 0 0 0
1.24333 0 0 0 0
1.25 0 0 0 0
1.25667 0 0 0 0
1.26333 0 0 0 0
1.27 0 0 0 0
1.27667 0 0 0 0
1.28333 0 0 0 0
1.29 0 0 0 0
1.29667 0 0 0 0
1.30333 0 0 0 0
1.31 0 0 0 0
1.31667 0 0 0 0
1.32333 0 0 0 0
1.33 0 0 0 0
1.33667 0 0 0 0
1.34333 0 0 0 0
1.35 0 0 0 0
1.35667 0 0 0 0
1.36333 0 0 0 0
1.37 0 0 0 0
1.37667 0 0 0 0
1.38333 0 0 0 0
1.39 0 0 0 0
1.39667 0 0 0 0
1.40333 0 0 0 0
1.41 0 0 0 0
1.41667 0 0 0 0
1.42333 0 0 0 0
1.43 0 0 0 0
1.43667 0 0 0 0
1.44333 0 0 0 0
1.45 0 0 0 0
1.45667 0 0 0 0
1.46333 0 0 0 0
1.47 0 0 0 0
1.47667 0 0 0 0
1.48333 0 0 0 0
1.49 0 0 0 0
1.49667 0 0 0 0
1.50333 0 0 0 0
1.51 0 0 0 0
1.51667 0 0 0 0
1.52333 0 0 0 0
1.53 0 0 0 0
1.53667 0 0 0 0
1.54333 0 0 0 0
1.55 0 0 0 0
1.55667 0 0 0 0
1.56333 0 0 0 0
1.57 0 0 0 0
1.57667 0 0 0 0
1.58333 0 0 0 0
1.59 0 0 0 0
1.59667 0 0 0 0
1.60333 0 0 0 0
1.61 0 0 0 0
1.61667 0 0 0 0
1.62333 0 0 0 0
1.63 0 0 0 0
1.63667 0 0 0 0
1.64333 0 0 0 0
1.65 0 0 0 0
1.65667 0 0 0 0
1.66333 0 0 0 0
1.67 0 0 0 0
1.67667 0 0 0 0
1.68333 0 0 0 0
1.69 0 0 0 0
1.69667 0 0 0 0
1.70333 0 0 0 0
1.71 0 0 0 0
1.71667 0 0 0 0
1.72333 0 0 0 0
1.73 0 0 0 0
1.73667 0 0 0 0
1.74333 0 0 0 0
1.75 0 0 0 0
1.75667 0 0 0 0
1.76333 0 0 0 0
1.77 0 0 0 0
1.77667 0 0 0 0
1.78333 0 0 0 0
1.79 0 0 0 0
1.79667 0 0 0 0
1.80333 0 0 0 0
1.81 0 0 0 0
1.81667 0 0 0 0
1.82333 0 0 0 0
1.83 0 0 0 0
1.83667 0 0 0 0
1.84333 0 0 0 0
1.85 0 0 0 0
1.85667 0 0 0 0
1.86333 0 0 0 0
1.87 0 0 0 0
1.87667 0 0 0 0
1.88333 0 0 0 0
1.89 0 0 0 0
1.89667 0 0 0 0
1.90333 0 0 0 0
1.91 0 0 0 0
1.91667 0 0 0 0
1.92333 0 0 0 0
1.93 0 0 0 0
1.93667 0 0 0 0
1.94333 0 0 0 0
1.95 0 0 0 0
1.95667 0 0 0 0
1.96333 0 0 0 0
1.97 0 0 0 0
1.97667 0 0 0 0
1.98333 0 0 0 0
1.99 0 0 0 0
1.99667 0 0 0 0
