0.00333333 26 34 7 0
0.01 32 51 4 1
0.0166667 36 34 8 0
0.0233333 42 55 2 0
0.03 57 65 3 0
0.0366667 58 55 9 1
0.0433333 74 98 5 1
0.05 117 143 6 5
0.0566667 136 134 15 3
0.0633333 151 162 13 0
0.07 149 178 15 3
0.0766667 136 154 16 5
0.0833333 166 165 14 1
0.09 118 177 13 3
0.0966667 123 163 15 3
0.103333 129 164 13 4
0.11 146 140 15 4
0.116667 155 170 22 4
0.123333 126 164 11 3
0.13 117 129 17 5
0.136667 124 106 12 2
0.143333 113 108 18 1
0.15 99 109 8 2
0.156667 83 109 12 4
0.163333 103 108 16 3
0.17 86 103 10 1
0.176667 110 103 16 2
0.183333 101 115 21 2
0.19 97 113 11 1
0.196667 109 101 12 4
0.203333 107 107 12 1
0.21 89 100 9 3
0.216667 78 79 13 1
0.223333 71 105 10 3
0.23 91 97 9 1
0.236667 68 86 16 3
0.243333 62 88 12 0
0.25 72 70 12 1
0.256667 65 64 6 2
0.263333 67 69 3 1
0.27 59 79 11 0
0.276667 66 68 6 3
0.283333 65 65 11 1
0.29 78 68 11 0
0.296667 49 69 2 0
0.303333 74 71 5 1
0.31 60 50 2 0
0.316667 47 67 12 1
0.323333 46 43 8 1
0.33 62 61 10 3
0.336667 54 58 5 0
0.343333 55 50 7 1
0.35 44 51 7 2
0.356667 54 59 3 0
0.363333 34 62 5 0
0.37 45 57 5 0
0.376667 47 58 3 2
0.383333 45 57 7 2
0.39 43 53 5 0
0.396667 36 43 8 2
0.403333 40 47 4 0
0.41 49 45 4 1
0.416667 38 35 8 0
0.423333 28 49 0 1
0.43 34 28 11 0
0.436667 37 38 7 0
0.443333 38 38 10 0
0.45 38 35 7 0
0.456667 36 34 10 1
0.463333 44 48 0 1
0.47 40 31 4 2
0.476667 28 26 4 1
0.483333 25 27 2 1
0.49 25 24 6 1
0.496667 32 21 5 1
0.503333 25 27 7 0
0.51 28 28 2 0
0.516667 25 13 5 0
0.523333 20 20 7 0
0.53 24 17 4 1
0.536667 19 30 5 1
0.543333 23 20 3 0
0.55 13 13 3 1
0.556667 15 25 5 0
0.563333 16 21 3 0
0.57 14 25 3 0
0.576667 17 26 6 0
0.583333 23 24 3 0
0.59 16 16 6 2
0.596667 23 24 2 1
0.603333 16 19 2 1
0.61 16 14 3 1
0.616667 17 23 1 1
0.623333 15 20 5 0
0.63 23 21 3 1
0.636667 16 21 3 0
0.643333 20 19 2 1
0.65 18 14 3 1
0.656667 14 25 5 0
0.663333 771 903 120 6
0.67 0 0 0 0
0.676667 0 0 0 0
0.683333 0 0 0 0
0.69 0 0 0 0
0.696667 0 0 0 0
0.703333 0 0 0 0
0.71 0 0 0 0
0.716667 0 0 0 0
0.723333 0 0 0 0
0.73 0 0 0 0
0.736667 0 0 0 0
0.743333 0 0 0 0
0.75 0 0 0 0
0.756667 0 0 0 0
0.763333 0 0 0 0
0.77 0 0 0 0
0.776667 0 0 0 0
0.783333 0 0 0 0
0.79 0 0 0 0
0.796667 0 0 0 0
0.803333 0 0 0 0
0.81 0 0 0 0
0.816667 0 0 0 0
0.823333 0 0 0 0
0.83 0 0 0 0
0.836667 0 0 0 0
0.843333 0 0 0 0
0.85 0 0 0 0
0.856667 0 0 0 0
0.863333 0 0 0 0
0.87 0 0 0 0
0.876667 0 0 0 0
0.883333 0 0 0 0
0.89 0 0 0 0
0.896667 0 0 0 0
0.903333 0 0 0 0
0.91 0 0 0 0
0.916667 0 0 0 0
0.923333 0 0 0 0
0.93 0 0 0 0
0.936667 0 0 0 0
0.943333 0 0 0 0
0.95 0 0 0 0
0.956667 0 0 0 0
0.963333 0 0 0 0
0.97 0 0 0 0
0.976667 0 0 0 0
0.983333 0 0 0 0
0.99 0 0 0 0
0.996667 0 0 0 0
1.00333 0 0 0 0
1.01 0 0 0 0
1.01667 0 0 0 0
1.02333 0 0 0 0
1.03 0 0 0 0
1.03667 0 0 0 0
1.04333 0 0 0 0
1.05 0 0 0 0
1.05667 0 0 0 0
1.06333 0 0 0 0
1.07 0 0 0 0
1.07667 0 0 0 0
1.08333 0 0 0 0
1.09 0 0 0 0
1.09667 0 0 0 0
1.10333 0 0 0 0
1.11 0 0 0 0
1.11667 0 0 0 0
1.12333 0 0 0 0
1.13 0 0 0 0
1.13667 0 0 0 0
1.14333 0 0 0 0
1.15 0 0 0 0
1.15667 0 0 0 0
1.16333 0 0 0 0
1.17 0 0 0 0
1.17667 0 0 0 0
1.18333 0 0 0 0
1.19 0 0 0 0
1.19667 0 0 0 0
1.20333 0 0 0 0
1.21 0 0 0 0
1.21667 0 0 0 0
1.22333 0 0 0 0
1.23 0 0 0 0
1.23667 0 0 0 0
1.24333 0 0 0 0
1.25 0 0 0 0
1.25667 0 0 0 0
1.26333 0 0 0 0
1.27 0 0 0 0
1.27667 0 0 0 0
1.28333 0 0 0 0
1.29 0 0 0 0
1.29667 0 0 0 0
1.30333 0 0 0 0
1.31 0 0 0 0
1.31667 0 0 0 0
1.32333 0 0 0 0
1.33 0 0 0 0
1.33667 0 0 0 0
1.34333 0 0 0 0
1.35 0 0 0 0
1.35667 0 0 0 0
1.36333 0 0 0 0
1.37 0 0 0 0
1.37667 0 0 0 0
1.38333 0 0 0 0
1.39 0 0 0 0
1.39667 0 0 0 0
1.40333 0 0 0 0
1.41 0 0 0 0
1.41667 0 0 0 0
1.42333 0 0 0 0
1.43 0 0 0 0
1.43667 0 0 0 0
1.44333 0 0 0 0
1.45 0 0 0 0
1.45667 0 0 0 0
1.46333 0 0 0 0
1.47 0 0 0 0
1.47667 0 0 0 0
1.48333 0 0 0 0
1.49 0 0 0 0
1.49667 0 0 0 0
1.50333 0 0 0 0
1.51 0 0 0 0
1.51667 0 0 0 0
1.52333 0 0 0 0
1.53 0 0 0 0
1.53667 0 0 0 0
1.54333 0 0 0 0
1.55 0 0 0 0
1.55667 0 0 0 0
1.56333 0 0 0 0
1.57 0 0 0 0
1.57667 0 0 0 0
1.58333 0 0 0 0
1.59 0 0 0 0
1.59667 0 0 0 0
1.60333 0 0 0 0
1.61 0 0 0 0
1.61667 0 0 0 0
1.62333 0 0 0 0
1.63 0 0 0 0
1.63667 0 0 0 0
1.64333 0 0 0 0
1.65 0 0 0 0
1.65667 0 0 0 0
1.66333 0 0 0 0
1.67 0 0 0 0
1.67667 0 0 0 0
1.68333 0 0 0 0
1.69 0 0 0 0
1.69667 0 0 0 0
1.70333 0 0 0 0
1.71 0 0 0 0
1.71667 0 0 0 0
1.72333 0 0 0 0
1.73 0 0 0 0
1.73667 0 0 0 0
1.74333 0 0 0 0
1.75 0 0 0 0
1.75667 0 0 0 0
1.76333 0 0 0 0
1.77 0 0 0 0
1.77667 0 0 0 0
1.78333 0 0 0 0
1.79 0 0 0 0
1.79667 0 0 0 0
1.80333 0 0 0 0
1.81 0 0 0 0
1.81667 0 0 0 0
1.82333 0 0 0 0
1.83 0 0 0 0
1.83667 0 0 0 0
1.84333 0 0 0 0
1.85 0 0 0 0
1.85667 0 0 0 0
1.86333 0 0 0 0
1.87 0 0 0 0
1.87667 0 0 0 0
1.88333 0 0 0 0
1.89 0 0 0 0
1.89667 0 0 0 0
1.90333 0 0 0 0
1.91 0 0 0 0
1.91667 0 0 0 0
1.92333 0 0 0 0
1.93 0 0 0 0
1.93667 0 0 0 0
1.94333 0 0 0 0
1.95 0 0 0 0
1.95667 0 0 0 0
1.96333 0 0 0 0
1.97 0 0 0 0
1.97667 0 0 0 0
1.98333 0 0 0 0
1.99 0 0 0 0
1.99667 0 0 0 0
