0.00333333 6 16 25 1
0.01 7 14 37 5
0.0166667 6 30 35 4
0.0233333 9 41 43 3
0.03 9 29 47 5
0.0366667 9 38 42 4
0.0433333 12 46 58 6
0.05 18 73 67 9
0.0566667 13 62 79 9
0.0633333 17 73 79 12
0.07 23 79 86 10
0.0766667 24 80 88 18
0.0833333 15 81 107 15
0.09 20 81 94 10
0.0966667 20 72 86 13
0.103333 22 76 95 8
0.11 27 81 92 15
0.116667 16 75 110 15
0.123333 25 85 93 11
0.13 13 61 81 4
0.136667 15 65 85 9
0.143333 16 68 75 12
0.15 22 68 82 7
0.156667 13 58 83 9
0.163333 16 46 78 8
0.17 11 49 101 13
0.176667 8 50 81 6
0.183333 12 48 107 5
0.19 14 41 99 6
0.196667 18 39 101 2
0.203333 13 47 88 10
0.21 6 44 83 7
0.216667 12 37 82 7
0.223333 12 40 90 10
0.23 14 44 70 13
0.236667 11 33 56 8
0.243333 5 41 59 5
0.25 13 46 79 6
0.256667 9 36 69 4
0.263333 8 33 58 7
0.27 9 34 50 7
0.276667 6 33 71 8
0.283333 10 25 60 8
0.29 12 37 59 2
0.296667 9 27 41 6
0.303333 11 40 55 6
0.31 12 27 49 4
0.316667 11 30 44 4
0.323333 9 28 50 5
0.33 9 35 48 2
0.336667 14 25 43 4
0.343333 8 14 35 1
0.35 5 22 44 7
0.356667 8 20 53 3
0.363333 9 26 33 4
0.37 6 24 35 3
0.376667 5 21 44 6
0.383333 6 24 37 5
0.39 11 17 28 5
0.396667 5 19 26 2
0.403333 6 22 40 6
0.41 10 25 38 2
0.416667 5 18 39 5
0.423333 2 22 40 2
0.43 6 16 37 4
0.436667 4 18 39 6
0.443333 3 14 49 1
0.45 6 25 37 5
0.456667 6 16 37 4
0.463333 7 18 30 6
0.47 5 25 33 8
0.476667 4 11 28 4
0.483333 5 14 23 4
0.49 6 16 21 1
0.496667 4 7 18 4
0.503333 6 9 20 2
0.51 2 14 23 3
0.516667 2 10 21 2
0.523333 4 14 21 1
0.53 0 17 23 4
0.536667 3 11 19 1
0.543333 0 8 11 2
0.55 2 16 15 0
0.556667 5 9 12 3
0.563333 7 7 17 5
0.57 5 9 19 3
0.576667 3 7 14 4
0.583333 5 5 22 4
0.59 2 13 21 3
0.596667 4 12 21 1
0.603333 5 12 15 3
0.61 3 8 13 1
0.616667 3 9 16 1
0.623333 1 10 23 3
0.63 3 14 21 0
0.636667 1 14 23 3
0.643333 6 9 16 2
0.65 1 14 7 4
0.656667 3 15 8 4
0.663333 97 353 1142 44
0.67 0 0 0 0
0.676667 0 0 0 0
0.683333 0 0 0 0
0.69 0 0 0 0
0.696667 0 0 0 0
0.703333 0 0 0 0
0.71 0 0 0 0
0.716667 0 0 0 0
0.723333 0 0 0 0
0.73 0 0 0 0
0.736667 0 0 0 0
0.743333 0 0 0 0
0.75 0 0 0 0
0.756667 0 0 0 0
0.763333 0 0 0 0
0.77 0 0 0 0
0.776667 0 0 0 0
0.783333 0 0 0 0
0.79 0 0 0 0
0.796667 0 0 0 0
0.803333 0 0 0 0
0.81 0 0 0 0
0.816667 0 0 0 0
0.823333 0 0 0 0
0.83 0 0 0 0
0.836667 0 0 0 0
0.843333 0 0 0 0
0.85 0 0 0 0
0.856667 0 0 0 0
0.863333 0 0 0 0
0.87 0 0 0 0
0.876667 0 0 0 0
0.883333 0 0 0 0
0.89 0 0 0 0
0.896667 0 0 0 0
0.903333 0 0 0 0
0.91 0 0 0 0
0.916667 0 0 0 0
0.923333 0 0 0 0
0.93 0 0 0 0
0.936667 0 0 0 0
0.943333 0 0 0 0
0.95 0 0 0 0
0.956667 0 0 0 0
0.963333 0 0 0 0
0.97 0 0 0 0
0.976667 0 0 0 0
0.983333 0 0 0 0
0.99 0 0 0 0
0.996667 0 0 0 0
1.00333 0 0 0 0
1.01 0 0 0 0
1.01667 0 0 0 0
1.02333 0 0 0 0
1.03 0 0 0 0
1.03667 0 0 0 0
1.04333 0 0 0 0
1.05 0 0 0 0
1.05667 0 0 0 0
1.06333 0 0 0 0
1.07 0 0 0 0
1.07667 0 0 0 0
1.08333 0 0 0 0
1.09 0 0 0 0
1.09667 0 0 0 0
1.10333 0 0 0 0
1.11 0 0 0 0
1.11667 0 0 0 0
1.12333 0 0 0 0
1.13 0 0 0 0
1.13667 0 0 0 0
1.14333 0 0 0 0
1.15 0 0 0 0
1.15667 0 0 0 0
1.16333 0 0 0 0
1.17 0 0 0 0
1.17667 0 0 0 0
1.18333 0 0 0 0
1.19 0 0 0 0
1.19667 0 0 0 0
1.20333 0 0 0 0
1.21 0 0 0 0
1.21667 0 0 0 0
1.22333 0 0 0 0
1.23 0 0 0 0
1.23667 0 0 0 0
1.24333 0 0 0 0
1.25 0 0 0 0
1.25667 0 0 0 0
1.26333 0 0 0 0
1.27 0 0 0 0
1.27667 0 0 0 0
1.28333 0 0 0 0
1.29 0 0 0 0
1.29667 0 0 0 0
1.30333 0 0 0 0
1.31 0 0 0 0
1.31667 0 0 0 0
1.32333 0 0 0 0
1.33 0 0 0 0
1.33667 0 0 0 0
1.34333 0 0 0 0
1.35 0 0 0 0
1.35667 0 0 0 0
1.36333 0 0 0 0
1.37 0 0 0 0
1.37667 0 0 0 0
1.38333 0 0 0 0
1.39 0 0 0 0
1.39667 0 0 0 0
1.40333 0 0 0 0
1.41 0 0 0 0
1.41667 0 0 0 0
1.42333 0 0 0 0
1.43 0 0 0 0
1.43667 0 0 0 0
1.44333 0 0 0 0
1.45 0 0 0 0
1.45667 0 0 0 0
1.46333 0 0 0 0
1.47 0 0 0 0
1.47667 0 0 0 0
1.48333 0 0 0 0
1.49 0 0 0 0
1.49667 0 0 0 0
1.50333 0 0 0 0
1.51 0 0 0 0
1.51667 0 0 0 0
1.52333 0 0 0 0
1.53 0 0 0 0
1.53667 0 0 0 0
1.54333 0 0 0 0
1.55 0 0 0 0
1.55667 0 0 0 0
1.56333 0 0 0 0
1.57 0 0 0 0
1.57667 0 0 0 0
1.58333 0 0 0 0
1.59 0 0 0 0
1.59667 0 0 0 0
1.60333 0 0 0 0
1.61 0 0 0 0
1.61667 0 0 0 0
1.62333 0 0 0 0
1.63 0 0 0 0
1.63667 0 0 0 0
1.64333 0 0 0 0
1.65 0 0 0 0
1.65667 0 0 0 0
1.66333 0 0 0 0
1.67 0 0 0 0
1.67667 0 0 0 0
1.68333 0 0 0 0
1.69 0 0 0 0
1.69667 0 0 0 0
1.70333 0 0 0 0
1.71 0 0 0 0
1.71667 0 0 0 0
1.72333 0 0 0 0
1.73 0 0 0 0
1.73667 0 0 0 0
1.74333 0 0 0 0
1.75 0 0 0 0
1.75667 0 0 0 0
1.76333 0 0 0 0
1.77 0 0 0 0
1.77667 0 0 0 0
1.78333 0 0 0 0
1.79 0 0 0 0
1.79667 0 0 0 0
1.80333 0 0 0 0
1.81 0 0 0 0
1.81667 0 0 0 0
1.82333 0 0 0 0
1.83 0 0 0 0
1.83667 0 0 0 0
1.84333 0 0 0 0
1.85 0 0 0 0
1.85667 0 0 0 0
1.86333 0 0 0 0
1.87 0 0 0 0
1.87667 0 0 0 0
1.88333 0 0 0 0
1.89 0 0 0 0
1.89667 0 0 0 0
1.90333 0 0 0 0
1.91 0 0 0 0
1.91667 0 0 0 0
1.92333 0 0 0 0
1.93 0 0 0 0
1.93667 0 0 0 0
1.94333 0 0 0 0
1.95 0 0 0 0
1.95667 0 0 0 0
1.96333 0 0 0 0
1.97 0 0 0 0
1.97667 0 0 0 0
1.98333 0 0 0 0
1.99 0 0 0 0
1.99667 0 0 0 0
