0.00333333 31 100 3 1
0.01 46 132 4 2
0.0166667 40 134 4 3
0.0233333 52 145 2 2
0.03 57 159 6 1
0.0366667 60 160 4 4
0.0433333 79 185 6 1
0.05 105 214 10 4
0.0566667 111 258 10 4
0.0633333 123 273 17 5
0.07 138 317 9 3
0.0766667 139 357 15 4
0.0833333 142 377 15 3
0.09 141 380 14 3
0.0966667 164 365 10 2
0.103333 157 324 10 5
0.11 146 388 17 1
0.116667 173 361 9 5
0.123333 134 360 8 2
0.13 141 392 18 4
0.136667 137 336 6 4
0.143333 118 353 13 0
0.15 122 352 7 2
0.156667 92 339 14 4
0.163333 92 343 8 5
0.17 125 315 10 3
0.176667 84 318 8 1
0.183333 120 374 6 2
0.19 103 461 6 6
0.196667 119 431 12 1
0.203333 126 435 7 1
0.21 108 390 5 1
0.216667 95 328 13 3
0.223333 91 356 12 1
0.23 90 306 6 0
0.236667 78 290 10 2
0.243333 79 265 8 3
0.25 75 256 5 0
0.256667 80 211 7 1
0.263333 81 213 8 2
0.27 69 231 6 3
0.276667 62 208 5 3
0.283333 62 205 2 0
0.29 64 175 4 3
0.296667 61 192 3 2
0.303333 62 187 7 1
0.31 52 178 8 1
0.316667 68 150 3 2
0.323333 51 147 7 2
0.33 59 149 6 5
0.336667 58 154 5 2
0.343333 58 145 9 0
0.35 42 156 5 1
0.356667 59 157 3 1
0.363333 46 154 10 0
0.37 45 133 6 2
0.376667 43 148 7 1
0.383333 45 130 6 3
0.39 45 138 7 1
0.396667 47 123 4 0
0.403333 57 150 8 1
0.41 38 134 4 4
0.416667 48 116 4 1
0.423333 56 146 6 1
0.43 35 115 8 5
0.436667 40 156 4 2
0.443333 38 123 5 0
0.45 47 125 4 2
0.456667 42 126 7 0
0.463333 53 131 7 2
0.47 47 132 7 0
0.476667 51 97 4 1
0.483333 28 78 2 1
0.49 32 76 7 0
0.496667 36 68 0 0
0.503333 22 61 2 1
0.51 18 68 4 0
0.516667 18 47 5 0
0.523333 23 49 2 1
0.53 18 57 0 0
0.536667 17 68 1 1
0.543333 26 52 6 0
0.55 22 43 2 0
0.556667 31 43 3 1
0.563333 21 45 2 1
0.57 20 40 3 2
0.576667 21 54 4 1
0.583333 33 46 1 0
0.59 23 62 2 2
0.596667 18 49 2 1
0.603333 23 64 3 1
0.61 23 51 2 1
0.616667 19 31 1 2
0.623333 25 51 6 1
0.63 17 46 4 0
0.636667 21 72 1 0
0.643333 17 47 2 1
0.65 19 34 1 1
0.656667 20 36 2 0
0.663333 1114 5700 72 26
0.67 0 0 0 0
0.676667 0 0 0 0
0.683333 0 0 0 0
0.69 0 0 0 0
0.696667 0 0 0 0
0.703333 0 0 0 0
0.71 0 0 0 0
0.716667 0 0 0 0
0.723333 0 0 0 0
0.73 0 0 0 0
0.736667 0 0 0 0
0.743333 0 0 0 0
0.75 0 0 0 0
0.756667 0 0 0 0
0.763333 0 0 0 0
0.77 0 0 0 0
0.776667 0 0 0 0
0.783333 0 0 0 0
0.79 0 0 0 0
0.796667 0 0 0 0
0.803333 0 0 0 0
0.81 0 0 0 0
0.816667 0 0 0 0
0.823333 0 0 0 0
0.83 0 0 0 0
0.836667 0 0 0 0
0.843333 0 0 0 0
0.85 0 0 0 0
0.856667 0 0 0 0
0.863333 0 0 0 0
0.87 0 0 0 0
0.876667 0 0 0 0
0.883333 0 0 0 0
0.89 0 0 0 0
0.896667 0 0 0 0
0.903333 0 0 0 0
0.91 0 0 0 0
0.916667 0 0 0 0
0.923333 0 0 0 0
0.93 0 0 0 0
0.936667 0 0 0 0
0.943333 0 0 0 0
0.95 0 0 0 0
0.956667 0 0 0 0
0.963333 0 0 0 0
0.97 0 0 0 0
0.976667 0 0 0 0
0.983333 0 0 0 0
0.99 0 0 0 0
0.996667 0 0 0 0
1.00333 0 0 0 0
1.01 0 0 0 0
1.01667 0 0 0 0
1.02333 0 0 0 0
1.03 0 0 0 0
1.03667 0 0 0 0
1.04333 0 0 0 0
1.05 0 0 0 0
1.05667 0 0 0 0
1.06333 0 0 0 0
1.07 0 0 0 0
1.07667 0 0 0 0
1.08333 0 0 0 0
1.09 0 0 0 0
1.09667 0 0 0 0
1.10333 0 0 0 0
1.11 0 0 0 0
1.11667 0 0 0 0
1.12333 0 0 0 0
1.13 0 0 0 0
1.13667 0 0 0 0
1.14333 0 0 0 0
1.15 0 0 0 0
1.15667 0 0 0 0
1.16333 0 0 0 0
1.17 0 0 0 0
1.17667 0 0 0 0
1.18333 0 0 0 0
1.19 0 0 0 0
1.19667 0 0 0 0
1.20333 0 0 0 0
1.21 0 0 0 0
1.21667 0 0 0 0
1.22333 0 0 0 0
1.23 0 0 0 0
1.23667 0 0 0 0
1.24333 0 0 0 0
1.25 0 0 0 0
1.25667 0 0 0 0
1.26333 0 0 0 0
1.27 0 0 0 0
1.27667 0 0 0 0
1.28333 0 0 0 0
1.29 0 0 0 0
1.29667 0 0 0 0
1.30333 0 0 0 0
1.31 0 0 0 0
1.31667 0 0 0 0
1.32333 0 0 0 0
1.33 0 0 0 0
1.33667 0 0 0 0
1.34333 0 0 0 0
1.35 0 0 0 0
1.35667 0 0 0 0
1.36333 0 0 0 0
1.37 0 0 0 0
1.37667 0 0 0 0
1.38333 0 0 0 0
1.39 0 0 0 0
1.39667 0 0 0 0
1.40333 0 0 0 0
1.41 0 0 0 0
1.41667 0 0 0 0
1.42333 0 0 0 0
1.43 0 0 0 0
1.43667 0 0 0 0
1.44333 0 0 0 0
1.45 0 0 0 0
1.45667 0 0 0 0
1.46333 0 0 0 0
1.47 0 0 0 0
1.47667 0 0 0 0
1.48333 0 0 0 0
1.49 0 0 0 0
1.49667 0 0 0 0
1.50333 0 0 0 0
1.51 0 0 0 0
1.51667 0 0 0 0
1.52333 0 0 0 0
1.53 0 0 0 0
1.53667 0 0 0 0
1.54333 0 0 0 0
1.55 0 0 0 0
1.55667 0 0 0 0
1.56333 0 0 0 0
1.57 0 0 0 0
1.57667 0 0 0 0
1.58333 0 0 0 0
1.59 0 0 0 0
1.59667 0 0 0 0
1.60333 0 0 0 0
1.61 0 0 0 0
1.61667 0 0 0 0
1.62333 0 0 0 0
1.63 0 0 0 0
1.63667 0 0 0 0
1.64333 0 0 0 0
1.65 0 0 0 0
1.65667 0 0 0 0
1.66333 0 0 0 0
1.67 0 0 0 0
1.67667 0 0 0 0
1.68333 0 0 0 0
1.69 0 0 0 0
1.69667 0 0 0 0
1.70333 0 0 0 0
1.71 0 0 0 0
1.71667 0 0 0 0
1.72333 0 0 0 0
1.73 0 0 0 0
1.73667 0 0 0 0
1.74333 0 0 0 0
1.75 0 0 0 0
1.75667 0 0 0 0
1.76333 0 0 0 0
1.77 0 0 0 0
1.77667 0 0 0 0
1.78333 0 0 0 0
1.79 0 0 0 0
1.79667 0 0 0 0
1.80333 0 0 0 0
1.81 0 0 0 0
1.81667 0 0 0 0
1.82333 0 0 0 0
1.83 0 0 0 0
1.83667 0 0 0 0
1.84333 0 0 0 0
1.85 0 0 0 0
1.85667 0 0 0 0
1.86333 0 0 0 0
1.87 0 0 0 0
1.87667 0 0 0 0
1.88333 0 0 0 0
1.89 0 0 0 0
1.89667 0 0 0 0
1.90333 0 0 0 0
1.91 0 0 0 0
1.91667 0 0 0 0
1.92333 0 0 0 0
1.93 0 0 0 0
1.93667 0 0 0 0
1.94333 0 0 0 0
1.95 0 0 0 0
1.95667 0 0 0 0
1.96333 0 0 0 0
1.97 0 0 0 0
1.97667 0 0 0 0
1.98333 0 0 0 0
1.99 0 0 0 0
1.99667 0 0 0 0
