0.00333333 1 3 130 18
0.01 1 2 153 18
0.0166667 1 5 171 17
0.0233333 0 3 152 27
0.03 2 3 142 21
0.0366667 0 6 162 23
0.0433333 2 4 220 46
0.05 3 7 262 41
0.0566667 3 7 292 61
0.0633333 1 13 326 60
0.07 0 16 289 70
0.0766667 3 7 351 56
0.0833333 1 15 411 73
0.09 4 17 351 78
0.0966667 4 11 363 55
0.103333 2 17 345 64
0.11 2 23 376 78
0.116667 2 19 388 67
0.123333 1 14 417 53
0.13 1 13 408 70
0.136667 1 3 401 37
0.143333 3 6 407 45
0.15 5 10 399 46
0.156667 0 8 415 46
0.163333 3 12 405 56
0.17 3 10 359 28
0.176667 2 6 398 37
0.183333 2 11 429 48
0.19 1 14 494 41
0.196667 2 9 479 36
0.203333 1 8 466 27
0.21 4 6 454 40
0.216667 2 8 434 41
0.223333 2 11 401 33
0.23 1 12 377 33
0.236667 2 7 369 29
0.243333 4 2 290 27
0.25 6 4 306 36
0.256667 1 2 293 38
0.263333 4 4 262 36
0.27 0 3 277 31
0.276667 1 5 258 21
0.283333 2 1 244 28
0.29 1 10 222 33
0.296667 1 8 214 31
0.303333 3 3 205 27
0.31 1 3 210 37
0.316667 0 3 200 28
0.323333 2 8 192 20
0.33 0 5 213 30
0.336667 2 3 193 28
0.343333 3 7 179 23
0.35 3 4 211 26
0.356667 2 4 197 23
0.363333 0 3 175 26
0.37 0 5 176 21
0.376667 0 3 172 22
0.383333 0 5 159 20
0.39 0 1 148 32
0.396667 1 5 154 26
0.403333 3 4 147 20
0.41 0 5 151 26
0.416667 1 2 160 17
0.423333 2 7 171 9
0.43 1 0 151 25
0.436667 1 4 148 24
0.443333 1 5 135 16
0.45 1 3 158 19
0.456667 1 2 164 21
0.463333 0 0 175 16
0.47 2 7 156 18
0.476667 0 6 145 13
0.483333 1 4 81 15
0.49 1 4 85 10
0.496667 0 3 76 19
0.503333 1 1 74 10
0.51 2 4 69 15
0.516667 1 5 72 13
0.523333 1 3 61 14
0.53 0 0 77 13
0.536667 1 0 63 9
0.543333 0 1 72 17
0.55 0 4 51 10
0.556667 0 2 56 9
0.563333 1 5 52 9
0.57 1 2 55 7
0.576667 2 3 47 5
0.583333 0 5 45 12
0.59 1 0 51 5
0.596667 2 1 50 6
0.603333 0 2 44 5
0.61 1 1 51 12
0.616667 0 4 39 9
0.623333 0 3 49 7
0.63 1 4 40 10
0.636667 0 0 85 11
0.643333 0 4 45 7
0.65 0 2 54 13
0.656667 0 3 42 9
0.663333 9 57 7834 282
0.67 0 0 0 0
0.676667 0 0 0 0
0.683333 0 0 0 0
0.69 0 0 0 0
0.696667 0 0 0 0
0.703333 0 0 0 0
0.71 0 0 0 0
0.716667 0 0 0 0
0.723333 0 0 0 0
0.73 0 0 0 0
0.736667 0 0 0 0
0.743333 0 0 0 0
0.75 0 0 0 0
0.756667 0 0 0 0
0.763333 0 0 0 0
0.77 0 0 0 0
0.776667 0 0 0 0
0.783333 0 0 0 0
0.79 0 0 0 0
0.796667 0 0 0 0
0.803333 0 0 0 0
0.81 0 0 0 0
0.816667 0 0 0 0
0.823333 0 0 0 0
0.83 0 0 0 0
0.836667 0 0 0 0
0.843333 0 0 0 0
0.85 0 0 0 0
0.856667 0 0 0 0
0.863333 0 0 0 0
0.87 0 0 0 0
0.876667 0 0 0 0
0.883333 0 0 0 0
0.89 0 0 0 0
0.896667 0 0 0 0
0.903333 0 0 0 0
0.91 0 0 0 0
0.916667 0 0 0 0
0.923333 0 0 0 0
0.93 0 0 0 0
0.936667 0 0 0 0
0.943333 0 0 0 0
0.95 0 0 0 0
0.956667 0 0 0 0
0.963333 0 0 0 0
0.97 0 0 0 0
0.976667 0 0 0 0
0.983333 0 0 0 0
0.99 0 0 0 0
0.996667 0 0 0 0
1.00333 0 0 0 0
1.01 0 0 0 0
1.01667 0 0 0 0
1.02333 0 0 0 0
1.03 0 0 0 0
1.03667 0 0 0 0
1.04333 0 0 0 0
1.05 0 0 0 0
1.05667 0 0 0 0
1.06333 0 0 0 0
1.07 0 0 0 0
1.07667 0 0 0 0
1.08333 0 0 0 0
1.09 0 0 0 0
1.09667 0 0 0 0
1.10333 0 0 0 0
1.11 0 0 0 0
1.11667 0 0 0 0
1.12333 0 0 0 0
1.13 0 0 0 0
1.13667 0 0 0 0
1.14333 0 0 0 0
1.15 0 0 0 0
1.15667 0 0 0 0
1.16333 0 0 0 0
1.17 0 0 0 0
1.17667 0 0 0 0
1.18333 0 0 0 0
1.19 0 0 0 0
1.19667 0 0 0 0
1.20333 0 0 0 0
1.21 0 0 0 0
1.21667 0 0 0 0
1.22333 0 0 0 0
1.23 0 0 0 0
1.23667 0 0 0 0
1.24333 0 0 0 0
1.25 0 0 0 0
1.25667 0 0 0 0
1.26333 0 0 0 0
1.27 0 0 0 0
1.27667 0 0 0 0
1.28333 0 0 0 0
1.29 0 0 0 0
1.29667 0 0 0 0
1.30333 0 0 0 0
1.31 0 0 0 0
1.31667 0 0 0 0
1.32333 0 0 0 0
1.33 0 0 0 0
1.33667 0 0 0 0
1.34333 0 0 0 0
1.35 0 0 0 0
1.35667 0 0 0 0
1.36333 0 0 0 0
1.37 0 0 0 0
1.37667 0 0 0 0
1.38333 0 0 0 0
1.39 0 0 0 0
1.39667 0 0 0 0
1.40333 0 0 0 0
1.41 0 0 0 0
1.41667 0 0 0 0
1.42333 0 0 0 0
1.43 0 0 0 0
1.43667 0 0 0 0
1.44333 0 0 0 0
1.45 0 0 0 0
1.45667 0 0 0 0
1.46333 0 0 0 0
1.47 0 0 0 0
1.47667 0 0 0 0
1.48333 0 0 0 0
1.49 0 0 0 0
1.49667 0 0 0 0
1.50333 0 0 0 0
1.51 0 0 0 0
1.51667 0 0 0 0
1.52333 0 0 0 0
1.53 0 0 0 0
1.53667 0 0 0 0
1.54333 0 0 0 0
1.55 0 0 0 0
1.55667 0 0 0 0
1.56333 0 0 0 0
1.57 0 0 0 0
1.57667 0 0 0 0
1.58333 0 0 0 0
1.59 0 0 0 0
1.59667 0 0 0 0
1.60333 0 0 0 0
1.61 0 0 0 0
1.61667 0 0 0 0
1.62333 0 0 0 0
1.63 0 0 0 0
1.63667 0 0 0 0
1.64333 0 0 0 0
1.65 0 0 0 0
1.65667 0 0 0 0
1.66333 0 0 0 0
1.67 0 0 0 0
1.67667 0 0 0 0
1.68333 0 0 0 0
1.69 0 0 0 0
1.69667 0 0 0 0
1.70333 0 0 0 0
1.71 0 0 0 0
1.71667 0 0 0 0
1.72333 0 0 0 0
1.73 0 0 0 0
1.73667 0 0 0 0
1.74333 0 0 0 0
1.75 0 0 0 0
1.75667 0 0 0 0
1.76333 0 0 0 0
1.77 0 0 0 0
1.77667 0 0 0 0
1.78333 0 0 0 0
1.79 0 0 0 0
1.79667 0 0 0 0
1.80333 0 0 0 0
1.81 0 0 0 0
1.81667 0 0 0 0
1.82333 0 0 0 0
1.83 0 0 0 0
1.83667 0 0 0 0
1.84333 0 0 0 0
1.85 0 0 0 0
1.85667 0 0 0 0
1.86333 0 0 0 0
1.87 0 0 0 0
1.87667 0 0 0 0
1.88333 0 0 0 0
1.89 0 0 0 0
1.89667 0 0 0 0
1.90333 0 0 0 0
1.91 0 0 0 0
1.91667 0 0 0 0
1.92333 0 0 0 0
1.93 0 0 0 0
1.93667 0 0 0 0
1.94333 0 0 0 0
1.95 0 0 0 0
1.95667 0 0 0 0
1.96333 0 0 0 0
1.97 0 0 0 0
1.97667 0 0 0 0
1.98333 0 0 0 0
1.99 0 0 0 0
1.99667 0 0 0 0
