0.00333333 1 20 31 6
0.01 6 30 23 8
0.0166667 11 21 32 11
0.0233333 7 30 50 11
0.03 7 24 44 13
0.0366667 5 35 61 20
0.0433333 14 54 82 18
0.05 15 65 85 35
0.0566667 17 88 131 35
0.0633333 28 67 116 34
0.07 17 79 136 33
0.0766667 16 89 126 33
0.0833333 18 69 157 52
0.09 24 83 152 41
0.0966667 16 73 146 33
0.103333 21 86 146 33
0.11 27 87 146 30
0.116667 23 67 150 33
0.123333 18 67 136 29
0.13 23 67 122 33
0.136667 18 64 107 28
0.143333 26 67 123 26
0.15 11 65 104 32
0.156667 17 60 122 29
0.163333 17 51 117 26
0.17 21 51 87 26
0.176667 19 56 110 26
0.183333 18 66 101 40
0.19 16 53 108 29
0.196667 20 52 79 24
0.203333 19 59 96 18
0.21 17 64 83 16
0.216667 12 47 90 28
0.223333 16 43 77 18
0.23 10 43 73 20
0.236667 11 41 80 17
0.243333 13 29 81 20
0.25 17 49 68 18
0.256667 11 37 65 21
0.263333 13 38 64 27
0.27 9 30 76 17
0.276667 11 40 69 10
0.283333 6 21 57 10
0.29 9 31 52 18
0.296667 9 31 66 16
0.303333 6 34 78 21
0.31 9 35 44 15
0.316667 12 33 51 12
0.323333 12 31 56 19
0.33 3 21 41 18
0.336667 6 32 59 17
0.343333 7 27 50 15
0.35 6 13 49 12
0.356667 7 30 44 15
0.363333 7 26 41 13
0.37 7 25 47 15
0.376667 8 35 41 10
0.383333 8 29 39 12
0.39 9 26 30 9
0.396667 11 13 43 8
0.403333 5 19 44 8
0.41 8 23 39 10
0.416667 6 21 41 17
0.423333 16 20 28 5
0.43 8 29 35 10
0.436667 9 22 37 6
0.443333 8 20 42 9
0.45 6 21 30 12
0.456667 10 13 34 12
0.463333 8 24 34 6
0.47 8 21 35 14
0.476667 6 23 26 14
0.483333 7 18 26 16
0.49 3 10 29 5
0.496667 4 18 26 8
0.503333 3 17 29 5
0.51 6 15 21 10
0.516667 4 20 19 10
0.523333 5 14 24 5
0.53 4 14 24 6
0.536667 3 5 18 8
0.543333 6 13 26 9
0.55 3 12 25 2
0.556667 2 11 23 8
0.563333 2 14 22 5
0.57 4 17 12 9
0.576667 7 11 20 2
0.583333 4 10 22 11
0.59 2 19 17 5
0.596667 6 8 18 4
0.603333 5 11 11 3
0.61 4 10 14 4
0.616667 4 5 26 7
0.623333 5 8 19 3
0.63 1 9 15 5
0.636667 2 13 19 2
0.643333 4 6 13 6
0.65 4 11 10 8
0.656667 4 7 17 3
0.663333 112 365 825 178
0.67 0 0 0 0
0.676667 0 0 0 0
0.683333 0 0 0 0
0.69 0 0 0 0
0.696667 0 0 0 0
0.703333 0 0 0 0
0.71 0 0 0 0
0.716667 0 0 0 0
0.723333 0 0 0 0
0.73 0 0 0 0
0.736667 0 0 0 0
0.743333 0 0 0 0
0.75 0 0 0 0
0.756667 0 0 0 0
0.763333 0 0 0 0
0.77 0 0 0 0
0.776667 0 0 0 0
0.783333 0 0 0 0
0.79 0 0 0 0
0.796667 0 0 0 0
0.803333 0 0 0 0
0.81 0 0 0 0
0.816667 0 0 0 0
0.823333 0 0 0 0
0.83 0 0 0 0
0.836667 0 0 0 0
0.843333 0 0 0 0
0.85 0 0 0 0
0.856667 0 0 0 0
0.863333 0 0 0 0
0.87 0 0 0 0
0.876667 0 0 0 0
0.883333 0 0 0 0
0.89 0 0 0 0
0.896667 0 0 0 0
0.903333 0 0 0 0
0.91 0 0 0 0
0.916667 0 0 0 0
0.923333 0 0 0 0
0.93 0 0 0 0
0.936667 0 0 0 0
0.943333 0 0 0 0
0.95 0 0 0 0
0.956667 0 0 0 0
0.963333 0 0 0 0
0.97 0 0 0 0
0.976667 0 0 0 0
0.983333 0 0 0 0
0.99 0 0 0 0
0.996667 0 0 0 0
1.00333 0 0 0 0
1.01 0 0 0 0
1.01667 0 0 0 0
1.02333 0 0 0 0
1.03 0 0 0 0
1.03667 0 0 0 0
1.04333 0 0 0 0
1.05 0 0 0 0
1.05667 0 0 0 0
1.06333 0 0 0 0
1.07 0 0 0 0
1.07667 0 0 0 0
1.08333 0 0 0 0
1.09 0 0 0 0
1.09667 0 0 0 0
1.10333 0 0 0 0
1.11 0 0 0 0
1.11667 0 0 0 0
1.12333 0 0 0 0
1.13 0 0 0 0
1.13667 0 0 0 0
1.14333 0 0 0 0
1.15 0 0 0 0
1.15667 0 0 0 0
1.16333 0 0 0 0
1.17 0 0 0 0
1.17667 0 0 0 0
1.18333 0 0 0 0
1.19 0 0 0 0
1.19667 0 0 0 0
1.20333 0 0 0 0
1.21 0 0 0 0
1.21667 0 0 0 0
1.22333 0 0 0 0
1.23 0 0 0 0
1.23667 0 0 0 0
1.24333 0 0 0 0
1.25 0 0 0 0
1.25667 0 0 0 0
1.26333 0 0 0 0
1.27 0 0 0 0
1.27667 0 0 0 0
1.28333 0 0 0 0
1.29 0 0 0 0
1.29667 0 0 0 0
1.30333 0 0 0 0
1.31 0 0 0 0
1.31667 0 0 0 0
1.32333 0 0 0 0
1.33 0 0 0 0
1.33667 0 0 0 0
1.34333 0 0 0 0
1.35 0 0 0 0
1.35667 0 0 0 0
1.36333 0 0 0 0
1.37 0 0 0 0
1.37667 0 0 0 0
1.38333 0 0 0 0
1.39 0 0 0 0
1.39667 0 0 0 0
1.40333 0 0 0 0
1.41 0 0 0 0
1.41667 0 0 0 0
1.42333 0 0 0 0
1.43 0 0 0 0
1.43667 0 0 0 0
1.44333 0 0 0 0
1.45 0 0 0 0
1.45667 0 0 0 0
1.46333 0 0 0 0
1.47 0 0 0 0
1.47667 0 0 0 0
1.48333 0 0 0 0
1.49 0 0 0 0
1.49667 0 0 0 0
1.50333 0 0 0 0
1.51 0 0 0 0
1.51667 0 0 0 0
1.52333 0 0 0 0
1.53 0 0 0 0
1.53667 0 0 0 0
1.54333 0 0 0 0
1.55 0 0 0 0
1.55667 0 0 0 0
1.56333 0 0 0 0
1.57 0 0 0 0
1.57667 0 0 0 0
1.58333 0 0 0 0
1.59 0 0 0 0
1.59667 0 0 0 0
1.60333 0 0 0 0
1.61 0 0 0 0
1.61667 0 0 0 0
1.62333 0 0 0 0
1.63 0 0 0 0
1.63667 0 0 0 0
1.64333 0 0 0 0
1.65 0 0 0 0
1.65667 0 0 0 0
1.66333 0 0 0 0
1.67 0 0 0 0
1.67667 0 0 0 0
1.68333 0 0 0 0
1.69 0 0 0 0
1.69667 0 0 0 0
1.70333 0 0 0 0
1.71 0 0 0 0
1.71667 0 0 0 0
1.72333 0 0 0 0
1.73 0 0 0 0
1.73667 0 0 0 0
1.74333 0 0 0 0
1.75 0 0 0 0
1.75667 0 0 0 0
1.76333 0 0 0 0
1.77 0 0 0 0
1.77667 0 0 0 0
1.78333 0 0 0 0
1.79 0 0 0 0
1.79667 0 0 0 0
1.80333 0 0 0 0
1.81 0 0 0 0
1.81667 0 0 0 0
1.82333 0 0 0 0
1.83 0 0 0 0
1.83667 0 0 0 0
1.84333 0 0 0 0
1.85 0 0 0 0
1.85667 0 0 0 0
1.86333 0 0 0 0
1.87 0 0 0 0
1.87667 0 0 0 0
1.88333 0 0 0 0
1.89 0 0 0 0
1.89667 0 0 0 0
1.90333 0 0 0 0
1.91 0 0 0 0
1.91667 0 0 0 0
1.92333 0 0 0 0
1.93 0 0 0 0
1.93667 0 0 0 0
1.94333 0 0 0 0
1.95 0 0 0 0
1.95667 0 0 0 0
1.96333 0 0 0 0
1.97 0 0 0 0
1.97667 0 0 0 0
1.98333 0 0 0 0
1.99 0 0 0 0
1.99667 0 0 0 0
