0.00333333 2 4 159 19
0.01 0 10 170 17
0.0166667 1 5 185 14
0.0233333 1 6 168 16
0.03 1 6 201 26
0.0366667 2 9 217 30
0.0433333 2 6 239 39
0.05 3 20 286 51
0.0566667 3 12 360 56
0.0633333 2 17 361 47
0.07 4 18 379 75
0.0766667 5 29 428 67
0.0833333 5 21 438 69
0.09 3 26 438 64
0.0966667 1 17 451 63
0.103333 7 23 440 60
0.11 6 33 461 70
0.116667 3 26 455 51
0.123333 3 18 463 58
0.13 2 24 473 69
0.136667 5 13 529 53
0.143333 7 16 477 50
0.15 5 12 482 36
0.156667 3 20 475 32
0.163333 5 12 483 50
0.17 3 15 442 36
0.176667 5 13 430 41
0.183333 2 21 542 43
0.19 3 20 649 40
0.196667 2 16 593 33
0.203333 4 14 545 27
0.21 3 17 533 31
0.216667 3 10 485 32
0.223333 7 14 457 41
0.23 0 8 439 38
0.236667 1 13 397 31
0.243333 5 8 346 29
0.25 4 14 337 35
0.256667 4 8 319 27
0.263333 2 8 291 38
0.27 1 14 293 38
0.276667 2 14 292 27
0.283333 2 3 281 22
0.29 0 14 255 36
0.296667 0 8 250 16
0.303333 1 14 230 26
0.31 0 9 242 23
0.316667 0 6 255 19
0.323333 4 14 205 18
0.33 0 12 201 21
0.336667 2 9 178 17
0.343333 2 4 243 22
0.35 1 6 216 26
0.356667 1 9 181 24
0.363333 1 4 206 17
0.37 0 6 204 23
0.376667 0 5 209 15
0.383333 0 7 194 24
0.39 2 11 174 27
0.396667 3 12 182 17
0.403333 1 7 196 24
0.41 1 6 158 20
0.416667 3 3 185 21
0.423333 0 9 188 18
0.43 0 5 183 15
0.436667 2 8 212 13
0.443333 1 8 186 23
0.45 0 3 180 19
0.456667 1 6 213 18
0.463333 0 8 166 17
0.47 2 7 179 24
0.476667 2 8 150 12
0.483333 2 4 117 17
0.49 0 5 87 8
0.496667 1 3 86 18
0.503333 0 5 81 13
0.51 3 7 67 16
0.516667 1 8 82 11
0.523333 1 4 79 11
0.53 1 4 95 10
0.536667 0 4 60 11
0.543333 0 1 74 11
0.55 1 3 63 6
0.556667 2 6 53 10
0.563333 1 11 74 11
0.57 1 2 56 10
0.576667 5 8 44 9
0.583333 0 7 70 11
0.59 1 3 54 9
0.596667 2 2 57 8
0.603333 1 4 54 4
0.61 0 4 61 6
0.616667 2 4 54 9
0.623333 0 4 57 7
0.63 1 2 60 7
0.636667 1 1 85 8
0.643333 0 8 45 5
0.65 1 8 48 10
0.656667 0 0 54 9
0.663333 12 107 8996 268
0.67 0 0 0 0
0.676667 0 0 0 0
0.683333 0 0 0 0
0.69 0 0 0 0
0.696667 0 0 0 0
0.703333 0 0 0 0
0.71 0 0 0 0
0.716667 0 0 0 0
0.723333 0 0 0 0
0.73 0 0 0 0
0.736667 0 0 0 0
0.743333 0 0 0 0
0.75 0 0 0 0
0.756667 0 0 0 0
0.763333 0 0 0 0
0.77 0 0 0 0
0.776667 0 0 0 0
0.783333 0 0 0 0
0.79 0 0 0 0
0.796667 0 0 0 0
0.803333 0 0 0 0
0.81 0 0 0 0
0.816667 0 0 0 0
0.823333 0 0 0 0
0.83 0 0 0 0
0.836667 0 0 0 0
0.843333 0 0 0 0
0.85 0 0 0 0
0.856667 0 0 0 0
0.863333 0 0 0 0
0.87 0 0 0 0
0.876667 0 0 0 0
0.883333 0 0 0 0
0.89 0 0 0 0
0.896667 0 0 0 0
0.903333 0 0 0 0
0.91 0 0 0 0
0.916667 0 0 0 0
0.923333 0 0 0 0
0.93 0 0 0 0
0.936667 0 0 0 0
0.943333 0 0 0 0
0.95 0 0 0 0
0.956667 0 0 0 0
0.963333 0 0 0 0
0.97 0 0 0 0
0.976667 0 0 0 0
0.983333 0 0 0 0
0.99 0 0 0 0
0.996667 0 0 0 0
1.00333 0 0 0 0
1.01 0 0 0 0
1.01667 0 0 0 0
1.02333 0 0 0 0
1.03 0 0 0 0
1.03667 0 0 0 0
1.04333 0 0 0 0
1.05 0 0 0 0
1.05667 0 0 0 0
1.06333 0 0 0 0
1.07 0 0 0 0
1.07667 0 0 0 0
1.08333 0 0 0 0
1.09 0 0 0 0
1.09667 0 0 0 0
1.10333 0 0 0 0
1.11 0 0 0 0
1.11667 0 0 0 0
1.12333 0 0 0 0
1.13 0 0 0 0
1.13667 0 0 0 0
1.14333 0 0 0 0
1.15 0 0 0 0
1.15667 0 0 0 0
1.16333 0 0 0 0
1.17 0 0 0 0
1.17667 0 0 0 0
1.18333 0 0 0 0
1.19 0 0 0 0
1.19667 0 0 0 0
1.20333 0 0 0 0
1.21 0 0 0 0
1.21667 0 0 0 0
1.22333 0 0 0 0
1.23 0 0 0 0
1.23667 0 0 0 0
1.24333 0 0 0 0
1.25 0 0 0 0
1.25667 0 0 0 0
1.26333 0 0 0 0
1.27 0 0 0 0
1.27667 0 0 0 0
1.28333 0 0 0 0
1.29 0 0 0 0
1.29667 0 0 0 0
1.30333 0 0 0 0
1.31 0 0 0 0
1.31667 0 0 0 0
1.32333 0 0 0 0
1.33 0 0 0 0
1.33667 0 0 0 0
1.34333 0 0 0 0
1.35 0 0 0 0
1.35667 0 0 0 0
1.36333 0 0 0 0
1.37 0 0 0 0
1.37667 0 0 0 0
1.38333 0 0 0 0
1.39 0 0 0 0
1.39667 0 0 0 0
1.40333 0 0 0 0
1.41 0 0 0 0
1.41667 0 0 0 0
1.42333 0 0 0 0
1.43 0 0 0 0
1.43667 0 0 0 0
1.44333 0 0 0 0
1.45 0 0 0 0
1.45667 0 0 0 0
1.46333 0 0 0 0
1.47 0 0 0 0
1.47667 0 0 0 0
1.48333 0 0 0 0
1.49 0 0 0 0
1.49667 0 0 0 0
1.50333 0 0 0 0
1.51 0 0 0 0
1.51667 0 0 0 0
1.52333 0 0 0 0
1.53 0 0 0 0
1.53667 0 0 0 0
1.54333 0 0 0 0
1.55 0 0 0 0
1.55667 0 0 0 0
1.56333 0 0 0 0
1.57 0 0 0 0
1.57667 0 0 0 0
1.58333 0 0 0 0
1.59 0 0 0 0
1.59667 0 0 0 0
1.60333 0 0 0 0
1.61 0 0 0 0
1.61667 0 0 0 0
1.62333 0 0 0 0
1.63 0 0 0 0
1.63667 0 0 0 0
1.64333 0 0 0 0
1.65 0 0 0 0
1.65667 0 0 0 0
1.66333 0 0 0 0
1.67 0 0 0 0
1.67667 0 0 0 0
1.68333 0 0 0 0
1.69 0 0 0 0
1.69667 0 0 0 0
1.70333 0 0 0 0
1.71 0 0 0 0
1.71667 0 0 0 0
1.72333 0 0 0 0
1.73 0 0 0 0
1.73667 0 0 0 0
1.74333 0 0 0 0
1.75 0 0 0 0
1.75667 0 0 0 0
1.76333 0 0 0 0
1.77 0 0 0 0
1.77667 0 0 0 0
1.78333 0 0 0 0
1.79 0 0 0 0
1.79667 0 0 0 0
1.80333 0 0 0 0
1.81 0 0 0 0
1.81667 0 0 0 0
1.82333 0 0 0 0
1.83 0 0 0 0
1.83667 0 0 0 0
1.84333 0 0 0 0
1.85 0 0 0 0
1.85667 0 0 0 0
1.86333 0 0 0 0
1.87 0 0 0 0
1.87667 0 0 0 0
1.88333 0 0 0 0
1.89 0 0 0 0
1.89667 0 0 0 0
1.90333 0 0 0 0
1.91 0 0 0 0
1.91667 0 0 0 0
1.92333 0 0 0 0
1.93 0 0 0 0
1.93667 0 0 0 0
1.94333 0 0 0 0
1.95 0 0 0 0
1.95667 0 0 0 0
1.96333 0 0 0 0
1.97 0 0 0 0
1.97667 0 0 0 0
1.98333 0 0 0 0
1.99 0 0 0 0
1.99667 0 0 0 0
