0.00333333 4 9 16 15
0.01 4 14 30 21
0.0166667 8 12 37 11
0.0233333 8 15 39 23
0.03 10 14 49 23
0.0366667 7 13 47 26
0.0433333 14 26 72 26
0.05 13 43 79 33
0.0566667 12 49 111 43
0.0633333 20 46 111 51
0.07 19 43 130 58
0.0766667 10 48 130 37
0.0833333 16 50 112 58
0.09 18 41 133 64
0.0966667 17 47 132 64
0.103333 13 49 121 56
0.11 23 50 132 39
0.116667 25 37 140 69
0.123333 17 46 142 58
0.13 14 40 120 51
0.136667 17 24 101 58
0.143333 16 35 122 52
0.15 8 37 94 43
0.156667 16 34 87 54
0.163333 13 34 100 73
0.17 11 29 85 43
0.176667 15 40 90 35
0.183333 15 28 76 52
0.19 18 27 91 48
0.196667 18 30 84 43
0.203333 16 34 85 36
0.21 8 37 61 41
0.216667 17 30 70 27
0.223333 23 24 57 34
0.23 10 26 65 37
0.236667 10 22 67 35
0.243333 11 20 69 28
0.25 8 24 56 31
0.256667 5 19 47 34
0.263333 15 23 51 32
0.27 10 19 71 28
0.276667 6 25 67 18
0.283333 11 16 51 20
0.29 9 13 54 24
0.296667 7 17 49 32
0.303333 7 19 44 32
0.31 11 17 52 18
0.316667 7 21 39 24
0.323333 8 19 43 26
0.33 7 17 40 26
0.336667 9 16 47 29
0.343333 7 10 45 22
0.35 5 11 37 17
0.356667 6 20 38 17
0.363333 6 23 32 18
0.37 8 11 27 19
0.376667 7 20 36 18
0.383333 6 7 32 20
0.39 7 15 39 13
0.396667 9 11 32 15
0.403333 9 19 29 22
0.41 3 13 28 18
0.416667 9 16 45 10
0.423333 4 13 30 16
0.43 5 21 31 19
0.436667 8 12 42 17
0.443333 2 17 23 16
0.45 4 13 37 21
0.456667 6 7 32 20
0.463333 6 15 34 15
0.47 3 20 37 24
0.476667 11 13 30 16
0.483333 7 14 28 15
0.49 1 16 21 12
0.496667 5 8 24 12
0.503333 7 10 24 4
0.51 3 9 14 14
0.516667 4 13 18 15
0.523333 4 4 27 12
0.53 2 0 25 6
0.536667 4 7 23 9
0.543333 3 7 19 12
0.55 3 9 11 4
0.556667 1 8 20 9
0.563333 5 8 24 11
0.57 7 12 14 13
0.576667 4 10 18 10
0.583333 6 8 13 13
0.59 4 9 10 8
0.596667 3 6 17 7
0.603333 9 6 19 8
0.61 5 7 16 12
0.616667 5 5 15 6
0.623333 3 6 14 8
0.63 1 5 9 3
0.636667 4 5 18 5
0.643333 3 6 8 6
0.65 1 6 16 9
0.656667 1 6 9 9
0.663333 125 206 636 450
0.67 0 0 0 0
0.676667 0 0 0 0
0.683333 0 0 0 0
0.69 0 0 0 0
0.696667 0 0 0 0
0.703333 0 0 0 0
0.71 0 0 0 0
0.716667 0 0 0 0
0.723333 0 0 0 0
0.73 0 0 0 0
0.736667 0 0 0 0
0.743333 0 0 0 0
0.75 0 0 0 0
0.756667 0 0 0 0
0.763333 0 0 0 0
0.77 0 0 0 0
0.776667 0 0 0 0
0.783333 0 0 0 0
0.79 0 0 0 0
0.796667 0 0 0 0
0.803333 0 0 0 0
0.81 0 0 0 0
0.816667 0 0 0 0
0.823333 0 0 0 0
0.83 0 0 0 0
0.836667 0 0 0 0
0.843333 0 0 0 0
0.85 0 0 0 0
0.856667 0 0 0 0
0.863333 0 0 0 0
0.87 0 0 0 0
0.876667 0 0 0 0
0.883333 0 0 0 0
0.89 0 0 0 0
0.896667 0 0 0 0
0.903333 0 0 0 0
0.91 0 0 0 0
0.916667 0 0 0 0
0.923333 0 0 0 0
0.93 0 0 0 0
0.936667 0 0 0 0
0.943333 0 0 0 0
0.95 0 0 0 0
0.956667 0 0 0 0
0.963333 0 0 0 0
0.97 0 0 0 0
0.976667 0 0 0 0
0.983333 0 0 0 0
0.99 0 0 0 0
0.996667 0 0 0 0
1.00333 0 0 0 0
1.01 0 0 0 0
1.01667 0 0 0 0
1.02333 0 0 0 0
1.03 0 0 0 0
1.03667 0 0 0 0
1.04333 0 0 0 0
1.05 0 0 0 0
1.05667 0 0 0 0
1.06333 0 0 0 0
1.07 0 0 0 0
1.07667 0 0 0 0
1.08333 0 0 0 0
1.09 0 0 0 0
1.09667 0 0 0 0
1.10333 0 0 0 0
1.11 0 0 0 0
1.11667 0 0 0 0
1.12333 0 0 0 0
1.13 0 0 0 0
1.13667 0 0 0 0
1.14333 0 0 0 0
1.15 0 0 0 0
1.15667 0 0 0 0
1.16333 0 0 0 0
1.17 0 0 0 0
1.17667 0 0 0 0
1.18333 0 0 0 0
1.19 0 0 0 0
1.19667 0 0 0 0
1.20333 0 0 0 0
1.21 0 0 0 0
1.21667 0 0 0 0
1.22333 0 0 0 0
1.23 0 0 0 0
1.23667 0 0 0 0
1.24333 0 0 0 0
1.25 0 0 0 0
1.25667 0 0 0 0
1.26333 0 0 0 0
1.27 0 0 0 0
1.27667 0 0 0 0
1.28333 0 0 0 0
1.29 0 0 0 0
1.29667 0 0 0 0
1.30333 0 0 0 0
1.31 0 0 0 0
1.31667 0 0 0 0
1.32333 0 0 0 0
1.33 0 0 0 0
1.33667 0 0 0 0
1.34333 0 0 0 0
1.35 0 0 0 0
1.35667 0 0 0 0
1.36333 0 0 0 0
1.37 0 0 0 0
1.37667 0 0 0 0
1.38333 0 0 0 0
1.39 0 0 0 0
1.39667 0 0 0 0
1.40333 0 0 0 0
1.41 0 0 0 0
1.41667 0 0 0 0
1.42333 0 0 0 0
1.43 0 0 0 0
1.43667 0 0 0 0
1.44333 0 0 0 0
1.45 0 0 0 0
1.45667 0 0 0 0
1.46333 0 0 0 0
1.47 0 0 0 0
1.47667 0 0 0 0
1.48333 0 0 0 0
1.49 0 0 0 0
1.49667 0 0 0 0
1.50333 0 0 0 0
1.51 0 0 0 0
1.51667 0 0 0 0
1.52333 0 0 0 0
1.53 0 0 0 0
1.53667 0 0 0 0
1.54333 0 0 0 0
1.55 0 0 0 0
1.55667 0 0 0 0
1.56333 0 0 0 0
1.57 0 0 0 0
1.57667 0 0 0 0
1.58333 0 0 0 0
1.59 0 0 0 0
1.59667 0 0 0 0
1.60333 0 0 0 0
1.61 0 0 0 0
1.61667 0 0 0 0
1.62333 0 0 0 0
1.63 0 0 0 0
1.63667 0 0 0 0
1.64333 0 0 0 0
1.65 0 0 0 0
1.65667 0 0 0 0
1.66333 0 0 0 0
1.67 0 0 0 0
1.67667 0 0 0 0
1.68333 0 0 0 0
1.69 0 0 0 0
1.69667 0 0 0 0
1.70333 0 0 0 0
1.71 0 0 0 0
1.71667 0 0 0 0
1.72333 0 0 0 0
1.73 0 0 0 0
1.73667 0 0 0 0
1.74333 0 0 0 0
1.75 0 0 0 0
1.75667 0 0 0 0
1.76333 0 0 0 0
1.77 0 0 0 0
1.77667 0 0 0 0
1.78333 0 0 0 0
1.79 0 0 0 0
1.79667 0 0 0 0
1.80333 0 0 0 0
1.81 0 0 0 0
1.81667 0 0 0 0
1.82333 0 0 0 0
1.83 0 0 0 0
1.83667 0 0 0 0
1.84333 0 0 0 0
1.85 0 0 0 0
1.85667 0 0 0 0
1.86333 0 0 0 0
1.87 0 0 0 0
1.87667 0 0 0 0
1.88333 0 0 0 0
1.89 0 0 0 0
1.89667 0 0 0 0
1.90333 0 0 0 0
1.91 0 0 0 0
1.91667 0 0 0 0
1.92333 0 0 0 0
1.93 0 0 0 0
1.93667 0 0 0 0
1.94333 0 0 0 0
1.95 0 0 0 0
1.95667 0 0 0 0
1.96333 0 0 0 0
1.97 0 0 0 0
1.97667 0 0 0 0
1.98333 0 0 0 0
1.99 0 0 0 0
1.99667 0 0 0 0
