0.00333333 1 0 23 47
0.01 1 1 33 52
0.0166667 0 3 41 65
0.0233333 1 4 27 66
0.03 0 2 54 73
0.0366667 0 5 60 105
0.0433333 1 1 59 121
0.05 1 2 99 144
0.0566667 1 2 105 155
0.0633333 3 3 116 178
0.07 3 5 108 196
0.0766667 2 6 106 166
0.0833333 3 6 127 212
0.09 0 3 126 220
0.0966667 2 6 139 188
0.103333 2 4 118 217
0.11 4 4 97 211
0.116667 2 2 88 206
0.123333 1 7 103 192
0.13 3 3 96 198
0.136667 3 3 90 200
0.143333 2 3 104 162
0.15 2 0 88 186
0.156667 3 2 92 175
0.163333 1 2 77 174
0.17 1 4 87 157
0.176667 3 5 84 168
0.183333 0 4 90 150
0.19 0 6 79 159
0.196667 3 5 74 163
0.203333 3 3 76 138
0.21 0 0 77 132
0.216667 1 6 80 147
0.223333 3 3 65 151
0.23 0 3 61 165
0.236667 0 1 61 118
0.243333 3 4 72 130
0.25 0 4 69 125
0.256667 1 1 35 109
0.263333 0 1 63 93
0.27 1 1 46 136
0.276667 4 3 53 108
0.283333 0 3 51 98
0.29 2 5 55 105
0.296667 0 2 46 97
0.303333 1 1 43 74
0.31 3 2 52 93
0.316667 0 0 36 86
0.323333 1 2 43 91
0.33 1 0 55 80
0.336667 1 1 50 83
0.343333 0 2 51 74
0.35 2 3 46 78
0.356667 0 1 36 75
0.363333 0 3 41 88
0.37 3 4 32 63
0.376667 0 1 44 87
0.383333 0 4 38 86
0.39 1 0 30 68
0.396667 2 2 47 57
0.403333 1 3 35 63
0.41 0 4 32 67
0.416667 1 1 36 73
0.423333 0 1 43 49
0.43 0 4 45 55
0.436667 0 2 32 67
0.443333 3 4 30 58
0.45 1 3 36 80
0.456667 1 2 28 71
0.463333 2 2 39 77
0.47 2 0 32 69
0.476667 1 2 26 49
0.483333 1 1 25 34
0.49 0 2 21 41
0.496667 0 1 20 37
0.503333 0 2 24 45
0.51 0 0 14 31
0.516667 0 0 23 36
0.523333 1 2 15 44
0.53 0 1 19 42
0.536667 0 1 12 41
0.543333 0 0 23 32
0.55 1 0 26 40
0.556667 1 2 16 30
0.563333 1 2 18 32
0.57 1 0 18 35
0.576667 0 2 16 24
0.583333 3 2 21 22
0.59 0 3 16 28
0.596667 1 0 17 25
0.603333 0 2 16 39
0.61 1 2 20 30
0.616667 2 1 20 35
0.623333 1 0 16 27
0.63 1 0 19 31
0.636667 0 1 19 29
0.643333 0 1 7 22
0.65 0 0 21 30
0.656667 0 0 11 19
0.663333 13 12 732 1801
0.67 0 0 0 0
0.676667 0 0 0 0
0.683333 0 0 0 0
0.69 0 0 0 0
0.696667 0 0 0 0
0.703333 0 0 0 0
0.71 0 0 0 0
0.716667 0 0 0 0
0.723333 0 0 0 0
0.73 0 0 0 0
0.736667 0 0 0 0
0.743333 0 0 0 0
0.75 0 0 0 0
0.756667 0 0 0 0
0.763333 0 0 0 0
0.77 0 0 0 0
0.776667 0 0 0 0
0.783333 0 0 0 0
0.79 0 0 0 0
0.796667 0 0 0 0
0.803333 0 0 0 0
0.81 0 0 0 0
0.816667 0 0 0 0
0.823333 0 0 0 0
0.83 0 0 0 0
0.836667 0 0 0 0
0.843333 0 0 0 0
0.85 0 0 0 0
0.856667 0 0 0 0
0.863333 0 0 0 0
0.87 0 0 0 0
0.876667 0 0 0 0
0.883333 0 0 0 0
0.89 0 0 0 0
0.896667 0 0 0 0
0.903333 0 0 0 0
0.91 0 0 0 0
0.916667 0 0 0 0
0.923333 0 0 0 0
0.93 0 0 0 0
0.936667 0 0 0 0
0.943333 0 0 0 0
0.95 0 0 0 0
0.956667 0 0 0 0
0.963333 0 0 0 0
0.97 0 0 0 0
0.976667 0 0 0 0
0.983333 0 0 0 0
0.99 0 0 0 0
0.996667 0 0 0 0
1.00333 0 0 0 0
1.01 0 0 0 0
1.01667 0 0 0 0
1.02333 0 0 0 0
1.03 0 0 0 0
1.03667 0 0 0 0
1.04333 0 0 0 0
1.05 0 0 0 0
1.05667 0 0 0 0
1.06333 0 0 0 0
1.07 0 0 0 0
1.07667 0 0 0 0
1.08333 0 0 0 0
1.09 0 0 0 0
1.09667 0 0 0 0
1.10333 0 0 0 0
1.11 0 0 0 0
1.11667 0 0 0 0
1.12333 0 0 0 0
1.13 0 0 0 0
1.13667 0 0 0 0
1.14333 0 0 0 0
1.15 0 0 0 0
1.15667 0 0 0 0
1.16333 0 0 0 0
1.17 0 0 0 0
1.17667 0 0 0 0
1.18333 0 0 0 0
1.19 0 0 0 0
1.19667 0 0 0 0
1.20333 0 0 0 0
1.21 0 0 0 0
1.21667 0 0 0 0
1.22333 0 0 0 0
1.23 0 0 0 0
1.23667 0 0 0 0
1.24333 0 0 0 0
1.25 0 0 0 0
1.25667 0 0 0 0
1.26333 0 0 0 0
1.27 0 0 0 0
1.27667 0 0 0 0
1.28333 0 0 0 0
1.29 0 0 0 0
1.29667 0 0 0 0
1.30333 0 0 0 0
1.31 0 0 0 0
1.31667 0 0 0 0
1.32333 0 0 0 0
1.33 0 0 0 0
1.33667 0 0 0 0
1.34333 0 0 0 0
1.35 0 0 0 0
1.35667 0 0 0 0
1.36333 0 0 0 0
1.37 0 0 0 0
1.37667 0 0 0 0
1.38333 0 0 0 0
1.39 0 0 0 0
1.39667 0 0 0 0
1.40333 0 0 0 0
1.41 0 0 0 0
1.41667 0 0 0 0
1.42333 0 0 0 0
1.43 0 0 0 0
1.43667 0 0 0 0
1.44333 0 0 0 0
1.45 0 0 0 0
1.45667 0 0 0 0
1.46333 0 0 0 0
1.47 0 0 0 0
1.47667 0 0 0 0
1.48333 0 0 0 0
1.49 0 0 0 0
1.49667 0 0 0 0
1.50333 0 0 0 0
1.51 0 0 0 0
1.51667 0 0 0 0
1.52333 0 0 0 0
1.53 0 0 0 0
1.53667 0 0 0 0
1.54333 0 0 0 0
1.55 0 0 0 0
1.55667 0 0 0 0
1.56333 0 0 0 0
1.57 0 0 0 0
1.57667 0 0 0 0
1.58333 0 0 0 0
1.59 0 0 0 0
1.59667 0 0 0 0
1.60333 0 0 0 0
1.61 0 0 0 0
1.61667 0 0 0 0
1.62333 0 0 0 0
1.63 0 0 0 0
1.63667 0 0 0 0
1.64333 0 0 0 0
1.65 0 0 0 0
1.65667 0 0 0 0
1.66333 0 0 0 0
1.67 0 0 0 0
1.67667 0 0 0 0
1.68333 0 0 0 0
1.69 0 0 0 0
1.69667 0 0 0 0
1.70333 0 0 0 0
1.71 0 0 0 0
1.71667 0 0 0 0
1.72333 0 0 0 0
1.73 0 0 0 0
1.73667 0 0 0 0
1.74333 0 0 0 0
1.75 0 0 0 0
1.75667 0 0 0 0
1.76333 0 0 0 0
1.77 0 0 0 0
1.77667 0 0 0 0
1.78333 0 0 0 0
1.79 0 0 0 0
1.79667 0 0 0 0
1.80333 0 0 0 0
1.81 0 0 0 0
1.81667 0 0 0 0
1.82333 0 0 0 0
1.83 0 0 0 0
1.83667 0 0 0 0
1.84333 0 0 0 0
1.85 0 0 0 0
1.85667 0 0 0 0
1.86333 0 0 0 0
1.87 0 0 0 0
1.87667 0 0 0 0
1.88333 0 0 0 0
1.89 0 0 0 0
1.89667 0 0 0 0
1.90333 0 0 0 0
1.91 0 0 0 0
1.91667 0 0 0 0
1.92333 0 0 0 0
1.93 0 0 0 0
1.93667 0 0 0 0
1.94333 0 0 0 0
1.95 0 0 0 0
1.95667 0 0 0 0
1.96333 0 0 0 0
1.97 0 0 0 0
1.97667 0 0 0 0
1.98333 0 0 0 0
1.99 0 0 0 0
1.99667 0 0 0 0
