0.00333333 2 3 59 24
0.01 0 6 74 32
0.0166667 1 4 84 38
0.0233333 2 4 79 51
0.03 3 4 106 56
0.0366667 0 10 106 49
0.0433333 2 13 152 83
0.05 4 14 205 96
0.0566667 5 20 195 127
0.0633333 3 12 268 120
0.07 6 15 255 135
0.0766667 4 14 274 133
0.0833333 8 20 274 153
0.09 3 19 302 154
0.0966667 8 18 286 139
0.103333 7 23 286 127
0.11 8 21 269 151
0.116667 6 20 255 130
0.123333 1 17 247 144
0.13 8 14 280 114
0.136667 5 11 273 121
0.143333 2 9 241 135
0.15 3 13 225 97
0.156667 4 10 237 103
0.163333 8 12 214 108
0.17 2 18 196 104
0.176667 4 7 179 90
0.183333 5 15 192 118
0.19 4 11 273 121
0.196667 5 22 220 101
0.203333 1 12 215 95
0.21 6 12 186 80
0.216667 4 12 206 95
0.223333 6 8 170 107
0.23 3 21 191 69
0.236667 3 7 174 76
0.243333 3 7 139 91
0.25 4 9 151 72
0.256667 0 8 158 54
0.263333 3 5 156 75
0.27 2 12 118 65
0.276667 5 10 120 60
0.283333 1 10 135 71
0.29 4 7 120 78
0.296667 2 7 111 70
0.303333 1 5 105 48
0.31 1 6 117 64
0.316667 4 4 92 59
0.323333 6 8 107 60
0.33 2 10 93 63
0.336667 2 9 93 36
0.343333 1 4 95 57
0.35 2 9 90 50
0.356667 0 6 82 57
0.363333 0 5 74 33
0.37 2 10 90 45
0.376667 0 3 88 40
0.383333 2 8 83 47
0.39 2 12 69 44
0.396667 2 4 80 45
0.403333 2 4 76 40
0.41 2 4 61 55
0.416667 1 3 80 43
0.423333 1 7 76 28
0.43 1 8 74 37
0.436667 1 3 78 23
0.443333 3 3 58 40
0.45 2 8 90 34
0.456667 0 1 81 26
0.463333 2 5 63 37
0.47 1 5 66 38
0.476667 0 9 63 31
0.483333 0 6 41 27
0.49 2 2 46 22
0.496667 1 3 49 25
0.503333 1 8 39 25
0.51 2 3 43 27
0.516667 1 1 42 27
0.523333 3 6 39 27
0.53 0 3 40 19
0.536667 1 4 41 19
0.543333 0 3 41 19
0.55 1 5 31 23
0.556667 2 3 31 28
0.563333 0 7 44 19
0.57 1 2 29 16
0.576667 4 4 40 21
0.583333 2 3 31 13
0.59 4 3 30 15
0.596667 1 7 25 16
0.603333 1 2 34 23
0.61 0 2 42 25
0.616667 1 1 29 20
0.623333 3 3 30 14
0.63 0 4 32 9
0.636667 1 5 40 17
0.643333 0 1 27 17
0.65 2 4 31 14
0.656667 1 2 25 15
0.663333 19 77 2167 829
0.67 0 0 0 0
0.676667 0 0 0 0
0.683333 0 0 0 0
0.69 0 0 0 0
0.696667 0 0 0 0
0.703333 0 0 0 0
0.71 0 0 0 0
0.716667 0 0 0 0
0.723333 0 0 0 0
0.73 0 0 0 0
0.736667 0 0 0 0
0.743333 0 0 0 0
0.75 0 0 0 0
0.756667 0 0 0 0
0.763333 0 0 0 0
0.77 0 0 0 0
0.776667 0 0 0 0
0.783333 0 0 0 0
0.79 0 0 0 0
0.796667 0 0 0 0
0.803333 0 0 0 0
0.81 0 0 0 0
0.816667 0 0 0 0
0.823333 0 0 0 0
0.83 0 0 0 0
0.836667 0 0 0 0
0.843333 0 0 0 0
0.85 0 0 0 0
0.856667 0 0 0 0
0.863333 0 0 0 0
0.87 0 0 0 0
0.876667 0 0 0 0
0.883333 0 0 0 0
0.89 0 0 0 0
0.896667 0 0 0 0
0.903333 0 0 0 0
0.91 0 0 0 0
0.916667 0 0 0 0
0.923333 0 0 0 0
0.93 0 0 0 0
0.936667 0 0 0 0
0.943333 0 0 0 0
0.95 0 0 0 0
0.956667 0 0 0 0
0.963333 0 0 0 0
0.97 0 0 0 0
0.976667 0 0 0 0
0.983333 0 0 0 0
0.99 0 0 0 0
0.996667 0 0 0 0
1.00333 0 0 0 0
1.01 0 0 0 0
1.01667 0 0 0 0
1.02333 0 0 0 0
1.03 0 0 0 0
1.03667 0 0 0 0
1.04333 0 0 0 0
1.05 0 0 0 0
1.05667 0 0 0 0
1.06333 0 0 0 0
1.07 0 0 0 0
1.07667 0 0 0 0
1.08333 0 0 0 0
1.09 0 0 0 0
1.09667 0 0 0 0
1.10333 0 0 0 0
1.11 0 0 0 0
1.11667 0 0 0 0
1.12333 0 0 0 0
1.13 0 0 0 0
1.13667 0 0 0 0
1.14333 0 0 0 0
1.15 0 0 0 0
1.15667 0 0 0 0
1.16333 0 0 0 0
1.17 0 0 0 0
1.17667 0 0 0 0
1.18333 0 0 0 0
1.19 0 0 0 0
1.19667 0 0 0 0
1.20333 0 0 0 0
1.21 0 0 0 0
1.21667 0 0 0 0
1.22333 0 0 0 0
1.23 0 0 0 0
1.23667 0 0 0 0
1.24333 0 0 0 0
1.25 0 0 0 0
1.25667 0 0 0 0
1.26333 0 0 0 0
1.27 0 0 0 0
1.27667 0 0 0 0
1.28333 0 0 0 0
1.29 0 0 0 0
1.29667 0 0 0 0
1.30333 0 0 0 0
1.31 0 0 0 0
1.31667 0 0 0 0
1.32333 0 0 0 0
1.33 0 0 0 0
1.33667 0 0 0 0
1.34333 0 0 0 0
1.35 0 0 0 0
1.35667 0 0 0 0
1.36333 0 0 0 0
1.37 0 0 0 0
1.37667 0 0 0 0
1.38333 0 0 0 0
1.39 0 0 0 0
1.39667 0 0 0 0
1.40333 0 0 0 0
1.41 0 0 0 0
1.41667 0 0 0 0
1.42333 0 0 0 0
1.43 0 0 0 0
1.43667 0 0 0 0
1.44333 0 0 0 0
1.45 0 0 0 0
1.45667 0 0 0 0
1.46333 0 0 0 0
1.47 0 0 0 0
1.47667 0 0 0 0
1.48333 0 0 0 0
1.49 0 0 0 0
1.49667 0 0 0 0
1.50333 0 0 0 0
1.51 0 0 0 0
1.51667 0 0 0 0
1.52333 0 0 0 0
1.53 0 0 0 0
1.53667 0 0 0 0
1.54333 0 0 0 0
1.55 0 0 0 0
1.55667 0 0 0 0
1.56333 0 0 0 0
1.57 0 0 0 0
1.57667 0 0 0 0
1.58333 0 0 0 0
1.59 0 0 0 0
1.59667 0 0 0 0
1.60333 0 0 0 0
1.61 0 0 0 0
1.61667 0 0 0 0
1.62333 0 0 0 0
1.63 0 0 0 0
1.63667 0 0 0 0
1.64333 0 0 0 0
1.65 0 0 0 0
1.65667 0 0 0 0
1.66333 0 0 0 0
1.67 0 0 0 0
1.67667 0 0 0 0
1.68333 0 0 0 0
1.69 0 0 0 0
1.69667 0 0 0 0
1.70333 0 0 0 0
1.71 0 0 0 0
1.71667 0 0 0 0
1.72333 0 0 0 0
1.73 0 0 0 0
1.73667 0 0 0 0
1.74333 0 0 0 0
1.75 0 0 0 0
1.75667 0 0 0 0
1.76333 0 0 0 0
1.77 0 0 0 0
1.77667 0 0 0 0
1.78333 0 0 0 0
1.79 0 0 0 0
1.79667 0 0 0 0
1.80333 0 0 0 0
1.81 0 0 0 0
1.81667 0 0 0 0
1.82333 0 0 0 0
1.83 0 0 0 0
1.83667 0 0 0 0
1.84333 0 0 0 0
1.85 0 0 0 0
1.85667 0 0 0 0
1.86333 0 0 0 0
1.87 0 0 0 0
1.87667 0 0 0 0
1.88333 0 0 0 0
1.89 0 0 0 0
1.89667 0 0 0 0
1.90333 0 0 0 0
1.91 0 0 0 0
1.91667 0 0 0 0
1.92333 0 0 0 0
1.93 0 0 0 0
1.93667 0 0 0 0
1.94333 0 0 0 0
1.95 0 0 0 0
1.95667 0 0 0 0
1.96333 0 0 0 0
1.97 0 0 0 0
1.97667 0 0 0 0
1.98333 0 0 0 0
1.99 0 0 0 0
1.99667 0 0 0 0
