0.00333333 8 39 22 7
0.01 6 44 27 4
0.0166667 11 62 35 5
0.0233333 7 49 47 4
0.03 8 58 28 4
0.0366667 21 68 52 7
0.0433333 21 102 46 14
0.05 27 105 60 15
0.0566667 26 123 88 22
0.0633333 39 152 72 20
0.07 42 166 87 19
0.0766667 25 165 111 16
0.0833333 34 168 100 21
0.09 33 156 105 21
0.0966667 32 156 91 27
0.103333 39 158 105 19
0.11 31 146 106 18
0.116667 22 168 105 11
0.123333 24 177 81 12
0.13 30 145 115 3
0.136667 37 118 82 23
0.143333 16 133 77 11
0.15 27 119 88 13
0.156667 26 113 82 16
0.163333 15 111 69 16
0.17 26 141 70 13
0.176667 25 110 72 11
0.183333 23 120 68 21
0.19 25 105 82 14
0.196667 18 119 79 16
0.203333 19 127 69 12
0.21 28 109 75 8
0.216667 15 84 56 6
0.223333 20 116 70 9
0.23 19 96 70 9
0.236667 23 92 50 12
0.243333 15 82 63 7
0.25 23 116 39 10
0.256667 13 82 52 12
0.263333 10 76 40 7
0.27 24 73 40 11
0.276667 19 73 41 10
0.283333 14 61 44 6
0.29 11 71 27 5
0.296667 7 63 33 15
0.303333 15 60 34 11
0.31 7 62 32 5
0.316667 9 54 35 6
0.323333 10 53 47 5
0.33 16 68 36 6
0.336667 14 53 32 4
0.343333 5 46 30 8
0.35 11 54 41 7
0.356667 15 52 29 11
0.363333 11 52 31 4
0.37 7 44 23 8
0.376667 9 39 33 9
0.383333 18 56 32 8
0.39 8 41 29 3
0.396667 13 48 22 5
0.403333 7 42 34 5
0.41 15 41 33 7
0.416667 14 44 29 9
0.423333 10 52 24 2
0.43 8 37 22 2
0.436667 8 45 24 4
0.443333 12 34 22 7
0.45 13 45 23 5
0.456667 12 45 32 13
0.463333 12 48 28 0
0.47 10 46 29 6
0.476667 6 29 25 1
0.483333 11 25 17 7
0.49 5 27 17 6
0.496667 13 21 14 0
0.503333 11 22 16 2
0.51 5 18 21 2
0.516667 6 38 17 8
0.523333 6 19 12 2
0.53 7 28 10 6
0.536667 7 24 8 5
0.543333 6 20 16 6
0.55 4 29 18 0
0.556667 4 20 11 2
0.563333 6 28 16 5
0.57 2 25 17 3
0.576667 3 19 19 6
0.583333 7 14 13 4
0.59 3 19 13 3
0.596667 7 19 18 4
0.603333 7 15 13 1
0.61 6 22 6 2
0.616667 2 13 14 5
0.623333 3 15 9 4
0.63 6 20 12 2
0.636667 9 18 15 0
0.643333 6 19 12 3
0.65 4 27 17 3
0.656667 3 15 13 1
0.663333 153 989 640 64
0.67 0 0 0 0
0.676667 0 0 0 0
0.683333 0 0 0 0
0.69 0 0 0 0
0.696667 0 0 0 0
0.703333 0 0 0 0
0.71 0 0 0 0
0.716667 0 0 0 0
0.723333 0 0 0 0
0.73 0 0 0 0
0.736667 0 0 0 0
0.743333 0 0 0 0
0.75 0 0 0 0
0.756667 0 0 0 0
0.763333 0 0 0 0
0.77 0 0 0 0
0.776667 0 0 0 0
0.783333 0 0 0 0
0.79 0 0 0 0
0.796667 0 0 0 0
0.803333 0 0 0 0
0.81 0 0 0 0
0.816667 0 0 0 0
0.823333 0 0 0 0
0.83 0 0 0 0
0.836667 0 0 0 0
0.843333 0 0 0 0
0.85 0 0 0 0
0.856667 0 0 0 0
0.863333 0 0 0 0
0.87 0 0 0 0
0.876667 0 0 0 0
0.883333 0 0 0 0
0.89 0 0 0 0
0.896667 0 0 0 0
0.903333 0 0 0 0
0.91 0 0 0 0
0.916667 0 0 0 0
0.923333 0 0 0 0
0.93 0 0 0 0
0.936667 0 0 0 0
0.943333 0 0 0 0
0.95 0 0 0 0
0.956667 0 0 0 0
0.963333 0 0 0 0
0.97 0 0 0 0
0.976667 0 0 0 0
0.983333 0 0 0 0
0.99 0 0 0 0
0.996667 0 0 0 0
1.00333 0 0 0 0
1.01 0 0 0 0
1.01667 0 0 0 0
1.02333 0 0 0 0
1.03 0 0 0 0
1.03667 0 0 0 0
1.04333 0 0 0 0
1.05 0 0 0 0
1.05667 0 0 0 0
1.06333 0 0 0 0
1.07 0 0 0 0
1.07667 0 0 0 0
1.08333 0 0 0 0
1.09 0 0 0 0
1.09667 0 0 0 0
1.10333 0 0 0 0
1.11 0 0 0 0
1.11667 0 0 0 0
1.12333 0 0 0 0
1.13 0 0 0 0
1.13667 0 0 0 0
1.14333 0 0 0 0
1.15 0 0 0 0
1.15667 0 0 0 0
1.16333 0 0 0 0
1.17 0 0 0 0
1.17667 0 0 0 0
1.18333 0 0 0 0
1.19 0 0 0 0
1.19667 0 0 0 0
1.20333 0 0 0 0
1.21 0 0 0 0
1.21667 0 0 0 0
1.22333 0 0 0 0
1.23 0 0 0 0
1.23667 0 0 0 0
1.24333 0 0 0 0
1.25 0 0 0 0
1.25667 0 0 0 0
1.26333 0 0 0 0
1.27 0 0 0 0
1.27667 0 0 0 0
1.28333 0 0 0 0
1.29 0 0 0 0
1.29667 0 0 0 0
1.30333 0 0 0 0
1.31 0 0 0 0
1.31667 0 0 0 0
1.32333 0 0 0 0
1.33 0 0 0 0
1.33667 0 0 0 0
1.34333 0 0 0 0
1.35 0 0 0 0
1.35667 0 0 0 0
1.36333 0 0 0 0
1.37 0 0 0 0
1.37667 0 0 0 0
1.38333 0 0 0 0
1.39 0 0 0 0
1.39667 0 0 0 0
1.40333 0 0 0 0
1.41 0 0 0 0
1.41667 0 0 0 0
1.42333 0 0 0 0
1.43 0 0 0 0
1.43667 0 0 0 0
1.44333 0 0 0 0
1.45 0 0 0 0
1.45667 0 0 0 0
1.46333 0 0 0 0
1.47 0 0 0 0
1.47667 0 0 0 0
1.48333 0 0 0 0
1.49 0 0 0 0
1.49667 0 0 0 0
1.50333 0 0 0 0
1.51 0 0 0 0
1.51667 0 0 0 0
1.52333 0 0 0 0
1.53 0 0 0 0
1.53667 0 0 0 0
1.54333 0 0 0 0
1.55 0 0 0 0
1.55667 0 0 0 0
1.56333 0 0 0 0
1.57 0 0 0 0
1.57667 0 0 0 0
1.58333 0 0 0 0
1.59 0 0 0 0
1.59667 0 0 0 0
1.60333 0 0 0 0
1.61 0 0 0 0
1.61667 0 0 0 0
1.62333 0 0 0 0
1.63 0 0 0 0
1.63667 0 0 0 0
1.64333 0 0 0 0
1.65 0 0 0 0
1.65667 0 0 0 0
1.66333 0 0 0 0
1.67 0 0 0 0
1.67667 0 0 0 0
1.68333 0 0 0 0
1.69 0 0 0 0
1.69667 0 0 0 0
1.70333 0 0 0 0
1.71 0 0 0 0
1.71667 0 0 0 0
1.72333 0 0 0 0
1.73 0 0 0 0
1.73667 0 0 0 0
1.74333 0 0 0 0
1.75 0 0 0 0
1.75667 0 0 0 0
1.76333 0 0 0 0
1.77 0 0 0 0
1.77667 0 0 0 0
1.78333 0 0 0 0
1.79 0 0 0 0
1.79667 0 0 0 0
1.80333 0 0 0 0
1.81 0 0 0 0
1.81667 0 0 0 0
1.82333 0 0 0 0
1.83 0 0 0 0
1.83667 0 0 0 0
1.84333 0 0 0 0
1.85 0 0 0 0
1.85667 0 0 0 0
1.86333 0 0 0 0
1.87 0 0 0 0
1.87667 0 0 0 0
1.88333 0 0 0 0
1.89 0 0 0 0
1.89667 0 0 0 0
1.90333 0 0 0 0
1.91 0 0 0 0
1.91667 0 0 0 0
1.92333 0 0 0 0
1.93 0 0 0 0
1.93667 0 0 0 0
1.94333 0 0 0 0
1.95 0 0 0 0
1.95667 0 0 0 0
1.96333 0 0 0 0
1.97 0 0 0 0
1.97667 0 0 0 0
1.98333 0 0 0 0
1.99 0 0 0 0
1.99667 0 0 0 0
