0.00333333 12 23 16 1
0.01 12 24 15 5
0.0166667 15 26 16 12
0.0233333 10 24 18 8
0.03 14 32 20 8
0.0366667 20 28 21 12
0.0433333 19 58 40 9
0.05 29 60 49 11
0.0566667 32 78 54 13
0.0633333 38 101 60 17
0.07 37 105 74 19
0.0766667 48 127 57 20
0.0833333 30 115 42 18
0.09 32 107 67 16
0.0966667 46 100 56 18
0.103333 41 110 59 22
0.11 40 97 67 18
0.116667 29 106 57 15
0.123333 38 116 71 21
0.13 37 82 60 19
0.136667 33 72 46 15
0.143333 30 85 40 17
0.15 33 64 44 14
0.156667 42 71 43 14
0.163333 32 77 53 27
0.17 27 52 48 24
0.176667 33 64 48 13
0.183333 42 75 37 20
0.19 34 48 51 19
0.196667 26 65 38 15
0.203333 46 60 44 18
0.21 35 67 20 13
0.216667 22 59 28 21
0.223333 28 59 34 11
0.23 33 54 28 15
0.236667 22 51 43 7
0.243333 29 46 25 12
0.25 21 47 29 5
0.256667 27 49 32 10
0.263333 27 37 31 13
0.27 18 50 30 9
0.276667 24 41 30 3
0.283333 22 47 29 15
0.29 24 35 26 11
0.296667 22 31 20 5
0.303333 13 29 22 9
0.31 19 45 19 11
0.316667 16 36 23 11
0.323333 14 40 24 10
0.33 13 24 9 8
0.336667 10 46 30 10
0.343333 16 41 21 13
0.35 12 32 17 8
0.356667 12 33 21 10
0.363333 15 32 16 3
0.37 12 29 19 4
0.376667 11 25 16 9
0.383333 15 17 13 8
0.39 17 23 16 1
0.396667 16 24 14 8
0.403333 15 27 13 6
0.41 20 20 16 7
0.416667 13 30 17 3
0.423333 18 31 12 7
0.43 17 31 17 5
0.436667 19 29 10 10
0.443333 11 22 13 9
0.45 13 26 21 8
0.456667 14 26 19 11
0.463333 14 16 15 13
0.47 11 27 13 6
0.476667 14 24 11 7
0.483333 16 17 13 6
0.49 7 18 15 8
0.496667 13 17 13 4
0.503333 7 17 17 4
0.51 2 19 10 5
0.516667 12 11 8 3
0.523333 6 13 7 5
0.53 12 12 13 5
0.536667 8 15 13 7
0.543333 11 20 14 7
0.55 7 12 9 2
0.556667 9 12 11 6
0.563333 6 24 9 6
0.57 11 17 6 7
0.576667 8 20 11 6
0.583333 9 16 5 3
0.59 7 24 10 6
0.596667 8 12 13 1
0.603333 14 16 9 6
0.61 5 16 6 6
0.616667 6 5 9 1
0.623333 10 15 10 4
0.63 9 18 9 3
0.636667 7 9 11 6
0.643333 7 7 11 4
0.65 6 11 5 5
0.656667 7 10 6 6
0.663333 298 422 281 148
0.67 0 0 0 0
0.676667 0 0 0 0
0.683333 0 0 0 0
0.69 0 0 0 0
0.696667 0 0 0 0
0.703333 0 0 0 0
0.71 0 0 0 0
0.716667 0 0 0 0
0.723333 0 0 0 0
0.73 0 0 0 0
0.736667 0 0 0 0
0.743333 0 0 0 0
0.75 0 0 0 0
0.756667 0 0 0 0
0.763333 0 0 0 0
0.77 0 0 0 0
0.776667 0 0 0 0
0.783333 0 0 0 0
0.79 0 0 0 0
0.796667 0 0 0 0
0.803333 0 0 0 0
0.81 0 0 0 0
0.816667 0 0 0 0
0.823333 0 0 0 0
0.83 0 0 0 0
0.836667 0 0 0 0
0.843333 0 0 0 0
0.85 0 0 0 0
0.856667 0 0 0 0
0.863333 0 0 0 0
0.87 0 0 0 0
0.876667 0 0 0 0
0.883333 0 0 0 0
0.89 0 0 0 0
0.896667 0 0 0 0
0.903333 0 0 0 0
0.91 0 0 0 0
0.916667 0 0 0 0
0.923333 0 0 0 0
0.93 0 0 0 0
0.936667 0 0 0 0
0.943333 0 0 0 0
0.95 0 0 0 0
0.956667 0 0 0 0
0.963333 0 0 0 0
0.97 0 0 0 0
0.976667 0 0 0 0
0.983333 0 0 0 0
0.99 0 0 0 0
0.996667 0 0 0 0
1.00333 0 0 0 0
1.01 0 0 0 0
1.01667 0 0 0 0
1.02333 0 0 0 0
1.03 0 0 0 0
1.03667 0 0 0 0
1.04333 0 0 0 0
1.05 0 0 0 0
1.05667 0 0 0 0
1.06333 0 0 0 0
1.07 0 0 0 0
1.07667 0 0 0 0
1.08333 0 0 0 0
1.09 0 0 0 0
1.09667 0 0 0 0
1.10333 0 0 0 0
1.11 0 0 0 0
1.11667 0 0 0 0
1.12333 0 0 0 0
1.13 0 0 0 0
1.13667 0 0 0 0
1.14333 0 0 0 0
1.15 0 0 0 0
1.15667 0 0 0 0
1.16333 0 0 0 0
1.17 0 0 0 0
1.17667 0 0 0 0
1.18333 0 0 0 0
1.19 0 0 0 0
1.19667 0 0 0 0
1.20333 0 0 0 0
1.21 0 0 0 0
1.21667 0 0 0 0
1.22333 0 0 0 0
1.23 0 0 0 0
1.23667 0 0 0 0
1.24333 0 0 0 0
1.25 0 0 0 0
1.25667 0 0 0 0
1.26333 0 0 0 0
1.27 0 0 0 0
1.27667 0 0 0 0
1.28333 0 0 0 0
1.29 0 0 0 0
1.29667 0 0 0 0
1.30333 0 0 0 0
1.31 0 0 0 0
1.31667 0 0 0 0
1.32333 0 0 0 0
1.33 0 0 0 0
1.33667 0 0 0 0
1.34333 0 0 0 0
1.35 0 0 0 0
1.35667 0 0 0 0
1.36333 0 0 0 0
1.37 0 0 0 0
1.37667 0 0 0 0
1.38333 0 0 0 0
1.39 0 0 0 0
1.39667 0 0 0 0
1.40333 0 0 0 0
1.41 0 0 0 0
1.41667 0 0 0 0
1.42333 0 0 0 0
1.43 0 0 0 0
1.43667 0 0 0 0
1.44333 0 0 0 0
1.45 0 0 0 0
1.45667 0 0 0 0
1.46333 0 0 0 0
1.47 0 0 0 0
1.47667 0 0 0 0
1.48333 0 0 0 0
1.49 0 0 0 0
1.49667 0 0 0 0
1.50333 0 0 0 0
1.51 0 0 0 0
1.51667 0 0 0 0
1.52333 0 0 0 0
1.53 0 0 0 0
1.53667 0 0 0 0
1.54333 0 0 0 0
1.55 0 0 0 0
1.55667 0 0 0 0
1.56333 0 0 0 0
1.57 0 0 0 0
1.57667 0 0 0 0
1.58333 0 0 0 0
1.59 0 0 0 0
1.59667 0 0 0 0
1.60333 0 0 0 0
1.61 0 0 0 0
1.61667 0 0 0 0
1.62333 0 0 0 0
1.63 0 0 0 0
1.63667 0 0 0 0
1.64333 0 0 0 0
1.65 0 0 0 0
1.65667 0 0 0 0
1.66333 0 0 0 0
1.67 0 0 0 0
1.67667 0 0 0 0
1.68333 0 0 0 0
1.69 0 0 0 0
1.69667 0 0 0 0
1.70333 0 0 0 0
1.71 0 0 0 0
1.71667 0 0 0 0
1.72333 0 0 0 0
1.73 0 0 0 0
1.73667 0 0 0 0
1.74333 0 0 0 0
1.75 0 0 0 0
1.75667 0 0 0 0
1.76333 0 0 0 0
1.77 0 0 0 0
1.77667 0 0 0 0
1.78333 0 0 0 0
1.79 0 0 0 0
1.79667 0 0 0 0
1.80333 0 0 0 0
1.81 0 0 0 0
1.81667 0 0 0 0
1.82333 0 0 0 0
1.83 0 0 0 0
1.83667 0 0 0 0
1.84333 0 0 0 0
1.85 0 0 0 0
1.85667 0 0 0 0
1.86333 0 0 0 0
1.87 0 0 0 0
1.87667 0 0 0 0
1.88333 0 0 0 0
1.89 0 0 0 0
1.89667 0 0 0 0
1.90333 0 0 0 0
1.91 0 0 0 0
1.91667 0 0 0 0
1.92333 0 0 0 0
1.93 0 0 0 0
1.93667 0 0 0 0
1.94333 0 0 0 0
1.95 0 0 0 0
1.95667 0 0 0 0
1.96333 0 0 0 0
1.97 0 0 0 0
1.97667 0 0 0 0
1.98333 0 0 0 0
1.99 0 0 0 0
1.99667 0 0 0 0
