0.00333333 49 33 5 2
0.01 62 29 0 0
0.0166667 68 28 5 1
0.0233333 60 31 2 1
0.03 62 42 4 5
0.0366667 70 55 3 3
0.0433333 87 52 4 1
0.05 129 86 8 5
0.0566667 136 97 8 2
0.0633333 143 108 9 3
0.07 151 116 11 5
0.0766667 170 126 15 9
0.0833333 184 99 15 6
0.09 184 119 13 4
0.0966667 171 118 8 6
0.103333 192 112 7 6
0.11 194 120 19 7
0.116667 197 113 15 1
0.123333 160 107 13 4
0.13 177 101 4 1
0.136667 158 90 2 2
0.143333 163 78 9 4
0.15 146 83 9 6
0.156667 156 96 10 3
0.163333 142 77 4 6
0.17 166 75 8 4
0.176667 157 71 4 2
0.183333 155 72 6 3
0.19 144 75 2 8
0.196667 153 79 8 6
0.203333 158 88 10 2
0.21 132 74 4 3
0.216667 139 58 9 2
0.223333 138 72 10 2
0.23 138 54 3 5
0.236667 125 54 11 1
0.243333 109 56 8 4
0.25 96 52 3 4
0.256667 101 55 5 3
0.263333 100 54 2 5
0.27 89 53 3 3
0.276667 107 49 5 2
0.283333 86 44 9 3
0.29 88 53 3 0
0.296667 90 42 4 2
0.303333 103 42 8 2
0.31 90 44 3 2
0.316667 71 47 1 4
0.323333 80 48 3 1
0.33 88 42 7 5
0.336667 68 46 7 2
0.343333 69 46 2 1
0.35 61 37 1 2
0.356667 61 40 7 2
0.363333 70 39 1 0
0.37 62 26 8 1
0.376667 67 32 4 1
0.383333 69 35 2 2
0.39 60 43 2 1
0.396667 57 27 4 1
0.403333 68 30 4 0
0.41 52 35 2 3
0.416667 43 27 1 2
0.423333 66 26 1 1
0.43 69 23 4 2
0.436667 56 30 3 3
0.443333 64 27 5 2
0.45 49 23 4 2
0.456667 47 35 1 1
0.463333 53 19 0 0
0.47 52 27 4 1
0.476667 49 27 4 1
0.483333 31 16 6 1
0.49 32 17 3 0
0.496667 39 19 2 2
0.503333 31 25 3 2
0.51 39 16 0 1
0.516667 39 19 3 2
0.523333 33 17 1 0
0.53 28 18 2 1
0.536667 36 22 0 3
0.543333 28 14 4 1
0.55 31 22 5 0
0.556667 30 10 4 1
0.563333 24 12 1 3
0.57 26 13 4 0
0.576667 16 17 1 0
0.583333 21 20 3 2
0.59 22 14 3 4
0.596667 34 21 1 1
0.603333 30 17 2 3
0.61 21 17 1 1
0.616667 30 17 2 1
0.623333 23 16 4 1
0.63 28 13 2 2
0.636667 25 11 4 0
0.643333 31 19 1 2
0.65 25 15 0 0
0.656667 28 21 3 2
0.663333 1782 549 48 44
0.67 0 0 0 0
0.676667 0 0 0 0
0.683333 0 0 0 0
0.69 0 0 0 0
0.696667 0 0 0 0
0.703333 0 0 0 0
0.71 0 0 0 0
0.716667 0 0 0 0
0.723333 0 0 0 0
0.73 0 0 0 0
0.736667 0 0 0 0
0.743333 0 0 0 0
0.75 0 0 0 0
0.756667 0 0 0 0
0.763333 0 0 0 0
0.77 0 0 0 0
0.776667 0 0 0 0
0.783333 0 0 0 0
0.79 0 0 0 0
0.796667 0 0 0 0
0.803333 0 0 0 0
0.81 0 0 0 0
0.816667 0 0 0 0
0.823333 0 0 0 0
0.83 0 0 0 0
0.836667 0 0 0 0
0.843333 0 0 0 0
0.85 0 0 0 0
0.856667 0 0 0 0
0.863333 0 0 0 0
0.87 0 0 0 0
0.876667 0 0 0 0
0.883333 0 0 0 0
0.89 0 0 0 0
0.896667 0 0 0 0
0.903333 0 0 0 0
0.91 0 0 0 0
0.916667 0 0 0 0
0.923333 0 0 0 0
0.93 0 0 0 0
0.936667 0 0 0 0
0.943333 0 0 0 0
0.95 0 0 0 0
0.956667 0 0 0 0
0.963333 0 0 0 0
0.97 0 0 0 0
0.976667 0 0 0 0
0.983333 0 0 0 0
0.99 0 0 0 0
0.996667 0 0 0 0
1.00333 0 0 0 0
1.01 0 0 0 0
1.01667 0 0 0 0
1.02333 0 0 0 0
1.03 0 0 0 0
1.03667 0 0 0 0
1.04333 0 0 0 0
1.05 0 0 0 0
1.05667 0 0 0 0
1.06333 0 0 0 0
1.07 0 0 0 0
1.07667 0 0 0 0
1.08333 0 0 0 0
1.09 0 0 0 0
1.09667 0 0 0 0
1.10333 0 0 0 0
1.11 0 0 0 0
1.11667 0 0 0 0
1.12333 0 0 0 0
1.13 0 0 0 0
1.13667 0 0 0 0
1.14333 0 0 0 0
1.15 0 0 0 0
1.15667 0 0 0 0
1.16333 0 0 0 0
1.17 0 0 0 0
1.17667 0 0 0 0
1.18333 0 0 0 0
1.19 0 0 0 0
1.19667 0 0 0 0
1.20333 0 0 0 0
1.21 0 0 0 0
1.21667 0 0 0 0
1.22333 0 0 0 0
1.23 0 0 0 0
1.23667 0 0 0 0
1.24333 0 0 0 0
1.25 0 0 0 0
1.25667 0 0 0 0
1.26333 0 0 0 0
1.27 0 0 0 0
1.27667 0 0 0 0
1.28333 0 0 0 0
1.29 0 0 0 0
1.29667 0 0 0 0
1.30333 0 0 0 0
1.31 0 0 0 0
1.31667 0 0 0 0
1.32333 0 0 0 0
1.33 0 0 0 0
1.33667 0 0 0 0
1.34333 0 0 0 0
1.35 0 0 0 0
1.35667 0 0 0 0
1.36333 0 0 0 0
1.37 0 0 0 0
1.37667 0 0 0 0
1.38333 0 0 0 0
1.39 0 0 0 0
1.39667 0 0 0 0
1.40333 0 0 0 0
1.41 0 0 0 0
1.41667 0 0 0 0
1.42333 0 0 0 0
1.43 0 0 0 0
1.43667 0 0 0 0
1.44333 0 0 0 0
1.45 0 0 0 0
1.45667 0 0 0 0
1.46333 0 0 0 0
1.47 0 0 0 0
1.47667 0 0 0 0
1.48333 0 0 0 0
1.49 0 0 0 0
1.49667 0 0 0 0
1.50333 0 0 0 0
1.51 0 0 0 0
1.51667 0 0 0 0
1.52333 0 0 0 0
1.53 0 0 0 0
1.53667 0 0 0 0
1.54333 0 0 0 0
1.55 0 0 0 0
1.55667 0 0 0 0
1.56333 0 0 0 0
1.57 0 0 0 0
1.57667 0 0 0 0
1.58333 0 0 0 0
1.59 0 0 0 0
1.59667 0 0 0 0
1.60333 0 0 0 0
1.61 0 0 0 0
1.61667 0 0 0 0
1.62333 0 0 0 0
1.63 0 0 0 0
1.63667 0 0 0 0
1.64333 0 0 0 0
1.65 0 0 0 0
1.65667 0 0 0 0
1.66333 0 0 0 0
1.67 0 0 0 0
1.67667 0 0 0 0
1.68333 0 0 0 0
1.69 0 0 0 0
1.69667 0 0 0 0
1.70333 0 0 0 0
1.71 0 0 0 0
1.71667 0 0 0 0
1.72333 0 0 0 0
1.73 0 0 0 0
1.73667 0 0 0 0
1.74333 0 0 0 0
1.75 0 0 0 0
1.75667 0 0 0 0
1.76333 0 0 0 0
1.77 0 0 0 0
1.77667 0 0 0 0
1.78333 0 0 0 0
1.79 0 0 0 0
1.79667 0 0 0 0
1.80333 0 0 0 0
1.81 0 0 0 0
1.81667 0 0 0 0
1.82333 0 0 0 0
1.83 0 0 0 0
1.83667 0 0 0 0
1.84333 0 0 0 0
1.85 0 0 0 0
1.85667 0 0 0 0
1.86333 0 0 0 0
1.87 0 0 0 0
1.87667 0 0 0 0
1.88333 0 0 0 0
1.89 0 0 0 0
1.89667 0 0 0 0
1.90333 0 0 0 0
1.91 0 0 0 0
1.91667 0 0 0 0
1.92333 0 0 0 0
1.93 0 0 0 0
1.93667 0 0 0 0
1.94333 0 0 0 0
1.95 0 0 0 0
1.95667 0 0 0 0
1.96333 0 0 0 0
1.97 0 0 0 0
1.97667 0 0 0 0
1.98333 0 0 0 0
1.99 0 0 0 0
1.99667 0 0 0 0
