0.00333333 8 17 14 6
0.01 7 19 17 9
0.0166667 11 22 13 15
0.0233333 15 18 18 12
0.03 8 41 27 12
0.0366667 15 43 30 19
0.0433333 17 55 43 16
0.05 30 50 46 12
0.0566667 26 59 64 20
0.0633333 32 69 60 20
0.07 38 88 68 24
0.0766667 26 79 56 30
0.0833333 24 72 60 18
0.09 26 71 63 25
0.0966667 30 95 54 20
0.103333 29 77 74 25
0.11 43 76 65 24
0.116667 25 85 66 20
0.123333 31 71 76 23
0.13 32 66 63 21
0.136667 27 47 59 22
0.143333 25 49 47 26
0.15 23 46 54 23
0.156667 24 42 40 22
0.163333 31 43 53 30
0.17 26 35 44 19
0.176667 22 61 51 16
0.183333 34 56 44 26
0.19 23 51 48 24
0.196667 25 53 36 25
0.203333 29 46 48 17
0.21 25 51 26 25
0.216667 26 46 43 28
0.223333 27 42 28 16
0.23 25 35 37 21
0.236667 18 36 43 11
0.243333 20 33 24 13
0.25 18 42 34 11
0.256667 18 21 24 20
0.263333 16 25 39 18
0.27 12 38 35 11
0.276667 18 32 36 8
0.283333 16 22 35 12
0.29 20 28 31 15
0.296667 17 26 22 14
0.303333 12 28 28 13
0.31 12 31 20 14
0.316667 14 32 24 8
0.323333 12 30 20 10
0.33 10 26 22 17
0.336667 11 27 26 23
0.343333 17 29 24 12
0.35 16 23 35 15
0.356667 13 35 17 15
0.363333 8 24 15 6
0.37 18 23 21 5
0.376667 11 23 23 6
0.383333 9 11 20 6
0.39 22 21 24 10
0.396667 17 16 23 12
0.403333 15 16 20 15
0.41 13 25 18 8
0.416667 8 20 14 4
0.423333 15 23 15 4
0.43 12 16 12 8
0.436667 12 16 13 14
0.443333 15 16 17 9
0.45 15 16 15 10
0.456667 16 12 21 5
0.463333 9 20 19 8
0.47 6 26 15 11
0.476667 11 17 15 7
0.483333 10 7 11 5
0.49 10 10 19 7
0.496667 9 14 11 4
0.503333 11 12 11 5
0.51 7 15 11 8
0.516667 14 9 15 3
0.523333 3 6 14 6
0.53 6 10 17 7
0.536667 6 7 12 6
0.543333 3 8 15 5
0.55 4 14 9 1
0.556667 12 7 10 3
0.563333 2 14 8 12
0.57 7 14 4 12
0.576667 6 16 8 5
0.583333 8 11 15 6
0.59 7 18 10 6
0.596667 4 5 13 5
0.603333 12 15 11 7
0.61 8 9 12 11
0.616667 10 10 11 6
0.623333 7 9 14 3
0.63 9 14 8 1
0.636667 8 9 12 9
0.643333 7 9 12 6
0.65 1 9 10 7
0.656667 5 6 8 6
0.663333 277 285 313 235
0.67 0 0 0 0
0.676667 0 0 0 0
0.683333 0 0 0 0
0.69 0 0 0 0
0.696667 0 0 0 0
0.703333 0 0 0 0
0.71 0 0 0 0
0.716667 0 0 0 0
0.723333 0 0 0 0
0.73 0 0 0 0
0.736667 0 0 0 0
0.743333 0 0 0 0
0.75 0 0 0 0
0.756667 0 0 0 0
0.763333 0 0 0 0
0.77 0 0 0 0
0.776667 0 0 0 0
0.783333 0 0 0 0
0.79 0 0 0 0
0.796667 0 0 0 0
0.803333 0 0 0 0
0.81 0 0 0 0
0.816667 0 0 0 0
0.823333 0 0 0 0
0.83 0 0 0 0
0.836667 0 0 0 0
0.843333 0 0 0 0
0.85 0 0 0 0
0.856667 0 0 0 0
0.863333 0 0 0 0
0.87 0 0 0 0
0.876667 0 0 0 0
0.883333 0 0 0 0
0.89 0 0 0 0
0.896667 0 0 0 0
0.903333 0 0 0 0
0.91 0 0 0 0
0.916667 0 0 0 0
0.923333 0 0 0 0
0.93 0 0 0 0
0.936667 0 0 0 0
0.943333 0 0 0 0
0.95 0 0 0 0
0.956667 0 0 0 0
0.963333 0 0 0 0
0.97 0 0 0 0
0.976667 0 0 0 0
0.983333 0 0 0 0
0.99 0 0 0 0
0.996667 0 0 0 0
1.00333 0 0 0 0
1.01 0 0 0 0
1.01667 0 0 0 0
1.02333 0 0 0 0
1.03 0 0 0 0
1.03667 0 0 0 0
1.04333 0 0 0 0
1.05 0 0 0 0
1.05667 0 0 0 0
1.06333 0 0 0 0
1.07 0 0 0 0
1.07667 0 0 0 0
1.08333 0 0 0 0
1.09 0 0 0 0
1.09667 0 0 0 0
1.10333 0 0 0 0
1.11 0 0 0 0
1.11667 0 0 0 0
1.12333 0 0 0 0
1.13 0 0 0 0
1.13667 0 0 0 0
1.14333 0 0 0 0
1.15 0 0 0 0
1.15667 0 0 0 0
1.16333 0 0 0 0
1.17 0 0 0 0
1.17667 0 0 0 0
1.18333 0 0 0 0
1.19 0 0 0 0
1.19667 0 0 0 0
1.20333 0 0 0 0
1.21 0 0 0 0
1.21667 0 0 0 0
1.22333 0 0 0 0
1.23 0 0 0 0
1.23667 0 0 0 0
1.24333 0 0 0 0
1.25 0 0 0 0
1.25667 0 0 0 0
1.26333 0 0 0 0
1.27 0 0 0 0
1.27667 0 0 0 0
1.28333 0 0 0 0
1.29 0 0 0 0
1.29667 0 0 0 0
1.30333 0 0 0 0
1.31 0 0 0 0
1.31667 0 0 0 0
1.32333 0 0 0 0
1.33 0 0 0 0
1.33667 0 0 0 0
1.34333 0 0 0 0
1.35 0 0 0 0
1.35667 0 0 0 0
1.36333 0 0 0 0
1.37 0 0 0 0
1.37667 0 0 0 0
1.38333 0 0 0 0
1.39 0 0 0 0
1.39667 0 0 0 0
1.40333 0 0 0 0
1.41 0 0 0 0
1.41667 0 0 0 0
1.42333 0 0 0 0
1.43 0 0 0 0
1.43667 0 0 0 0
1.44333 0 0 0 0
1.45 0 0 0 0
1.45667 0 0 0 0
1.46333 0 0 0 0
1.47 0 0 0 0
1.47667 0 0 0 0
1.48333 0 0 0 0
1.49 0 0 0 0
1.49667 0 0 0 0
1.50333 0 0 0 0
1.51 0 0 0 0
1.51667 0 0 0 0
1.52333 0 0 0 0
1.53 0 0 0 0
1.53667 0 0 0 0
1.54333 0 0 0 0
1.55 0 0 0 0
1.55667 0 0 0 0
1.56333 0 0 0 0
1.57 0 0 0 0
1.57667 0 0 0 0
1.58333 0 0 0 0
1.59 0 0 0 0
1.59667 0 0 0 0
1.60333 0 0 0 0
1.61 0 0 0 0
1.61667 0 0 0 0
1.62333 0 0 0 0
1.63 0 0 0 0
1.63667 0 0 0 0
1.64333 0 0 0 0
1.65 0 0 0 0
1.65667 0 0 0 0
1.66333 0 0 0 0
1.67 0 0 0 0
1.67667 0 0 0 0
1.68333 0 0 0 0
1.69 0 0 0 0
1.69667 0 0 0 0
1.70333 0 0 0 0
1.71 0 0 0 0
1.71667 0 0 0 0
1.72333 0 0 0 0
1.73 0 0 0 0
1.73667 0 0 0 0
1.74333 0 0 0 0
1.75 0 0 0 0
1.75667 0 0 0 0
1.76333 0 0 0 0
1.77 0 0 0 0
1.77667 0 0 0 0
1.78333 0 0 0 0
1.79 0 0 0 0
1.79667 0 0 0 0
1.80333 0 0 0 0
1.81 0 0 0 0
1.81667 0 0 0 0
1.82333 0 0 0 0
1.83 0 0 0 0
1.83667 0 0 0 0
1.84333 0 0 0 0
1.85 0 0 0 0
1.85667 0 0 0 0
1.86333 0 0 0 0
1.87 0 0 0 0
1.87667 0 0 0 0
1.88333 0 0 0 0
1.89 0 0 0 0
1.89667 0 0 0 0
1.90333 0 0 0 0
1.91 0 0 0 0
1.91667 0 0 0 0
1.92333 0 0 0 0
1.93 0 0 0 0
1.93667 0 0 0 0
1.94333 0 0 0 0
1.95 0 0 0 0
1.95667 0 0 0 0
1.96333 0 0 0 0
1.97 0 0 0 0
1.97667 0 0 0 0
1.98333 0 0 0 0
1.99 0 0 0 0
1.99667 0 0 0 0
