0.00333333 31 190 5 0
0.01 41 159 5 3
0.0166667 35 219 3 1
0.0233333 27 190 5 2
0.03 33 220 7 1
0.0366667 41 236 9 2
0.0433333 46 239 10 0
0.05 69 289 15 1
0.0566667 72 333 16 5
0.0633333 86 363 23 3
0.07 108 365 19 2
0.0766667 102 407 20 8
0.0833333 95 466 30 5
0.09 83 434 13 4
0.0966667 89 457 26 8
0.103333 103 446 20 5
0.11 95 484 17 6
0.116667 106 469 18 5
0.123333 88 522 15 1
0.13 67 490 14 5
0.136667 89 461 11 5
0.143333 73 505 16 1
0.15 65 493 15 1
0.156667 67 511 20 4
0.163333 63 454 15 1
0.17 66 471 20 6
0.176667 54 475 17 1
0.183333 69 550 12 4
0.19 44 733 9 8
0.196667 63 673 11 1
0.203333 68 636 12 2
0.21 61 589 11 3
0.216667 46 523 24 7
0.223333 52 497 17 2
0.23 45 425 9 3
0.236667 55 410 13 0
0.243333 53 386 7 2
0.25 48 374 11 1
0.256667 60 354 13 4
0.263333 39 330 11 4
0.27 44 308 16 5
0.276667 44 294 9 3
0.283333 31 298 9 3
0.29 29 291 5 2
0.296667 30 276 10 2
0.303333 43 248 10 3
0.31 31 268 11 3
0.316667 36 214 7 1
0.323333 46 204 6 3
0.33 35 228 9 1
0.336667 46 236 8 2
0.343333 39 208 9 4
0.35 36 234 10 0
0.356667 26 197 4 3
0.363333 32 209 9 2
0.37 41 206 8 4
0.376667 32 201 8 2
0.383333 20 175 11 1
0.39 26 173 8 1
0.396667 25 223 4 2
0.403333 31 207 11 1
0.41 23 180 8 4
0.416667 20 165 10 1
0.423333 21 174 8 1
0.43 32 198 9 3
0.436667 32 177 11 2
0.443333 22 217 6 2
0.45 22 207 3 2
0.456667 26 211 7 5
0.463333 30 224 6 1
0.47 22 200 8 4
0.476667 31 185 3 2
0.483333 17 89 3 0
0.49 16 116 6 1
0.496667 13 90 6 4
0.503333 22 80 5 0
0.51 9 73 6 1
0.516667 14 97 6 0
0.523333 22 78 5 0
0.53 10 76 2 0
0.536667 15 76 2 2
0.543333 16 64 7 0
0.55 14 55 3 2
0.556667 16 65 4 2
0.563333 16 63 2 1
0.57 15 70 3 1
0.576667 12 71 4 0
0.583333 16 74 4 2
0.59 15 64 5 2
0.596667 10 60 8 0
0.603333 14 59 4 2
0.61 13 39 4 1
0.616667 16 41 5 2
0.623333 14 53 5 1
0.63 16 51 6 1
0.636667 15 74 4 0
0.643333 20 44 3 0
0.65 8 42 2 1
0.656667 7 44 5 1
0.663333 568 10180 138 23
0.67 0 0 0 0
0.676667 0 0 0 0
0.683333 0 0 0 0
0.69 0 0 0 0
0.696667 0 0 0 0
0.703333 0 0 0 0
0.71 0 0 0 0
0.716667 0 0 0 0
0.723333 0 0 0 0
0.73 0 0 0 0
0.736667 0 0 0 0
0.743333 0 0 0 0
0.75 0 0 0 0
0.756667 0 0 0 0
0.763333 0 0 0 0
0.77 0 0 0 0
0.776667 0 0 0 0
0.783333 0 0 0 0
0.79 0 0 0 0
0.796667 0 0 0 0
0.803333 0 0 0 0
0.81 0 0 0 0
0.816667 0 0 0 0
0.823333 0 0 0 0
0.83 0 0 0 0
0.836667 0 0 0 0
0.843333 0 0 0 0
0.85 0 0 0 0
0.856667 0 0 0 0
0.863333 0 0 0 0
0.87 0 0 0 0
0.876667 0 0 0 0
0.883333 0 0 0 0
0.89 0 0 0 0
0.896667 0 0 0 0
0.903333 0 0 0 0
0.91 0 0 0 0
0.916667 0 0 0 0
0.923333 0 0 0 0
0.93 0 0 0 0
0.936667 0 0 0 0
0.943333 0 0 0 0
0.95 0 0 0 0
0.956667 0 0 0 0
0.963333 0 0 0 0
0.97 0 0 0 0
0.976667 0 0 0 0
0.983333 0 0 0 0
0.99 0 0 0 0
0.996667 0 0 0 0
1.00333 0 0 0 0
1.01 0 0 0 0
1.01667 0 0 0 0
1.02333 0 0 0 0
1.03 0 0 0 0
1.03667 0 0 0 0
1.04333 0 0 0 0
1.05 0 0 0 0
1.05667 0 0 0 0
1.06333 0 0 0 0
1.07 0 0 0 0
1.07667 0 0 0 0
1.08333 0 0 0 0
1.09 0 0 0 0
1.09667 0 0 0 0
1.10333 0 0 0 0
1.11 0 0 0 0
1.11667 0 0 0 0
1.12333 0 0 0 0
1.13 0 0 0 0
1.13667 0 0 0 0
1.14333 0 0 0 0
1.15 0 0 0 0
1.15667 0 0 0 0
1.16333 0 0 0 0
1.17 0 0 0 0
1.17667 0 0 0 0
1.18333 0 0 0 0
1.19 0 0 0 0
1.19667 0 0 0 0
1.20333 0 0 0 0
1.21 0 0 0 0
1.21667 0 0 0 0
1.22333 0 0 0 0
1.23 0 0 0 0
1.23667 0 0 0 0
1.24333 0 0 0 0
1.25 0 0 0 0
1.25667 0 0 0 0
1.26333 0 0 0 0
1.27 0 0 0 0
1.27667 0 0 0 0
1.28333 0 0 0 0
1.29 0 0 0 0
1.29667 0 0 0 0
1.30333 0 0 0 0
1.31 0 0 0 0
1.31667 0 0 0 0
1.32333 0 0 0 0
1.33 0 0 0 0
1.33667 0 0 0 0
1.34333 0 0 0 0
1.35 0 0 0 0
1.35667 0 0 0 0
1.36333 0 0 0 0
1.37 0 0 0 0
1.37667 0 0 0 0
1.38333 0 0 0 0
1.39 0 0 0 0
1.39667 0 0 0 0
1.40333 0 0 0 0
1.41 0 0 0 0
1.41667 0 0 0 0
1.42333 0 0 0 0
1.43 0 0 0 0
1.43667 0 0 0 0
1.44333 0 0 0 0
1.45 0 0 0 0
1.45667 0 0 0 0
1.46333 0 0 0 0
1.47 0 0 0 0
1.47667 0 0 0 0
1.48333 0 0 0 0
1.49 0 0 0 0
1.49667 0 0 0 0
1.50333 0 0 0 0
1.51 0 0 0 0
1.51667 0 0 0 0
1.52333 0 0 0 0
1.53 0 0 0 0
1.53667 0 0 0 0
1.54333 0 0 0 0
1.55 0 0 0 0
1.55667 0 0 0 0
1.56333 0 0 0 0
1.57 0 0 0 0
1.57667 0 0 0 0
1.58333 0 0 0 0
1.59 0 0 0 0
1.59667 0 0 0 0
1.60333 0 0 0 0
1.61 0 0 0 0
1.61667 0 0 0 0
1.62333 0 0 0 0
1.63 0 0 0 0
1.63667 0 0 0 0
1.64333 0 0 0 0
1.65 0 0 0 0
1.65667 0 0 0 0
1.66333 0 0 0 0
1.67 0 0 0 0
1.67667 0 0 0 0
1.68333 0 0 0 0
1.69 0 0 0 0
1.69667 0 0 0 0
1.70333 0 0 0 0
1.71 0 0 0 0
1.71667 0 0 0 0
1.72333 0 0 0 0
1.73 0 0 0 0
1.73667 0 0 0 0
1.74333 0 0 0 0
1.75 0 0 0 0
1.75667 0 0 0 0
1.76333 0 0 0 0
1.77 0 0 0 0
1.77667 0 0 0 0
1.78333 0 0 0 0
1.79 0 0 0 0
1.79667 0 0 0 0
1.80333 0 0 0 0
1.81 0 0 0 0
1.81667 0 0 0 0
1.82333 0 0 0 0
1.83 0 0 0 0
1.83667 0 0 0 0
1.84333 0 0 0 0
1.85 0 0 0 0
1.85667 0 0 0 0
1.86333 0 0 0 0
1.87 0 0 0 0
1.87667 0 0 0 0
1.88333 0 0 0 0
1.89 0 0 0 0
1.89667 0 0 0 0
1.90333 0 0 0 0
1.91 0 0 0 0
1.91667 0 0 0 0
1.92333 0 0 0 0
1.93 0 0 0 0
1.93667 0 0 0 0
1.94333 0 0 0 0
1.95 0 0 0 0
1.95667 0 0 0 0
1.96333 0 0 0 0
1.97 0 0 0 0
1.97667 0 0 0 0
1.98333 0 0 0 0
1.99 0 0 0 0
1.99667 0 0 0 0
