0.00333333 1 4 35 34
0.01 0 10 50 54
0.0166667 0 9 48 51
0.0233333 3 9 58 51
0.03 2 7 63 68
0.0366667 0 12 64 66
0.0433333 2 11 103 106
0.05 0 4 120 138
0.0566667 2 16 170 148
0.0633333 7 17 176 159
0.07 5 12 176 189
0.0766667 0 14 155 165
0.0833333 5 19 190 195
0.09 6 16 179 180
0.0966667 3 13 197 200
0.103333 1 17 185 182
0.11 3 27 179 191
0.116667 2 13 166 174
0.123333 4 20 180 184
0.13 5 27 157 152
0.136667 4 24 152 169
0.143333 3 22 146 158
0.15 2 14 136 134
0.156667 5 15 158 131
0.163333 6 18 121 152
0.17 1 15 129 122
0.176667 2 13 124 151
0.183333 5 13 152 141
0.19 3 25 128 157
0.196667 2 18 137 164
0.203333 1 15 105 121
0.21 6 11 145 142
0.216667 1 14 127 124
0.223333 2 16 103 120
0.23 3 17 96 119
0.236667 4 10 104 111
0.243333 0 11 97 94
0.25 7 8 91 97
0.256667 2 11 79 114
0.263333 2 9 95 83
0.27 5 8 79 91
0.276667 3 8 84 76
0.283333 1 15 76 79
0.29 1 9 81 75
0.296667 0 13 91 64
0.303333 2 11 65 82
0.31 5 10 68 90
0.316667 2 9 72 69
0.323333 1 14 65 67
0.33 1 6 73 76
0.336667 0 11 50 53
0.343333 2 11 45 61
0.35 0 5 53 82
0.356667 1 11 64 50
0.363333 4 14 58 54
0.37 4 6 57 55
0.376667 0 10 30 57
0.383333 0 9 47 53
0.39 1 12 59 49
0.396667 1 8 52 58
0.403333 3 12 62 60
0.41 3 9 68 64
0.416667 1 13 51 59
0.423333 1 6 42 62
0.43 1 8 37 44
0.436667 2 4 44 48
0.443333 2 12 45 57
0.45 1 7 51 68
0.456667 0 4 53 40
0.463333 3 3 46 46
0.47 4 8 67 57
0.476667 0 5 35 38
0.483333 0 7 29 23
0.49 0 4 35 29
0.496667 2 9 46 29
0.503333 1 4 32 49
0.51 2 8 18 38
0.516667 1 5 28 36
0.523333 1 3 36 30
0.53 0 3 22 25
0.536667 1 1 30 32
0.543333 1 6 20 27
0.55 2 7 19 38
0.556667 0 5 29 36
0.563333 1 6 25 27
0.57 2 5 24 21
0.576667 2 3 22 23
0.583333 2 8 34 37
0.59 2 4 16 25
0.596667 0 3 21 29
0.603333 1 6 20 14
0.61 0 1 18 27
0.616667 0 1 28 27
0.623333 1 3 24 29
0.63 0 2 20 27
0.636667 2 5 30 22
0.643333 0 2 21 24
0.65 1 3 20 16
0.656667 1 2 16 29
0.663333 20 179 1106 1402
0.67 0 0 0 0
0.676667 0 0 0 0
0.683333 0 0 0 0
0.69 0 0 0 0
0.696667 0 0 0 0
0.703333 0 0 0 0
0.71 0 0 0 0
0.716667 0 0 0 0
0.723333 0 0 0 0
0.73 0 0 0 0
0.736667 0 0 0 0
0.743333 0 0 0 0
0.75 0 0 0 0
0.756667 0 0 0 0
0.763333 0 0 0 0
0.77 0 0 0 0
0.776667 0 0 0 0
0.783333 0 0 0 0
0.79 0 0 0 0
0.796667 0 0 0 0
0.803333 0 0 0 0
0.81 0 0 0 0
0.816667 0 0 0 0
0.823333 0 0 0 0
0.83 0 0 0 0
0.836667 0 0 0 0
0.843333 0 0 0 0
0.85 0 0 0 0
0.856667 0 0 0 0
0.863333 0 0 0 0
0.87 0 0 0 0
0.876667 0 0 0 0
0.883333 0 0 0 0
0.89 0 0 0 0
0.896667 0 0 0 0
0.903333 0 0 0 0
0.91 0 0 0 0
0.916667 0 0 0 0
0.923333 0 0 0 0
0.93 0 0 0 0
0.936667 0 0 0 0
0.943333 0 0 0 0
0.95 0 0 0 0
0.956667 0 0 0 0
0.963333 0 0 0 0
0.97 0 0 0 0
0.976667 0 0 0 0
0.983333 0 0 0 0
0.99 0 0 0 0
0.996667 0 0 0 0
1.00333 0 0 0 0
1.01 0 0 0 0
1.01667 0 0 0 0
1.02333 0 0 0 0
1.03 0 0 0 0
1.03667 0 0 0 0
1.04333 0 0 0 0
1.05 0 0 0 0
1.05667 0 0 0 0
1.06333 0 0 0 0
1.07 0 0 0 0
1.07667 0 0 0 0
1.08333 0 0 0 0
1.09 0 0 0 0
1.09667 0 0 0 0
1.10333 0 0 0 0
1.11 0 0 0 0
1.11667 0 0 0 0
1.12333 0 0 0 0
1.13 0 0 0 0
1.13667 0 0 0 0
1.14333 0 0 0 0
1.15 0 0 0 0
1.15667 0 0 0 0
1.16333 0 0 0 0
1.17 0 0 0 0
1.17667 0 0 0 0
1.18333 0 0 0 0
1.19 0 0 0 0
1.19667 0 0 0 0
1.20333 0 0 0 0
1.21 0 0 0 0
1.21667 0 0 0 0
1.22333 0 0 0 0
1.23 0 0 0 0
1.23667 0 0 0 0
1.24333 0 0 0 0
1.25 0 0 0 0
1.25667 0 0 0 0
1.26333 0 0 0 0
1.27 0 0 0 0
1.27667 0 0 0 0
1.28333 0 0 0 0
1.29 0 0 0 0
1.29667 0 0 0 0
1.30333 0 0 0 0
1.31 0 0 0 0
1.31667 0 0 0 0
1.32333 0 0 0 0
1.33 0 0 0 0
1.33667 0 0 0 0
1.34333 0 0 0 0
1.35 0 0 0 0
1.35667 0 0 0 0
1.36333 0 0 0 0
1.37 0 0 0 0
1.37667 0 0 0 0
1.38333 0 0 0 0
1.39 0 0 0 0
1.39667 0 0 0 0
1.40333 0 0 0 0
1.41 0 0 0 0
1.41667 0 0 0 0
1.42333 0 0 0 0
1.43 0 0 0 0
1.43667 0 0 0 0
1.44333 0 0 0 0
1.45 0 0 0 0
1.45667 0 0 0 0
1.46333 0 0 0 0
1.47 0 0 0 0
1.47667 0 0 0 0
1.48333 0 0 0 0
1.49 0 0 0 0
1.49667 0 0 0 0
1.50333 0 0 0 0
1.51 0 0 0 0
1.51667 0 0 0 0
1.52333 0 0 0 0
1.53 0 0 0 0
1.53667 0 0 0 0
1.54333 0 0 0 0
1.55 0 0 0 0
1.55667 0 0 0 0
1.56333 0 0 0 0
1.57 0 0 0 0
1.57667 0 0 0 0
1.58333 0 0 0 0
1.59 0 0 0 0
1.59667 0 0 0 0
1.60333 0 0 0 0
1.61 0 0 0 0
1.61667 0 0 0 0
1.62333 0 0 0 0
1.63 0 0 0 0
1.63667 0 0 0 0
1.64333 0 0 0 0
1.65 0 0 0 0
1.65667 0 0 0 0
1.66333 0 0 0 0
1.67 0 0 0 0
1.67667 0 0 0 0
1.68333 0 0 0 0
1.69 0 0 0 0
1.69667 0 0 0 0
1.70333 0 0 0 0
1.71 0 0 0 0
1.71667 0 0 0 0
1.72333 0 0 0 0
1.73 0 0 0 0
1.73667 0 0 0 0
1.74333 0 0 0 0
1.75 0 0 0 0
1.75667 0 0 0 0
1.76333 0 0 0 0
1.77 0 0 0 0
1.77667 0 0 0 0
1.78333 0 0 0 0
1.79 0 0 0 0
1.79667 0 0 0 0
1.80333 0 0 0 0
1.81 0 0 0 0
1.81667 0 0 0 0
1.82333 0 0 0 0
1.83 0 0 0 0
1.83667 0 0 0 0
1.84333 0 0 0 0
1.85 0 0 0 0
1.85667 0 0 0 0
1.86333 0 0 0 0
1.87 0 0 0 0
1.87667 0 0 0 0
1.88333 0 0 0 0
1.89 0 0 0 0
1.89667 0 0 0 0
1.90333 0 0 0 0
1.91 0 0 0 0
1.91667 0 0 0 0
1.92333 0 0 0 0
1.93 0 0 0 0
1.93667 0 0 0 0
1.94333 0 0 0 0
1.95 0 0 0 0
1.95667 0 0 0 0
1.96333 0 0 0 0
1.97 0 0 0 0
1.97667 0 0 0 0
1.98333 0 0 0 0
1.99 0 0 0 0
1.99667 0 0 0 0
