0.00333333 2 5 28 27
0.01 2 4 49 29
0.0166667 6 7 57 38
0.0233333 4 12 43 30
0.03 4 16 78 39
0.0366667 5 18 72 45
0.0433333 9 15 119 52
0.05 10 30 163 72
0.0566667 12 27 163 96
0.0633333 10 29 159 94
0.07 12 40 185 119
0.0766667 7 32 186 95
0.0833333 11 37 203 119
0.09 13 28 194 107
0.0966667 12 34 208 118
0.103333 17 30 197 102
0.11 13 31 197 89
0.116667 14 25 190 106
0.123333 12 44 163 100
0.13 13 28 155 91
0.136667 12 30 165 89
0.143333 8 18 144 99
0.15 9 27 141 75
0.156667 3 26 147 79
0.163333 13 18 118 85
0.17 7 22 111 75
0.176667 7 21 114 79
0.183333 8 20 123 63
0.19 8 28 127 87
0.196667 11 28 118 91
0.203333 16 27 123 81
0.21 6 24 116 71
0.216667 7 18 116 73
0.223333 7 21 87 70
0.23 8 22 100 52
0.236667 5 16 95 86
0.243333 7 18 103 60
0.25 8 20 85 52
0.256667 3 16 87 62
0.263333 9 11 74 57
0.27 4 15 66 41
0.276667 3 19 80 55
0.283333 3 15 74 41
0.29 6 11 77 45
0.296667 6 18 79 40
0.303333 8 12 72 45
0.31 7 10 60 39
0.316667 3 10 62 28
0.323333 8 10 63 45
0.33 3 13 46 37
0.336667 4 12 58 42
0.343333 3 11 67 47
0.35 4 11 60 35
0.356667 6 6 65 31
0.363333 0 12 58 24
0.37 3 10 44 31
0.376667 1 13 61 47
0.383333 3 18 64 41
0.39 3 10 49 37
0.396667 5 11 34 26
0.403333 7 10 52 25
0.41 2 15 51 18
0.416667 3 10 52 35
0.423333 3 17 49 30
0.43 3 15 49 28
0.436667 4 6 35 32
0.443333 5 12 51 36
0.45 4 14 43 35
0.456667 2 3 40 30
0.463333 3 13 36 33
0.47 4 6 45 25
0.476667 3 12 45 29
0.483333 4 9 30 20
0.49 3 9 28 20
0.496667 2 8 21 13
0.503333 2 6 17 16
0.51 4 8 24 12
0.516667 2 7 34 15
0.523333 3 12 27 16
0.53 4 4 18 19
0.536667 3 5 16 22
0.543333 4 4 21 16
0.55 4 14 30 9
0.556667 2 6 28 12
0.563333 1 7 25 12
0.57 3 10 33 10
0.576667 9 4 16 12
0.583333 3 8 20 18
0.59 6 8 17 14
0.596667 3 5 21 14
0.603333 2 9 20 8
0.61 1 4 23 12
0.616667 3 5 10 8
0.623333 1 5 23 6
0.63 2 8 27 15
0.636667 4 6 23 13
0.643333 3 7 22 11
0.65 1 4 20 16
0.656667 1 8 21 10
0.663333 67 173 1029 777
0.67 0 0 0 0
0.676667 0 0 0 0
0.683333 0 0 0 0
0.69 0 0 0 0
0.696667 0 0 0 0
0.703333 0 0 0 0
0.71 0 0 0 0
0.716667 0 0 0 0
0.723333 0 0 0 0
0.73 0 0 0 0
0.736667 0 0 0 0
0.743333 0 0 0 0
0.75 0 0 0 0
0.756667 0 0 0 0
0.763333 0 0 0 0
0.77 0 0 0 0
0.776667 0 0 0 0
0.783333 0 0 0 0
0.79 0 0 0 0
0.796667 0 0 0 0
0.803333 0 0 0 0
0.81 0 0 0 0
0.816667 0 0 0 0
0.823333 0 0 0 0
0.83 0 0 0 0
0.836667 0 0 0 0
0.843333 0 0 0 0
0.85 0 0 0 0
0.856667 0 0 0 0
0.863333 0 0 0 0
0.87 0 0 0 0
0.876667 0 0 0 0
0.883333 0 0 0 0
0.89 0 0 0 0
0.896667 0 0 0 0
0.903333 0 0 0 0
0.91 0 0 0 0
0.916667 0 0 0 0
0.923333 0 0 0 0
0.93 0 0 0 0
0.936667 0 0 0 0
0.943333 0 0 0 0
0.95 0 0 0 0
0.956667 0 0 0 0
0.963333 0 0 0 0
0.97 0 0 0 0
0.976667 0 0 0 0
0.983333 0 0 0 0
0.99 0 0 0 0
0.996667 0 0 0 0
1.00333 0 0 0 0
1.01 0 0 0 0
1.01667 0 0 0 0
1.02333 0 0 0 0
1.03 0 0 0 0
1.03667 0 0 0 0
1.04333 0 0 0 0
1.05 0 0 0 0
1.05667 0 0 0 0
1.06333 0 0 0 0
1.07 0 0 0 0
1.07667 0 0 0 0
1.08333 0 0 0 0
1.09 0 0 0 0
1.09667 0 0 0 0
1.10333 0 0 0 0
1.11 0 0 0 0
1.11667 0 0 0 0
1.12333 0 0 0 0
1.13 0 0 0 0
1.13667 0 0 0 0
1.14333 0 0 0 0
1.15 0 0 0 0
1.15667 0 0 0 0
1.16333 0 0 0 0
1.17 0 0 0 0
1.17667 0 0 0 0
1.18333 0 0 0 0
1.19 0 0 0 0
1.19667 0 0 0 0
1.20333 0 0 0 0
1.21 0 0 0 0
1.21667 0 0 0 0
1.22333 0 0 0 0
1.23 0 0 0 0
1.23667 0 0 0 0
1.24333 0 0 0 0
1.25 0 0 0 0
1.25667 0 0 0 0
1.26333 0 0 0 0
1.27 0 0 0 0
1.27667 0 0 0 0
1.28333 0 0 0 0
1.29 0 0 0 0
1.29667 0 0 0 0
1.30333 0 0 0 0
1.31 0 0 0 0
1.31667 0 0 0 0
1.32333 0 0 0 0
1.33 0 0 0 0
1.33667 0 0 0 0
1.34333 0 0 0 0
1.35 0 0 0 0
1.35667 0 0 0 0
1.36333 0 0 0 0
1.37 0 0 0 0
1.37667 0 0 0 0
1.38333 0 0 0 0
1.39 0 0 0 0
1.39667 0 0 0 0
1.40333 0 0 0 0
1.41 0 0 0 0
1.41667 0 0 0 0
1.42333 0 0 0 0
1.43 0 0 0 0
1.43667 0 0 0 0
1.44333 0 0 0 0
1.45 0 0 0 0
1.45667 0 0 0 0
1.46333 0 0 0 0
1.47 0 0 0 0
1.47667 0 0 0 0
1.48333 0 0 0 0
1.49 0 0 0 0
1.49667 0 0 0 0
1.50333 0 0 0 0
1.51 0 0 0 0
1.51667 0 0 0 0
1.52333 0 0 0 0
1.53 0 0 0 0
1.53667 0 0 0 0
1.54333 0 0 0 0
1.55 0 0 0 0
1.55667 0 0 0 0
1.56333 0 0 0 0
1.57 0 0 0 0
1.57667 0 0 0 0
1.58333 0 0 0 0
1.59 0 0 0 0
1.59667 0 0 0 0
1.60333 0 0 0 0
1.61 0 0 0 0
1.61667 0 0 0 0
1.62333 0 0 0 0
1.63 0 0 0 0
1.63667 0 0 0 0
1.64333 0 0 0 0
1.65 0 0 0 0
1.65667 0 0 0 0
1.66333 0 0 0 0
1.67 0 0 0 0
1.67667 0 0 0 0
1.68333 0 0 0 0
1.69 0 0 0 0
1.69667 0 0 0 0
1.70333 0 0 0 0
1.71 0 0 0 0
1.71667 0 0 0 0
1.72333 0 0 0 0
1.73 0 0 0 0
1.73667 0 0 0 0
1.74333 0 0 0 0
1.75 0 0 0 0
1.75667 0 0 0 0
1.76333 0 0 0 0
1.77 0 0 0 0
1.77667 0 0 0 0
1.78333 0 0 0 0
1.79 0 0 0 0
1.79667 0 0 0 0
1.80333 0 0 0 0
1.81 0 0 0 0
1.81667 0 0 0 0
1.82333 0 0 0 0
1.83 0 0 0 0
1.83667 0 0 0 0
1.84333 0 0 0 0
1.85 0 0 0 0
1.85667 0 0 0 0
1.86333 0 0 0 0
1.87 0 0 0 0
1.87667 0 0 0 0
1.88333 0 0 0 0
1.89 0 0 0 0
1.89667 0 0 0 0
1.90333 0 0 0 0
1.91 0 0 0 0
1.91667 0 0 0 0
1.92333 0 0 0 0
1.93 0 0 0 0
1.93667 0 0 0 0
1.94333 0 0 0 0
1.95 0 0 0 0
1.95667 0 0 0 0
1.96333 0 0 0 0
1.97 0 0 0 0
1.97667 0 0 0 0
1.98333 0 0 0 0
1.99 0 0 0 0
1.99667 0 0 0 0
