0.00333333 3 7 40 43
0.01 0 9 38 66
0.0166667 2 5 39 64
0.0233333 3 5 43 65
0.03 1 8 62 72
0.0366667 1 5 84 90
0.0433333 3 8 112 118
0.05 1 14 115 139
0.0566667 5 18 142 186
0.0633333 3 17 177 174
0.07 6 16 182 208
0.0766667 4 14 164 220
0.0833333 4 17 202 222
0.09 7 18 188 216
0.0966667 4 25 176 219
0.103333 4 19 198 214
0.11 3 21 168 225
0.116667 13 17 155 218
0.123333 5 16 166 244
0.13 5 20 156 216
0.136667 3 11 165 190
0.143333 3 13 158 204
0.15 5 13 129 192
0.156667 4 8 151 178
0.163333 5 17 105 185
0.17 4 10 124 183
0.176667 1 9 116 166
0.183333 1 21 132 198
0.19 3 14 130 217
0.196667 6 14 127 203
0.203333 5 16 89 164
0.21 3 20 113 162
0.216667 3 15 103 159
0.223333 3 12 111 167
0.23 2 9 92 144
0.236667 3 7 103 151
0.243333 3 11 94 142
0.25 4 11 88 175
0.256667 0 7 79 108
0.263333 3 12 74 124
0.27 1 10 82 114
0.276667 2 4 65 105
0.283333 1 12 67 112
0.29 2 6 64 110
0.296667 4 4 70 92
0.303333 1 5 55 108
0.31 4 6 56 88
0.316667 4 11 59 109
0.323333 1 11 53 97
0.33 3 11 52 87
0.336667 4 6 48 81
0.343333 3 5 64 88
0.35 2 3 64 82
0.356667 1 7 57 77
0.363333 3 4 52 63
0.37 1 7 54 58
0.376667 0 6 59 71
0.383333 3 3 49 76
0.39 0 12 34 69
0.396667 2 9 44 78
0.403333 4 4 41 67
0.41 1 4 57 68
0.416667 2 4 48 63
0.423333 1 2 46 71
0.43 4 6 41 55
0.436667 2 8 39 52
0.443333 1 8 47 56
0.45 2 6 52 63
0.456667 0 5 47 57
0.463333 1 4 31 65
0.47 3 8 47 63
0.476667 2 4 37 60
0.483333 0 7 29 39
0.49 0 7 26 41
0.496667 1 5 31 49
0.503333 3 0 28 37
0.51 2 5 28 39
0.516667 0 8 29 28
0.523333 1 5 22 47
0.53 0 2 33 29
0.536667 0 1 24 33
0.543333 1 3 17 38
0.55 1 4 26 21
0.556667 1 7 22 32
0.563333 1 4 26 29
0.57 1 2 24 29
0.576667 1 8 19 30
0.583333 3 3 22 39
0.59 2 7 23 39
0.596667 3 3 18 30
0.603333 0 5 18 25
0.61 0 0 18 37
0.616667 0 1 19 27
0.623333 3 3 14 28
0.63 1 3 25 28
0.636667 2 5 25 30
0.643333 1 5 18 24
0.65 0 4 9 17
0.656667 1 3 16 27
0.663333 28 110 985 1885
0.67 0 0 0 0
0.676667 0 0 0 0
0.683333 0 0 0 0
0.69 0 0 0 0
0.696667 0 0 0 0
0.703333 0 0 0 0
0.71 0 0 0 0
0.716667 0 0 0 0
0.723333 0 0 0 0
0.73 0 0 0 0
0.736667 0 0 0 0
0.743333 0 0 0 0
0.75 0 0 0 0
0.756667 0 0 0 0
0.763333 0 0 0 0
0.77 0 0 0 0
0.776667 0 0 0 0
0.783333 0 0 0 0
0.79 0 0 0 0
0.796667 0 0 0 0
0.803333 0 0 0 0
0.81 0 0 0 0
0.816667 0 0 0 0
0.823333 0 0 0 0
0.83 0 0 0 0
0.836667 0 0 0 0
0.843333 0 0 0 0
0.85 0 0 0 0
0.856667 0 0 0 0
0.863333 0 0 0 0
0.87 0 0 0 0
0.876667 0 0 0 0
0.883333 0 0 0 0
0.89 0 0 0 0
0.896667 0 0 0 0
0.903333 0 0 0 0
0.91 0 0 0 0
0.916667 0 0 0 0
0.923333 0 0 0 0
0.93 0 0 0 0
0.936667 0 0 0 0
0.943333 0 0 0 0
0.95 0 0 0 0
0.956667 0 0 0 0
0.963333 0 0 0 0
0.97 0 0 0 0
0.976667 0 0 0 0
0.983333 0 0 0 0
0.99 0 0 0 0
0.996667 0 0 0 0
1.00333 0 0 0 0
1.01 0 0 0 0
1.01667 0 0 0 0
1.02333 0 0 0 0
1.03 0 0 0 0
1.03667 0 0 0 0
1.04333 0 0 0 0
1.05 0 0 0 0
1.05667 0 0 0 0
1.06333 0 0 0 0
1.07 0 0 0 0
1.07667 0 0 0 0
1.08333 0 0 0 0
1.09 0 0 0 0
1.09667 0 0 0 0
1.10333 0 0 0 0
1.11 0 0 0 0
1.11667 0 0 0 0
1.12333 0 0 0 0
1.13 0 0 0 0
1.13667 0 0 0 0
1.14333 0 0 0 0
1.15 0 0 0 0
1.15667 0 0 0 0
1.16333 0 0 0 0
1.17 0 0 0 0
1.17667 0 0 0 0
1.18333 0 0 0 0
1.19 0 0 0 0
1.19667 0 0 0 0
1.20333 0 0 0 0
1.21 0 0 0 0
1.21667 0 0 0 0
1.22333 0 0 0 0
1.23 0 0 0 0
1.23667 0 0 0 0
1.24333 0 0 0 0
1.25 0 0 0 0
1.25667 0 0 0 0
1.26333 0 0 0 0
1.27 0 0 0 0
1.27667 0 0 0 0
1.28333 0 0 0 0
1.29 0 0 0 0
1.29667 0 0 0 0
1.30333 0 0 0 0
1.31 0 0 0 0
1.31667 0 0 0 0
1.32333 0 0 0 0
1.33 0 0 0 0
1.33667 0 0 0 0
1.34333 0 0 0 0
1.35 0 0 0 0
1.35667 0 0 0 0
1.36333 0 0 0 0
1.37 0 0 0 0
1.37667 0 0 0 0
1.38333 0 0 0 0
1.39 0 0 0 0
1.39667 0 0 0 0
1.40333 0 0 0 0
1.41 0 0 0 0
1.41667 0 0 0 0
1.42333 0 0 0 0
1.43 0 0 0 0
1.43667 0 0 0 0
1.44333 0 0 0 0
1.45 0 0 0 0
1.45667 0 0 0 0
1.46333 0 0 0 0
1.47 0 0 0 0
1.47667 0 0 0 0
1.48333 0 0 0 0
1.49 0 0 0 0
1.49667 0 0 0 0
1.50333 0 0 0 0
1.51 0 0 0 0
1.51667 0 0 0 0
1.52333 0 0 0 0
1.53 0 0 0 0
1.53667 0 0 0 0
1.54333 0 0 0 0
1.55 0 0 0 0
1.55667 0 0 0 0
1.56333 0 0 0 0
1.57 0 0 0 0
1.57667 0 0 0 0
1.58333 0 0 0 0
1.59 0 0 0 0
1.59667 0 0 0 0
1.60333 0 0 0 0
1.61 0 0 0 0
1.61667 0 0 0 0
1.62333 0 0 0 0
1.63 0 0 0 0
1.63667 0 0 0 0
1.64333 0 0 0 0
1.65 0 0 0 0
1.65667 0 0 0 0
1.66333 0 0 0 0
1.67 0 0 0 0
1.67667 0 0 0 0
1.68333 0 0 0 0
1.69 0 0 0 0
1.69667 0 0 0 0
1.70333 0 0 0 0
1.71 0 0 0 0
1.71667 0 0 0 0
1.72333 0 0 0 0
1.73 0 0 0 0
1.73667 0 0 0 0
1.74333 0 0 0 0
1.75 0 0 0 0
1.75667 0 0 0 0
1.76333 0 0 0 0
1.77 0 0 0 0
1.77667 0 0 0 0
1.78333 0 0 0 0
1.79 0 0 0 0
1.79667 0 0 0 0
1.80333 0 0 0 0
1.81 0 0 0 0
1.81667 0 0 0 0
1.82333 0 0 0 0
1.83 0 0 0 0
1.83667 0 0 0 0
1.84333 0 0 0 0
1.85 0 0 0 0
1.85667 0 0 0 0
1.86333 0 0 0 0
1.87 0 0 0 0
1.87667 0 0 0 0
1.88333 0 0 0 0
1.89 0 0 0 0
1.89667 0 0 0 0
1.90333 0 0 0 0
1.91 0 0 0 0
1.91667 0 0 0 0
1.92333 0 0 0 0
1.93 0 0 0 0
1.93667 0 0 0 0
1.94333 0 0 0 0
1.95 0 0 0 0
1.95667 0 0 0 0
1.96333 0 0 0 0
1.97 0 0 0 0
1.97667 0 0 0 0
1.98333 0 0 0 0
1.99 0 0 0 0
1.99667 0 0 0 0
