0.00333333 5 42 14 7
0.01 7 51 25 4
0.0166667 9 45 25 7
0.0233333 12 52 31 3
0.03 16 46 29 8
0.0366667 14 62 37 10
0.0433333 13 101 56 21
0.05 28 99 79 18
0.0566667 35 136 97 30
0.0633333 30 127 77 12
0.07 35 169 103 23
0.0766667 30 149 121 21
0.0833333 33 169 92 28
0.09 36 162 103 29
0.0966667 32 162 112 29
0.103333 35 136 110 24
0.11 26 141 108 32
0.116667 33 167 115 20
0.123333 27 144 97 22
0.13 29 122 85 17
0.136667 31 111 72 30
0.143333 34 128 67 22
0.15 42 125 90 20
0.156667 18 112 77 13
0.163333 26 117 78 19
0.17 28 111 68 15
0.176667 19 124 82 24
0.183333 30 134 70 17
0.19 20 111 72 23
0.196667 30 116 76 17
0.203333 16 129 66 20
0.21 20 118 69 10
0.216667 19 99 62 19
0.223333 20 106 54 14
0.23 20 86 54 13
0.236667 16 80 42 14
0.243333 17 73 59 11
0.25 28 103 41 16
0.256667 18 74 46 16
0.263333 10 64 47 16
0.27 18 80 46 14
0.276667 15 72 32 9
0.283333 15 61 33 10
0.29 12 61 38 8
0.296667 10 66 30 11
0.303333 10 57 37 11
0.31 19 67 38 8
0.316667 13 44 23 11
0.323333 11 65 30 5
0.33 14 55 39 10
0.336667 6 57 31 11
0.343333 7 49 25 8
0.35 10 38 39 6
0.356667 11 54 29 11
0.363333 9 48 24 7
0.37 11 32 23 12
0.376667 6 61 24 6
0.383333 13 48 25 7
0.39 15 36 26 4
0.396667 10 53 25 7
0.403333 10 50 31 8
0.41 8 34 23 5
0.416667 11 39 37 5
0.423333 10 41 21 2
0.43 10 44 30 7
0.436667 12 41 32 4
0.443333 10 25 19 12
0.45 9 47 24 11
0.456667 8 43 24 12
0.463333 12 45 27 7
0.47 10 53 24 7
0.476667 11 36 22 10
0.483333 7 25 19 4
0.49 6 37 5 3
0.496667 11 24 19 2
0.503333 9 28 20 1
0.51 8 19 15 9
0.516667 7 25 10 8
0.523333 7 23 22 4
0.53 4 28 12 3
0.536667 6 27 9 8
0.543333 5 21 16 8
0.55 4 21 16 4
0.556667 4 27 15 5
0.563333 10 22 6 4
0.57 2 22 13 6
0.576667 6 22 11 4
0.583333 12 21 14 3
0.59 2 20 8 2
0.596667 6 15 17 2
0.603333 8 21 19 5
0.61 6 20 13 5
0.616667 6 11 4 6
0.623333 2 19 8 4
0.63 5 16 8 4
0.636667 7 27 13 3
0.643333 3 9 11 5
0.65 5 21 11 4
0.656667 5 15 9 3
0.663333 176 991 532 119
0.67 0 0 0 0
0.676667 0 0 0 0
0.683333 0 0 0 0
0.69 0 0 0 0
0.696667 0 0 0 0
0.703333 0 0 0 0
0.71 0 0 0 0
0.716667 0 0 0 0
0.723333 0 0 0 0
0.73 0 0 0 0
0.736667 0 0 0 0
0.743333 0 0 0 0
0.75 0 0 0 0
0.756667 0 0 0 0
0.763333 0 0 0 0
0.77 0 0 0 0
0.776667 0 0 0 0
0.783333 0 0 0 0
0.79 0 0 0 0
0.796667 0 0 0 0
0.803333 0 0 0 0
0.81 0 0 0 0
0.816667 0 0 0 0
0.823333 0 0 0 0
0.83 0 0 0 0
0.836667 0 0 0 0
0.843333 0 0 0 0
0.85 0 0 0 0
0.856667 0 0 0 0
0.863333 0 0 0 0
0.87 0 0 0 0
0.876667 0 0 0 0
0.883333 0 0 0 0
0.89 0 0 0 0
0.896667 0 0 0 0
0.903333 0 0 0 0
0.91 0 0 0 0
0.916667 0 0 0 0
0.923333 0 0 0 0
0.93 0 0 0 0
0.936667 0 0 0 0
0.943333 0 0 0 0
0.95 0 0 0 0
0.956667 0 0 0 0
0.963333 0 0 0 0
0.97 0 0 0 0
0.976667 0 0 0 0
0.983333 0 0 0 0
0.99 0 0 0 0
0.996667 0 0 0 0
1.00333 0 0 0 0
1.01 0 0 0 0
1.01667 0 0 0 0
1.02333 0 0 0 0
1.03 0 0 0 0
1.03667 0 0 0 0
1.04333 0 0 0 0
1.05 0 0 0 0
1.05667 0 0 0 0
1.06333 0 0 0 0
1.07 0 0 0 0
1.07667 0 0 0 0
1.08333 0 0 0 0
1.09 0 0 0 0
1.09667 0 0 0 0
1.10333 0 0 0 0
1.11 0 0 0 0
1.11667 0 0 0 0
1.12333 0 0 0 0
1.13 0 0 0 0
1.13667 0 0 0 0
1.14333 0 0 0 0
1.15 0 0 0 0
1.15667 0 0 0 0
1.16333 0 0 0 0
1.17 0 0 0 0
1.17667 0 0 0 0
1.18333 0 0 0 0
1.19 0 0 0 0
1.19667 0 0 0 0
1.20333 0 0 0 0
1.21 0 0 0 0
1.21667 0 0 0 0
1.22333 0 0 0 0
1.23 0 0 0 0
1.23667 0 0 0 0
1.24333 0 0 0 0
1.25 0 0 0 0
1.25667 0 0 0 0
1.26333 0 0 0 0
1.27 0 0 0 0
1.27667 0 0 0 0
1.28333 0 0 0 0
1.29 0 0 0 0
1.29667 0 0 0 0
1.30333 0 0 0 0
1.31 0 0 0 0
1.31667 0 0 0 0
1.32333 0 0 0 0
1.33 0 0 0 0
1.33667 0 0 0 0
1.34333 0 0 0 0
1.35 0 0 0 0
1.35667 0 0 0 0
1.36333 0 0 0 0
1.37 0 0 0 0
1.37667 0 0 0 0
1.38333 0 0 0 0
1.39 0 0 0 0
1.39667 0 0 0 0
1.40333 0 0 0 0
1.41 0 0 0 0
1.41667 0 0 0 0
1.42333 0 0 0 0
1.43 0 0 0 0
1.43667 0 0 0 0
1.44333 0 0 0 0
1.45 0 0 0 0
1.45667 0 0 0 0
1.46333 0 0 0 0
1.47 0 0 0 0
1.47667 0 0 0 0
1.48333 0 0 0 0
1.49 0 0 0 0
1.49667 0 0 0 0
1.50333 0 0 0 0
1.51 0 0 0 0
1.51667 0 0 0 0
1.52333 0 0 0 0
1.53 0 0 0 0
1.53667 0 0 0 0
1.54333 0 0 0 0
1.55 0 0 0 0
1.55667 0 0 0 0
1.56333 0 0 0 0
1.57 0 0 0 0
1.57667 0 0 0 0
1.58333 0 0 0 0
1.59 0 0 0 0
1.59667 0 0 0 0
1.60333 0 0 0 0
1.61 0 0 0 0
1.61667 0 0 0 0
1.62333 0 0 0 0
1.63 0 0 0 0
1.63667 0 0 0 0
1.64333 0 0 0 0
1.65 0 0 0 0
1.65667 0 0 0 0
1.66333 0 0 0 0
1.67 0 0 0 0
1.67667 0 0 0 0
1.68333 0 0 0 0
1.69 0 0 0 0
1.69667 0 0 0 0
1.70333 0 0 0 0
1.71 0 0 0 0
1.71667 0 0 0 0
1.72333 0 0 0 0
1.73 0 0 0 0
1.73667 0 0 0 0
1.74333 0 0 0 0
1.75 0 0 0 0
1.75667 0 0 0 0
1.76333 0 0 0 0
1.77 0 0 0 0
1.77667 0 0 0 0
1.78333 0 0 0 0
1.79 0 0 0 0
1.79667 0 0 0 0
1.80333 0 0 0 0
1.81 0 0 0 0
1.81667 0 0 0 0
1.82333 0 0 0 0
1.83 0 0 0 0
1.83667 0 0 0 0
1.84333 0 0 0 0
1.85 0 0 0 0
1.85667 0 0 0 0
1.86333 0 0 0 0
1.87 0 0 0 0
1.87667 0 0 0 0
1.88333 0 0 0 0
1.89 0 0 0 0
1.89667 0 0 0 0
1.90333 0 0 0 0
1.91 0 0 0 0
1.91667 0 0 0 0
1.92333 0 0 0 0
1.93 0 0 0 0
1.93667 0 0 0 0
1.94333 0 0 0 0
1.95 0 0 0 0
1.95667 0 0 0 0
1.96333 0 0 0 0
1.97 0 0 0 0
1.97667 0 0 0 0
1.98333 0 0 0 0
1.99 0 0 0 0
1.99667 0 0 0 0
