0.00333333 3 12 54 10
0.01 2 21 66 7
0.0166667 8 18 69 10
0.0233333 12 14 68 18
0.03 3 18 95 14
0.0366667 4 26 80 17
0.0433333 4 44 137 17
0.05 11 43 154 24
0.0566667 6 56 184 36
0.0633333 15 54 201 35
0.07 7 62 232 48
0.0766667 13 75 225 34
0.0833333 12 68 247 42
0.09 10 63 246 41
0.0966667 11 64 239 33
0.103333 17 58 253 33
0.11 8 47 241 31
0.116667 8 73 248 34
0.123333 9 75 251 25
0.13 15 43 228 21
0.136667 10 48 235 20
0.143333 10 39 233 25
0.15 7 39 221 30
0.156667 5 44 216 25
0.163333 7 56 196 21
0.17 13 42 194 18
0.176667 6 38 229 28
0.183333 7 52 178 25
0.19 10 42 244 21
0.196667 9 52 216 27
0.203333 9 44 206 21
0.21 7 31 210 15
0.216667 4 38 212 17
0.223333 10 30 167 14
0.23 6 32 179 20
0.236667 2 31 147 22
0.243333 4 41 149 11
0.25 9 25 153 18
0.256667 4 24 128 16
0.263333 4 27 130 16
0.27 7 20 119 11
0.276667 4 18 133 13
0.283333 3 18 119 12
0.29 4 30 108 14
0.296667 5 22 104 20
0.303333 4 26 123 14
0.31 5 23 114 14
0.316667 2 17 111 7
0.323333 2 26 92 15
0.33 9 23 87 12
0.336667 6 31 73 14
0.343333 1 22 106 15
0.35 5 19 95 7
0.356667 4 22 91 13
0.363333 6 20 88 13
0.37 2 29 74 12
0.376667 5 24 73 10
0.383333 1 18 64 16
0.39 5 16 70 9
0.396667 4 9 88 10
0.403333 5 21 83 3
0.41 5 12 69 5
0.416667 3 14 89 8
0.423333 4 21 65 14
0.43 1 24 77 13
0.436667 4 17 71 13
0.443333 4 18 83 16
0.45 2 11 79 8
0.456667 8 11 67 9
0.463333 2 23 70 6
0.47 2 15 62 9
0.476667 3 15 63 9
0.483333 5 14 44 6
0.49 0 6 51 9
0.496667 3 17 44 7
0.503333 3 14 41 10
0.51 2 8 44 2
0.516667 1 6 38 3
0.523333 5 12 45 2
0.53 2 8 30 7
0.536667 2 8 34 6
0.543333 6 8 38 3
0.55 1 13 38 4
0.556667 1 9 37 4
0.563333 3 8 28 8
0.57 2 14 37 4
0.576667 7 15 33 5
0.583333 1 10 33 7
0.59 2 10 34 2
0.596667 3 12 29 13
0.603333 2 7 27 2
0.61 2 9 21 8
0.616667 2 11 39 6
0.623333 2 9 29 6
0.63 3 8 33 3
0.636667 0 10 40 6
0.643333 1 6 28 6
0.65 4 7 24 3
0.656667 0 5 28 6
0.663333 44 306 2504 138
0.67 0 0 0 0
0.676667 0 0 0 0
0.683333 0 0 0 0
0.69 0 0 0 0
0.696667 0 0 0 0
0.703333 0 0 0 0
0.71 0 0 0 0
0.716667 0 0 0 0
0.723333 0 0 0 0
0.73 0 0 0 0
0.736667 0 0 0 0
0.743333 0 0 0 0
0.75 0 0 0 0
0.756667 0 0 0 0
0.763333 0 0 0 0
0.77 0 0 0 0
0.776667 0 0 0 0
0.783333 0 0 0 0
0.79 0 0 0 0
0.796667 0 0 0 0
0.803333 0 0 0 0
0.81 0 0 0 0
0.816667 0 0 0 0
0.823333 0 0 0 0
0.83 0 0 0 0
0.836667 0 0 0 0
0.843333 0 0 0 0
0.85 0 0 0 0
0.856667 0 0 0 0
0.863333 0 0 0 0
0.87 0 0 0 0
0.876667 0 0 0 0
0.883333 0 0 0 0
0.89 0 0 0 0
0.896667 0 0 0 0
0.903333 0 0 0 0
0.91 0 0 0 0
0.916667 0 0 0 0
0.923333 0 0 0 0
0.93 0 0 0 0
0.936667 0 0 0 0
0.943333 0 0 0 0
0.95 0 0 0 0
0.956667 0 0 0 0
0.963333 0 0 0 0
0.97 0 0 0 0
0.976667 0 0 0 0
0.983333 0 0 0 0
0.99 0 0 0 0
0.996667 0 0 0 0
1.00333 0 0 0 0
1.01 0 0 0 0
1.01667 0 0 0 0
1.02333 0 0 0 0
1.03 0 0 0 0
1.03667 0 0 0 0
1.04333 0 0 0 0
1.05 0 0 0 0
1.05667 0 0 0 0
1.06333 0 0 0 0
1.07 0 0 0 0
1.07667 0 0 0 0
1.08333 0 0 0 0
1.09 0 0 0 0
1.09667 0 0 0 0
1.10333 0 0 0 0
1.11 0 0 0 0
1.11667 0 0 0 0
1.12333 0 0 0 0
1.13 0 0 0 0
1.13667 0 0 0 0
1.14333 0 0 0 0
1.15 0 0 0 0
1.15667 0 0 0 0
1.16333 0 0 0 0
1.17 0 0 0 0
1.17667 0 0 0 0
1.18333 0 0 0 0
1.19 0 0 0 0
1.19667 0 0 0 0
1.20333 0 0 0 0
1.21 0 0 0 0
1.21667 0 0 0 0
1.22333 0 0 0 0
1.23 0 0 0 0
1.23667 0 0 0 0
1.24333 0 0 0 0
1.25 0 0 0 0
1.25667 0 0 0 0
1.26333 0 0 0 0
1.27 0 0 0 0
1.27667 0 0 0 0
1.28333 0 0 0 0
1.29 0 0 0 0
1.29667 0 0 0 0
1.30333 0 0 0 0
1.31 0 0 0 0
1.31667 0 0 0 0
1.32333 0 0 0 0
1.33 0 0 0 0
1.33667 0 0 0 0
1.34333 0 0 0 0
1.35 0 0 0 0
1.35667 0 0 0 0
1.36333 0 0 0 0
1.37 0 0 0 0
1.37667 0 0 0 0
1.38333 0 0 0 0
1.39 0 0 0 0
1.39667 0 0 0 0
1.40333 0 0 0 0
1.41 0 0 0 0
1.41667 0 0 0 0
1.42333 0 0 0 0
1.43 0 0 0 0
1.43667 0 0 0 0
1.44333 0 0 0 0
1.45 0 0 0 0
1.45667 0 0 0 0
1.46333 0 0 0 0
1.47 0 0 0 0
1.47667 0 0 0 0
1.48333 0 0 0 0
1.49 0 0 0 0
1.49667 0 0 0 0
1.50333 0 0 0 0
1.51 0 0 0 0
1.51667 0 0 0 0
1.52333 0 0 0 0
1.53 0 0 0 0
1.53667 0 0 0 0
1.54333 0 0 0 0
1.55 0 0 0 0
1.55667 0 0 0 0
1.56333 0 0 0 0
1.57 0 0 0 0
1.57667 0 0 0 0
1.58333 0 0 0 0
1.59 0 0 0 0
1.59667 0 0 0 0
1.60333 0 0 0 0
1.61 0 0 0 0
1.61667 0 0 0 0
1.62333 0 0 0 0
1.63 0 0 0 0
1.63667 0 0 0 0
1.64333 0 0 0 0
1.65 0 0 0 0
1.65667 0 0 0 0
1.66333 0 0 0 0
1.67 0 0 0 0
1.67667 0 0 0 0
1.68333 0 0 0 0
1.69 0 0 0 0
1.69667 0 0 0 0
1.70333 0 0 0 0
1.71 0 0 0 0
1.71667 0 0 0 0
1.72333 0 0 0 0
1.73 0 0 0 0
1.73667 0 0 0 0
1.74333 0 0 0 0
1.75 0 0 0 0
1.75667 0 0 0 0
1.76333 0 0 0 0
1.77 0 0 0 0
1.77667 0 0 0 0
1.78333 0 0 0 0
1.79 0 0 0 0
1.79667 0 0 0 0
1.80333 0 0 0 0
1.81 0 0 0 0
1.81667 0 0 0 0
1.82333 0 0 0 0
1.83 0 0 0 0
1.83667 0 0 0 0
1.84333 0 0 0 0
1.85 0 0 0 0
1.85667 0 0 0 0
1.86333 0 0 0 0
1.87 0 0 0 0
1.87667 0 0 0 0
1.88333 0 0 0 0
1.89 0 0 0 0
1.89667 0 0 0 0
1.90333 0 0 0 0
1.91 0 0 0 0
1.91667 0 0 0 0
1.92333 0 0 0 0
1.93 0 0 0 0
1.93667 0 0 0 0
1.94333 0 0 0 0
1.95 0 0 0 0
1.95667 0 0 0 0
1.96333 0 0 0 0
1.97 0 0 0 0
1.97667 0 0 0 0
1.98333 0 0 0 0
1.99 0 0 0 0
1.99667 0 0 0 0
