0.00333333 7 73 23 3
0.01 12 61 23 8
0.0166667 6 67 26 2
0.0233333 14 77 29 3
0.03 14 88 23 4
0.0366667 23 94 33 5
0.0433333 21 137 46 10
0.05 32 158 65 5
0.0566667 30 190 59 12
0.0633333 33 196 73 9
0.07 37 208 86 7
0.0766667 25 209 100 6
0.0833333 39 225 69 16
0.09 39 248 73 17
0.0966667 37 242 72 15
0.103333 44 229 68 15
0.11 37 194 78 8
0.116667 45 227 87 13
0.123333 33 199 79 5
0.13 29 227 59 8
0.136667 23 187 56 15
0.143333 30 195 71 8
0.15 24 182 76 8
0.156667 30 185 67 8
0.163333 23 147 67 9
0.17 23 170 57 10
0.176667 24 198 55 6
0.183333 24 174 54 4
0.19 22 215 73 4
0.196667 30 159 77 7
0.203333 21 181 71 8
0.21 33 169 63 7
0.216667 19 176 48 5
0.223333 24 162 53 8
0.23 17 155 47 6
0.236667 13 158 46 6
0.243333 22 124 39 6
0.25 14 120 46 9
0.256667 13 120 43 8
0.263333 21 112 30 1
0.27 19 104 51 6
0.276667 20 112 37 7
0.283333 12 105 40 0
0.29 10 91 37 1
0.296667 14 98 31 7
0.303333 11 102 31 2
0.31 16 117 41 3
0.316667 20 92 28 3
0.323333 9 93 34 6
0.33 7 92 19 5
0.336667 11 85 39 2
0.343333 7 79 19 5
0.35 7 82 40 4
0.356667 10 80 31 8
0.363333 12 81 25 4
0.37 12 76 29 6
0.376667 8 74 34 8
0.383333 8 77 25 2
0.39 10 78 42 2
0.396667 16 88 20 4
0.403333 6 60 25 2
0.41 12 72 33 1
0.416667 13 67 19 3
0.423333 7 60 32 2
0.43 8 57 26 3
0.436667 6 61 25 1
0.443333 10 64 28 5
0.45 10 60 31 4
0.456667 5 57 22 6
0.463333 11 77 27 2
0.47 12 69 21 1
0.476667 8 54 18 1
0.483333 14 44 20 3
0.49 5 43 22 2
0.496667 9 35 15 7
0.503333 6 34 19 2
0.51 3 42 17 1
0.516667 4 25 20 3
0.523333 1 33 10 2
0.53 6 43 13 2
0.536667 8 29 6 5
0.543333 8 27 11 1
0.55 4 41 9 1
0.556667 7 39 9 0
0.563333 6 30 17 1
0.57 3 29 7 2
0.576667 6 24 14 3
0.583333 5 29 11 2
0.59 1 31 14 1
0.596667 4 33 11 2
0.603333 1 22 11 0
0.61 2 26 4 2
0.616667 4 28 16 3
0.623333 7 25 9 1
0.63 5 21 11 2
0.636667 9 30 8 2
0.643333 4 29 6 1
0.65 0 30 11 2
0.656667 5 28 11 0
0.663333 152 2040 687 24
0.67 0 0 0 0
0.676667 0 0 0 0
0.683333 0 0 0 0
0.69 0 0 0 0
0.696667 0 0 0 0
0.703333 0 0 0 0
0.71 0 0 0 0
0.716667 0 0 0 0
0.723333 0 0 0 0
0.73 0 0 0 0
0.736667 0 0 0 0
0.743333 0 0 0 0
0.75 0 0 0 0
0.756667 0 0 0 0
0.763333 0 0 0 0
0.77 0 0 0 0
0.776667 0 0 0 0
0.783333 0 0 0 0
0.79 0 0 0 0
0.796667 0 0 0 0
0.803333 0 0 0 0
0.81 0 0 0 0
0.816667 0 0 0 0
0.823333 0 0 0 0
0.83 0 0 0 0
0.836667 0 0 0 0
0.843333 0 0 0 0
0.85 0 0 0 0
0.856667 0 0 0 0
0.863333 0 0 0 0
0.87 0 0 0 0
0.876667 0 0 0 0
0.883333 0 0 0 0
0.89 0 0 0 0
0.896667 0 0 0 0
0.903333 0 0 0 0
0.91 0 0 0 0
0.916667 0 0 0 0
0.923333 0 0 0 0
0.93 0 0 0 0
0.936667 0 0 0 0
0.943333 0 0 0 0
0.95 0 0 0 0
0.956667 0 0 0 0
0.963333 0 0 0 0
0.97 0 0 0 0
0.976667 0 0 0 0
0.983333 0 0 0 0
0.99 0 0 0 0
0.996667 0 0 0 0
1.00333 0 0 0 0
1.01 0 0 0 0
1.01667 0 0 0 0
1.02333 0 0 0 0
1.03 0 0 0 0
1.03667 0 0 0 0
1.04333 0 0 0 0
1.05 0 0 0 0
1.05667 0 0 0 0
1.06333 0 0 0 0
1.07 0 0 0 0
1.07667 0 0 0 0
1.08333 0 0 0 0
1.09 0 0 0 0
1.09667 0 0 0 0
1.10333 0 0 0 0
1.11 0 0 0 0
1.11667 0 0 0 0
1.12333 0 0 0 0
1.13 0 0 0 0
1.13667 0 0 0 0
1.14333 0 0 0 0
1.15 0 0 0 0
1.15667 0 0 0 0
1.16333 0 0 0 0
1.17 0 0 0 0
1.17667 0 0 0 0
1.18333 0 0 0 0
1.19 0 0 0 0
1.19667 0 0 0 0
1.20333 0 0 0 0
1.21 0 0 0 0
1.21667 0 0 0 0
1.22333 0 0 0 0
1.23 0 0 0 0
1.23667 0 0 0 0
1.24333 0 0 0 0
1.25 0 0 0 0
1.25667 0 0 0 0
1.26333 0 0 0 0
1.27 0 0 0 0
1.27667 0 0 0 0
1.28333 0 0 0 0
1.29 0 0 0 0
1.29667 0 0 0 0
1.30333 0 0 0 0
1.31 0 0 0 0
1.31667 0 0 0 0
1.32333 0 0 0 0
1.33 0 0 0 0
1.33667 0 0 0 0
1.34333 0 0 0 0
1.35 0 0 0 0
1.35667 0 0 0 0
1.36333 0 0 0 0
1.37 0 0 0 0
1.37667 0 0 0 0
1.38333 0 0 0 0
1.39 0 0 0 0
1.39667 0 0 0 0
1.40333 0 0 0 0
1.41 0 0 0 0
1.41667 0 0 0 0
1.42333 0 0 0 0
1.43 0 0 0 0
1.43667 0 0 0 0
1.44333 0 0 0 0
1.45 0 0 0 0
1.45667 0 0 0 0
1.46333 0 0 0 0
1.47 0 0 0 0
1.47667 0 0 0 0
1.48333 0 0 0 0
1.49 0 0 0 0
1.49667 0 0 0 0
1.50333 0 0 0 0
1.51 0 0 0 0
1.51667 0 0 0 0
1.52333 0 0 0 0
1.53 0 0 0 0
1.53667 0 0 0 0
1.54333 0 0 0 0
1.55 0 0 0 0
1.55667 0 0 0 0
1.56333 0 0 0 0
1.57 0 0 0 0
1.57667 0 0 0 0
1.58333 0 0 0 0
1.59 0 0 0 0
1.59667 0 0 0 0
1.60333 0 0 0 0
1.61 0 0 0 0
1.61667 0 0 0 0
1.62333 0 0 0 0
1.63 0 0 0 0
1.63667 0 0 0 0
1.64333 0 0 0 0
1.65 0 0 0 0
1.65667 0 0 0 0
1.66333 0 0 0 0
1.67 0 0 0 0
1.67667 0 0 0 0
1.68333 0 0 0 0
1.69 0 0 0 0
1.69667 0 0 0 0
1.70333 0 0 0 0
1.71 0 0 0 0
1.71667 0 0 0 0
1.72333 0 0 0 0
1.73 0 0 0 0
1.73667 0 0 0 0
1.74333 0 0 0 0
1.75 0 0 0 0
1.75667 0 0 0 0
1.76333 0 0 0 0
1.77 0 0 0 0
1.77667 0 0 0 0
1.78333 0 0 0 0
1.79 0 0 0 0
1.79667 0 0 0 0
1.80333 0 0 0 0
1.81 0 0 0 0
1.81667 0 0 0 0
1.82333 0 0 0 0
1.83 0 0 0 0
1.83667 0 0 0 0
1.84333 0 0 0 0
1.85 0 0 0 0
1.85667 0 0 0 0
1.86333 0 0 0 0
1.87 0 0 0 0
1.87667 0 0 0 0
1.88333 0 0 0 0
1.89 0 0 0 0
1.89667 0 0 0 0
1.90333 0 0 0 0
1.91 0 0 0 0
1.91667 0 0 0 0
1.92333 0 0 0 0
1.93 0 0 0 0
1.93667 0 0 0 0
1.94333 0 0 0 0
1.95 0 0 0 0
1.95667 0 0 0 0
1.96333 0 0 0 0
1.97 0 0 0 0
1.97667 0 0 0 0
1.98333 0 0 0 0
1.99 0 0 0 0
1.99667 0 0 0 0
