0.00333333 3 6 42 34
0.01 4 4 42 34
0.0166667 5 7 55 34
0.0233333 7 5 55 35
0.03 2 13 68 33
0.0366667 3 12 85 50
0.0433333 7 17 117 71
0.05 4 16 166 74
0.0566667 3 19 189 119
0.0633333 7 21 192 97
0.07 9 23 187 144
0.0766667 4 25 214 134
0.0833333 7 16 180 135
0.09 10 16 193 135
0.0966667 6 23 233 134
0.103333 13 19 198 124
0.11 4 21 186 117
0.116667 10 14 160 116
0.123333 4 30 190 128
0.13 6 21 200 126
0.136667 8 20 180 98
0.143333 9 22 177 127
0.15 6 17 135 107
0.156667 4 11 168 100
0.163333 5 18 115 95
0.17 5 13 138 112
0.176667 7 12 123 81
0.183333 7 14 155 112
0.19 3 15 157 101
0.196667 7 20 137 104
0.203333 11 20 125 89
0.21 5 15 109 93
0.216667 9 8 125 112
0.223333 10 15 105 93
0.23 6 17 117 68
0.236667 1 11 101 83
0.243333 8 15 117 94
0.25 3 18 104 66
0.256667 4 9 90 73
0.263333 6 6 86 57
0.27 3 7 68 67
0.276667 2 11 76 51
0.283333 3 10 95 59
0.29 1 9 100 60
0.296667 3 8 75 46
0.303333 7 12 74 59
0.31 1 7 72 50
0.316667 2 7 60 61
0.323333 5 8 67 60
0.33 4 8 54 50
0.336667 2 5 73 43
0.343333 1 6 71 52
0.35 1 7 71 46
0.356667 2 8 54 45
0.363333 1 7 55 36
0.37 5 10 50 42
0.376667 1 8 61 44
0.383333 4 11 60 45
0.39 3 6 53 43
0.396667 5 3 55 36
0.403333 3 8 50 41
0.41 4 9 50 35
0.416667 3 9 42 48
0.423333 3 9 54 37
0.43 2 5 43 41
0.436667 0 6 51 33
0.443333 5 7 52 45
0.45 3 9 59 44
0.456667 2 5 54 34
0.463333 3 7 49 36
0.47 0 5 47 33
0.476667 2 11 37 32
0.483333 2 4 40 23
0.49 1 10 36 20
0.496667 4 5 25 23
0.503333 2 2 23 15
0.51 3 2 19 23
0.516667 1 7 32 20
0.523333 2 5 33 25
0.53 2 9 29 28
0.536667 1 4 24 21
0.543333 2 2 19 16
0.55 2 9 34 18
0.556667 3 6 27 15
0.563333 2 5 25 22
0.57 3 4 25 15
0.576667 3 5 20 14
0.583333 4 6 12 21
0.59 2 7 24 16
0.596667 0 2 25 26
0.603333 2 4 29 18
0.61 1 2 38 18
0.616667 2 2 14 10
0.623333 1 3 24 12
0.63 2 5 27 16
0.636667 2 4 17 20
0.643333 1 4 19 12
0.65 0 2 22 18
0.656667 2 5 20 12
0.663333 48 104 1212 1006
0.67 0 0 0 0
0.676667 0 0 0 0
0.683333 0 0 0 0
0.69 0 0 0 0
0.696667 0 0 0 0
0.703333 0 0 0 0
0.71 0 0 0 0
0.716667 0 0 0 0
0.723333 0 0 0 0
0.73 0 0 0 0
0.736667 0 0 0 0
0.743333 0 0 0 0
0.75 0 0 0 0
0.756667 0 0 0 0
0.763333 0 0 0 0
0.77 0 0 0 0
0.776667 0 0 0 0
0.783333 0 0 0 0
0.79 0 0 0 0
0.796667 0 0 0 0
0.803333 0 0 0 0
0.81 0 0 0 0
0.816667 0 0 0 0
0.823333 0 0 0 0
0.83 0 0 0 0
0.836667 0 0 0 0
0.843333 0 0 0 0
0.85 0 0 0 0
0.856667 0 0 0 0
0.863333 0 0 0 0
0.87 0 0 0 0
0.876667 0 0 0 0
0.883333 0 0 0 0
0.89 0 0 0 0
0.896667 0 0 0 0
0.903333 0 0 0 0
0.91 0 0 0 0
0.916667 0 0 0 0
0.923333 0 0 0 0
0.93 0 0 0 0
0.936667 0 0 0 0
0.943333 0 0 0 0
0.95 0 0 0 0
0.956667 0 0 0 0
0.963333 0 0 0 0
0.97 0 0 0 0
0.976667 0 0 0 0
0.983333 0 0 0 0
0.99 0 0 0 0
0.996667 0 0 0 0
1.00333 0 0 0 0
1.01 0 0 0 0
1.01667 0 0 0 0
1.02333 0 0 0 0
1.03 0 0 0 0
1.03667 0 0 0 0
1.04333 0 0 0 0
1.05 0 0 0 0
1.05667 0 0 0 0
1.06333 0 0 0 0
1.07 0 0 0 0
1.07667 0 0 0 0
1.08333 0 0 0 0
1.09 0 0 0 0
1.09667 0 0 0 0
1.10333 0 0 0 0
1.11 0 0 0 0
1.11667 0 0 0 0
1.12333 0 0 0 0
1.13 0 0 0 0
1.13667 0 0 0 0
1.14333 0 0 0 0
1.15 0 0 0 0
1.15667 0 0 0 0
1.16333 0 0 0 0
1.17 0 0 0 0
1.17667 0 0 0 0
1.18333 0 0 0 0
1.19 0 0 0 0
1.19667 0 0 0 0
1.20333 0 0 0 0
1.21 0 0 0 0
1.21667 0 0 0 0
1.22333 0 0 0 0
1.23 0 0 0 0
1.23667 0 0 0 0
1.24333 0 0 0 0
1.25 0 0 0 0
1.25667 0 0 0 0
1.26333 0 0 0 0
1.27 0 0 0 0
1.27667 0 0 0 0
1.28333 0 0 0 0
1.29 0 0 0 0
1.29667 0 0 0 0
1.30333 0 0 0 0
1.31 0 0 0 0
1.31667 0 0 0 0
1.32333 0 0 0 0
1.33 0 0 0 0
1.33667 0 0 0 0
1.34333 0 0 0 0
1.35 0 0 0 0
1.35667 0 0 0 0
1.36333 0 0 0 0
1.37 0 0 0 0
1.37667 0 0 0 0
1.38333 0 0 0 0
1.39 0 0 0 0
1.39667 0 0 0 0
1.40333 0 0 0 0
1.41 0 0 0 0
1.41667 0 0 0 0
1.42333 0 0 0 0
1.43 0 0 0 0
1.43667 0 0 0 0
1.44333 0 0 0 0
1.45 0 0 0 0
1.45667 0 0 0 0
1.46333 0 0 0 0
1.47 0 0 0 0
1.47667 0 0 0 0
1.48333 0 0 0 0
1.49 0 0 0 0
1.49667 0 0 0 0
1.50333 0 0 0 0
1.51 0 0 0 0
1.51667 0 0 0 0
1.52333 0 0 0 0
1.53 0 0 0 0
1.53667 0 0 0 0
1.54333 0 0 0 0
1.55 0 0 0 0
1.55667 0 0 0 0
1.56333 0 0 0 0
1.57 0 0 0 0
1.57667 0 0 0 0
1.58333 0 0 0 0
1.59 0 0 0 0
1.59667 0 0 0 0
1.60333 0 0 0 0
1.61 0 0 0 0
1.61667 0 0 0 0
1.62333 0 0 0 0
1.63 0 0 0 0
1.63667 0 0 0 0
1.64333 0 0 0 0
1.65 0 0 0 0
1.65667 0 0 0 0
1.66333 0 0 0 0
1.67 0 0 0 0
1.67667 0 0 0 0
1.68333 0 0 0 0
1.69 0 0 0 0
1.69667 0 0 0 0
1.70333 0 0 0 0
1.71 0 0 0 0
1.71667 0 0 0 0
1.72333 0 0 0 0
1.73 0 0 0 0
1.73667 0 0 0 0
1.74333 0 0 0 0
1.75 0 0 0 0
1.75667 0 0 0 0
1.76333 0 0 0 0
1.77 0 0 0 0
1.77667 0 0 0 0
1.78333 0 0 0 0
1.79 0 0 0 0
1.79667 0 0 0 0
1.80333 0 0 0 0
1.81 0 0 0 0
1.81667 0 0 0 0
1.82333 0 0 0 0
1.83 0 0 0 0
1.83667 0 0 0 0
1.84333 0 0 0 0
1.85 0 0 0 0
1.85667 0 0 0 0
1.86333 0 0 0 0
1.87 0 0 0 0
1.87667 0 0 0 0
1.88333 0 0 0 0
1.89 0 0 0 0
1.89667 0 0 0 0
1.90333 0 0 0 0
1.91 0 0 0 0
1.91667 0 0 0 0
1.92333 0 0 0 0
1.93 0 0 0 0
1.93667 0 0 0 0
1.94333 0 0 0 0
1.95 0 0 0 0
1.95667 0 0 0 0
1.96333 0 0 0 0
1.97 0 0 0 0
1.97667 0 0 0 0
1.98333 0 0 0 0
1.99 0 0 0 0
1.99667 0 0 0 0
