0.00333333 16 77 5 7
0.01 18 78 14 7
0.0166667 18 87 11 10
0.0233333 14 90 13 5
0.03 19 76 13 11
0.0366667 18 92 12 8
0.0433333 28 90 19 13
0.05 33 119 23 4
0.0566667 39 146 24 14
0.0633333 34 129 31 14
0.07 31 144 35 13
0.0766667 40 188 32 19
0.0833333 34 174 40 15
0.09 35 161 25 23
0.0966667 41 172 33 15
0.103333 48 173 28 17
0.11 46 195 23 15
0.116667 50 190 31 17
0.123333 52 161 15 13
0.13 53 189 18 20
0.136667 40 175 21 25
0.143333 43 182 22 14
0.15 40 177 24 16
0.156667 36 179 25 24
0.163333 53 168 27 17
0.17 40 161 15 21
0.176667 41 167 22 19
0.183333 46 204 30 25
0.19 52 219 24 28
0.196667 43 231 17 24
0.203333 33 207 16 20
0.21 44 195 16 16
0.216667 42 180 22 11
0.223333 36 158 12 16
0.23 33 168 13 20
0.236667 36 166 14 10
0.243333 30 165 12 19
0.25 30 131 12 13
0.256667 24 133 23 12
0.263333 33 147 10 18
0.27 38 128 7 13
0.276667 31 139 15 18
0.283333 28 129 12 14
0.29 23 123 9 12
0.296667 26 94 16 9
0.303333 25 107 9 10
0.31 25 100 11 6
0.316667 30 99 19 7
0.323333 28 108 9 10
0.33 24 94 11 10
0.336667 32 86 8 14
0.343333 18 89 11 13
0.35 21 96 7 19
0.356667 27 92 14 8
0.363333 17 81 11 11
0.37 18 78 11 20
0.376667 16 88 3 10
0.383333 25 79 7 14
0.39 25 87 5 13
0.396667 21 77 6 11
0.403333 13 97 9 6
0.41 22 87 13 8
0.416667 17 84 8 10
0.423333 22 89 9 9
0.43 15 83 9 11
0.436667 20 84 12 12
0.443333 25 83 5 12
0.45 20 90 10 11
0.456667 18 91 4 9
0.463333 21 75 8 4
0.47 24 82 14 11
0.476667 24 65 10 9
0.483333 14 51 4 4
0.49 14 38 4 8
0.496667 9 39 10 6
0.503333 16 45 9 5
0.51 13 40 3 8
0.516667 9 38 6 3
0.523333 8 45 5 6
0.53 10 39 7 4
0.536667 12 30 5 2
0.543333 13 35 2 3
0.55 7 34 6 6
0.556667 9 31 3 7
0.563333 6 25 10 4
0.57 13 28 7 5
0.576667 14 26 6 7
0.583333 7 23 9 8
0.59 2 21 6 8
0.596667 13 26 7 5
0.603333 10 28 6 4
0.61 13 20 9 7
0.616667 11 27 10 4
0.623333 8 22 5 3
0.63 6 32 3 4
0.636667 8 29 4 5
0.643333 13 29 3 2
0.65 7 22 4 6
0.656667 6 20 5 2
0.663333 757 3658 145 309
0.67 0 0 0 0
0.676667 0 0 0 0
0.683333 0 0 0 0
0.69 0 0 0 0
0.696667 0 0 0 0
0.703333 0 0 0 0
0.71 0 0 0 0
0.716667 0 0 0 0
0.723333 0 0 0 0
0.73 0 0 0 0
0.736667 0 0 0 0
0.743333 0 0 0 0
0.75 0 0 0 0
0.756667 0 0 0 0
0.763333 0 0 0 0
0.77 0 0 0 0
0.776667 0 0 0 0
0.783333 0 0 0 0
0.79 0 0 0 0
0.796667 0 0 0 0
0.803333 0 0 0 0
0.81 0 0 0 0
0.816667 0 0 0 0
0.823333 0 0 0 0
0.83 0 0 0 0
0.836667 0 0 0 0
0.843333 0 0 0 0
0.85 0 0 0 0
0.856667 0 0 0 0
0.863333 0 0 0 0
0.87 0 0 0 0
0.876667 0 0 0 0
0.883333 0 0 0 0
0.89 0 0 0 0
0.896667 0 0 0 0
0.903333 0 0 0 0
0.91 0 0 0 0
0.916667 0 0 0 0
0.923333 0 0 0 0
0.93 0 0 0 0
0.936667 0 0 0 0
0.943333 0 0 0 0
0.95 0 0 0 0
0.956667 0 0 0 0
0.963333 0 0 0 0
0.97 0 0 0 0
0.976667 0 0 0 0
0.983333 0 0 0 0
0.99 0 0 0 0
0.996667 0 0 0 0
1.00333 0 0 0 0
1.01 0 0 0 0
1.01667 0 0 0 0
1.02333 0 0 0 0
1.03 0 0 0 0
1.03667 0 0 0 0
1.04333 0 0 0 0
1.05 0 0 0 0
1.05667 0 0 0 0
1.06333 0 0 0 0
1.07 0 0 0 0
1.07667 0 0 0 0
1.08333 0 0 0 0
1.09 0 0 0 0
1.09667 0 0 0 0
1.10333 0 0 0 0
1.11 0 0 0 0
1.11667 0 0 0 0
1.12333 0 0 0 0
1.13 0 0 0 0
1.13667 0 0 0 0
1.14333 0 0 0 0
1.15 0 0 0 0
1.15667 0 0 0 0
1.16333 0 0 0 0
1.17 0 0 0 0
1.17667 0 0 0 0
1.18333 0 0 0 0
1.19 0 0 0 0
1.19667 0 0 0 0
1.20333 0 0 0 0
1.21 0 0 0 0
1.21667 0 0 0 0
1.22333 0 0 0 0
1.23 0 0 0 0
1.23667 0 0 0 0
1.24333 0 0 0 0
1.25 0 0 0 0
1.25667 0 0 0 0
1.26333 0 0 0 0
1.27 0 0 0 0
1.27667 0 0 0 0
1.28333 0 0 0 0
1.29 0 0 0 0
1.29667 0 0 0 0
1.30333 0 0 0 0
1.31 0 0 0 0
1.31667 0 0 0 0
1.32333 0 0 0 0
1.33 0 0 0 0
1.33667 0 0 0 0
1.34333 0 0 0 0
1.35 0 0 0 0
1.35667 0 0 0 0
1.36333 0 0 0 0
1.37 0 0 0 0
1.37667 0 0 0 0
1.38333 0 0 0 0
1.39 0 0 0 0
1.39667 0 0 0 0
1.40333 0 0 0 0
1.41 0 0 0 0
1.41667 0 0 0 0
1.42333 0 0 0 0
1.43 0 0 0 0
1.43667 0 0 0 0
1.44333 0 0 0 0
1.45 0 0 0 0
1.45667 0 0 0 0
1.46333 0 0 0 0
1.47 0 0 0 0
1.47667 0 0 0 0
1.48333 0 0 0 0
1.49 0 0 0 0
1.49667 0 0 0 0
1.50333 0 0 0 0
1.51 0 0 0 0
1.51667 0 0 0 0
1.52333 0 0 0 0
1.53 0 0 0 0
1.53667 0 0 0 0
1.54333 0 0 0 0
1.55 0 0 0 0
1.55667 0 0 0 0
1.56333 0 0 0 0
1.57 0 0 0 0
1.57667 0 0 0 0
1.58333 0 0 0 0
1.59 0 0 0 0
1.59667 0 0 0 0
1.60333 0 0 0 0
1.61 0 0 0 0
1.61667 0 0 0 0
1.62333 0 0 0 0
1.63 0 0 0 0
1.63667 0 0 0 0
1.64333 0 0 0 0
1.65 0 0 0 0
1.65667 0 0 0 0
1.66333 0 0 0 0
1.67 0 0 0 0
1.67667 0 0 0 0
1.68333 0 0 0 0
1.69 0 0 0 0
1.69667 0 0 0 0
1.70333 0 0 0 0
1.71 0 0 0 0
1.71667 0 0 0 0
1.72333 0 0 0 0
1.73 0 0 0 0
1.73667 0 0 0 0
1.74333 0 0 0 0
1.75 0 0 0 0
1.75667 0 0 0 0
1.76333 0 0 0 0
1.77 0 0 0 0
1.77667 0 0 0 0
1.78333 0 0 0 0
1.79 0 0 0 0
1.79667 0 0 0 0
1.80333 0 0 0 0
1.81 0 0 0 0
1.81667 0 0 0 0
1.82333 0 0 0 0
1.83 0 0 0 0
1.83667 0 0 0 0
1.84333 0 0 0 0
1.85 0 0 0 0
1.85667 0 0 0 0
1.86333 0 0 0 0
1.87 0 0 0 0
1.87667 0 0 0 0
1.88333 0 0 0 0
1.89 0 0 0 0
1.89667 0 0 0 0
1.90333 0 0 0 0
1.91 0 0 0 0
1.91667 0 0 0 0
1.92333 0 0 0 0
1.93 0 0 0 0
1.93667 0 0 0 0
1.94333 0 0 0 0
1.95 0 0 0 0
1.95667 0 0 0 0
1.96333 0 0 0 0
1.97 0 0 0 0
1.97667 0 0 0 0
1.98333 0 0 0 0
1.99 0 0 0 0
1.99667 0 0 0 0
