0.00333333 1 7 30 23
0.01 2 10 40 32
0.0166667 2 7 47 34
0.0233333 4 5 35 34
0.03 3 5 54 38
0.0366667 4 5 58 48
0.0433333 5 22 104 76
0.05 8 10 146 65
0.0566667 3 18 155 96
0.0633333 8 17 151 95
0.07 9 15 162 114
0.0766667 7 22 148 114
0.0833333 6 24 163 108
0.09 7 17 149 106
0.0966667 5 21 196 102
0.103333 9 18 167 98
0.11 7 19 157 101
0.116667 7 15 153 107
0.123333 7 16 151 115
0.13 7 17 164 116
0.136667 5 18 132 81
0.143333 9 16 147 104
0.15 11 18 123 83
0.156667 7 18 123 71
0.163333 4 19 98 81
0.17 6 6 129 77
0.176667 6 19 109 89
0.183333 6 13 122 66
0.19 6 15 123 113
0.196667 9 23 112 82
0.203333 10 20 110 81
0.21 6 12 100 81
0.216667 7 13 92 83
0.223333 9 8 81 76
0.23 6 13 83 64
0.236667 4 14 86 68
0.243333 10 12 100 77
0.25 3 10 86 55
0.256667 6 11 86 62
0.263333 4 3 82 49
0.27 3 6 74 53
0.276667 3 12 75 56
0.283333 2 9 82 52
0.29 3 6 70 52
0.296667 5 10 65 48
0.303333 9 14 58 51
0.31 3 5 70 38
0.316667 3 9 62 41
0.323333 6 8 65 46
0.33 3 8 42 46
0.336667 1 15 55 37
0.343333 0 8 61 42
0.35 2 4 62 38
0.356667 1 10 61 38
0.363333 3 11 50 31
0.37 8 6 52 43
0.376667 4 7 50 40
0.383333 3 8 48 39
0.39 6 10 40 38
0.396667 5 5 48 33
0.403333 7 6 48 44
0.41 4 10 42 27
0.416667 2 6 39 50
0.423333 5 7 42 33
0.43 4 1 43 32
0.436667 0 2 41 31
0.443333 8 9 40 32
0.45 2 7 42 32
0.456667 3 7 43 33
0.463333 1 3 48 32
0.47 1 9 35 33
0.476667 4 8 42 25
0.483333 2 4 35 21
0.49 4 9 38 26
0.496667 1 3 26 27
0.503333 4 7 29 16
0.51 2 2 20 20
0.516667 2 8 32 15
0.523333 2 4 25 13
0.53 1 3 29 25
0.536667 1 4 21 15
0.543333 1 8 19 17
0.55 2 10 29 12
0.556667 3 6 25 13
0.563333 2 4 17 19
0.57 3 7 19 15
0.576667 2 2 22 8
0.583333 4 3 16 20
0.59 4 3 17 9
0.596667 0 4 20 15
0.603333 2 3 27 17
0.61 1 4 23 19
0.616667 3 2 10 16
0.623333 1 4 19 15
0.63 1 5 22 14
0.636667 2 3 16 18
0.643333 1 5 23 13
0.65 0 0 24 18
0.656667 2 7 21 12
0.663333 67 101 1057 896
0.67 0 0 0 0
0.676667 0 0 0 0
0.683333 0 0 0 0
0.69 0 0 0 0
0.696667 0 0 0 0
0.703333 0 0 0 0
0.71 0 0 0 0
0.716667 0 0 0 0
0.723333 0 0 0 0
0.73 0 0 0 0
0.736667 0 0 0 0
0.743333 0 0 0 0
0.75 0 0 0 0
0.756667 0 0 0 0
0.763333 0 0 0 0
0.77 0 0 0 0
0.776667 0 0 0 0
0.783333 0 0 0 0
0.79 0 0 0 0
0.796667 0 0 0 0
0.803333 0 0 0 0
0.81 0 0 0 0
0.816667 0 0 0 0
0.823333 0 0 0 0
0.83 0 0 0 0
0.836667 0 0 0 0
0.843333 0 0 0 0
0.85 0 0 0 0
0.856667 0 0 0 0
0.863333 0 0 0 0
0.87 0 0 0 0
0.876667 0 0 0 0
0.883333 0 0 0 0
0.89 0 0 0 0
0.896667 0 0 0 0
0.903333 0 0 0 0
0.91 0 0 0 0
0.916667 0 0 0 0
0.923333 0 0 0 0
0.93 0 0 0 0
0.936667 0 0 0 0
0.943333 0 0 0 0
0.95 0 0 0 0
0.956667 0 0 0 0
0.963333 0 0 0 0
0.97 0 0 0 0
0.976667 0 0 0 0
0.983333 0 0 0 0
0.99 0 0 0 0
0.996667 0 0 0 0
1.00333 0 0 0 0
1.01 0 0 0 0
1.01667 0 0 0 0
1.02333 0 0 0 0
1.03 0 0 0 0
1.03667 0 0 0 0
1.04333 0 0 0 0
1.05 0 0 0 0
1.05667 0 0 0 0
1.06333 0 0 0 0
1.07 0 0 0 0
1.07667 0 0 0 0
1.08333 0 0 0 0
1.09 0 0 0 0
1.09667 0 0 0 0
1.10333 0 0 0 0
1.11 0 0 0 0
1.11667 0 0 0 0
1.12333 0 0 0 0
1.13 0 0 0 0
1.13667 0 0 0 0
1.14333 0 0 0 0
1.15 0 0 0 0
1.15667 0 0 0 0
1.16333 0 0 0 0
1.17 0 0 0 0
1.17667 0 0 0 0
1.18333 0 0 0 0
1.19 0 0 0 0
1.19667 0 0 0 0
1.20333 0 0 0 0
1.21 0 0 0 0
1.21667 0 0 0 0
1.22333 0 0 0 0
1.23 0 0 0 0
1.23667 0 0 0 0
1.24333 0 0 0 0
1.25 0 0 0 0
1.25667 0 0 0 0
1.26333 0 0 0 0
1.27 0 0 0 0
1.27667 0 0 0 0
1.28333 0 0 0 0
1.29 0 0 0 0
1.29667 0 0 0 0
1.30333 0 0 0 0
1.31 0 0 0 0
1.31667 0 0 0 0
1.32333 0 0 0 0
1.33 0 0 0 0
1.33667 0 0 0 0
1.34333 0 0 0 0
1.35 0 0 0 0
1.35667 0 0 0 0
1.36333 0 0 0 0
1.37 0 0 0 0
1.37667 0 0 0 0
1.38333 0 0 0 0
1.39 0 0 0 0
1.39667 0 0 0 0
1.40333 0 0 0 0
1.41 0 0 0 0
1.41667 0 0 0 0
1.42333 0 0 0 0
1.43 0 0 0 0
1.43667 0 0 0 0
1.44333 0 0 0 0
1.45 0 0 0 0
1.45667 0 0 0 0
1.46333 0 0 0 0
1.47 0 0 0 0
1.47667 0 0 0 0
1.48333 0 0 0 0
1.49 0 0 0 0
1.49667 0 0 0 0
1.50333 0 0 0 0
1.51 0 0 0 0
1.51667 0 0 0 0
1.52333 0 0 0 0
1.53 0 0 0 0
1.53667 0 0 0 0
1.54333 0 0 0 0
1.55 0 0 0 0
1.55667 0 0 0 0
1.56333 0 0 0 0
1.57 0 0 0 0
1.57667 0 0 0 0
1.58333 0 0 0 0
1.59 0 0 0 0
1.59667 0 0 0 0
1.60333 0 0 0 0
1.61 0 0 0 0
1.61667 0 0 0 0
1.62333 0 0 0 0
1.63 0 0 0 0
1.63667 0 0 0 0
1.64333 0 0 0 0
1.65 0 0 0 0
1.65667 0 0 0 0
1.66333 0 0 0 0
1.67 0 0 0 0
1.67667 0 0 0 0
1.68333 0 0 0 0
1.69 0 0 0 0
1.69667 0 0 0 0
1.70333 0 0 0 0
1.71 0 0 0 0
1.71667 0 0 0 0
1.72333 0 0 0 0
1.73 0 0 0 0
1.73667 0 0 0 0
1.74333 0 0 0 0
1.75 0 0 0 0
1.75667 0 0 0 0
1.76333 0 0 0 0
1.77 0 0 0 0
1.77667 0 0 0 0
1.78333 0 0 0 0
1.79 0 0 0 0
1.79667 0 0 0 0
1.80333 0 0 0 0
1.81 0 0 0 0
1.81667 0 0 0 0
1.82333 0 0 0 0
1.83 0 0 0 0
1.83667 0 0 0 0
1.84333 0 0 0 0
1.85 0 0 0 0
1.85667 0 0 0 0
1.86333 0 0 0 0
1.87 0 0 0 0
1.87667 0 0 0 0
1.88333 0 0 0 0
1.89 0 0 0 0
1.89667 0 0 0 0
1.90333 0 0 0 0
1.91 0 0 0 0
1.91667 0 0 0 0
1.92333 0 0 0 0
1.93 0 0 0 0
1.93667 0 0 0 0
1.94333 0 0 0 0
1.95 0 0 0 0
1.95667 0 0 0 0
1.96333 0 0 0 0
1.97 0 0 0 0
1.97667 0 0 0 0
1.98333 0 0 0 0
1.99 0 0 0 0
1.99667 0 0 0 0
