0.00333333 61 57 2 1
0.01 90 60 0 0
0.0166667 106 78 3 0
0.0233333 109 71 2 0
0.03 95 76 3 1
0.0366667 143 92 3 1
0.0433333 151 112 5 1
0.05 187 112 2 1
0.0566667 188 144 8 7
0.0633333 240 179 5 3
0.07 258 181 4 1
0.0766667 280 192 4 2
0.0833333 273 198 4 4
0.09 305 213 7 2
0.0966667 310 229 5 3
0.103333 294 200 3 5
0.11 293 177 5 4
0.116667 299 205 7 1
0.123333 313 197 10 1
0.13 276 202 5 3
0.136667 279 172 5 2
0.143333 310 171 4 3
0.15 258 156 3 4
0.156667 253 152 2 0
0.163333 255 163 3 1
0.17 232 161 4 4
0.176667 249 159 3 2
0.183333 270 200 1 1
0.19 255 177 4 5
0.196667 318 209 4 2
0.203333 252 164 6 0
0.21 265 142 7 1
0.216667 235 160 4 1
0.223333 219 155 7 5
0.23 209 129 5 3
0.236667 222 151 4 4
0.243333 192 126 4 3
0.25 195 121 7 3
0.256667 173 124 1 3
0.263333 141 88 3 1
0.27 150 107 1 1
0.276667 172 109 4 3
0.283333 169 98 1 0
0.29 141 88 4 1
0.296667 147 88 0 2
0.303333 140 96 4 0
0.31 136 89 6 1
0.316667 138 80 4 3
0.323333 129 85 4 7
0.33 124 102 4 2
0.336667 152 87 3 0
0.343333 109 77 4 1
0.35 124 75 2 1
0.356667 123 69 6 0
0.363333 106 88 2 0
0.37 95 73 5 2
0.376667 100 71 6 1
0.383333 108 66 3 1
0.39 117 68 3 1
0.396667 107 74 2 3
0.403333 107 65 4 0
0.41 100 75 2 1
0.416667 81 62 0 1
0.423333 99 51 3 0
0.43 109 60 3 2
0.436667 100 69 3 3
0.443333 103 58 2 2
0.45 78 51 3 0
0.456667 89 66 1 1
0.463333 98 58 2 1
0.47 107 58 0 3
0.476667 88 70 3 2
0.483333 47 48 1 1
0.49 60 36 2 1
0.496667 50 30 1 0
0.503333 60 38 0 1
0.51 53 34 1 0
0.516667 45 28 2 0
0.523333 39 35 2 1
0.53 43 34 2 0
0.536667 40 32 0 3
0.543333 58 27 1 1
0.55 51 34 0 1
0.556667 45 15 3 1
0.563333 35 25 1 1
0.57 36 29 0 2
0.576667 53 34 2 2
0.583333 46 37 1 1
0.59 46 34 2 1
0.596667 40 30 0 0
0.603333 40 26 2 3
0.61 46 32 0 1
0.616667 42 26 2 2
0.623333 52 34 2 2
0.63 35 34 2 0
0.636667 53 38 1 2
0.643333 35 22 0 0
0.65 46 29 0 1
0.656667 43 20 2 2
0.663333 3412 2194 21 39
0.67 0 0 0 0
0.676667 0 0 0 0
0.683333 0 0 0 0
0.69 0 0 0 0
0.696667 0 0 0 0
0.703333 0 0 0 0
0.71 0 0 0 0
0.716667 0 0 0 0
0.723333 0 0 0 0
0.73 0 0 0 0
0.736667 0 0 0 0
0.743333 0 0 0 0
0.75 0 0 0 0
0.756667 0 0 0 0
0.763333 0 0 0 0
0.77 0 0 0 0
0.776667 0 0 0 0
0.783333 0 0 0 0
0.79 0 0 0 0
0.796667 0 0 0 0
0.803333 0 0 0 0
0.81 0 0 0 0
0.816667 0 0 0 0
0.823333 0 0 0 0
0.83 0 0 0 0
0.836667 0 0 0 0
0.843333 0 0 0 0
0.85 0 0 0 0
0.856667 0 0 0 0
0.863333 0 0 0 0
0.87 0 0 0 0
0.876667 0 0 0 0
0.883333 0 0 0 0
0.89 0 0 0 0
0.896667 0 0 0 0
0.903333 0 0 0 0
0.91 0 0 0 0
0.916667 0 0 0 0
0.923333 0 0 0 0
0.93 0 0 0 0
0.936667 0 0 0 0
0.943333 0 0 0 0
0.95 0 0 0 0
0.956667 0 0 0 0
0.963333 0 0 0 0
0.97 0 0 0 0
0.976667 0 0 0 0
0.983333 0 0 0 0
0.99 0 0 0 0
0.996667 0 0 0 0
1.00333 0 0 0 0
1.01 0 0 0 0
1.01667 0 0 0 0
1.02333 0 0 0 0
1.03 0 0 0 0
1.03667 0 0 0 0
1.04333 0 0 0 0
1.05 0 0 0 0
1.05667 0 0 0 0
1.06333 0 0 0 0
1.07 0 0 0 0
1.07667 0 0 0 0
1.08333 0 0 0 0
1.09 0 0 0 0
1.09667 0 0 0 0
1.10333 0 0 0 0
1.11 0 0 0 0
1.11667 0 0 0 0
1.12333 0 0 0 0
1.13 0 0 0 0
1.13667 0 0 0 0
1.14333 0 0 0 0
1.15 0 0 0 0
1.15667 0 0 0 0
1.16333 0 0 0 0
1.17 0 0 0 0
1.17667 0 0 0 0
1.18333 0 0 0 0
1.19 0 0 0 0
1.19667 0 0 0 0
1.20333 0 0 0 0
1.21 0 0 0 0
1.21667 0 0 0 0
1.22333 0 0 0 0
1.23 0 0 0 0
1.23667 0 0 0 0
1.24333 0 0 0 0
1.25 0 0 0 0
1.25667 0 0 0 0
1.26333 0 0 0 0
1.27 0 0 0 0
1.27667 0 0 0 0
1.28333 0 0 0 0
1.29 0 0 0 0
1.29667 0 0 0 0
1.30333 0 0 0 0
1.31 0 0 0 0
1.31667 0 0 0 0
1.32333 0 0 0 0
1.33 0 0 0 0
1.33667 0 0 0 0
1.34333 0 0 0 0
1.35 0 0 0 0
1.35667 0 0 0 0
1.36333 0 0 0 0
1.37 0 0 0 0
1.37667 0 0 0 0
1.38333 0 0 0 0
1.39 0 0 0 0
1.39667 0 0 0 0
1.40333 0 0 0 0
1.41 0 0 0 0
1.41667 0 0 0 0
1.42333 0 0 0 0
1.43 0 0 0 0
1.43667 0 0 0 0
1.44333 0 0 0 0
1.45 0 0 0 0
1.45667 0 0 0 0
1.46333 0 0 0 0
1.47 0 0 0 0
1.47667 0 0 0 0
1.48333 0 0 0 0
1.49 0 0 0 0
1.49667 0 0 0 0
1.50333 0 0 0 0
1.51 0 0 0 0
1.51667 0 0 0 0
1.52333 0 0 0 0
1.53 0 0 0 0
1.53667 0 0 0 0
1.54333 0 0 0 0
1.55 0 0 0 0
1.55667 0 0 0 0
1.56333 0 0 0 0
1.57 0 0 0 0
1.57667 0 0 0 0
1.58333 0 0 0 0
1.59 0 0 0 0
1.59667 0 0 0 0
1.60333 0 0 0 0
1.61 0 0 0 0
1.61667 0 0 0 0
1.62333 0 0 0 0
1.63 0 0 0 0
1.63667 0 0 0 0
1.64333 0 0 0 0
1.65 0 0 0 0
1.65667 0 0 0 0
1.66333 0 0 0 0
1.67 0 0 0 0
1.67667 0 0 0 0
1.68333 0 0 0 0
1.69 0 0 0 0
1.69667 0 0 0 0
1.70333 0 0 0 0
1.71 0 0 0 0
1.71667 0 0 0 0
1.72333 0 0 0 0
1.73 0 0 0 0
1.73667 0 0 0 0
1.74333 0 0 0 0
1.75 0 0 0 0
1.75667 0 0 0 0
1.76333 0 0 0 0
1.77 0 0 0 0
1.77667 0 0 0 0
1.78333 0 0 0 0
1.79 0 0 0 0
1.79667 0 0 0 0
1.80333 0 0 0 0
1.81 0 0 0 0
1.81667 0 0 0 0
1.82333 0 0 0 0
1.83 0 0 0 0
1.83667 0 0 0 0
1.84333 0 0 0 0
1.85 0 0 0 0
1.85667 0 0 0 0
1.86333 0 0 0 0
1.87 0 0 0 0
1.87667 0 0 0 0
1.88333 0 0 0 0
1.89 0 0 0 0
1.89667 0 0 0 0
1.90333 0 0 0 0
1.91 0 0 0 0
1.91667 0 0 0 0
1.92333 0 0 0 0
1.93 0 0 0 0
1.93667 0 0 0 0
1.94333 0 0 0 0
1.95 0 0 0 0
1.95667 0 0 0 0
1.96333 0 0 0 0
1.97 0 0 0 0
1.97667 0 0 0 0
1.98333 0 0 0 0
1.99 0 0 0 0
1.99667 0 0 0 0
