0.00333333 3 42 26 1
0.01 2 59 32 6
0.0166667 6 55 37 5
0.0233333 8 67 35 5
0.03 7 62 32 6
0.0366667 10 78 45 7
0.0433333 15 97 75 7
0.05 13 118 76 15
0.0566667 16 110 84 17
0.0633333 18 136 89 18
0.07 23 136 112 15
0.0766667 24 139 123 19
0.0833333 22 165 110 15
0.09 26 177 95 13
0.0966667 24 166 121 21
0.103333 19 174 104 15
0.11 24 160 115 11
0.116667 16 177 124 16
0.123333 24 166 106 18
0.13 12 175 108 7
0.136667 11 161 89 15
0.143333 14 153 104 14
0.15 21 128 101 10
0.156667 18 115 87 15
0.163333 13 129 110 8
0.17 13 146 94 14
0.176667 18 138 80 18
0.183333 11 167 82 11
0.19 18 145 96 13
0.196667 13 166 101 9
0.203333 15 162 99 10
0.21 15 158 80 10
0.216667 12 146 64 11
0.223333 17 117 75 10
0.23 17 146 80 9
0.236667 12 125 61 12
0.243333 12 120 68 8
0.25 13 111 60 9
0.256667 8 118 63 9
0.263333 10 87 61 7
0.27 5 85 62 8
0.276667 10 78 54 7
0.283333 13 81 49 5
0.29 11 94 49 9
0.296667 7 67 46 6
0.303333 11 75 52 1
0.31 6 100 43 4
0.316667 6 88 38 5
0.323333 7 81 44 9
0.33 10 82 36 6
0.336667 6 71 56 6
0.343333 8 60 37 9
0.35 10 70 38 2
0.356667 5 63 34 10
0.363333 7 78 45 5
0.37 5 69 41 6
0.376667 10 64 41 12
0.383333 4 60 43 3
0.39 7 63 47 9
0.396667 11 52 49 7
0.403333 4 60 26 4
0.41 10 56 28 6
0.416667 5 59 31 3
0.423333 8 54 26 4
0.43 3 66 17 2
0.436667 5 41 40 4
0.443333 8 46 37 8
0.45 8 57 42 4
0.456667 5 55 26 4
0.463333 9 60 43 3
0.47 3 41 28 4
0.476667 5 46 29 3
0.483333 6 38 27 6
0.49 4 36 18 3
0.496667 9 29 18 6
0.503333 3 41 26 5
0.51 6 28 19 4
0.516667 5 24 20 1
0.523333 3 28 20 4
0.53 4 29 17 5
0.536667 4 19 14 2
0.543333 5 26 12 2
0.55 0 29 17 1
0.556667 1 27 15 4
0.563333 4 22 18 7
0.57 3 27 15 3
0.576667 2 20 22 1
0.583333 8 28 28 0
0.59 3 24 12 4
0.596667 2 22 11 0
0.603333 2 23 20 2
0.61 2 26 9 2
0.616667 5 21 15 3
0.623333 2 22 14 2
0.63 4 24 18 3
0.636667 6 27 14 7
0.643333 2 14 12 1
0.65 1 24 24 3
0.656667 2 14 12 2
0.663333 111 1927 928 80
0.67 0 0 0 0
0.676667 0 0 0 0
0.683333 0 0 0 0
0.69 0 0 0 0
0.696667 0 0 0 0
0.703333 0 0 0 0
0.71 0 0 0 0
0.716667 0 0 0 0
0.723333 0 0 0 0
0.73 0 0 0 0
0.736667 0 0 0 0
0.743333 0 0 0 0
0.75 0 0 0 0
0.756667 0 0 0 0
0.763333 0 0 0 0
0.77 0 0 0 0
0.776667 0 0 0 0
0.783333 0 0 0 0
0.79 0 0 0 0
0.796667 0 0 0 0
0.803333 0 0 0 0
0.81 0 0 0 0
0.816667 0 0 0 0
0.823333 0 0 0 0
0.83 0 0 0 0
0.836667 0 0 0 0
0.843333 0 0 0 0
0.85 0 0 0 0
0.856667 0 0 0 0
0.863333 0 0 0 0
0.87 0 0 0 0
0.876667 0 0 0 0
0.883333 0 0 0 0
0.89 0 0 0 0
0.896667 0 0 0 0
0.903333 0 0 0 0
0.91 0 0 0 0
0.916667 0 0 0 0
0.923333 0 0 0 0
0.93 0 0 0 0
0.936667 0 0 0 0
0.943333 0 0 0 0
0.95 0 0 0 0
0.956667 0 0 0 0
0.963333 0 0 0 0
0.97 0 0 0 0
0.976667 0 0 0 0
0.983333 0 0 0 0
0.99 0 0 0 0
0.996667 0 0 0 0
1.00333 0 0 0 0
1.01 0 0 0 0
1.01667 0 0 0 0
1.02333 0 0 0 0
1.03 0 0 0 0
1.03667 0 0 0 0
1.04333 0 0 0 0
1.05 0 0 0 0
1.05667 0 0 0 0
1.06333 0 0 0 0
1.07 0 0 0 0
1.07667 0 0 0 0
1.08333 0 0 0 0
1.09 0 0 0 0
1.09667 0 0 0 0
1.10333 0 0 0 0
1.11 0 0 0 0
1.11667 0 0 0 0
1.12333 0 0 0 0
1.13 0 0 0 0
1.13667 0 0 0 0
1.14333 0 0 0 0
1.15 0 0 0 0
1.15667 0 0 0 0
1.16333 0 0 0 0
1.17 0 0 0 0
1.17667 0 0 0 0
1.18333 0 0 0 0
1.19 0 0 0 0
1.19667 0 0 0 0
1.20333 0 0 0 0
1.21 0 0 0 0
1.21667 0 0 0 0
1.22333 0 0 0 0
1.23 0 0 0 0
1.23667 0 0 0 0
1.24333 0 0 0 0
1.25 0 0 0 0
1.25667 0 0 0 0
1.26333 0 0 0 0
1.27 0 0 0 0
1.27667 0 0 0 0
1.28333 0 0 0 0
1.29 0 0 0 0
1.29667 0 0 0 0
1.30333 0 0 0 0
1.31 0 0 0 0
1.31667 0 0 0 0
1.32333 0 0 0 0
1.33 0 0 0 0
1.33667 0 0 0 0
1.34333 0 0 0 0
1.35 0 0 0 0
1.35667 0 0 0 0
1.36333 0 0 0 0
1.37 0 0 0 0
1.37667 0 0 0 0
1.38333 0 0 0 0
1.39 0 0 0 0
1.39667 0 0 0 0
1.40333 0 0 0 0
1.41 0 0 0 0
1.41667 0 0 0 0
1.42333 0 0 0 0
1.43 0 0 0 0
1.43667 0 0 0 0
1.44333 0 0 0 0
1.45 0 0 0 0
1.45667 0 0 0 0
1.46333 0 0 0 0
1.47 0 0 0 0
1.47667 0 0 0 0
1.48333 0 0 0 0
1.49 0 0 0 0
1.49667 0 0 0 0
1.50333 0 0 0 0
1.51 0 0 0 0
1.51667 0 0 0 0
1.52333 0 0 0 0
1.53 0 0 0 0
1.53667 0 0 0 0
1.54333 0 0 0 0
1.55 0 0 0 0
1.55667 0 0 0 0
1.56333 0 0 0 0
1.57 0 0 0 0
1.57667 0 0 0 0
1.58333 0 0 0 0
1.59 0 0 0 0
1.59667 0 0 0 0
1.60333 0 0 0 0
1.61 0 0 0 0
1.61667 0 0 0 0
1.62333 0 0 0 0
1.63 0 0 0 0
1.63667 0 0 0 0
1.64333 0 0 0 0
1.65 0 0 0 0
1.65667 0 0 0 0
1.66333 0 0 0 0
1.67 0 0 0 0
1.67667 0 0 0 0
1.68333 0 0 0 0
1.69 0 0 0 0
1.69667 0 0 0 0
1.70333 0 0 0 0
1.71 0 0 0 0
1.71667 0 0 0 0
1.72333 0 0 0 0
1.73 0 0 0 0
1.73667 0 0 0 0
1.74333 0 0 0 0
1.75 0 0 0 0
1.75667 0 0 0 0
1.76333 0 0 0 0
1.77 0 0 0 0
1.77667 0 0 0 0
1.78333 0 0 0 0
1.79 0 0 0 0
1.79667 0 0 0 0
1.80333 0 0 0 0
1.81 0 0 0 0
1.81667 0 0 0 0
1.82333 0 0 0 0
1.83 0 0 0 0
1.83667 0 0 0 0
1.84333 0 0 0 0
1.85 0 0 0 0
1.85667 0 0 0 0
1.86333 0 0 0 0
1.87 0 0 0 0
1.87667 0 0 0 0
1.88333 0 0 0 0
1.89 0 0 0 0
1.89667 0 0 0 0
1.90333 0 0 0 0
1.91 0 0 0 0
1.91667 0 0 0 0
1.92333 0 0 0 0
1.93 0 0 0 0
1.93667 0 0 0 0
1.94333 0 0 0 0
1.95 0 0 0 0
1.95667 0 0 0 0
1.96333 0 0 0 0
1.97 0 0 0 0
1.97667 0 0 0 0
1.98333 0 0 0 0
1.99 0 0 0 0
1.99667 0 0 0 0
