0.00333333 3 23 56 9
0.01 3 38 74 8
0.0166667 2 20 83 11
0.0233333 5 15 78 16
0.03 1 19 100 15
0.0366667 5 31 99 22
0.0433333 7 32 136 29
0.05 14 34 171 23
0.0566667 7 63 231 33
0.0633333 9 59 219 33
0.07 7 60 235 54
0.0766667 12 74 232 47
0.0833333 14 63 260 47
0.09 5 70 249 35
0.0966667 10 49 236 50
0.103333 12 67 268 41
0.11 6 62 243 42
0.116667 10 66 268 35
0.123333 14 73 236 35
0.13 18 49 254 31
0.136667 8 47 231 40
0.143333 14 50 232 31
0.15 10 54 220 26
0.156667 10 43 237 17
0.163333 10 61 203 26
0.17 20 63 190 22
0.176667 7 35 213 25
0.183333 8 70 188 25
0.19 10 59 238 25
0.196667 12 60 233 27
0.203333 4 60 232 19
0.21 6 43 210 17
0.216667 5 28 215 21
0.223333 11 43 162 16
0.23 3 38 161 19
0.236667 5 42 159 16
0.243333 5 49 136 16
0.25 9 28 180 21
0.256667 4 35 133 18
0.263333 6 28 142 15
0.27 6 29 127 19
0.276667 6 29 141 17
0.283333 6 18 121 12
0.29 7 38 109 10
0.296667 3 20 129 20
0.303333 3 22 115 11
0.31 4 25 99 20
0.316667 2 17 96 8
0.323333 1 31 91 13
0.33 8 16 96 9
0.336667 5 33 103 11
0.343333 6 20 100 15
0.35 2 18 85 9
0.356667 4 26 87 15
0.363333 3 21 110 18
0.37 5 29 75 11
0.376667 7 30 83 16
0.383333 3 15 67 10
0.39 5 21 69 10
0.396667 5 11 82 14
0.403333 2 20 88 5
0.41 3 13 67 10
0.416667 6 16 106 11
0.423333 2 17 74 7
0.43 0 17 77 16
0.436667 6 14 66 7
0.443333 3 25 59 15
0.45 2 14 71 8
0.456667 6 15 69 12
0.463333 2 17 67 4
0.47 4 20 54 11
0.476667 3 14 60 9
0.483333 3 14 50 7
0.49 1 10 47 6
0.496667 3 15 54 8
0.503333 4 14 50 11
0.51 0 14 44 5
0.516667 1 12 44 4
0.523333 3 16 47 4
0.53 3 10 33 6
0.536667 3 7 34 5
0.543333 5 7 35 3
0.55 2 12 37 7
0.556667 1 11 42 5
0.563333 2 14 28 6
0.57 1 11 33 4
0.576667 4 11 32 3
0.583333 3 9 31 6
0.59 1 8 36 5
0.596667 4 12 23 11
0.603333 4 12 32 4
0.61 2 10 23 8
0.616667 2 12 40 5
0.623333 3 15 34 4
0.63 5 6 25 5
0.636667 0 13 36 5
0.643333 2 9 28 7
0.65 3 7 29 3
0.656667 0 6 26 3
0.663333 39 344 2389 167
0.67 0 0 0 0
0.676667 0 0 0 0
0.683333 0 0 0 0
0.69 0 0 0 0
0.696667 0 0 0 0
0.703333 0 0 0 0
0.71 0 0 0 0
0.716667 0 0 0 0
0.723333 0 0 0 0
0.73 0 0 0 0
0.736667 0 0 0 0
0.743333 0 0 0 0
0.75 0 0 0 0
0.756667 0 0 0 0
0.763333 0 0 0 0
0.77 0 0 0 0
0.776667 0 0 0 0
0.783333 0 0 0 0
0.79 0 0 0 0
0.796667 0 0 0 0
0.803333 0 0 0 0
0.81 0 0 0 0
0.816667 0 0 0 0
0.823333 0 0 0 0
0.83 0 0 0 0
0.836667 0 0 0 0
0.843333 0 0 0 0
0.85 0 0 0 0
0.856667 0 0 0 0
0.863333 0 0 0 0
0.87 0 0 0 0
0.876667 0 0 0 0
0.883333 0 0 0 0
0.89 0 0 0 0
0.896667 0 0 0 0
0.903333 0 0 0 0
0.91 0 0 0 0
0.916667 0 0 0 0
0.923333 0 0 0 0
0.93 0 0 0 0
0.936667 0 0 0 0
0.943333 0 0 0 0
0.95 0 0 0 0
0.956667 0 0 0 0
0.963333 0 0 0 0
0.97 0 0 0 0
0.976667 0 0 0 0
0.983333 0 0 0 0
0.99 0 0 0 0
0.996667 0 0 0 0
1.00333 0 0 0 0
1.01 0 0 0 0
1.01667 0 0 0 0
1.02333 0 0 0 0
1.03 0 0 0 0
1.03667 0 0 0 0
1.04333 0 0 0 0
1.05 0 0 0 0
1.05667 0 0 0 0
1.06333 0 0 0 0
1.07 0 0 0 0
1.07667 0 0 0 0
1.08333 0 0 0 0
1.09 0 0 0 0
1.09667 0 0 0 0
1.10333 0 0 0 0
1.11 0 0 0 0
1.11667 0 0 0 0
1.12333 0 0 0 0
1.13 0 0 0 0
1.13667 0 0 0 0
1.14333 0 0 0 0
1.15 0 0 0 0
1.15667 0 0 0 0
1.16333 0 0 0 0
1.17 0 0 0 0
1.17667 0 0 0 0
1.18333 0 0 0 0
1.19 0 0 0 0
1.19667 0 0 0 0
1.20333 0 0 0 0
1.21 0 0 0 0
1.21667 0 0 0 0
1.22333 0 0 0 0
1.23 0 0 0 0
1.23667 0 0 0 0
1.24333 0 0 0 0
1.25 0 0 0 0
1.25667 0 0 0 0
1.26333 0 0 0 0
1.27 0 0 0 0
1.27667 0 0 0 0
1.28333 0 0 0 0
1.29 0 0 0 0
1.29667 0 0 0 0
1.30333 0 0 0 0
1.31 0 0 0 0
1.31667 0 0 0 0
1.32333 0 0 0 0
1.33 0 0 0 0
1.33667 0 0 0 0
1.34333 0 0 0 0
1.35 0 0 0 0
1.35667 0 0 0 0
1.36333 0 0 0 0
1.37 0 0 0 0
1.37667 0 0 0 0
1.38333 0 0 0 0
1.39 0 0 0 0
1.39667 0 0 0 0
1.40333 0 0 0 0
1.41 0 0 0 0
1.41667 0 0 0 0
1.42333 0 0 0 0
1.43 0 0 0 0
1.43667 0 0 0 0
1.44333 0 0 0 0
1.45 0 0 0 0
1.45667 0 0 0 0
1.46333 0 0 0 0
1.47 0 0 0 0
1.47667 0 0 0 0
1.48333 0 0 0 0
1.49 0 0 0 0
1.49667 0 0 0 0
1.50333 0 0 0 0
1.51 0 0 0 0
1.51667 0 0 0 0
1.52333 0 0 0 0
1.53 0 0 0 0
1.53667 0 0 0 0
1.54333 0 0 0 0
1.55 0 0 0 0
1.55667 0 0 0 0
1.56333 0 0 0 0
1.57 0 0 0 0
1.57667 0 0 0 0
1.58333 0 0 0 0
1.59 0 0 0 0
1.59667 0 0 0 0
1.60333 0 0 0 0
1.61 0 0 0 0
1.61667 0 0 0 0
1.62333 0 0 0 0
1.63 0 0 0 0
1.63667 0 0 0 0
1.64333 0 0 0 0
1.65 0 0 0 0
1.65667 0 0 0 0
1.66333 0 0 0 0
1.67 0 0 0 0
1.67667 0 0 0 0
1.68333 0 0 0 0
1.69 0 0 0 0
1.69667 0 0 0 0
1.70333 0 0 0 0
1.71 0 0 0 0
1.71667 0 0 0 0
1.72333 0 0 0 0
1.73 0 0 0 0
1.73667 0 0 0 0
1.74333 0 0 0 0
1.75 0 0 0 0
1.75667 0 0 0 0
1.76333 0 0 0 0
1.77 0 0 0 0
1.77667 0 0 0 0
1.78333 0 0 0 0
1.79 0 0 0 0
1.79667 0 0 0 0
1.80333 0 0 0 0
1.81 0 0 0 0
1.81667 0 0 0 0
1.82333 0 0 0 0
1.83 0 0 0 0
1.83667 0 0 0 0
1.84333 0 0 0 0
1.85 0 0 0 0
1.85667 0 0 0 0
1.86333 0 0 0 0
1.87 0 0 0 0
1.87667 0 0 0 0
1.88333 0 0 0 0
1.89 0 0 0 0
1.89667 0 0 0 0
1.90333 0 0 0 0
1.91 0 0 0 0
1.91667 0 0 0 0
1.92333 0 0 0 0
1.93 0 0 0 0
1.93667 0 0 0 0
1.94333 0 0 0 0
1.95 0 0 0 0
1.95667 0 0 0 0
1.96333 0 0 0 0
1.97 0 0 0 0
1.97667 0 0 0 0
1.98333 0 0 0 0
1.99 0 0 0 0
1.99667 0 0 0 0
