0.00333333 1 11 17 48
0.01 6 11 27 75
0.0166667 3 12 31 72
0.0233333 2 9 31 54
0.03 2 14 32 69
0.0366667 2 16 41 70
0.0433333 4 14 71 105
0.05 5 12 84 110
0.0566667 3 15 99 91
0.0633333 8 13 98 147
0.07 7 36 81 131
0.0766667 7 23 93 138
0.0833333 4 22 78 141
0.09 6 21 86 153
0.0966667 7 26 89 132
0.103333 6 24 112 139
0.11 6 24 96 139
0.116667 4 25 97 152
0.123333 8 12 81 162
0.13 5 22 74 163
0.136667 6 20 73 132
0.143333 7 22 74 168
0.15 8 18 80 155
0.156667 2 13 66 163
0.163333 6 14 65 162
0.17 2 17 80 139
0.176667 7 17 60 133
0.183333 12 14 63 159
0.19 8 20 69 188
0.196667 6 18 55 171
0.203333 7 27 52 151
0.21 7 18 49 137
0.216667 6 20 60 141
0.223333 12 18 58 125
0.23 2 21 64 133
0.236667 5 15 44 122
0.243333 3 21 50 121
0.25 10 24 53 128
0.256667 4 21 35 121
0.263333 3 17 40 117
0.27 3 17 42 124
0.276667 3 12 33 104
0.283333 1 17 40 89
0.29 7 21 34 78
0.296667 2 18 32 90
0.303333 7 12 39 86
0.31 3 10 40 95
0.316667 0 9 31 80
0.323333 6 17 35 83
0.33 6 6 40 82
0.336667 4 15 48 71
0.343333 6 10 30 72
0.35 4 11 28 71
0.356667 3 8 30 77
0.363333 3 15 21 75
0.37 0 6 32 68
0.376667 0 9 27 70
0.383333 3 11 33 76
0.39 4 12 35 65
0.396667 4 9 33 65
0.403333 5 11 33 66
0.41 7 11 35 70
0.416667 6 13 26 68
0.423333 7 15 28 57
0.43 3 13 27 61
0.436667 2 11 31 65
0.443333 2 11 32 50
0.45 1 8 21 63
0.456667 5 11 32 60
0.463333 5 11 20 79
0.47 6 16 18 51
0.476667 4 14 20 53
0.483333 2 5 15 40
0.49 1 9 24 36
0.496667 5 4 21 45
0.503333 1 8 9 36
0.51 4 3 18 31
0.516667 1 9 27 25
0.523333 2 5 22 32
0.53 2 8 17 28
0.536667 1 2 12 37
0.543333 2 8 13 33
0.55 3 4 26 31
0.556667 0 10 21 32
0.563333 3 7 15 31
0.57 3 8 19 27
0.576667 2 9 7 40
0.583333 2 7 20 34
0.59 4 3 17 23
0.596667 3 8 8 16
0.603333 3 9 10 27
0.61 2 3 15 25
0.616667 2 2 15 27
0.623333 2 8 10 30
0.63 3 3 10 27
0.636667 1 7 21 26
0.643333 6 6 11 29
0.65 4 6 15 25
0.656667 1 4 5 21
0.663333 90 331 513 2481
0.67 0 0 0 0
0.676667 0 0 0 0
0.683333 0 0 0 0
0.69 0 0 0 0
0.696667 0 0 0 0
0.703333 0 0 0 0
0.71 0 0 0 0
0.716667 0 0 0 0
0.723333 0 0 0 0
0.73 0 0 0 0
0.736667 0 0 0 0
0.743333 0 0 0 0
0.75 0 0 0 0
0.756667 0 0 0 0
0.763333 0 0 0 0
0.77 0 0 0 0
0.776667 0 0 0 0
0.783333 0 0 0 0
0.79 0 0 0 0
0.796667 0 0 0 0
0.803333 0 0 0 0
0.81 0 0 0 0
0.816667 0 0 0 0
0.823333 0 0 0 0
0.83 0 0 0 0
0.836667 0 0 0 0
0.843333 0 0 0 0
0.85 0 0 0 0
0.856667 0 0 0 0
0.863333 0 0 0 0
0.87 0 0 0 0
0.876667 0 0 0 0
0.883333 0 0 0 0
0.89 0 0 0 0
0.896667 0 0 0 0
0.903333 0 0 0 0
0.91 0 0 0 0
0.916667 0 0 0 0
0.923333 0 0 0 0
0.93 0 0 0 0
0.936667 0 0 0 0
0.943333 0 0 0 0
0.95 0 0 0 0
0.956667 0 0 0 0
0.963333 0 0 0 0
0.97 0 0 0 0
0.976667 0 0 0 0
0.983333 0 0 0 0
0.99 0 0 0 0
0.996667 0 0 0 0
1.00333 0 0 0 0
1.01 0 0 0 0
1.01667 0 0 0 0
1.02333 0 0 0 0
1.03 0 0 0 0
1.03667 0 0 0 0
1.04333 0 0 0 0
1.05 0 0 0 0
1.05667 0 0 0 0
1.06333 0 0 0 0
1.07 0 0 0 0
1.07667 0 0 0 0
1.08333 0 0 0 0
1.09 0 0 0 0
1.09667 0 0 0 0
1.10333 0 0 0 0
1.11 0 0 0 0
1.11667 0 0 0 0
1.12333 0 0 0 0
1.13 0 0 0 0
1.13667 0 0 0 0
1.14333 0 0 0 0
1.15 0 0 0 0
1.15667 0 0 0 0
1.16333 0 0 0 0
1.17 0 0 0 0
1.17667 0 0 0 0
1.18333 0 0 0 0
1.19 0 0 0 0
1.19667 0 0 0 0
1.20333 0 0 0 0
1.21 0 0 0 0
1.21667 0 0 0 0
1.22333 0 0 0 0
1.23 0 0 0 0
1.23667 0 0 0 0
1.24333 0 0 0 0
1.25 0 0 0 0
1.25667 0 0 0 0
1.26333 0 0 0 0
1.27 0 0 0 0
1.27667 0 0 0 0
1.28333 0 0 0 0
1.29 0 0 0 0
1.29667 0 0 0 0
1.30333 0 0 0 0
1.31 0 0 0 0
1.31667 0 0 0 0
1.32333 0 0 0 0
1.33 0 0 0 0
1.33667 0 0 0 0
1.34333 0 0 0 0
1.35 0 0 0 0
1.35667 0 0 0 0
1.36333 0 0 0 0
1.37 0 0 0 0
1.37667 0 0 0 0
1.38333 0 0 0 0
1.39 0 0 0 0
1.39667 0 0 0 0
1.40333 0 0 0 0
1.41 0 0 0 0
1.41667 0 0 0 0
1.42333 0 0 0 0
1.43 0 0 0 0
1.43667 0 0 0 0
1.44333 0 0 0 0
1.45 0 0 0 0
1.45667 0 0 0 0
1.46333 0 0 0 0
1.47 0 0 0 0
1.47667 0 0 0 0
1.48333 0 0 0 0
1.49 0 0 0 0
1.49667 0 0 0 0
1.50333 0 0 0 0
1.51 0 0 0 0
1.51667 0 0 0 0
1.52333 0 0 0 0
1.53 0 0 0 0
1.53667 0 0 0 0
1.54333 0 0 0 0
1.55 0 0 0 0
1.55667 0 0 0 0
1.56333 0 0 0 0
1.57 0 0 0 0
1.57667 0 0 0 0
1.58333 0 0 0 0
1.59 0 0 0 0
1.59667 0 0 0 0
1.60333 0 0 0 0
1.61 0 0 0 0
1.61667 0 0 0 0
1.62333 0 0 0 0
1.63 0 0 0 0
1.63667 0 0 0 0
1.64333 0 0 0 0
1.65 0 0 0 0
1.65667 0 0 0 0
1.66333 0 0 0 0
1.67 0 0 0 0
1.67667 0 0 0 0
1.68333 0 0 0 0
1.69 0 0 0 0
1.69667 0 0 0 0
1.70333 0 0 0 0
1.71 0 0 0 0
1.71667 0 0 0 0
1.72333 0 0 0 0
1.73 0 0 0 0
1.73667 0 0 0 0
1.74333 0 0 0 0
1.75 0 0 0 0
1.75667 0 0 0 0
1.76333 0 0 0 0
1.77 0 0 0 0
1.77667 0 0 0 0
1.78333 0 0 0 0
1.79 0 0 0 0
1.79667 0 0 0 0
1.80333 0 0 0 0
1.81 0 0 0 0
1.81667 0 0 0 0
1.82333 0 0 0 0
1.83 0 0 0 0
1.83667 0 0 0 0
1.84333 0 0 0 0
1.85 0 0 0 0
1.85667 0 0 0 0
1.86333 0 0 0 0
1.87 0 0 0 0
1.87667 0 0 0 0
1.88333 0 0 0 0
1.89 0 0 0 0
1.89667 0 0 0 0
1.90333 0 0 0 0
1.91 0 0 0 0
1.91667 0 0 0 0
1.92333 0 0 0 0
1.93 0 0 0 0
1.93667 0 0 0 0
1.94333 0 0 0 0
1.95 0 0 0 0
1.95667 0 0 0 0
1.96333 0 0 0 0
1.97 0 0 0 0
1.97667 0 0 0 0
1.98333 0 0 0 0
1.99 0 0 0 0
1.99667 0 0 0 0
