0.00333333 26 61 9 1
0.01 29 114 10 1
0.0166667 33 107 8 2
0.0233333 30 110 3 1
0.03 39 103 7 1
0.0366667 42 134 6 1
0.0433333 75 189 10 1
0.05 71 189 14 3
0.0566667 88 244 19 0
0.0633333 105 259 11 2
0.07 103 251 10 4
0.0766667 110 262 19 2
0.0833333 106 317 25 3
0.09 102 317 18 4
0.0966667 104 302 20 6
0.103333 110 293 16 6
0.11 95 306 22 3
0.116667 110 289 18 7
0.123333 86 349 20 3
0.13 92 297 27 6
0.136667 85 295 13 2
0.143333 90 280 16 1
0.15 75 276 23 3
0.156667 65 290 18 4
0.163333 73 250 13 1
0.17 70 264 18 3
0.176667 67 270 19 3
0.183333 59 271 16 0
0.19 64 298 25 2
0.196667 67 291 12 1
0.203333 68 290 17 4
0.21 72 287 6 1
0.216667 54 270 15 4
0.223333 58 238 12 1
0.23 53 215 13 1
0.236667 54 205 11 0
0.243333 55 208 15 1
0.25 63 196 16 2
0.256667 42 204 17 1
0.263333 59 187 12 1
0.27 34 193 7 3
0.276667 55 185 10 2
0.283333 29 152 9 1
0.29 35 134 9 1
0.296667 40 177 11 2
0.303333 44 143 8 1
0.31 35 153 13 0
0.316667 42 114 15 1
0.323333 40 120 12 1
0.33 33 143 11 1
0.336667 31 133 14 1
0.343333 40 103 7 2
0.35 30 121 14 2
0.356667 24 131 11 1
0.363333 30 127 10 1
0.37 27 120 10 0
0.376667 29 105 14 4
0.383333 29 110 10 1
0.39 22 120 9 3
0.396667 33 106 7 0
0.403333 40 120 12 1
0.41 31 111 6 0
0.416667 27 91 13 3
0.423333 34 110 11 0
0.43 24 97 12 1
0.436667 20 116 12 0
0.443333 22 114 3 0
0.45 21 85 11 1
0.456667 28 107 7 1
0.463333 24 102 4 1
0.47 25 94 9 0
0.476667 28 81 11 1
0.483333 16 51 0 0
0.49 28 80 4 2
0.496667 19 58 5 2
0.503333 17 53 8 2
0.51 17 64 12 0
0.516667 15 50 5 1
0.523333 18 50 4 1
0.53 13 52 4 0
0.536667 20 59 5 3
0.543333 14 47 3 0
0.55 11 40 3 2
0.556667 14 57 6 1
0.563333 14 41 5 1
0.57 18 38 5 0
0.576667 15 51 6 1
0.583333 18 39 3 1
0.59 13 44 5 1
0.596667 14 43 7 1
0.603333 17 48 6 0
0.61 15 45 5 0
0.616667 9 37 4 1
0.623333 11 36 6 0
0.63 15 46 4 1
0.636667 10 55 2 0
0.643333 11 36 8 2
0.65 10 35 7 0
0.656667 12 36 3 1
0.663333 531 3693 170 9
0.67 0 0 0 0
0.676667 0 0 0 0
0.683333 0 0 0 0
0.69 0 0 0 0
0.696667 0 0 0 0
0.703333 0 0 0 0
0.71 0 0 0 0
0.716667 0 0 0 0
0.723333 0 0 0 0
0.73 0 0 0 0
0.736667 0 0 0 0
0.743333 0 0 0 0
0.75 0 0 0 0
0.756667 0 0 0 0
0.763333 0 0 0 0
0.77 0 0 0 0
0.776667 0 0 0 0
0.783333 0 0 0 0
0.79 0 0 0 0
0.796667 0 0 0 0
0.803333 0 0 0 0
0.81 0 0 0 0
0.816667 0 0 0 0
0.823333 0 0 0 0
0.83 0 0 0 0
0.836667 0 0 0 0
0.843333 0 0 0 0
0.85 0 0 0 0
0.856667 0 0 0 0
0.863333 0 0 0 0
0.87 0 0 0 0
0.876667 0 0 0 0
0.883333 0 0 0 0
0.89 0 0 0 0
0.896667 0 0 0 0
0.903333 0 0 0 0
0.91 0 0 0 0
0.916667 0 0 0 0
0.923333 0 0 0 0
0.93 0 0 0 0
0.936667 0 0 0 0
0.943333 0 0 0 0
0.95 0 0 0 0
0.956667 0 0 0 0
0.963333 0 0 0 0
0.97 0 0 0 0
0.976667 0 0 0 0
0.983333 0 0 0 0
0.99 0 0 0 0
0.996667 0 0 0 0
1.00333 0 0 0 0
1.01 0 0 0 0
1.01667 0 0 0 0
1.02333 0 0 0 0
1.03 0 0 0 0
1.03667 0 0 0 0
1.04333 0 0 0 0
1.05 0 0 0 0
1.05667 0 0 0 0
1.06333 0 0 0 0
1.07 0 0 0 0
1.07667 0 0 0 0
1.08333 0 0 0 0
1.09 0 0 0 0
1.09667 0 0 0 0
1.10333 0 0 0 0
1.11 0 0 0 0
1.11667 0 0 0 0
1.12333 0 0 0 0
1.13 0 0 0 0
1.13667 0 0 0 0
1.14333 0 0 0 0
1.15 0 0 0 0
1.15667 0 0 0 0
1.16333 0 0 0 0
1.17 0 0 0 0
1.17667 0 0 0 0
1.18333 0 0 0 0
1.19 0 0 0 0
1.19667 0 0 0 0
1.20333 0 0 0 0
1.21 0 0 0 0
1.21667 0 0 0 0
1.22333 0 0 0 0
1.23 0 0 0 0
1.23667 0 0 0 0
1.24333 0 0 0 0
1.25 0 0 0 0
1.25667 0 0 0 0
1.26333 0 0 0 0
1.27 0 0 0 0
1.27667 0 0 0 0
1.28333 0 0 0 0
1.29 0 0 0 0
1.29667 0 0 0 0
1.30333 0 0 0 0
1.31 0 0 0 0
1.31667 0 0 0 0
1.32333 0 0 0 0
1.33 0 0 0 0
1.33667 0 0 0 0
1.34333 0 0 0 0
1.35 0 0 0 0
1.35667 0 0 0 0
1.36333 0 0 0 0
1.37 0 0 0 0
1.37667 0 0 0 0
1.38333 0 0 0 0
1.39 0 0 0 0
1.39667 0 0 0 0
1.40333 0 0 0 0
1.41 0 0 0 0
1.41667 0 0 0 0
1.42333 0 0 0 0
1.43 0 0 0 0
1.43667 0 0 0 0
1.44333 0 0 0 0
1.45 0 0 0 0
1.45667 0 0 0 0
1.46333 0 0 0 0
1.47 0 0 0 0
1.47667 0 0 0 0
1.48333 0 0 0 0
1.49 0 0 0 0
1.49667 0 0 0 0
1.50333 0 0 0 0
1.51 0 0 0 0
1.51667 0 0 0 0
1.52333 0 0 0 0
1.53 0 0 0 0
1.53667 0 0 0 0
1.54333 0 0 0 0
1.55 0 0 0 0
1.55667 0 0 0 0
1.56333 0 0 0 0
1.57 0 0 0 0
1.57667 0 0 0 0
1.58333 0 0 0 0
1.59 0 0 0 0
1.59667 0 0 0 0
1.60333 0 0 0 0
1.61 0 0 0 0
1.61667 0 0 0 0
1.62333 0 0 0 0
1.63 0 0 0 0
1.63667 0 0 0 0
1.64333 0 0 0 0
1.65 0 0 0 0
1.65667 0 0 0 0
1.66333 0 0 0 0
1.67 0 0 0 0
1.67667 0 0 0 0
1.68333 0 0 0 0
1.69 0 0 0 0
1.69667 0 0 0 0
1.70333 0 0 0 0
1.71 0 0 0 0
1.71667 0 0 0 0
1.72333 0 0 0 0
1.73 0 0 0 0
1.73667 0 0 0 0
1.74333 0 0 0 0
1.75 0 0 0 0
1.75667 0 0 0 0
1.76333 0 0 0 0
1.77 0 0 0 0
1.77667 0 0 0 0
1.78333 0 0 0 0
1.79 0 0 0 0
1.79667 0 0 0 0
1.80333 0 0 0 0
1.81 0 0 0 0
1.81667 0 0 0 0
1.82333 0 0 0 0
1.83 0 0 0 0
1.83667 0 0 0 0
1.84333 0 0 0 0
1.85 0 0 0 0
1.85667 0 0 0 0
1.86333 0 0 0 0
1.87 0 0 0 0
1.87667 0 0 0 0
1.88333 0 0 0 0
1.89 0 0 0 0
1.89667 0 0 0 0
1.90333 0 0 0 0
1.91 0 0 0 0
1.91667 0 0 0 0
1.92333 0 0 0 0
1.93 0 0 0 0
1.93667 0 0 0 0
1.94333 0 0 0 0
1.95 0 0 0 0
1.95667 0 0 0 0
1.96333 0 0 0 0
1.97 0 0 0 0
1.97667 0 0 0 0
1.98333 0 0 0 0
1.99 0 0 0 0
1.99667 0 0 0 0
