0.00333333 7 44 21 6
0.01 6 50 24 2
0.0166667 14 60 29 5
0.0233333 17 53 27 4
0.03 15 78 26 6
0.0366667 22 84 38 7
0.0433333 24 122 30 11
0.05 26 135 61 9
0.0566667 29 198 62 12
0.0633333 49 164 55 12
0.07 60 194 82 16
0.0766667 30 208 108 12
0.0833333 39 192 73 10
0.09 60 205 86 13
0.0966667 41 214 79 13
0.103333 43 218 81 14
0.11 37 205 90 11
0.116667 42 222 74 8
0.123333 36 202 62 11
0.13 28 205 58 7
0.136667 50 167 54 15
0.143333 27 194 62 8
0.15 32 177 61 5
0.156667 26 133 74 6
0.163333 33 153 46 13
0.17 31 159 54 8
0.176667 40 148 56 14
0.183333 39 153 57 10
0.19 26 159 52 7
0.196667 28 164 56 12
0.203333 34 167 53 10
0.21 31 145 62 8
0.216667 18 131 50 13
0.223333 23 137 49 8
0.23 20 116 51 6
0.236667 23 140 48 11
0.243333 19 103 48 3
0.25 26 124 35 10
0.256667 19 109 44 6
0.263333 20 103 34 7
0.27 20 80 33 7
0.276667 23 119 37 7
0.283333 18 102 34 7
0.29 14 96 26 2
0.296667 15 93 33 5
0.303333 13 82 34 5
0.31 14 89 28 5
0.316667 21 71 27 3
0.323333 14 77 26 3
0.33 22 89 27 6
0.336667 17 73 27 2
0.343333 4 66 21 4
0.35 13 94 36 2
0.356667 15 72 23 7
0.363333 12 64 22 3
0.37 13 61 18 4
0.376667 15 46 27 6
0.383333 19 66 27 5
0.39 7 58 26 2
0.396667 13 73 20 3
0.403333 12 62 27 5
0.41 16 76 27 8
0.416667 11 56 25 8
0.423333 12 57 27 2
0.43 15 54 18 1
0.436667 12 56 19 3
0.443333 16 35 18 5
0.45 14 58 20 4
0.456667 13 59 28 9
0.463333 14 63 31 0
0.47 11 57 17 4
0.476667 9 39 19 0
0.483333 13 32 14 5
0.49 5 29 16 6
0.496667 10 24 9 1
0.503333 9 27 15 3
0.51 10 38 12 1
0.516667 6 31 14 5
0.523333 6 30 8 0
0.53 9 25 9 3
0.536667 9 23 12 7
0.543333 7 36 18 3
0.55 7 33 11 0
0.556667 2 27 6 2
0.563333 9 29 11 3
0.57 6 34 10 4
0.576667 5 25 19 6
0.583333 8 21 14 4
0.59 2 29 7 2
0.596667 8 25 10 2
0.603333 4 20 5 0
0.61 7 28 5 0
0.616667 4 18 10 3
0.623333 4 12 8 2
0.63 12 25 8 2
0.636667 4 26 9 2
0.643333 0 25 13 3
0.65 1 28 12 4
0.656667 4 30 12 0
0.663333 205 1422 496 40
0.67 0 0 0 0
0.676667 0 0 0 0
0.683333 0 0 0 0
0.69 0 0 0 0
0.696667 0 0 0 0
0.703333 0 0 0 0
0.71 0 0 0 0
0.716667 0 0 0 0
0.723333 0 0 0 0
0.73 0 0 0 0
0.736667 0 0 0 0
0.743333 0 0 0 0
0.75 0 0 0 0
0.756667 0 0 0 0
0.763333 0 0 0 0
0.77 0 0 0 0
0.776667 0 0 0 0
0.783333 0 0 0 0
0.79 0 0 0 0
0.796667 0 0 0 0
0.803333 0 0 0 0
0.81 0 0 0 0
0.816667 0 0 0 0
0.823333 0 0 0 0
0.83 0 0 0 0
0.836667 0 0 0 0
0.843333 0 0 0 0
0.85 0 0 0 0
0.856667 0 0 0 0
0.863333 0 0 0 0
0.87 0 0 0 0
0.876667 0 0 0 0
0.883333 0 0 0 0
0.89 0 0 0 0
0.896667 0 0 0 0
0.903333 0 0 0 0
0.91 0 0 0 0
0.916667 0 0 0 0
0.923333 0 0 0 0
0.93 0 0 0 0
0.936667 0 0 0 0
0.943333 0 0 0 0
0.95 0 0 0 0
0.956667 0 0 0 0
0.963333 0 0 0 0
0.97 0 0 0 0
0.976667 0 0 0 0
0.983333 0 0 0 0
0.99 0 0 0 0
0.996667 0 0 0 0
1.00333 0 0 0 0
1.01 0 0 0 0
1.01667 0 0 0 0
1.02333 0 0 0 0
1.03 0 0 0 0
1.03667 0 0 0 0
1.04333 0 0 0 0
1.05 0 0 0 0
1.05667 0 0 0 0
1.06333 0 0 0 0
1.07 0 0 0 0
1.07667 0 0 0 0
1.08333 0 0 0 0
1.09 0 0 0 0
1.09667 0 0 0 0
1.10333 0 0 0 0
1.11 0 0 0 0
1.11667 0 0 0 0
1.12333 0 0 0 0
1.13 0 0 0 0
1.13667 0 0 0 0
1.14333 0 0 0 0
1.15 0 0 0 0
1.15667 0 0 0 0
1.16333 0 0 0 0
1.17 0 0 0 0
1.17667 0 0 0 0
1.18333 0 0 0 0
1.19 0 0 0 0
1.19667 0 0 0 0
1.20333 0 0 0 0
1.21 0 0 0 0
1.21667 0 0 0 0
1.22333 0 0 0 0
1.23 0 0 0 0
1.23667 0 0 0 0
1.24333 0 0 0 0
1.25 0 0 0 0
1.25667 0 0 0 0
1.26333 0 0 0 0
1.27 0 0 0 0
1.27667 0 0 0 0
1.28333 0 0 0 0
1.29 0 0 0 0
1.29667 0 0 0 0
1.30333 0 0 0 0
1.31 0 0 0 0
1.31667 0 0 0 0
1.32333 0 0 0 0
1.33 0 0 0 0
1.33667 0 0 0 0
1.34333 0 0 0 0
1.35 0 0 0 0
1.35667 0 0 0 0
1.36333 0 0 0 0
1.37 0 0 0 0
1.37667 0 0 0 0
1.38333 0 0 0 0
1.39 0 0 0 0
1.39667 0 0 0 0
1.40333 0 0 0 0
1.41 0 0 0 0
1.41667 0 0 0 0
1.42333 0 0 0 0
1.43 0 0 0 0
1.43667 0 0 0 0
1.44333 0 0 0 0
1.45 0 0 0 0
1.45667 0 0 0 0
1.46333 0 0 0 0
1.47 0 0 0 0
1.47667 0 0 0 0
1.48333 0 0 0 0
1.49 0 0 0 0
1.49667 0 0 0 0
1.50333 0 0 0 0
1.51 0 0 0 0
1.51667 0 0 0 0
1.52333 0 0 0 0
1.53 0 0 0 0
1.53667 0 0 0 0
1.54333 0 0 0 0
1.55 0 0 0 0
1.55667 0 0 0 0
1.56333 0 0 0 0
1.57 0 0 0 0
1.57667 0 0 0 0
1.58333 0 0 0 0
1.59 0 0 0 0
1.59667 0 0 0 0
1.60333 0 0 0 0
1.61 0 0 0 0
1.61667 0 0 0 0
1.62333 0 0 0 0
1.63 0 0 0 0
1.63667 0 0 0 0
1.64333 0 0 0 0
1.65 0 0 0 0
1.65667 0 0 0 0
1.66333 0 0 0 0
1.67 0 0 0 0
1.67667 0 0 0 0
1.68333 0 0 0 0
1.69 0 0 0 0
1.69667 0 0 0 0
1.70333 0 0 0 0
1.71 0 0 0 0
1.71667 0 0 0 0
1.72333 0 0 0 0
1.73 0 0 0 0
1.73667 0 0 0 0
1.74333 0 0 0 0
1.75 0 0 0 0
1.75667 0 0 0 0
1.76333 0 0 0 0
1.77 0 0 0 0
1.77667 0 0 0 0
1.78333 0 0 0 0
1.79 0 0 0 0
1.79667 0 0 0 0
1.80333 0 0 0 0
1.81 0 0 0 0
1.81667 0 0 0 0
1.82333 0 0 0 0
1.83 0 0 0 0
1.83667 0 0 0 0
1.84333 0 0 0 0
1.85 0 0 0 0
1.85667 0 0 0 0
1.86333 0 0 0 0
1.87 0 0 0 0
1.87667 0 0 0 0
1.88333 0 0 0 0
1.89 0 0 0 0
1.89667 0 0 0 0
1.90333 0 0 0 0
1.91 0 0 0 0
1.91667 0 0 0 0
1.92333 0 0 0 0
1.93 0 0 0 0
1.93667 0 0 0 0
1.94333 0 0 0 0
1.95 0 0 0 0
1.95667 0 0 0 0
1.96333 0 0 0 0
1.97 0 0 0 0
1.97667 0 0 0 0
1.98333 0 0 0 0
1.99 0 0 0 0
1.99667 0 0 0 0
