0.00333333 11 82 10 0
0.01 18 118 14 1
0.0166667 26 102 17 1
0.0233333 24 100 4 1
0.03 27 103 7 2
0.0366667 38 138 8 1
0.0433333 55 184 10 0
0.05 64 193 16 1
0.0566667 72 250 26 1
0.0633333 83 264 19 5
0.07 77 250 24 1
0.0766667 99 267 25 3
0.0833333 94 308 29 1
0.09 80 288 23 7
0.0966667 91 277 27 3
0.103333 104 295 27 3
0.11 90 301 19 2
0.116667 86 280 19 5
0.123333 74 331 30 1
0.13 73 296 30 5
0.136667 76 319 14 4
0.143333 69 274 17 0
0.15 60 271 21 3
0.156667 61 274 29 2
0.163333 50 234 18 3
0.17 58 248 16 3
0.176667 46 253 26 2
0.183333 54 280 20 0
0.19 58 271 26 1
0.196667 51 275 24 3
0.203333 49 297 21 2
0.21 57 272 15 4
0.216667 41 262 18 0
0.223333 55 265 17 2
0.23 45 237 19 2
0.236667 54 196 19 2
0.243333 41 196 19 1
0.25 42 180 14 2
0.256667 42 223 22 1
0.263333 48 182 15 0
0.27 28 164 12 1
0.276667 40 161 14 5
0.283333 29 155 11 4
0.29 32 133 17 1
0.296667 28 165 11 4
0.303333 40 146 8 1
0.31 30 146 14 1
0.316667 37 121 11 1
0.323333 44 125 9 1
0.33 24 129 18 1
0.336667 31 119 12 1
0.343333 24 107 13 3
0.35 25 117 11 3
0.356667 17 127 11 2
0.363333 31 134 11 1
0.37 23 124 12 2
0.376667 27 99 9 3
0.383333 22 114 11 2
0.39 17 111 16 1
0.396667 26 100 8 0
0.403333 32 121 10 2
0.41 25 101 9 1
0.416667 24 96 11 1
0.423333 28 107 14 1
0.43 17 116 4 1
0.436667 17 102 15 2
0.443333 24 91 3 1
0.45 25 100 6 0
0.456667 20 101 12 1
0.463333 26 104 7 1
0.47 22 101 16 0
0.476667 22 88 9 1
0.483333 17 61 5 0
0.49 23 83 7 0
0.496667 17 54 5 2
0.503333 18 43 7 2
0.51 15 52 14 1
0.516667 13 58 8 2
0.523333 14 56 8 0
0.53 13 47 2 0
0.536667 18 59 6 4
0.543333 18 43 8 0
0.55 8 45 3 0
0.556667 15 57 6 0
0.563333 8 44 6 2
0.57 15 40 5 0
0.576667 11 47 3 1
0.583333 14 43 6 1
0.59 12 45 4 0
0.596667 13 39 8 1
0.603333 11 38 10 0
0.61 12 50 4 0
0.616667 9 40 5 1
0.623333 7 44 7 0
0.63 9 51 8 1
0.636667 11 51 3 1
0.643333 13 40 8 4
0.65 11 36 3 0
0.656667 10 34 5 1
0.663333 409 3692 242 5
0.67 0 0 0 0
0.676667 0 0 0 0
0.683333 0 0 0 0
0.69 0 0 0 0
0.696667 0 0 0 0
0.703333 0 0 0 0
0.71 0 0 0 0
0.716667 0 0 0 0
0.723333 0 0 0 0
0.73 0 0 0 0
0.736667 0 0 0 0
0.743333 0 0 0 0
0.75 0 0 0 0
0.756667 0 0 0 0
0.763333 0 0 0 0
0.77 0 0 0 0
0.776667 0 0 0 0
0.783333 0 0 0 0
0.79 0 0 0 0
0.796667 0 0 0 0
0.803333 0 0 0 0
0.81 0 0 0 0
0.816667 0 0 0 0
0.823333 0 0 0 0
0.83 0 0 0 0
0.836667 0 0 0 0
0.843333 0 0 0 0
0.85 0 0 0 0
0.856667 0 0 0 0
0.863333 0 0 0 0
0.87 0 0 0 0
0.876667 0 0 0 0
0.883333 0 0 0 0
0.89 0 0 0 0
0.896667 0 0 0 0
0.903333 0 0 0 0
0.91 0 0 0 0
0.916667 0 0 0 0
0.923333 0 0 0 0
0.93 0 0 0 0
0.936667 0 0 0 0
0.943333 0 0 0 0
0.95 0 0 0 0
0.956667 0 0 0 0
0.963333 0 0 0 0
0.97 0 0 0 0
0.976667 0 0 0 0
0.983333 0 0 0 0
0.99 0 0 0 0
0.996667 0 0 0 0
1.00333 0 0 0 0
1.01 0 0 0 0
1.01667 0 0 0 0
1.02333 0 0 0 0
1.03 0 0 0 0
1.03667 0 0 0 0
1.04333 0 0 0 0
1.05 0 0 0 0
1.05667 0 0 0 0
1.06333 0 0 0 0
1.07 0 0 0 0
1.07667 0 0 0 0
1.08333 0 0 0 0
1.09 0 0 0 0
1.09667 0 0 0 0
1.10333 0 0 0 0
1.11 0 0 0 0
1.11667 0 0 0 0
1.12333 0 0 0 0
1.13 0 0 0 0
1.13667 0 0 0 0
1.14333 0 0 0 0
1.15 0 0 0 0
1.15667 0 0 0 0
1.16333 0 0 0 0
1.17 0 0 0 0
1.17667 0 0 0 0
1.18333 0 0 0 0
1.19 0 0 0 0
1.19667 0 0 0 0
1.20333 0 0 0 0
1.21 0 0 0 0
1.21667 0 0 0 0
1.22333 0 0 0 0
1.23 0 0 0 0
1.23667 0 0 0 0
1.24333 0 0 0 0
1.25 0 0 0 0
1.25667 0 0 0 0
1.26333 0 0 0 0
1.27 0 0 0 0
1.27667 0 0 0 0
1.28333 0 0 0 0
1.29 0 0 0 0
1.29667 0 0 0 0
1.30333 0 0 0 0
1.31 0 0 0 0
1.31667 0 0 0 0
1.32333 0 0 0 0
1.33 0 0 0 0
1.33667 0 0 0 0
1.34333 0 0 0 0
1.35 0 0 0 0
1.35667 0 0 0 0
1.36333 0 0 0 0
1.37 0 0 0 0
1.37667 0 0 0 0
1.38333 0 0 0 0
1.39 0 0 0 0
1.39667 0 0 0 0
1.40333 0 0 0 0
1.41 0 0 0 0
1.41667 0 0 0 0
1.42333 0 0 0 0
1.43 0 0 0 0
1.43667 0 0 0 0
1.44333 0 0 0 0
1.45 0 0 0 0
1.45667 0 0 0 0
1.46333 0 0 0 0
1.47 0 0 0 0
1.47667 0 0 0 0
1.48333 0 0 0 0
1.49 0 0 0 0
1.49667 0 0 0 0
1.50333 0 0 0 0
1.51 0 0 0 0
1.51667 0 0 0 0
1.52333 0 0 0 0
1.53 0 0 0 0
1.53667 0 0 0 0
1.54333 0 0 0 0
1.55 0 0 0 0
1.55667 0 0 0 0
1.56333 0 0 0 0
1.57 0 0 0 0
1.57667 0 0 0 0
1.58333 0 0 0 0
1.59 0 0 0 0
1.59667 0 0 0 0
1.60333 0 0 0 0
1.61 0 0 0 0
1.61667 0 0 0 0
1.62333 0 0 0 0
1.63 0 0 0 0
1.63667 0 0 0 0
1.64333 0 0 0 0
1.65 0 0 0 0
1.65667 0 0 0 0
1.66333 0 0 0 0
1.67 0 0 0 0
1.67667 0 0 0 0
1.68333 0 0 0 0
1.69 0 0 0 0
1.69667 0 0 0 0
1.70333 0 0 0 0
1.71 0 0 0 0
1.71667 0 0 0 0
1.72333 0 0 0 0
1.73 0 0 0 0
1.73667 0 0 0 0
1.74333 0 0 0 0
1.75 0 0 0 0
1.75667 0 0 0 0
1.76333 0 0 0 0
1.77 0 0 0 0
1.77667 0 0 0 0
1.78333 0 0 0 0
1.79 0 0 0 0
1.79667 0 0 0 0
1.80333 0 0 0 0
1.81 0 0 0 0
1.81667 0 0 0 0
1.82333 0 0 0 0
1.83 0 0 0 0
1.83667 0 0 0 0
1.84333 0 0 0 0
1.85 0 0 0 0
1.85667 0 0 0 0
1.86333 0 0 0 0
1.87 0 0 0 0
1.87667 0 0 0 0
1.88333 0 0 0 0
1.89 0 0 0 0
1.89667 0 0 0 0
1.90333 0 0 0 0
1.91 0 0 0 0
1.91667 0 0 0 0
1.92333 0 0 0 0
1.93 0 0 0 0
1.93667 0 0 0 0
1.94333 0 0 0 0
1.95 0 0 0 0
1.95667 0 0 0 0
1.96333 0 0 0 0
1.97 0 0 0 0
1.97667 0 0 0 0
1.98333 0 0 0 0
1.99 0 0 0 0
1.99667 0 0 0 0
