0.00333333 27 124 3 2
0.01 31 130 2 2
0.0166667 36 162 3 0
0.0233333 38 163 3 0
0.03 38 200 3 2
0.0366667 40 197 9 2
0.0433333 66 257 7 0
0.05 81 273 12 3
0.0566667 83 323 13 3
0.0633333 98 335 29 5
0.07 117 351 19 5
0.0766667 107 402 16 4
0.0833333 128 427 30 1
0.09 93 449 19 0
0.0966667 104 415 20 3
0.103333 118 394 16 7
0.11 110 437 20 2
0.116667 105 430 13 5
0.123333 105 432 16 4
0.13 90 452 14 5
0.136667 99 400 13 6
0.143333 89 437 21 0
0.15 82 433 14 3
0.156667 73 436 9 5
0.163333 76 405 12 2
0.17 91 405 15 5
0.176667 58 434 15 1
0.183333 87 496 9 3
0.19 64 584 7 4
0.196667 78 548 15 1
0.203333 86 537 9 2
0.21 82 501 11 2
0.216667 60 437 17 4
0.223333 64 424 10 2
0.23 56 445 13 1
0.236667 48 348 14 2
0.243333 60 350 12 2
0.25 51 336 7 1
0.256667 71 292 8 2
0.263333 70 275 9 3
0.27 61 262 12 5
0.276667 53 286 10 5
0.283333 38 275 11 1
0.29 42 228 7 2
0.296667 48 240 12 2
0.303333 45 229 7 4
0.31 41 244 11 0
0.316667 38 196 10 3
0.323333 48 190 10 3
0.33 41 212 6 3
0.336667 47 201 6 3
0.343333 39 179 8 2
0.35 42 199 8 0
0.356667 38 172 2 3
0.363333 38 190 7 2
0.37 36 176 5 1
0.376667 31 189 6 1
0.383333 30 156 9 3
0.39 36 167 11 0
0.396667 28 168 2 1
0.403333 34 164 6 2
0.41 35 165 8 2
0.416667 26 159 7 1
0.423333 34 163 6 0
0.43 31 166 7 3
0.436667 38 173 8 2
0.443333 30 171 5 0
0.45 27 165 2 2
0.456667 27 210 5 3
0.463333 38 178 8 1
0.47 21 157 7 1
0.476667 32 154 2 1
0.483333 26 104 4 1
0.49 18 87 6 1
0.496667 14 84 4 4
0.503333 22 71 3 0
0.51 15 77 6 1
0.516667 14 72 9 0
0.523333 22 74 4 0
0.53 15 59 3 0
0.536667 18 92 1 2
0.543333 21 67 7 0
0.55 17 70 3 2
0.556667 20 58 4 1
0.563333 21 67 1 0
0.57 16 56 3 1
0.576667 10 68 4 0
0.583333 19 47 1 2
0.59 17 68 3 2
0.596667 16 53 7 1
0.603333 14 70 2 3
0.61 18 44 4 2
0.616667 18 46 2 2
0.623333 19 50 5 2
0.63 17 50 6 1
0.636667 15 71 4 0
0.643333 23 41 5 0
0.65 11 41 1 0
0.656667 15 39 5 1
0.663333 711 8132 112 23
0.67 0 0 0 0
0.676667 0 0 0 0
0.683333 0 0 0 0
0.69 0 0 0 0
0.696667 0 0 0 0
0.703333 0 0 0 0
0.71 0 0 0 0
0.716667 0 0 0 0
0.723333 0 0 0 0
0.73 0 0 0 0
0.736667 0 0 0 0
0.743333 0 0 0 0
0.75 0 0 0 0
0.756667 0 0 0 0
0.763333 0 0 0 0
0.77 0 0 0 0
0.776667 0 0 0 0
0.783333 0 0 0 0
0.79 0 0 0 0
0.796667 0 0 0 0
0.803333 0 0 0 0
0.81 0 0 0 0
0.816667 0 0 0 0
0.823333 0 0 0 0
0.83 0 0 0 0
0.836667 0 0 0 0
0.843333 0 0 0 0
0.85 0 0 0 0
0.856667 0 0 0 0
0.863333 0 0 0 0
0.87 0 0 0 0
0.876667 0 0 0 0
0.883333 0 0 0 0
0.89 0 0 0 0
0.896667 0 0 0 0
0.903333 0 0 0 0
0.91 0 0 0 0
0.916667 0 0 0 0
0.923333 0 0 0 0
0.93 0 0 0 0
0.936667 0 0 0 0
0.943333 0 0 0 0
0.95 0 0 0 0
0.956667 0 0 0 0
0.963333 0 0 0 0
0.97 0 0 0 0
0.976667 0 0 0 0
0.983333 0 0 0 0
0.99 0 0 0 0
0.996667 0 0 0 0
1.00333 0 0 0 0
1.01 0 0 0 0
1.01667 0 0 0 0
1.02333 0 0 0 0
1.03 0 0 0 0
1.03667 0 0 0 0
1.04333 0 0 0 0
1.05 0 0 0 0
1.05667 0 0 0 0
1.06333 0 0 0 0
1.07 0 0 0 0
1.07667 0 0 0 0
1.08333 0 0 0 0
1.09 0 0 0 0
1.09667 0 0 0 0
1.10333 0 0 0 0
1.11 0 0 0 0
1.11667 0 0 0 0
1.12333 0 0 0 0
1.13 0 0 0 0
1.13667 0 0 0 0
1.14333 0 0 0 0
1.15 0 0 0 0
1.15667 0 0 0 0
1.16333 0 0 0 0
1.17 0 0 0 0
1.17667 0 0 0 0
1.18333 0 0 0 0
1.19 0 0 0 0
1.19667 0 0 0 0
1.20333 0 0 0 0
1.21 0 0 0 0
1.21667 0 0 0 0
1.22333 0 0 0 0
1.23 0 0 0 0
1.23667 0 0 0 0
1.24333 0 0 0 0
1.25 0 0 0 0
1.25667 0 0 0 0
1.26333 0 0 0 0
1.27 0 0 0 0
1.27667 0 0 0 0
1.28333 0 0 0 0
1.29 0 0 0 0
1.29667 0 0 0 0
1.30333 0 0 0 0
1.31 0 0 0 0
1.31667 0 0 0 0
1.32333 0 0 0 0
1.33 0 0 0 0
1.33667 0 0 0 0
1.34333 0 0 0 0
1.35 0 0 0 0
1.35667 0 0 0 0
1.36333 0 0 0 0
1.37 0 0 0 0
1.37667 0 0 0 0
1.38333 0 0 0 0
1.39 0 0 0 0
1.39667 0 0 0 0
1.40333 0 0 0 0
1.41 0 0 0 0
1.41667 0 0 0 0
1.42333 0 0 0 0
1.43 0 0 0 0
1.43667 0 0 0 0
1.44333 0 0 0 0
1.45 0 0 0 0
1.45667 0 0 0 0
1.46333 0 0 0 0
1.47 0 0 0 0
1.47667 0 0 0 0
1.48333 0 0 0 0
1.49 0 0 0 0
1.49667 0 0 0 0
1.50333 0 0 0 0
1.51 0 0 0 0
1.51667 0 0 0 0
1.52333 0 0 0 0
1.53 0 0 0 0
1.53667 0 0 0 0
1.54333 0 0 0 0
1.55 0 0 0 0
1.55667 0 0 0 0
1.56333 0 0 0 0
1.57 0 0 0 0
1.57667 0 0 0 0
1.58333 0 0 0 0
1.59 0 0 0 0
1.59667 0 0 0 0
1.60333 0 0 0 0
1.61 0 0 0 0
1.61667 0 0 0 0
1.62333 0 0 0 0
1.63 0 0 0 0
1.63667 0 0 0 0
1.64333 0 0 0 0
1.65 0 0 0 0
1.65667 0 0 0 0
1.66333 0 0 0 0
1.67 0 0 0 0
1.67667 0 0 0 0
1.68333 0 0 0 0
1.69 0 0 0 0
1.69667 0 0 0 0
1.70333 0 0 0 0
1.71 0 0 0 0
1.71667 0 0 0 0
1.72333 0 0 0 0
1.73 0 0 0 0
1.73667 0 0 0 0
1.74333 0 0 0 0
1.75 0 0 0 0
1.75667 0 0 0 0
1.76333 0 0 0 0
1.77 0 0 0 0
1.77667 0 0 0 0
1.78333 0 0 0 0
1.79 0 0 0 0
1.79667 0 0 0 0
1.80333 0 0 0 0
1.81 0 0 0 0
1.81667 0 0 0 0
1.82333 0 0 0 0
1.83 0 0 0 0
1.83667 0 0 0 0
1.84333 0 0 0 0
1.85 0 0 0 0
1.85667 0 0 0 0
1.86333 0 0 0 0
1.87 0 0 0 0
1.87667 0 0 0 0
1.88333 0 0 0 0
1.89 0 0 0 0
1.89667 0 0 0 0
1.90333 0 0 0 0
1.91 0 0 0 0
1.91667 0 0 0 0
1.92333 0 0 0 0
1.93 0 0 0 0
1.93667 0 0 0 0
1.94333 0 0 0 0
1.95 0 0 0 0
1.95667 0 0 0 0
1.96333 0 0 0 0
1.97 0 0 0 0
1.97667 0 0 0 0
1.98333 0 0 0 0
1.99 0 0 0 0
1.99667 0 0 0 0
