0.00333333 47 60 4 2
0.01 50 48 4 9
0.0166667 52 50 3 3
0.0233333 49 73 3 2
0.03 71 91 8 2
0.0366667 74 119 4 2
0.0433333 92 140 11 4
0.05 129 150 8 5
0.0566667 129 192 15 6
0.0633333 148 221 16 5
0.07 154 211 14 5
0.0766667 150 224 16 3
0.0833333 153 235 16 9
0.09 164 227 22 7
0.0966667 195 229 13 11
0.103333 166 239 18 4
0.11 150 234 16 12
0.116667 173 235 20 12
0.123333 144 251 13 9
0.13 150 225 22 10
0.136667 149 218 17 4
0.143333 157 208 19 6
0.15 123 190 13 9
0.156667 154 191 19 5
0.163333 126 188 11 7
0.17 144 190 7 7
0.176667 158 184 9 8
0.183333 156 183 6 4
0.19 174 181 11 11
0.196667 149 173 8 7
0.203333 157 170 9 11
0.21 140 175 9 7
0.216667 124 177 8 10
0.223333 130 150 19 11
0.23 110 148 7 5
0.236667 118 152 16 3
0.243333 100 138 5 10
0.25 99 126 9 8
0.256667 73 120 5 8
0.263333 99 116 9 12
0.27 96 130 7 4
0.276667 102 133 6 3
0.283333 81 96 10 4
0.29 70 113 4 6
0.296667 95 89 4 7
0.303333 80 107 12 4
0.31 81 92 6 7
0.316667 64 84 2 7
0.323333 75 84 6 1
0.33 69 98 7 6
0.336667 57 81 9 8
0.343333 59 84 5 7
0.35 70 93 11 5
0.356667 60 69 5 6
0.363333 65 95 4 1
0.37 47 79 4 5
0.376667 64 64 10 10
0.383333 57 76 3 3
0.39 52 65 5 1
0.396667 49 49 2 4
0.403333 51 79 11 3
0.41 54 76 6 5
0.416667 50 58 7 5
0.423333 39 68 7 1
0.43 52 72 2 4
0.436667 52 61 3 2
0.443333 52 57 5 4
0.45 51 80 6 4
0.456667 48 74 9 4
0.463333 63 88 5 4
0.47 58 79 7 2
0.476667 58 53 3 2
0.483333 38 39 3 2
0.49 29 57 7 6
0.496667 43 35 6 3
0.503333 36 44 3 4
0.51 30 52 5 2
0.516667 29 45 2 1
0.523333 29 40 5 4
0.53 25 24 3 2
0.536667 23 24 1 0
0.543333 29 33 4 1
0.55 26 34 4 4
0.556667 27 32 3 3
0.563333 17 40 1 3
0.57 20 39 6 6
0.576667 20 30 2 2
0.583333 26 37 2 1
0.59 12 28 2 3
0.596667 25 26 3 6
0.603333 21 30 1 3
0.61 21 39 5 6
0.616667 19 26 4 4
0.623333 32 26 4 1
0.63 14 40 1 2
0.636667 32 37 2 3
0.643333 16 25 1 4
0.65 18 24 1 5
0.656667 17 23 6 5
0.663333 1882 1948 75 106
0.67 0 0 0 0
0.676667 0 0 0 0
0.683333 0 0 0 0
0.69 0 0 0 0
0.696667 0 0 0 0
0.703333 0 0 0 0
0.71 0 0 0 0
0.716667 0 0 0 0
0.723333 0 0 0 0
0.73 0 0 0 0
0.736667 0 0 0 0
0.743333 0 0 0 0
0.75 0 0 0 0
0.756667 0 0 0 0
0.763333 0 0 0 0
0.77 0 0 0 0
0.776667 0 0 0 0
0.783333 0 0 0 0
0.79 0 0 0 0
0.796667 0 0 0 0
0.803333 0 0 0 0
0.81 0 0 0 0
0.816667 0 0 0 0
0.823333 0 0 0 0
0.83 0 0 0 0
0.836667 0 0 0 0
0.843333 0 0 0 0
0.85 0 0 0 0
0.856667 0 0 0 0
0.863333 0 0 0 0
0.87 0 0 0 0
0.876667 0 0 0 0
0.883333 0 0 0 0
0.89 0 0 0 0
0.896667 0 0 0 0
0.903333 0 0 0 0
0.91 0 0 0 0
0.916667 0 0 0 0
0.923333 0 0 0 0
0.93 0 0 0 0
0.936667 0 0 0 0
0.943333 0 0 0 0
0.95 0 0 0 0
0.956667 0 0 0 0
0.963333 0 0 0 0
0.97 0 0 0 0
0.976667 0 0 0 0
0.983333 0 0 0 0
0.99 0 0 0 0
0.996667 0 0 0 0
1.00333 0 0 0 0
1.01 0 0 0 0
1.01667 0 0 0 0
1.02333 0 0 0 0
1.03 0 0 0 0
1.03667 0 0 0 0
1.04333 0 0 0 0
1.05 0 0 0 0
1.05667 0 0 0 0
1.06333 0 0 0 0
1.07 0 0 0 0
1.07667 0 0 0 0
1.08333 0 0 0 0
1.09 0 0 0 0
1.09667 0 0 0 0
1.10333 0 0 0 0
1.11 0 0 0 0
1.11667 0 0 0 0
1.12333 0 0 0 0
1.13 0 0 0 0
1.13667 0 0 0 0
1.14333 0 0 0 0
1.15 0 0 0 0
1.15667 0 0 0 0
1.16333 0 0 0 0
1.17 0 0 0 0
1.17667 0 0 0 0
1.18333 0 0 0 0
1.19 0 0 0 0
1.19667 0 0 0 0
1.20333 0 0 0 0
1.21 0 0 0 0
1.21667 0 0 0 0
1.22333 0 0 0 0
1.23 0 0 0 0
1.23667 0 0 0 0
1.24333 0 0 0 0
1.25 0 0 0 0
1.25667 0 0 0 0
1.26333 0 0 0 0
1.27 0 0 0 0
1.27667 0 0 0 0
1.28333 0 0 0 0
1.29 0 0 0 0
1.29667 0 0 0 0
1.30333 0 0 0 0
1.31 0 0 0 0
1.31667 0 0 0 0
1.32333 0 0 0 0
1.33 0 0 0 0
1.33667 0 0 0 0
1.34333 0 0 0 0
1.35 0 0 0 0
1.35667 0 0 0 0
1.36333 0 0 0 0
1.37 0 0 0 0
1.37667 0 0 0 0
1.38333 0 0 0 0
1.39 0 0 0 0
1.39667 0 0 0 0
1.40333 0 0 0 0
1.41 0 0 0 0
1.41667 0 0 0 0
1.42333 0 0 0 0
1.43 0 0 0 0
1.43667 0 0 0 0
1.44333 0 0 0 0
1.45 0 0 0 0
1.45667 0 0 0 0
1.46333 0 0 0 0
1.47 0 0 0 0
1.47667 0 0 0 0
1.48333 0 0 0 0
1.49 0 0 0 0
1.49667 0 0 0 0
1.50333 0 0 0 0
1.51 0 0 0 0
1.51667 0 0 0 0
1.52333 0 0 0 0
1.53 0 0 0 0
1.53667 0 0 0 0
1.54333 0 0 0 0
1.55 0 0 0 0
1.55667 0 0 0 0
1.56333 0 0 0 0
1.57 0 0 0 0
1.57667 0 0 0 0
1.58333 0 0 0 0
1.59 0 0 0 0
1.59667 0 0 0 0
1.60333 0 0 0 0
1.61 0 0 0 0
1.61667 0 0 0 0
1.62333 0 0 0 0
1.63 0 0 0 0
1.63667 0 0 0 0
1.64333 0 0 0 0
1.65 0 0 0 0
1.65667 0 0 0 0
1.66333 0 0 0 0
1.67 0 0 0 0
1.67667 0 0 0 0
1.68333 0 0 0 0
1.69 0 0 0 0
1.69667 0 0 0 0
1.70333 0 0 0 0
1.71 0 0 0 0
1.71667 0 0 0 0
1.72333 0 0 0 0
1.73 0 0 0 0
1.73667 0 0 0 0
1.74333 0 0 0 0
1.75 0 0 0 0
1.75667 0 0 0 0
1.76333 0 0 0 0
1.77 0 0 0 0
1.77667 0 0 0 0
1.78333 0 0 0 0
1.79 0 0 0 0
1.79667 0 0 0 0
1.80333 0 0 0 0
1.81 0 0 0 0
1.81667 0 0 0 0
1.82333 0 0 0 0
1.83 0 0 0 0
1.83667 0 0 0 0
1.84333 0 0 0 0
1.85 0 0 0 0
1.85667 0 0 0 0
1.86333 0 0 0 0
1.87 0 0 0 0
1.87667 0 0 0 0
1.88333 0 0 0 0
1.89 0 0 0 0
1.89667 0 0 0 0
1.90333 0 0 0 0
1.91 0 0 0 0
1.91667 0 0 0 0
1.92333 0 0 0 0
1.93 0 0 0 0
1.93667 0 0 0 0
1.94333 0 0 0 0
1.95 0 0 0 0
1.95667 0 0 0 0
1.96333 0 0 0 0
1.97 0 0 0 0
1.97667 0 0 0 0
1.98333 0 0 0 0
1.99 0 0 0 0
1.99667 0 0 0 0
