0.00333333 1 1 142 15
0.01 1 6 168 14
0.0166667 1 6 164 28
0.0233333 2 3 180 25
0.03 1 6 173 38
0.0366667 0 12 196 38
0.0433333 3 6 224 37
0.05 3 10 295 57
0.0566667 2 18 352 67
0.0633333 0 22 346 76
0.07 6 15 350 78
0.0766667 3 18 428 77
0.0833333 2 14 448 85
0.09 3 16 447 78
0.0966667 3 17 427 75
0.103333 3 14 435 67
0.11 4 19 467 87
0.116667 2 14 412 72
0.123333 2 25 434 61
0.13 5 21 444 67
0.136667 2 17 482 51
0.143333 4 9 447 60
0.15 2 14 429 47
0.156667 1 20 415 49
0.163333 3 13 405 51
0.17 4 21 447 57
0.176667 1 18 421 58
0.183333 2 15 476 42
0.19 2 17 586 48
0.196667 6 20 567 38
0.203333 3 12 497 41
0.21 4 13 505 31
0.216667 2 13 455 33
0.223333 6 5 462 40
0.23 3 11 389 36
0.236667 3 13 408 39
0.243333 4 11 343 29
0.25 3 8 326 45
0.256667 6 5 303 31
0.263333 0 12 284 36
0.27 0 11 287 43
0.276667 3 3 238 33
0.283333 1 5 266 34
0.29 1 9 258 41
0.296667 0 9 231 29
0.303333 1 10 197 24
0.31 0 10 226 37
0.316667 1 5 231 16
0.323333 1 11 198 27
0.33 1 13 177 25
0.336667 1 10 186 18
0.343333 2 5 200 35
0.35 0 8 196 26
0.356667 0 10 175 25
0.363333 1 3 175 25
0.37 1 7 191 26
0.376667 2 6 163 19
0.383333 1 6 169 24
0.39 2 12 147 28
0.396667 1 3 161 24
0.403333 0 6 162 25
0.41 1 4 172 23
0.416667 1 5 150 23
0.423333 0 2 170 23
0.43 0 10 161 31
0.436667 2 8 164 17
0.443333 1 10 151 32
0.45 1 5 176 22
0.456667 0 6 187 16
0.463333 1 6 183 17
0.47 0 4 171 25
0.476667 0 8 152 17
0.483333 1 2 105 15
0.49 1 6 90 10
0.496667 1 2 96 23
0.503333 0 6 79 14
0.51 0 3 69 17
0.516667 1 8 77 13
0.523333 0 2 64 11
0.53 0 4 74 8
0.536667 0 3 58 15
0.543333 0 4 64 10
0.55 1 2 61 12
0.556667 1 5 45 14
0.563333 2 5 70 14
0.57 1 0 61 15
0.576667 3 2 58 14
0.583333 0 4 64 14
0.59 2 4 52 12
0.596667 0 4 61 7
0.603333 1 3 52 9
0.61 1 5 56 9
0.616667 1 5 50 5
0.623333 0 1 51 8
0.63 2 1 58 9
0.636667 1 2 72 12
0.643333 0 6 38 2
0.65 2 7 44 16
0.656667 0 1 47 12
0.663333 9 124 7948 373
0.67 0 0 0 0
0.676667 0 0 0 0
0.683333 0 0 0 0
0.69 0 0 0 0
0.696667 0 0 0 0
0.703333 0 0 0 0
0.71 0 0 0 0
0.716667 0 0 0 0
0.723333 0 0 0 0
0.73 0 0 0 0
0.736667 0 0 0 0
0.743333 0 0 0 0
0.75 0 0 0 0
0.756667 0 0 0 0
0.763333 0 0 0 0
0.77 0 0 0 0
0.776667 0 0 0 0
0.783333 0 0 0 0
0.79 0 0 0 0
0.796667 0 0 0 0
0.803333 0 0 0 0
0.81 0 0 0 0
0.816667 0 0 0 0
0.823333 0 0 0 0
0.83 0 0 0 0
0.836667 0 0 0 0
0.843333 0 0 0 0
0.85 0 0 0 0
0.856667 0 0 0 0
0.863333 0 0 0 0
0.87 0 0 0 0
0.876667 0 0 0 0
0.883333 0 0 0 0
0.89 0 0 0 0
0.896667 0 0 0 0
0.903333 0 0 0 0
0.91 0 0 0 0
0.916667 0 0 0 0
0.923333 0 0 0 0
0.93 0 0 0 0
0.936667 0 0 0 0
0.943333 0 0 0 0
0.95 0 0 0 0
0.956667 0 0 0 0
0.963333 0 0 0 0
0.97 0 0 0 0
0.976667 0 0 0 0
0.983333 0 0 0 0
0.99 0 0 0 0
0.996667 0 0 0 0
1.00333 0 0 0 0
1.01 0 0 0 0
1.01667 0 0 0 0
1.02333 0 0 0 0
1.03 0 0 0 0
1.03667 0 0 0 0
1.04333 0 0 0 0
1.05 0 0 0 0
1.05667 0 0 0 0
1.06333 0 0 0 0
1.07 0 0 0 0
1.07667 0 0 0 0
1.08333 0 0 0 0
1.09 0 0 0 0
1.09667 0 0 0 0
1.10333 0 0 0 0
1.11 0 0 0 0
1.11667 0 0 0 0
1.12333 0 0 0 0
1.13 0 0 0 0
1.13667 0 0 0 0
1.14333 0 0 0 0
1.15 0 0 0 0
1.15667 0 0 0 0
1.16333 0 0 0 0
1.17 0 0 0 0
1.17667 0 0 0 0
1.18333 0 0 0 0
1.19 0 0 0 0
1.19667 0 0 0 0
1.20333 0 0 0 0
1.21 0 0 0 0
1.21667 0 0 0 0
1.22333 0 0 0 0
1.23 0 0 0 0
1.23667 0 0 0 0
1.24333 0 0 0 0
1.25 0 0 0 0
1.25667 0 0 0 0
1.26333 0 0 0 0
1.27 0 0 0 0
1.27667 0 0 0 0
1.28333 0 0 0 0
1.29 0 0 0 0
1.29667 0 0 0 0
1.30333 0 0 0 0
1.31 0 0 0 0
1.31667 0 0 0 0
1.32333 0 0 0 0
1.33 0 0 0 0
1.33667 0 0 0 0
1.34333 0 0 0 0
1.35 0 0 0 0
1.35667 0 0 0 0
1.36333 0 0 0 0
1.37 0 0 0 0
1.37667 0 0 0 0
1.38333 0 0 0 0
1.39 0 0 0 0
1.39667 0 0 0 0
1.40333 0 0 0 0
1.41 0 0 0 0
1.41667 0 0 0 0
1.42333 0 0 0 0
1.43 0 0 0 0
1.43667 0 0 0 0
1.44333 0 0 0 0
1.45 0 0 0 0
1.45667 0 0 0 0
1.46333 0 0 0 0
1.47 0 0 0 0
1.47667 0 0 0 0
1.48333 0 0 0 0
1.49 0 0 0 0
1.49667 0 0 0 0
1.50333 0 0 0 0
1.51 0 0 0 0
1.51667 0 0 0 0
1.52333 0 0 0 0
1.53 0 0 0 0
1.53667 0 0 0 0
1.54333 0 0 0 0
1.55 0 0 0 0
1.55667 0 0 0 0
1.56333 0 0 0 0
1.57 0 0 0 0
1.57667 0 0 0 0
1.58333 0 0 0 0
1.59 0 0 0 0
1.59667 0 0 0 0
1.60333 0 0 0 0
1.61 0 0 0 0
1.61667 0 0 0 0
1.62333 0 0 0 0
1.63 0 0 0 0
1.63667 0 0 0 0
1.64333 0 0 0 0
1.65 0 0 0 0
1.65667 0 0 0 0
1.66333 0 0 0 0
1.67 0 0 0 0
1.67667 0 0 0 0
1.68333 0 0 0 0
1.69 0 0 0 0
1.69667 0 0 0 0
1.70333 0 0 0 0
1.71 0 0 0 0
1.71667 0 0 0 0
1.72333 0 0 0 0
1.73 0 0 0 0
1.73667 0 0 0 0
1.74333 0 0 0 0
1.75 0 0 0 0
1.75667 0 0 0 0
1.76333 0 0 0 0
1.77 0 0 0 0
1.77667 0 0 0 0
1.78333 0 0 0 0
1.79 0 0 0 0
1.79667 0 0 0 0
1.80333 0 0 0 0
1.81 0 0 0 0
1.81667 0 0 0 0
1.82333 0 0 0 0
1.83 0 0 0 0
1.83667 0 0 0 0
1.84333 0 0 0 0
1.85 0 0 0 0
1.85667 0 0 0 0
1.86333 0 0 0 0
1.87 0 0 0 0
1.87667 0 0 0 0
1.88333 0 0 0 0
1.89 0 0 0 0
1.89667 0 0 0 0
1.90333 0 0 0 0
1.91 0 0 0 0
1.91667 0 0 0 0
1.92333 0 0 0 0
1.93 0 0 0 0
1.93667 0 0 0 0
1.94333 0 0 0 0
1.95 0 0 0 0
1.95667 0 0 0 0
1.96333 0 0 0 0
1.97 0 0 0 0
1.97667 0 0 0 0
1.98333 0 0 0 0
1.99 0 0 0 0
1.99667 0 0 0 0
