0.00333333 146 10 1 3
0.01 159 14 1 2
0.0166667 144 13 2 3
0.0233333 141 12 0 1
0.03 157 10 0 2
0.0366667 169 23 3 4
0.0433333 200 22 0 4
0.05 175 39 1 1
0.0566667 219 42 2 2
0.0633333 255 45 2 1
0.07 270 46 0 0
0.0766667 317 42 3 6
0.0833333 289 24 2 0
0.09 321 50 1 2
0.0966667 276 48 2 7
0.103333 333 45 1 3
0.11 313 43 2 2
0.116667 354 31 2 1
0.123333 375 31 1 5
0.13 330 30 2 5
0.136667 365 32 3 4
0.143333 326 26 1 6
0.15 363 31 3 2
0.156667 325 25 1 1
0.163333 328 28 2 2
0.17 314 28 2 2
0.176667 336 32 1 1
0.183333 386 30 1 3
0.19 496 23 1 5
0.196667 500 29 2 1
0.203333 463 35 2 4
0.21 424 29 2 1
0.216667 366 35 1 4
0.223333 358 23 3 3
0.23 386 20 3 5
0.236667 318 28 1 5
0.243333 356 26 0 3
0.25 293 21 1 5
0.256667 296 27 0 5
0.263333 256 28 1 1
0.27 273 30 2 2
0.276667 264 21 3 6
0.283333 240 21 3 3
0.29 242 18 1 2
0.296667 237 24 0 2
0.303333 221 14 0 4
0.31 190 15 2 1
0.316667 203 20 0 3
0.323333 185 18 2 3
0.33 194 19 0 1
0.336667 174 21 1 2
0.343333 168 26 1 2
0.35 184 10 1 4
0.356667 170 15 2 2
0.363333 175 16 2 2
0.37 187 16 1 1
0.376667 167 11 1 2
0.383333 163 17 0 3
0.39 184 10 1 4
0.396667 166 12 0 3
0.403333 163 14 2 0
0.41 160 11 2 2
0.416667 150 17 1 2
0.423333 146 14 0 1
0.43 162 12 3 1
0.436667 168 11 0 1
0.443333 160 11 0 2
0.45 179 8 2 2
0.456667 172 11 1 2
0.463333 170 10 0 1
0.47 166 10 2 0
0.476667 130 11 0 4
0.483333 84 9 0 1
0.49 83 11 2 1
0.496667 79 12 0 0
0.503333 70 9 1 0
0.51 64 6 1 1
0.516667 59 8 1 0
0.523333 38 15 0 0
0.53 55 9 0 4
0.536667 61 7 1 3
0.543333 43 7 0 3
0.55 65 10 0 0
0.556667 51 10 0 0
0.563333 43 6 0 1
0.57 61 9 0 0
0.576667 44 12 0 0
0.583333 52 10 1 2
0.59 50 4 0 2
0.596667 41 5 1 1
0.603333 42 6 0 2
0.61 48 7 1 1
0.616667 54 12 1 1
0.623333 52 3 0 1
0.63 53 9 0 1
0.636667 66 9 0 0
0.643333 54 9 1 1
0.65 36 11 1 2
0.656667 41 5 0 2
0.663333 8298 203 8 83
0.67 0 0 0 0
0.676667 0 0 0 0
0.683333 0 0 0 0
0.69 0 0 0 0
0.696667 0 0 0 0
0.703333 0 0 0 0
0.71 0 0 0 0
0.716667 0 0 0 0
0.723333 0 0 0 0
0.73 0 0 0 0
0.736667 0 0 0 0
0.743333 0 0 0 0
0.75 0 0 0 0
0.756667 0 0 0 0
0.763333 0 0 0 0
0.77 0 0 0 0
0.776667 0 0 0 0
0.783333 0 0 0 0
0.79 0 0 0 0
0.796667 0 0 0 0
0.803333 0 0 0 0
0.81 0 0 0 0
0.816667 0 0 0 0
0.823333 0 0 0 0
0.83 0 0 0 0
0.836667 0 0 0 0
0.843333 0 0 0 0
0.85 0 0 0 0
0.856667 0 0 0 0
0.863333 0 0 0 0
0.87 0 0 0 0
0.876667 0 0 0 0
0.883333 0 0 0 0
0.89 0 0 0 0
0.896667 0 0 0 0
0.903333 0 0 0 0
0.91 0 0 0 0
0.916667 0 0 0 0
0.923333 0 0 0 0
0.93 0 0 0 0
0.936667 0 0 0 0
0.943333 0 0 0 0
0.95 0 0 0 0
0.956667 0 0 0 0
0.963333 0 0 0 0
0.97 0 0 0 0
0.976667 0 0 0 0
0.983333 0 0 0 0
0.99 0 0 0 0
0.996667 0 0 0 0
1.00333 0 0 0 0
1.01 0 0 0 0
1.01667 0 0 0 0
1.02333 0 0 0 0
1.03 0 0 0 0
1.03667 0 0 0 0
1.04333 0 0 0 0
1.05 0 0 0 0
1.05667 0 0 0 0
1.06333 0 0 0 0
1.07 0 0 0 0
1.07667 0 0 0 0
1.08333 0 0 0 0
1.09 0 0 0 0
1.09667 0 0 0 0
1.10333 0 0 0 0
1.11 0 0 0 0
1.11667 0 0 0 0
1.12333 0 0 0 0
1.13 0 0 0 0
1.13667 0 0 0 0
1.14333 0 0 0 0
1.15 0 0 0 0
1.15667 0 0 0 0
1.16333 0 0 0 0
1.17 0 0 0 0
1.17667 0 0 0 0
1.18333 0 0 0 0
1.19 0 0 0 0
1.19667 0 0 0 0
1.20333 0 0 0 0
1.21 0 0 0 0
1.21667 0 0 0 0
1.22333 0 0 0 0
1.23 0 0 0 0
1.23667 0 0 0 0
1.24333 0 0 0 0
1.25 0 0 0 0
1.25667 0 0 0 0
1.26333 0 0 0 0
1.27 0 0 0 0
1.27667 0 0 0 0
1.28333 0 0 0 0
1.29 0 0 0 0
1.29667 0 0 0 0
1.30333 0 0 0 0
1.31 0 0 0 0
1.31667 0 0 0 0
1.32333 0 0 0 0
1.33 0 0 0 0
1.33667 0 0 0 0
1.34333 0 0 0 0
1.35 0 0 0 0
1.35667 0 0 0 0
1.36333 0 0 0 0
1.37 0 0 0 0
1.37667 0 0 0 0
1.38333 0 0 0 0
1.39 0 0 0 0
1.39667 0 0 0 0
1.40333 0 0 0 0
1.41 0 0 0 0
1.41667 0 0 0 0
1.42333 0 0 0 0
1.43 0 0 0 0
1.43667 0 0 0 0
1.44333 0 0 0 0
1.45 0 0 0 0
1.45667 0 0 0 0
1.46333 0 0 0 0
1.47 0 0 0 0
1.47667 0 0 0 0
1.48333 0 0 0 0
1.49 0 0 0 0
1.49667 0 0 0 0
1.50333 0 0 0 0
1.51 0 0 0 0
1.51667 0 0 0 0
1.52333 0 0 0 0
1.53 0 0 0 0
1.53667 0 0 0 0
1.54333 0 0 0 0
1.55 0 0 0 0
1.55667 0 0 0 0
1.56333 0 0 0 0
1.57 0 0 0 0
1.57667 0 0 0 0
1.58333 0 0 0 0
1.59 0 0 0 0
1.59667 0 0 0 0
1.60333 0 0 0 0
1.61 0 0 0 0
1.61667 0 0 0 0
1.62333 0 0 0 0
1.63 0 0 0 0
1.63667 0 0 0 0
1.64333 0 0 0 0
1.65 0 0 0 0
1.65667 0 0 0 0
1.66333 0 0 0 0
1.67 0 0 0 0
1.67667 0 0 0 0
1.68333 0 0 0 0
1.69 0 0 0 0
1.69667 0 0 0 0
1.70333 0 0 0 0
1.71 0 0 0 0
1.71667 0 0 0 0
1.72333 0 0 0 0
1.73 0 0 0 0
1.73667 0 0 0 0
1.74333 0 0 0 0
1.75 0 0 0 0
1.75667 0 0 0 0
1.76333 0 0 0 0
1.77 0 0 0 0
1.77667 0 0 0 0
1.78333 0 0 0 0
1.79 0 0 0 0
1.79667 0 0 0 0
1.80333 0 0 0 0
1.81 0 0 0 0
1.81667 0 0 0 0
1.82333 0 0 0 0
1.83 0 0 0 0
1.83667 0 0 0 0
1.84333 0 0 0 0
1.85 0 0 0 0
1.85667 0 0 0 0
1.86333 0 0 0 0
1.87 0 0 0 0
1.87667 0 0 0 0
1.88333 0 0 0 0
1.89 0 0 0 0
1.89667 0 0 0 0
1.90333 0 0 0 0
1.91 0 0 0 0
1.91667 0 0 0 0
1.92333 0 0 0 0
1.93 0 0 0 0
1.93667 0 0 0 0
1.94333 0 0 0 0
1.95 0 0 0 0
1.95667 0 0 0 0
1.96333 0 0 0 0
1.97 0 0 0 0
1.97667 0 0 0 0
1.98333 0 0 0 0
1.99 0 0 0 0
1.99667 0 0 0 0
