0.00333333 5 22 27 5
0.01 9 34 22 8
0.0166667 13 34 19 1
0.0233333 9 35 29 3
0.03 8 40 24 3
0.0366667 17 42 42 8
0.0433333 14 85 43 10
0.05 19 101 56 11
0.0566667 30 112 73 17
0.0633333 36 110 89 16
0.07 38 132 78 16
0.0766667 40 115 89 15
0.0833333 24 124 83 13
0.09 35 123 103 14
0.0966667 30 133 81 15
0.103333 32 129 92 15
0.11 30 122 81 20
0.116667 29 136 88 18
0.123333 25 100 70 7
0.13 19 107 81 13
0.136667 29 106 79 8
0.143333 27 92 64 5
0.15 27 91 64 11
0.156667 25 73 66 16
0.163333 24 68 50 10
0.17 32 83 72 11
0.176667 25 75 68 9
0.183333 32 78 51 18
0.19 29 89 72 18
0.196667 17 77 72 7
0.203333 26 72 67 13
0.21 24 63 60 13
0.216667 13 64 46 13
0.223333 21 86 57 11
0.23 18 55 46 8
0.236667 18 76 52 6
0.243333 19 51 48 6
0.25 22 47 51 7
0.256667 10 55 45 5
0.263333 9 52 47 14
0.27 21 57 41 9
0.276667 8 67 45 4
0.283333 12 52 40 7
0.29 15 47 35 12
0.296667 17 49 32 7
0.303333 12 40 35 11
0.31 21 54 46 9
0.316667 12 48 39 4
0.323333 13 51 39 9
0.33 14 35 34 4
0.336667 18 42 33 7
0.343333 8 34 31 7
0.35 12 42 22 5
0.356667 12 43 32 9
0.363333 7 33 22 5
0.37 11 34 22 11
0.376667 12 22 21 13
0.383333 14 36 27 7
0.39 9 36 22 3
0.396667 8 33 14 4
0.403333 8 35 29 6
0.41 11 33 33 10
0.416667 18 33 34 5
0.423333 12 24 31 3
0.43 11 34 31 6
0.436667 9 27 23 7
0.443333 11 33 31 3
0.45 10 25 13 4
0.456667 9 21 28 6
0.463333 12 24 24 5
0.47 7 23 29 5
0.476667 12 17 21 3
0.483333 12 9 12 5
0.49 9 21 19 5
0.496667 7 22 22 4
0.503333 6 14 23 4
0.51 9 16 15 3
0.516667 4 22 14 2
0.523333 2 19 13 3
0.53 6 15 13 3
0.536667 5 14 14 1
0.543333 5 13 15 6
0.55 5 20 13 2
0.556667 1 13 12 5
0.563333 8 14 11 5
0.57 6 17 22 5
0.576667 9 12 14 5
0.583333 2 9 9 7
0.59 5 16 7 2
0.596667 7 14 19 3
0.603333 6 18 15 2
0.61 2 12 14 2
0.616667 4 14 15 3
0.623333 7 12 10 3
0.63 7 16 10 5
0.636667 10 16 10 3
0.643333 9 7 16 2
0.65 9 13 9 2
0.656667 3 16 9 0
0.663333 164 534 595 50
0.67 0 0 0 0
0.676667 0 0 0 0
0.683333 0 0 0 0
0.69 0 0 0 0
0.696667 0 0 0 0
0.703333 0 0 0 0
0.71 0 0 0 0
0.716667 0 0 0 0
0.723333 0 0 0 0
0.73 0 0 0 0
0.736667 0 0 0 0
0.743333 0 0 0 0
0.75 0 0 0 0
0.756667 0 0 0 0
0.763333 0 0 0 0
0.77 0 0 0 0
0.776667 0 0 0 0
0.783333 0 0 0 0
0.79 0 0 0 0
0.796667 0 0 0 0
0.803333 0 0 0 0
0.81 0 0 0 0
0.816667 0 0 0 0
0.823333 0 0 0 0
0.83 0 0 0 0
0.836667 0 0 0 0
0.843333 0 0 0 0
0.85 0 0 0 0
0.856667 0 0 0 0
0.863333 0 0 0 0
0.87 0 0 0 0
0.876667 0 0 0 0
0.883333 0 0 0 0
0.89 0 0 0 0
0.896667 0 0 0 0
0.903333 0 0 0 0
0.91 0 0 0 0
0.916667 0 0 0 0
0.923333 0 0 0 0
0.93 0 0 0 0
0.936667 0 0 0 0
0.943333 0 0 0 0
0.95 0 0 0 0
0.956667 0 0 0 0
0.963333 0 0 0 0
0.97 0 0 0 0
0.976667 0 0 0 0
0.983333 0 0 0 0
0.99 0 0 0 0
0.996667 0 0 0 0
1.00333 0 0 0 0
1.01 0 0 0 0
1.01667 0 0 0 0
1.02333 0 0 0 0
1.03 0 0 0 0
1.03667 0 0 0 0
1.04333 0 0 0 0
1.05 0 0 0 0
1.05667 0 0 0 0
1.06333 0 0 0 0
1.07 0 0 0 0
1.07667 0 0 0 0
1.08333 0 0 0 0
1.09 0 0 0 0
1.09667 0 0 0 0
1.10333 0 0 0 0
1.11 0 0 0 0
1.11667 0 0 0 0
1.12333 0 0 0 0
1.13 0 0 0 0
1.13667 0 0 0 0
1.14333 0 0 0 0
1.15 0 0 0 0
1.15667 0 0 0 0
1.16333 0 0 0 0
1.17 0 0 0 0
1.17667 0 0 0 0
1.18333 0 0 0 0
1.19 0 0 0 0
1.19667 0 0 0 0
1.20333 0 0 0 0
1.21 0 0 0 0
1.21667 0 0 0 0
1.22333 0 0 0 0
1.23 0 0 0 0
1.23667 0 0 0 0
1.24333 0 0 0 0
1.25 0 0 0 0
1.25667 0 0 0 0
1.26333 0 0 0 0
1.27 0 0 0 0
1.27667 0 0 0 0
1.28333 0 0 0 0
1.29 0 0 0 0
1.29667 0 0 0 0
1.30333 0 0 0 0
1.31 0 0 0 0
1.31667 0 0 0 0
1.32333 0 0 0 0
1.33 0 0 0 0
1.33667 0 0 0 0
1.34333 0 0 0 0
1.35 0 0 0 0
1.35667 0 0 0 0
1.36333 0 0 0 0
1.37 0 0 0 0
1.37667 0 0 0 0
1.38333 0 0 0 0
1.39 0 0 0 0
1.39667 0 0 0 0
1.40333 0 0 0 0
1.41 0 0 0 0
1.41667 0 0 0 0
1.42333 0 0 0 0
1.43 0 0 0 0
1.43667 0 0 0 0
1.44333 0 0 0 0
1.45 0 0 0 0
1.45667 0 0 0 0
1.46333 0 0 0 0
1.47 0 0 0 0
1.47667 0 0 0 0
1.48333 0 0 0 0
1.49 0 0 0 0
1.49667 0 0 0 0
1.50333 0 0 0 0
1.51 0 0 0 0
1.51667 0 0 0 0
1.52333 0 0 0 0
1.53 0 0 0 0
1.53667 0 0 0 0
1.54333 0 0 0 0
1.55 0 0 0 0
1.55667 0 0 0 0
1.56333 0 0 0 0
1.57 0 0 0 0
1.57667 0 0 0 0
1.58333 0 0 0 0
1.59 0 0 0 0
1.59667 0 0 0 0
1.60333 0 0 0 0
1.61 0 0 0 0
1.61667 0 0 0 0
1.62333 0 0 0 0
1.63 0 0 0 0
1.63667 0 0 0 0
1.64333 0 0 0 0
1.65 0 0 0 0
1.65667 0 0 0 0
1.66333 0 0 0 0
1.67 0 0 0 0
1.67667 0 0 0 0
1.68333 0 0 0 0
1.69 0 0 0 0
1.69667 0 0 0 0
1.70333 0 0 0 0
1.71 0 0 0 0
1.71667 0 0 0 0
1.72333 0 0 0 0
1.73 0 0 0 0
1.73667 0 0 0 0
1.74333 0 0 0 0
1.75 0 0 0 0
1.75667 0 0 0 0
1.76333 0 0 0 0
1.77 0 0 0 0
1.77667 0 0 0 0
1.78333 0 0 0 0
1.79 0 0 0 0
1.79667 0 0 0 0
1.80333 0 0 0 0
1.81 0 0 0 0
1.81667 0 0 0 0
1.82333 0 0 0 0
1.83 0 0 0 0
1.83667 0 0 0 0
1.84333 0 0 0 0
1.85 0 0 0 0
1.85667 0 0 0 0
1.86333 0 0 0 0
1.87 0 0 0 0
1.87667 0 0 0 0
1.88333 0 0 0 0
1.89 0 0 0 0
1.89667 0 0 0 0
1.90333 0 0 0 0
1.91 0 0 0 0
1.91667 0 0 0 0
1.92333 0 0 0 0
1.93 0 0 0 0
1.93667 0 0 0 0
1.94333 0 0 0 0
1.95 0 0 0 0
1.95667 0 0 0 0
1.96333 0 0 0 0
1.97 0 0 0 0
1.97667 0 0 0 0
1.98333 0 0 0 0
1.99 0 0 0 0
1.99667 0 0 0 0
