0.00333333 7 23 32 9
0.01 9 17 26 7
0.0166667 12 29 16 4
0.0233333 8 28 32 3
0.03 10 28 29 9
0.0366667 4 38 42 13
0.0433333 13 56 55 10
0.05 22 67 67 11
0.0566667 24 79 86 21
0.0633333 21 77 85 12
0.07 32 100 75 16
0.0766667 30 81 85 17
0.0833333 27 106 94 21
0.09 34 74 92 22
0.0966667 36 82 91 14
0.103333 31 92 102 24
0.11 29 74 79 21
0.116667 24 90 97 25
0.123333 26 74 89 15
0.13 21 61 80 16
0.136667 30 64 96 8
0.143333 19 74 69 12
0.15 16 77 56 12
0.156667 16 62 64 17
0.163333 21 49 81 15
0.17 23 63 66 14
0.176667 21 57 70 15
0.183333 21 61 64 17
0.19 13 51 66 17
0.196667 22 49 59 13
0.203333 18 57 61 13
0.21 15 48 66 18
0.216667 12 51 59 17
0.223333 19 62 57 11
0.23 24 43 45 9
0.236667 20 47 55 4
0.243333 18 40 40 10
0.25 7 42 55 12
0.256667 13 40 51 9
0.263333 11 34 42 15
0.27 12 38 46 7
0.276667 19 45 52 5
0.283333 19 23 40 9
0.29 9 25 38 8
0.296667 14 22 33 10
0.303333 12 33 36 7
0.31 12 39 47 5
0.316667 7 25 37 8
0.323333 14 29 50 9
0.33 5 31 30 5
0.336667 13 27 28 16
0.343333 4 28 29 10
0.35 11 27 26 10
0.356667 7 27 32 10
0.363333 4 27 32 6
0.37 15 22 19 8
0.376667 6 25 34 3
0.383333 12 26 23 7
0.39 11 22 26 6
0.396667 8 31 19 5
0.403333 7 31 30 8
0.41 7 25 34 3
0.416667 12 30 30 4
0.423333 7 17 33 1
0.43 11 17 32 4
0.436667 8 23 28 8
0.443333 8 19 24 4
0.45 7 17 29 3
0.456667 6 23 27 7
0.463333 9 20 27 7
0.47 9 18 31 4
0.476667 10 10 19 6
0.483333 5 11 16 4
0.49 9 11 25 3
0.496667 9 12 17 4
0.503333 4 9 20 0
0.51 4 9 20 1
0.516667 8 11 17 4
0.523333 4 9 20 5
0.53 9 12 19 4
0.536667 4 12 21 2
0.543333 3 11 13 7
0.55 4 14 10 3
0.556667 3 5 17 2
0.563333 7 13 13 2
0.57 5 12 13 5
0.576667 5 8 17 3
0.583333 3 15 10 6
0.59 7 12 6 1
0.596667 8 13 21 1
0.603333 1 12 16 4
0.61 3 12 10 3
0.616667 5 12 12 2
0.623333 8 10 13 1
0.63 6 10 7 4
0.636667 7 10 13 2
0.643333 6 5 16 1
0.65 6 16 9 6
0.656667 5 6 10 5
0.663333 140 313 574 89
0.67 0 0 0 0
0.676667 0 0 0 0
0.683333 0 0 0 0
0.69 0 0 0 0
0.696667 0 0 0 0
0.703333 0 0 0 0
0.71 0 0 0 0
0.716667 0 0 0 0
0.723333 0 0 0 0
0.73 0 0 0 0
0.736667 0 0 0 0
0.743333 0 0 0 0
0.75 0 0 0 0
0.756667 0 0 0 0
0.763333 0 0 0 0
0.77 0 0 0 0
0.776667 0 0 0 0
0.783333 0 0 0 0
0.79 0 0 0 0
0.796667 0 0 0 0
0.803333 0 0 0 0
0.81 0 0 0 0
0.816667 0 0 0 0
0.823333 0 0 0 0
0.83 0 0 0 0
0.836667 0 0 0 0
0.843333 0 0 0 0
0.85 0 0 0 0
0.856667 0 0 0 0
0.863333 0 0 0 0
0.87 0 0 0 0
0.876667 0 0 0 0
0.883333 0 0 0 0
0.89 0 0 0 0
0.896667 0 0 0 0
0.903333 0 0 0 0
0.91 0 0 0 0
0.916667 0 0 0 0
0.923333 0 0 0 0
0.93 0 0 0 0
0.936667 0 0 0 0
0.943333 0 0 0 0
0.95 0 0 0 0
0.956667 0 0 0 0
0.963333 0 0 0 0
0.97 0 0 0 0
0.976667 0 0 0 0
0.983333 0 0 0 0
0.99 0 0 0 0
0.996667 0 0 0 0
1.00333 0 0 0 0
1.01 0 0 0 0
1.01667 0 0 0 0
1.02333 0 0 0 0
1.03 0 0 0 0
1.03667 0 0 0 0
1.04333 0 0 0 0
1.05 0 0 0 0
1.05667 0 0 0 0
1.06333 0 0 0 0
1.07 0 0 0 0
1.07667 0 0 0 0
1.08333 0 0 0 0
1.09 0 0 0 0
1.09667 0 0 0 0
1.10333 0 0 0 0
1.11 0 0 0 0
1.11667 0 0 0 0
1.12333 0 0 0 0
1.13 0 0 0 0
1.13667 0 0 0 0
1.14333 0 0 0 0
1.15 0 0 0 0
1.15667 0 0 0 0
1.16333 0 0 0 0
1.17 0 0 0 0
1.17667 0 0 0 0
1.18333 0 0 0 0
1.19 0 0 0 0
1.19667 0 0 0 0
1.20333 0 0 0 0
1.21 0 0 0 0
1.21667 0 0 0 0
1.22333 0 0 0 0
1.23 0 0 0 0
1.23667 0 0 0 0
1.24333 0 0 0 0
1.25 0 0 0 0
1.25667 0 0 0 0
1.26333 0 0 0 0
1.27 0 0 0 0
1.27667 0 0 0 0
1.28333 0 0 0 0
1.29 0 0 0 0
1.29667 0 0 0 0
1.30333 0 0 0 0
1.31 0 0 0 0
1.31667 0 0 0 0
1.32333 0 0 0 0
1.33 0 0 0 0
1.33667 0 0 0 0
1.34333 0 0 0 0
1.35 0 0 0 0
1.35667 0 0 0 0
1.36333 0 0 0 0
1.37 0 0 0 0
1.37667 0 0 0 0
1.38333 0 0 0 0
1.39 0 0 0 0
1.39667 0 0 0 0
1.40333 0 0 0 0
1.41 0 0 0 0
1.41667 0 0 0 0
1.42333 0 0 0 0
1.43 0 0 0 0
1.43667 0 0 0 0
1.44333 0 0 0 0
1.45 0 0 0 0
1.45667 0 0 0 0
1.46333 0 0 0 0
1.47 0 0 0 0
1.47667 0 0 0 0
1.48333 0 0 0 0
1.49 0 0 0 0
1.49667 0 0 0 0
1.50333 0 0 0 0
1.51 0 0 0 0
1.51667 0 0 0 0
1.52333 0 0 0 0
1.53 0 0 0 0
1.53667 0 0 0 0
1.54333 0 0 0 0
1.55 0 0 0 0
1.55667 0 0 0 0
1.56333 0 0 0 0
1.57 0 0 0 0
1.57667 0 0 0 0
1.58333 0 0 0 0
1.59 0 0 0 0
1.59667 0 0 0 0
1.60333 0 0 0 0
1.61 0 0 0 0
1.61667 0 0 0 0
1.62333 0 0 0 0
1.63 0 0 0 0
1.63667 0 0 0 0
1.64333 0 0 0 0
1.65 0 0 0 0
1.65667 0 0 0 0
1.66333 0 0 0 0
1.67 0 0 0 0
1.67667 0 0 0 0
1.68333 0 0 0 0
1.69 0 0 0 0
1.69667 0 0 0 0
1.70333 0 0 0 0
1.71 0 0 0 0
1.71667 0 0 0 0
1.72333 0 0 0 0
1.73 0 0 0 0
1.73667 0 0 0 0
1.74333 0 0 0 0
1.75 0 0 0 0
1.75667 0 0 0 0
1.76333 0 0 0 0
1.77 0 0 0 0
1.77667 0 0 0 0
1.78333 0 0 0 0
1.79 0 0 0 0
1.79667 0 0 0 0
1.80333 0 0 0 0
1.81 0 0 0 0
1.81667 0 0 0 0
1.82333 0 0 0 0
1.83 0 0 0 0
1.83667 0 0 0 0
1.84333 0 0 0 0
1.85 0 0 0 0
1.85667 0 0 0 0
1.86333 0 0 0 0
1.87 0 0 0 0
1.87667 0 0 0 0
1.88333 0 0 0 0
1.89 0 0 0 0
1.89667 0 0 0 0
1.90333 0 0 0 0
1.91 0 0 0 0
1.91667 0 0 0 0
1.92333 0 0 0 0
1.93 0 0 0 0
1.93667 0 0 0 0
1.94333 0 0 0 0
1.95 0 0 0 0
1.95667 0 0 0 0
1.96333 0 0 0 0
1.97 0 0 0 0
1.97667 0 0 0 0
1.98333 0 0 0 0
1.99 0 0 0 0
1.99667 0 0 0 0
