0.00333333 3 39 26 7
0.01 1 42 35 7
0.0166667 7 38 45 9
0.0233333 5 44 40 6
0.03 8 47 44 5
0.0366667 10 51 52 9
0.0433333 14 72 83 13
0.05 19 83 117 23
0.0566667 17 86 100 24
0.0633333 19 113 122 30
0.07 18 116 121 27
0.0766667 16 104 143 31
0.0833333 15 114 125 31
0.09 17 97 132 21
0.0966667 15 124 126 37
0.103333 20 131 142 29
0.11 17 129 135 34
0.116667 16 111 129 21
0.123333 14 121 122 31
0.13 8 132 118 27
0.136667 14 108 111 26
0.143333 14 109 122 29
0.15 14 117 129 10
0.156667 5 104 100 20
0.163333 14 98 101 19
0.17 10 107 96 21
0.176667 5 97 96 27
0.183333 10 95 102 20
0.19 8 102 101 27
0.196667 13 116 98 19
0.203333 13 101 90 25
0.21 11 114 82 14
0.216667 9 92 82 18
0.223333 12 87 89 18
0.23 8 104 78 17
0.236667 7 84 57 13
0.243333 5 79 74 13
0.25 9 72 67 15
0.256667 9 79 78 10
0.263333 6 76 58 14
0.27 5 49 60 15
0.276667 8 63 63 18
0.283333 7 66 67 9
0.29 9 59 67 9
0.296667 8 62 53 9
0.303333 12 50 46 12
0.31 6 59 62 8
0.316667 7 61 54 12
0.323333 7 65 50 12
0.33 9 53 52 7
0.336667 12 46 56 7
0.343333 8 39 47 16
0.35 4 38 52 12
0.356667 6 54 35 16
0.363333 2 57 51 9
0.37 7 53 43 10
0.376667 6 61 36 9
0.383333 11 38 40 4
0.39 6 50 44 14
0.396667 5 49 46 7
0.403333 1 38 39 4
0.41 5 26 37 12
0.416667 4 39 37 11
0.423333 8 41 43 5
0.43 7 45 32 5
0.436667 5 33 44 3
0.443333 5 42 30 9
0.45 5 40 40 10
0.456667 7 49 34 4
0.463333 5 30 34 8
0.47 4 34 36 15
0.476667 2 28 44 8
0.483333 2 31 28 7
0.49 4 31 24 8
0.496667 3 27 17 6
0.503333 2 23 31 6
0.51 4 23 28 5
0.516667 5 26 30 7
0.523333 6 21 25 6
0.53 1 20 16 4
0.536667 3 17 23 3
0.543333 3 15 26 8
0.55 3 16 23 4
0.556667 4 24 19 10
0.563333 4 26 13 7
0.57 3 18 12 4
0.576667 1 14 26 5
0.583333 3 21 24 2
0.59 5 19 17 7
0.596667 4 16 17 1
0.603333 3 13 20 5
0.61 2 18 19 3
0.616667 4 20 18 3
0.623333 7 18 19 2
0.63 2 13 15 5
0.636667 4 33 16 9
0.643333 3 9 13 4
0.65 4 16 19 5
0.656667 4 20 22 3
0.663333 83 1405 934 168
0.67 0 0 0 0
0.676667 0 0 0 0
0.683333 0 0 0 0
0.69 0 0 0 0
0.696667 0 0 0 0
0.703333 0 0 0 0
0.71 0 0 0 0
0.716667 0 0 0 0
0.723333 0 0 0 0
0.73 0 0 0 0
0.736667 0 0 0 0
0.743333 0 0 0 0
0.75 0 0 0 0
0.756667 0 0 0 0
0.763333 0 0 0 0
0.77 0 0 0 0
0.776667 0 0 0 0
0.783333 0 0 0 0
0.79 0 0 0 0
0.796667 0 0 0 0
0.803333 0 0 0 0
0.81 0 0 0 0
0.816667 0 0 0 0
0.823333 0 0 0 0
0.83 0 0 0 0
0.836667 0 0 0 0
0.843333 0 0 0 0
0.85 0 0 0 0
0.856667 0 0 0 0
0.863333 0 0 0 0
0.87 0 0 0 0
0.876667 0 0 0 0
0.883333 0 0 0 0
0.89 0 0 0 0
0.896667 0 0 0 0
0.903333 0 0 0 0
0.91 0 0 0 0
0.916667 0 0 0 0
0.923333 0 0 0 0
0.93 0 0 0 0
0.936667 0 0 0 0
0.943333 0 0 0 0
0.95 0 0 0 0
0.956667 0 0 0 0
0.963333 0 0 0 0
0.97 0 0 0 0
0.976667 0 0 0 0
0.983333 0 0 0 0
0.99 0 0 0 0
0.996667 0 0 0 0
1.00333 0 0 0 0
1.01 0 0 0 0
1.01667 0 0 0 0
1.02333 0 0 0 0
1.03 0 0 0 0
1.03667 0 0 0 0
1.04333 0 0 0 0
1.05 0 0 0 0
1.05667 0 0 0 0
1.06333 0 0 0 0
1.07 0 0 0 0
1.07667 0 0 0 0
1.08333 0 0 0 0
1.09 0 0 0 0
1.09667 0 0 0 0
1.10333 0 0 0 0
1.11 0 0 0 0
1.11667 0 0 0 0
1.12333 0 0 0 0
1.13 0 0 0 0
1.13667 0 0 0 0
1.14333 0 0 0 0
1.15 0 0 0 0
1.15667 0 0 0 0
1.16333 0 0 0 0
1.17 0 0 0 0
1.17667 0 0 0 0
1.18333 0 0 0 0
1.19 0 0 0 0
1.19667 0 0 0 0
1.20333 0 0 0 0
1.21 0 0 0 0
1.21667 0 0 0 0
1.22333 0 0 0 0
1.23 0 0 0 0
1.23667 0 0 0 0
1.24333 0 0 0 0
1.25 0 0 0 0
1.25667 0 0 0 0
1.26333 0 0 0 0
1.27 0 0 0 0
1.27667 0 0 0 0
1.28333 0 0 0 0
1.29 0 0 0 0
1.29667 0 0 0 0
1.30333 0 0 0 0
1.31 0 0 0 0
1.31667 0 0 0 0
1.32333 0 0 0 0
1.33 0 0 0 0
1.33667 0 0 0 0
1.34333 0 0 0 0
1.35 0 0 0 0
1.35667 0 0 0 0
1.36333 0 0 0 0
1.37 0 0 0 0
1.37667 0 0 0 0
1.38333 0 0 0 0
1.39 0 0 0 0
1.39667 0 0 0 0
1.40333 0 0 0 0
1.41 0 0 0 0
1.41667 0 0 0 0
1.42333 0 0 0 0
1.43 0 0 0 0
1.43667 0 0 0 0
1.44333 0 0 0 0
1.45 0 0 0 0
1.45667 0 0 0 0
1.46333 0 0 0 0
1.47 0 0 0 0
1.47667 0 0 0 0
1.48333 0 0 0 0
1.49 0 0 0 0
1.49667 0 0 0 0
1.50333 0 0 0 0
1.51 0 0 0 0
1.51667 0 0 0 0
1.52333 0 0 0 0
1.53 0 0 0 0
1.53667 0 0 0 0
1.54333 0 0 0 0
1.55 0 0 0 0
1.55667 0 0 0 0
1.56333 0 0 0 0
1.57 0 0 0 0
1.57667 0 0 0 0
1.58333 0 0 0 0
1.59 0 0 0 0
1.59667 0 0 0 0
1.60333 0 0 0 0
1.61 0 0 0 0
1.61667 0 0 0 0
1.62333 0 0 0 0
1.63 0 0 0 0
1.63667 0 0 0 0
1.64333 0 0 0 0
1.65 0 0 0 0
1.65667 0 0 0 0
1.66333 0 0 0 0
1.67 0 0 0 0
1.67667 0 0 0 0
1.68333 0 0 0 0
1.69 0 0 0 0
1.69667 0 0 0 0
1.70333 0 0 0 0
1.71 0 0 0 0
1.71667 0 0 0 0
1.72333 0 0 0 0
1.73 0 0 0 0
1.73667 0 0 0 0
1.74333 0 0 0 0
1.75 0 0 0 0
1.75667 0 0 0 0
1.76333 0 0 0 0
1.77 0 0 0 0
1.77667 0 0 0 0
1.78333 0 0 0 0
1.79 0 0 0 0
1.79667 0 0 0 0
1.80333 0 0 0 0
1.81 0 0 0 0
1.81667 0 0 0 0
1.82333 0 0 0 0
1.83 0 0 0 0
1.83667 0 0 0 0
1.84333 0 0 0 0
1.85 0 0 0 0
1.85667 0 0 0 0
1.86333 0 0 0 0
1.87 0 0 0 0
1.87667 0 0 0 0
1.88333 0 0 0 0
1.89 0 0 0 0
1.89667 0 0 0 0
1.90333 0 0 0 0
1.91 0 0 0 0
1.91667 0 0 0 0
1.92333 0 0 0 0
1.93 0 0 0 0
1.93667 0 0 0 0
1.94333 0 0 0 0
1.95 0 0 0 0
1.95667 0 0 0 0
1.96333 0 0 0 0
1.97 0 0 0 0
1.97667 0 0 0 0
1.98333 0 0 0 0
1.99 0 0 0 0
1.99667 0 0 0 0
