0.00333333 25 56 9 1
0.01 25 52 7 0
0.0166667 27 74 10 2
0.0233333 40 73 6 3
0.03 32 88 11 3
0.0366667 37 102 13 7
0.0433333 56 115 25 4
0.05 68 123 32 8
0.0566667 89 192 28 8
0.0633333 89 223 39 8
0.07 107 213 25 10
0.0766667 108 214 22 7
0.0833333 88 224 22 19
0.09 95 230 30 13
0.0966667 112 224 36 8
0.103333 114 213 36 10
0.11 86 216 41 9
0.116667 101 203 39 13
0.123333 97 204 21 7
0.13 83 207 25 12
0.136667 94 204 20 10
0.143333 92 185 28 5
0.15 89 170 26 14
0.156667 90 181 16 6
0.163333 79 162 22 11
0.17 76 163 22 9
0.176667 90 167 20 6
0.183333 102 174 17 11
0.19 81 178 18 10
0.196667 83 176 18 11
0.203333 74 146 18 12
0.21 84 141 20 9
0.216667 70 167 13 12
0.223333 73 107 25 11
0.23 62 131 12 9
0.236667 56 117 23 4
0.243333 57 113 13 6
0.25 58 105 15 3
0.256667 46 104 18 8
0.263333 57 120 13 8
0.27 60 102 8 5
0.276667 62 110 13 7
0.283333 33 94 19 3
0.29 43 122 14 4
0.296667 45 85 11 5
0.303333 43 67 22 6
0.31 57 85 8 7
0.316667 41 88 12 5
0.323333 47 76 9 7
0.33 37 83 9 5
0.336667 33 69 13 5
0.343333 33 86 11 5
0.35 32 72 8 4
0.356667 43 63 8 7
0.363333 42 71 11 4
0.37 31 53 7 4
0.376667 34 47 13 7
0.383333 39 73 7 7
0.39 37 58 16 3
0.396667 34 48 4 4
0.403333 22 62 17 6
0.41 29 47 6 4
0.416667 31 55 8 7
0.423333 19 59 13 2
0.43 26 42 5 5
0.436667 31 55 10 3
0.443333 39 68 7 6
0.45 28 62 6 1
0.456667 34 49 14 10
0.463333 33 51 3 9
0.47 33 68 8 3
0.476667 33 52 2 6
0.483333 16 47 2 0
0.49 15 41 8 1
0.496667 27 41 8 0
0.503333 26 29 5 1
0.51 15 36 5 3
0.516667 19 31 3 4
0.523333 17 30 12 3
0.53 20 40 4 4
0.536667 15 20 8 3
0.543333 21 31 4 3
0.55 14 23 7 5
0.556667 12 27 7 1
0.563333 19 33 5 2
0.57 15 22 6 2
0.576667 10 29 7 2
0.583333 11 31 6 2
0.59 11 20 7 6
0.596667 18 28 6 3
0.603333 19 12 2 3
0.61 13 27 4 5
0.616667 8 29 3 1
0.623333 24 31 3 2
0.63 12 24 1 1
0.636667 15 34 5 1
0.643333 15 24 3 3
0.65 10 21 4 5
0.656667 7 21 5 4
0.663333 853 1475 129 89
0.67 0 0 0 0
0.676667 0 0 0 0
0.683333 0 0 0 0
0.69 0 0 0 0
0.696667 0 0 0 0
0.703333 0 0 0 0
0.71 0 0 0 0
0.716667 0 0 0 0
0.723333 0 0 0 0
0.73 0 0 0 0
0.736667 0 0 0 0
0.743333 0 0 0 0
0.75 0 0 0 0
0.756667 0 0 0 0
0.763333 0 0 0 0
0.77 0 0 0 0
0.776667 0 0 0 0
0.783333 0 0 0 0
0.79 0 0 0 0
0.796667 0 0 0 0
0.803333 0 0 0 0
0.81 0 0 0 0
0.816667 0 0 0 0
0.823333 0 0 0 0
0.83 0 0 0 0
0.836667 0 0 0 0
0.843333 0 0 0 0
0.85 0 0 0 0
0.856667 0 0 0 0
0.863333 0 0 0 0
0.87 0 0 0 0
0.876667 0 0 0 0
0.883333 0 0 0 0
0.89 0 0 0 0
0.896667 0 0 0 0
0.903333 0 0 0 0
0.91 0 0 0 0
0.916667 0 0 0 0
0.923333 0 0 0 0
0.93 0 0 0 0
0.936667 0 0 0 0
0.943333 0 0 0 0
0.95 0 0 0 0
0.956667 0 0 0 0
0.963333 0 0 0 0
0.97 0 0 0 0
0.976667 0 0 0 0
0.983333 0 0 0 0
0.99 0 0 0 0
0.996667 0 0 0 0
1.00333 0 0 0 0
1.01 0 0 0 0
1.01667 0 0 0 0
1.02333 0 0 0 0
1.03 0 0 0 0
1.03667 0 0 0 0
1.04333 0 0 0 0
1.05 0 0 0 0
1.05667 0 0 0 0
1.06333 0 0 0 0
1.07 0 0 0 0
1.07667 0 0 0 0
1.08333 0 0 0 0
1.09 0 0 0 0
1.09667 0 0 0 0
1.10333 0 0 0 0
1.11 0 0 0 0
1.11667 0 0 0 0
1.12333 0 0 0 0
1.13 0 0 0 0
1.13667 0 0 0 0
1.14333 0 0 0 0
1.15 0 0 0 0
1.15667 0 0 0 0
1.16333 0 0 0 0
1.17 0 0 0 0
1.17667 0 0 0 0
1.18333 0 0 0 0
1.19 0 0 0 0
1.19667 0 0 0 0
1.20333 0 0 0 0
1.21 0 0 0 0
1.21667 0 0 0 0
1.22333 0 0 0 0
1.23 0 0 0 0
1.23667 0 0 0 0
1.24333 0 0 0 0
1.25 0 0 0 0
1.25667 0 0 0 0
1.26333 0 0 0 0
1.27 0 0 0 0
1.27667 0 0 0 0
1.28333 0 0 0 0
1.29 0 0 0 0
1.29667 0 0 0 0
1.30333 0 0 0 0
1.31 0 0 0 0
1.31667 0 0 0 0
1.32333 0 0 0 0
1.33 0 0 0 0
1.33667 0 0 0 0
1.34333 0 0 0 0
1.35 0 0 0 0
1.35667 0 0 0 0
1.36333 0 0 0 0
1.37 0 0 0 0
1.37667 0 0 0 0
1.38333 0 0 0 0
1.39 0 0 0 0
1.39667 0 0 0 0
1.40333 0 0 0 0
1.41 0 0 0 0
1.41667 0 0 0 0
1.42333 0 0 0 0
1.43 0 0 0 0
1.43667 0 0 0 0
1.44333 0 0 0 0
1.45 0 0 0 0
1.45667 0 0 0 0
1.46333 0 0 0 0
1.47 0 0 0 0
1.47667 0 0 0 0
1.48333 0 0 0 0
1.49 0 0 0 0
1.49667 0 0 0 0
1.50333 0 0 0 0
1.51 0 0 0 0
1.51667 0 0 0 0
1.52333 0 0 0 0
1.53 0 0 0 0
1.53667 0 0 0 0
1.54333 0 0 0 0
1.55 0 0 0 0
1.55667 0 0 0 0
1.56333 0 0 0 0
1.57 0 0 0 0
1.57667 0 0 0 0
1.58333 0 0 0 0
1.59 0 0 0 0
1.59667 0 0 0 0
1.60333 0 0 0 0
1.61 0 0 0 0
1.61667 0 0 0 0
1.62333 0 0 0 0
1.63 0 0 0 0
1.63667 0 0 0 0
1.64333 0 0 0 0
1.65 0 0 0 0
1.65667 0 0 0 0
1.66333 0 0 0 0
1.67 0 0 0 0
1.67667 0 0 0 0
1.68333 0 0 0 0
1.69 0 0 0 0
1.69667 0 0 0 0
1.70333 0 0 0 0
1.71 0 0 0 0
1.71667 0 0 0 0
1.72333 0 0 0 0
1.73 0 0 0 0
1.73667 0 0 0 0
1.74333 0 0 0 0
1.75 0 0 0 0
1.75667 0 0 0 0
1.76333 0 0 0 0
1.77 0 0 0 0
1.77667 0 0 0 0
1.78333 0 0 0 0
1.79 0 0 0 0
1.79667 0 0 0 0
1.80333 0 0 0 0
1.81 0 0 0 0
1.81667 0 0 0 0
1.82333 0 0 0 0
1.83 0 0 0 0
1.83667 0 0 0 0
1.84333 0 0 0 0
1.85 0 0 0 0
1.85667 0 0 0 0
1.86333 0 0 0 0
1.87 0 0 0 0
1.87667 0 0 0 0
1.88333 0 0 0 0
1.89 0 0 0 0
1.89667 0 0 0 0
1.90333 0 0 0 0
1.91 0 0 0 0
1.91667 0 0 0 0
1.92333 0 0 0 0
1.93 0 0 0 0
1.93667 0 0 0 0
1.94333 0 0 0 0
1.95 0 0 0 0
1.95667 0 0 0 0
1.96333 0 0 0 0
1.97 0 0 0 0
1.97667 0 0 0 0
1.98333 0 0 0 0
1.99 0 0 0 0
1.99667 0 0 0 0
