0.00333333 3 12 20 20
0.01 3 9 29 26
0.0166667 4 8 36 30
0.0233333 8 7 43 37
0.03 4 14 64 31
0.0366667 2 15 51 47
0.0433333 5 23 89 48
0.05 5 31 111 55
0.0566667 14 34 139 75
0.0633333 12 33 137 89
0.07 10 48 145 107
0.0766667 10 45 141 85
0.0833333 13 33 146 111
0.09 9 42 149 72
0.0966667 17 50 151 85
0.103333 14 29 159 98
0.11 12 37 141 84
0.116667 9 37 167 89
0.123333 20 38 116 98
0.13 10 45 116 95
0.136667 12 30 121 77
0.143333 10 22 91 76
0.15 11 31 120 83
0.156667 8 21 116 84
0.163333 5 16 97 75
0.17 11 30 91 58
0.176667 8 25 87 62
0.183333 9 30 84 86
0.19 16 32 103 73
0.196667 10 25 101 75
0.203333 11 30 83 72
0.21 7 33 71 62
0.216667 9 15 81 65
0.223333 12 26 66 60
0.23 10 24 77 49
0.236667 6 21 74 73
0.243333 12 19 64 50
0.25 7 19 61 55
0.256667 5 20 60 47
0.263333 14 20 59 41
0.27 8 18 62 42
0.276667 8 20 61 37
0.283333 5 13 66 44
0.29 7 10 55 41
0.296667 12 16 72 46
0.303333 8 16 56 59
0.31 3 11 58 35
0.316667 5 12 49 31
0.323333 9 11 46 33
0.33 5 14 33 39
0.336667 11 14 40 40
0.343333 10 12 44 42
0.35 4 13 31 50
0.356667 4 15 43 34
0.363333 4 10 42 31
0.37 10 11 36 25
0.376667 4 15 44 27
0.383333 3 20 51 33
0.39 5 12 46 35
0.396667 7 13 30 24
0.403333 3 14 40 24
0.41 1 9 39 17
0.416667 5 14 43 25
0.423333 5 16 43 22
0.43 3 13 32 27
0.436667 7 10 29 29
0.443333 9 9 30 22
0.45 5 12 28 28
0.456667 3 4 28 31
0.463333 4 11 33 22
0.47 5 13 35 27
0.476667 10 8 29 26
0.483333 2 6 21 18
0.49 5 14 24 13
0.496667 1 12 21 18
0.503333 2 6 16 10
0.51 1 3 10 15
0.516667 5 6 17 19
0.523333 4 13 21 23
0.53 4 5 16 9
0.536667 3 7 12 15
0.543333 2 8 20 13
0.55 3 13 15 11
0.556667 3 9 23 16
0.563333 2 5 18 10
0.57 4 10 20 17
0.576667 11 4 15 18
0.583333 7 5 15 17
0.59 3 12 13 11
0.596667 3 3 14 11
0.603333 2 5 18 7
0.61 2 7 16 10
0.616667 3 7 10 12
0.623333 6 6 17 12
0.63 3 11 19 6
0.636667 6 8 18 11
0.643333 5 9 17 13
0.65 4 2 13 14
0.656667 1 5 22 9
0.663333 144 210 715 812
0.67 0 0 0 0
0.676667 0 0 0 0
0.683333 0 0 0 0
0.69 0 0 0 0
0.696667 0 0 0 0
0.703333 0 0 0 0
0.71 0 0 0 0
0.716667 0 0 0 0
0.723333 0 0 0 0
0.73 0 0 0 0
0.736667 0 0 0 0
0.743333 0 0 0 0
0.75 0 0 0 0
0.756667 0 0 0 0
0.763333 0 0 0 0
0.77 0 0 0 0
0.776667 0 0 0 0
0.783333 0 0 0 0
0.79 0 0 0 0
0.796667 0 0 0 0
0.803333 0 0 0 0
0.81 0 0 0 0
0.816667 0 0 0 0
0.823333 0 0 0 0
0.83 0 0 0 0
0.836667 0 0 0 0
0.843333 0 0 0 0
0.85 0 0 0 0
0.856667 0 0 0 0
0.863333 0 0 0 0
0.87 0 0 0 0
0.876667 0 0 0 0
0.883333 0 0 0 0
0.89 0 0 0 0
0.896667 0 0 0 0
0.903333 0 0 0 0
0.91 0 0 0 0
0.916667 0 0 0 0
0.923333 0 0 0 0
0.93 0 0 0 0
0.936667 0 0 0 0
0.943333 0 0 0 0
0.95 0 0 0 0
0.956667 0 0 0 0
0.963333 0 0 0 0
0.97 0 0 0 0
0.976667 0 0 0 0
0.983333 0 0 0 0
0.99 0 0 0 0
0.996667 0 0 0 0
1.00333 0 0 0 0
1.01 0 0 0 0
1.01667 0 0 0 0
1.02333 0 0 0 0
1.03 0 0 0 0
1.03667 0 0 0 0
1.04333 0 0 0 0
1.05 0 0 0 0
1.05667 0 0 0 0
1.06333 0 0 0 0
1.07 0 0 0 0
1.07667 0 0 0 0
1.08333 0 0 0 0
1.09 0 0 0 0
1.09667 0 0 0 0
1.10333 0 0 0 0
1.11 0 0 0 0
1.11667 0 0 0 0
1.12333 0 0 0 0
1.13 0 0 0 0
1.13667 0 0 0 0
1.14333 0 0 0 0
1.15 0 0 0 0
1.15667 0 0 0 0
1.16333 0 0 0 0
1.17 0 0 0 0
1.17667 0 0 0 0
1.18333 0 0 0 0
1.19 0 0 0 0
1.19667 0 0 0 0
1.20333 0 0 0 0
1.21 0 0 0 0
1.21667 0 0 0 0
1.22333 0 0 0 0
1.23 0 0 0 0
1.23667 0 0 0 0
1.24333 0 0 0 0
1.25 0 0 0 0
1.25667 0 0 0 0
1.26333 0 0 0 0
1.27 0 0 0 0
1.27667 0 0 0 0
1.28333 0 0 0 0
1.29 0 0 0 0
1.29667 0 0 0 0
1.30333 0 0 0 0
1.31 0 0 0 0
1.31667 0 0 0 0
1.32333 0 0 0 0
1.33 0 0 0 0
1.33667 0 0 0 0
1.34333 0 0 0 0
1.35 0 0 0 0
1.35667 0 0 0 0
1.36333 0 0 0 0
1.37 0 0 0 0
1.37667 0 0 0 0
1.38333 0 0 0 0
1.39 0 0 0 0
1.39667 0 0 0 0
1.40333 0 0 0 0
1.41 0 0 0 0
1.41667 0 0 0 0
1.42333 0 0 0 0
1.43 0 0 0 0
1.43667 0 0 0 0
1.44333 0 0 0 0
1.45 0 0 0 0
1.45667 0 0 0 0
1.46333 0 0 0 0
1.47 0 0 0 0
1.47667 0 0 0 0
1.48333 0 0 0 0
1.49 0 0 0 0
1.49667 0 0 0 0
1.50333 0 0 0 0
1.51 0 0 0 0
1.51667 0 0 0 0
1.52333 0 0 0 0
1.53 0 0 0 0
1.53667 0 0 0 0
1.54333 0 0 0 0
1.55 0 0 0 0
1.55667 0 0 0 0
1.56333 0 0 0 0
1.57 0 0 0 0
1.57667 0 0 0 0
1.58333 0 0 0 0
1.59 0 0 0 0
1.59667 0 0 0 0
1.60333 0 0 0 0
1.61 0 0 0 0
1.61667 0 0 0 0
1.62333 0 0 0 0
1.63 0 0 0 0
1.63667 0 0 0 0
1.64333 0 0 0 0
1.65 0 0 0 0
1.65667 0 0 0 0
1.66333 0 0 0 0
1.67 0 0 0 0
1.67667 0 0 0 0
1.68333 0 0 0 0
1.69 0 0 0 0
1.69667 0 0 0 0
1.70333 0 0 0 0
1.71 0 0 0 0
1.71667 0 0 0 0
1.72333 0 0 0 0
1.73 0 0 0 0
1.73667 0 0 0 0
1.74333 0 0 0 0
1.75 0 0 0 0
1.75667 0 0 0 0
1.76333 0 0 0 0
1.77 0 0 0 0
1.77667 0 0 0 0
1.78333 0 0 0 0
1.79 0 0 0 0
1.79667 0 0 0 0
1.80333 0 0 0 0
1.81 0 0 0 0
1.81667 0 0 0 0
1.82333 0 0 0 0
1.83 0 0 0 0
1.83667 0 0 0 0
1.84333 0 0 0 0
1.85 0 0 0 0
1.85667 0 0 0 0
1.86333 0 0 0 0
1.87 0 0 0 0
1.87667 0 0 0 0
1.88333 0 0 0 0
1.89 0 0 0 0
1.89667 0 0 0 0
1.90333 0 0 0 0
1.91 0 0 0 0
1.91667 0 0 0 0
1.92333 0 0 0 0
1.93 0 0 0 0
1.93667 0 0 0 0
1.94333 0 0 0 0
1.95 0 0 0 0
1.95667 0 0 0 0
1.96333 0 0 0 0
1.97 0 0 0 0
1.97667 0 0 0 0
1.98333 0 0 0 0
1.99 0 0 0 0
1.99667 0 0 0 0
