0.00333333 3 12 94 9
0.01 3 23 112 10
0.0166667 1 16 119 13
0.0233333 3 18 112 15
0.03 5 24 124 16
0.0366667 4 30 136 16
0.0433333 4 35 154 27
0.05 9 47 209 36
0.0566667 8 51 228 34
0.0633333 5 44 256 35
0.07 10 54 277 57
0.0766667 4 50 295 34
0.0833333 9 55 308 38
0.09 7 46 319 28
0.0966667 4 43 305 33
0.103333 9 56 278 34
0.11 6 44 340 38
0.116667 6 51 324 30
0.123333 9 56 303 31
0.13 8 43 314 37
0.136667 6 41 340 25
0.143333 8 50 312 26
0.15 5 35 303 21
0.156667 4 42 274 19
0.163333 3 50 304 31
0.17 10 35 310 17
0.176667 6 37 296 21
0.183333 4 42 318 20
0.19 5 39 368 20
0.196667 8 49 330 21
0.203333 3 32 320 24
0.21 8 38 300 29
0.216667 1 30 295 13
0.223333 2 22 268 13
0.23 8 25 258 21
0.236667 4 32 228 14
0.243333 4 38 230 13
0.25 5 23 241 12
0.256667 7 29 207 18
0.263333 5 29 184 17
0.27 4 22 185 22
0.276667 4 25 169 12
0.283333 3 24 189 10
0.29 3 26 161 15
0.296667 4 22 178 11
0.303333 3 21 184 19
0.31 3 31 158 19
0.316667 1 19 148 13
0.323333 4 25 153 10
0.33 5 21 139 13
0.336667 2 19 132 6
0.343333 3 23 105 14
0.35 3 24 137 10
0.356667 1 23 125 16
0.363333 2 19 116 8
0.37 2 22 120 14
0.376667 4 15 128 19
0.383333 8 17 120 9
0.39 2 14 116 11
0.396667 2 21 129 7
0.403333 2 16 105 4
0.41 0 9 104 8
0.416667 3 18 119 9
0.423333 1 11 100 14
0.43 1 18 124 10
0.436667 4 19 107 8
0.443333 2 15 119 11
0.45 2 14 99 8
0.456667 4 14 107 10
0.463333 2 14 122 7
0.47 3 12 115 7
0.476667 2 15 86 8
0.483333 1 10 67 8
0.49 0 10 58 3
0.496667 4 14 63 4
0.503333 2 12 58 5
0.51 1 10 57 11
0.516667 2 14 49 7
0.523333 2 6 47 7
0.53 4 9 46 11
0.536667 2 4 52 7
0.543333 1 4 43 2
0.55 1 6 37 5
0.556667 3 11 42 5
0.563333 0 9 44 3
0.57 3 6 43 6
0.576667 2 13 37 7
0.583333 2 9 36 6
0.59 1 9 39 5
0.596667 1 7 42 10
0.603333 0 4 34 4
0.61 1 10 29 6
0.616667 5 9 37 5
0.623333 0 10 42 3
0.63 6 8 33 5
0.636667 2 7 50 4
0.643333 0 14 33 5
0.65 3 7 27 8
0.656667 1 10 35 4
0.663333 24 353 4455 131
0.67 0 0 0 0
0.676667 0 0 0 0
0.683333 0 0 0 0
0.69 0 0 0 0
0.696667 0 0 0 0
0.703333 0 0 0 0
0.71 0 0 0 0
0.716667 0 0 0 0
0.723333 0 0 0 0
0.73 0 0 0 0
0.736667 0 0 0 0
0.743333 0 0 0 0
0.75 0 0 0 0
0.756667 0 0 0 0
0.763333 0 0 0 0
0.77 0 0 0 0
0.776667 0 0 0 0
0.783333 0 0 0 0
0.79 0 0 0 0
0.796667 0 0 0 0
0.803333 0 0 0 0
0.81 0 0 0 0
0.816667 0 0 0 0
0.823333 0 0 0 0
0.83 0 0 0 0
0.836667 0 0 0 0
0.843333 0 0 0 0
0.85 0 0 0 0
0.856667 0 0 0 0
0.863333 0 0 0 0
0.87 0 0 0 0
0.876667 0 0 0 0
0.883333 0 0 0 0
0.89 0 0 0 0
0.896667 0 0 0 0
0.903333 0 0 0 0
0.91 0 0 0 0
0.916667 0 0 0 0
0.923333 0 0 0 0
0.93 0 0 0 0
0.936667 0 0 0 0
0.943333 0 0 0 0
0.95 0 0 0 0
0.956667 0 0 0 0
0.963333 0 0 0 0
0.97 0 0 0 0
0.976667 0 0 0 0
0.983333 0 0 0 0
0.99 0 0 0 0
0.996667 0 0 0 0
1.00333 0 0 0 0
1.01 0 0 0 0
1.01667 0 0 0 0
1.02333 0 0 0 0
1.03 0 0 0 0
1.03667 0 0 0 0
1.04333 0 0 0 0
1.05 0 0 0 0
1.05667 0 0 0 0
1.06333 0 0 0 0
1.07 0 0 0 0
1.07667 0 0 0 0
1.08333 0 0 0 0
1.09 0 0 0 0
1.09667 0 0 0 0
1.10333 0 0 0 0
1.11 0 0 0 0
1.11667 0 0 0 0
1.12333 0 0 0 0
1.13 0 0 0 0
1.13667 0 0 0 0
1.14333 0 0 0 0
1.15 0 0 0 0
1.15667 0 0 0 0
1.16333 0 0 0 0
1.17 0 0 0 0
1.17667 0 0 0 0
1.18333 0 0 0 0
1.19 0 0 0 0
1.19667 0 0 0 0
1.20333 0 0 0 0
1.21 0 0 0 0
1.21667 0 0 0 0
1.22333 0 0 0 0
1.23 0 0 0 0
1.23667 0 0 0 0
1.24333 0 0 0 0
1.25 0 0 0 0
1.25667 0 0 0 0
1.26333 0 0 0 0
1.27 0 0 0 0
1.27667 0 0 0 0
1.28333 0 0 0 0
1.29 0 0 0 0
1.29667 0 0 0 0
1.30333 0 0 0 0
1.31 0 0 0 0
1.31667 0 0 0 0
1.32333 0 0 0 0
1.33 0 0 0 0
1.33667 0 0 0 0
1.34333 0 0 0 0
1.35 0 0 0 0
1.35667 0 0 0 0
1.36333 0 0 0 0
1.37 0 0 0 0
1.37667 0 0 0 0
1.38333 0 0 0 0
1.39 0 0 0 0
1.39667 0 0 0 0
1.40333 0 0 0 0
1.41 0 0 0 0
1.41667 0 0 0 0
1.42333 0 0 0 0
1.43 0 0 0 0
1.43667 0 0 0 0
1.44333 0 0 0 0
1.45 0 0 0 0
1.45667 0 0 0 0
1.46333 0 0 0 0
1.47 0 0 0 0
1.47667 0 0 0 0
1.48333 0 0 0 0
1.49 0 0 0 0
1.49667 0 0 0 0
1.50333 0 0 0 0
1.51 0 0 0 0
1.51667 0 0 0 0
1.52333 0 0 0 0
1.53 0 0 0 0
1.53667 0 0 0 0
1.54333 0 0 0 0
1.55 0 0 0 0
1.55667 0 0 0 0
1.56333 0 0 0 0
1.57 0 0 0 0
1.57667 0 0 0 0
1.58333 0 0 0 0
1.59 0 0 0 0
1.59667 0 0 0 0
1.60333 0 0 0 0
1.61 0 0 0 0
1.61667 0 0 0 0
1.62333 0 0 0 0
1.63 0 0 0 0
1.63667 0 0 0 0
1.64333 0 0 0 0
1.65 0 0 0 0
1.65667 0 0 0 0
1.66333 0 0 0 0
1.67 0 0 0 0
1.67667 0 0 0 0
1.68333 0 0 0 0
1.69 0 0 0 0
1.69667 0 0 0 0
1.70333 0 0 0 0
1.71 0 0 0 0
1.71667 0 0 0 0
1.72333 0 0 0 0
1.73 0 0 0 0
1.73667 0 0 0 0
1.74333 0 0 0 0
1.75 0 0 0 0
1.75667 0 0 0 0
1.76333 0 0 0 0
1.77 0 0 0 0
1.77667 0 0 0 0
1.78333 0 0 0 0
1.79 0 0 0 0
1.79667 0 0 0 0
1.80333 0 0 0 0
1.81 0 0 0 0
1.81667 0 0 0 0
1.82333 0 0 0 0
1.83 0 0 0 0
1.83667 0 0 0 0
1.84333 0 0 0 0
1.85 0 0 0 0
1.85667 0 0 0 0
1.86333 0 0 0 0
1.87 0 0 0 0
1.87667 0 0 0 0
1.88333 0 0 0 0
1.89 0 0 0 0
1.89667 0 0 0 0
1.90333 0 0 0 0
1.91 0 0 0 0
1.91667 0 0 0 0
1.92333 0 0 0 0
1.93 0 0 0 0
1.93667 0 0 0 0
1.94333 0 0 0 0
1.95 0 0 0 0
1.95667 0 0 0 0
1.96333 0 0 0 0
1.97 0 0 0 0
1.97667 0 0 0 0
1.98333 0 0 0 0
1.99 0 0 0 0
1.99667 0 0 0 0
