0.00333333 5 13 41 15
0.01 3 7 52 24
0.0166667 7 9 52 28
0.0233333 10 16 40 30
0.03 7 20 62 31
0.0366667 7 23 66 35
0.0433333 10 25 88 47
0.05 7 32 128 56
0.0566667 15 37 146 80
0.0633333 10 39 181 88
0.07 14 45 172 100
0.0766667 11 42 163 73
0.0833333 16 41 168 93
0.09 18 39 164 84
0.0966667 18 48 191 87
0.103333 22 45 186 99
0.11 16 32 176 63
0.116667 14 34 182 89
0.123333 12 37 137 75
0.13 14 42 133 78
0.136667 12 38 134 70
0.143333 13 20 117 61
0.15 6 33 120 73
0.156667 6 30 122 56
0.163333 11 22 117 88
0.17 9 26 107 65
0.176667 9 27 113 54
0.183333 12 29 112 65
0.19 11 33 109 60
0.196667 10 31 104 74
0.203333 19 34 98 53
0.21 8 31 85 51
0.216667 9 18 83 62
0.223333 12 24 76 56
0.23 10 22 97 57
0.236667 4 21 80 63
0.243333 8 23 64 49
0.25 12 22 89 54
0.256667 2 17 74 47
0.263333 8 15 68 43
0.27 3 15 68 37
0.276667 6 21 70 43
0.283333 6 17 76 25
0.29 5 11 77 37
0.296667 6 22 73 39
0.303333 9 17 55 44
0.31 7 14 61 26
0.316667 7 13 49 27
0.323333 8 11 56 39
0.33 3 11 41 34
0.336667 7 16 51 48
0.343333 4 15 51 35
0.35 3 9 51 26
0.356667 4 14 51 29
0.363333 2 10 53 23
0.37 6 12 37 22
0.376667 2 15 58 28
0.383333 3 27 54 29
0.39 6 14 40 24
0.396667 6 13 42 18
0.403333 5 12 39 15
0.41 4 14 37 19
0.416667 6 9 46 24
0.423333 3 18 50 18
0.43 3 13 44 28
0.436667 5 8 48 21
0.443333 6 15 38 24
0.45 6 11 45 26
0.456667 5 4 33 28
0.463333 2 12 36 25
0.47 5 11 39 21
0.476667 5 13 44 24
0.483333 8 9 28 17
0.49 3 9 27 18
0.496667 3 13 19 20
0.503333 3 7 21 12
0.51 1 9 17 17
0.516667 1 7 16 25
0.523333 4 12 28 18
0.53 4 7 19 10
0.536667 2 9 26 17
0.543333 5 9 26 12
0.55 2 16 21 8
0.556667 2 5 27 13
0.563333 2 10 18 13
0.57 4 12 23 12
0.576667 9 6 15 14
0.583333 4 10 21 17
0.59 5 11 17 12
0.596667 3 5 19 15
0.603333 2 8 22 8
0.61 4 5 21 13
0.616667 4 6 13 9
0.623333 3 5 19 9
0.63 1 9 17 10
0.636667 2 8 22 9
0.643333 4 7 17 10
0.65 1 2 15 14
0.656667 1 7 21 8
0.663333 88 218 839 622
0.67 0 0 0 0
0.676667 0 0 0 0
0.683333 0 0 0 0
0.69 0 0 0 0
0.696667 0 0 0 0
0.703333 0 0 0 0
0.71 0 0 0 0
0.716667 0 0 0 0
0.723333 0 0 0 0
0.73 0 0 0 0
0.736667 0 0 0 0
0.743333 0 0 0 0
0.75 0 0 0 0
0.756667 0 0 0 0
0.763333 0 0 0 0
0.77 0 0 0 0
0.776667 0 0 0 0
0.783333 0 0 0 0
0.79 0 0 0 0
0.796667 0 0 0 0
0.803333 0 0 0 0
0.81 0 0 0 0
0.816667 0 0 0 0
0.823333 0 0 0 0
0.83 0 0 0 0
0.836667 0 0 0 0
0.843333 0 0 0 0
0.85 0 0 0 0
0.856667 0 0 0 0
0.863333 0 0 0 0
0.87 0 0 0 0
0.876667 0 0 0 0
0.883333 0 0 0 0
0.89 0 0 0 0
0.896667 0 0 0 0
0.903333 0 0 0 0
0.91 0 0 0 0
0.916667 0 0 0 0
0.923333 0 0 0 0
0.93 0 0 0 0
0.936667 0 0 0 0
0.943333 0 0 0 0
0.95 0 0 0 0
0.956667 0 0 0 0
0.963333 0 0 0 0
0.97 0 0 0 0
0.976667 0 0 0 0
0.983333 0 0 0 0
0.99 0 0 0 0
0.996667 0 0 0 0
1.00333 0 0 0 0
1.01 0 0 0 0
1.01667 0 0 0 0
1.02333 0 0 0 0
1.03 0 0 0 0
1.03667 0 0 0 0
1.04333 0 0 0 0
1.05 0 0 0 0
1.05667 0 0 0 0
1.06333 0 0 0 0
1.07 0 0 0 0
1.07667 0 0 0 0
1.08333 0 0 0 0
1.09 0 0 0 0
1.09667 0 0 0 0
1.10333 0 0 0 0
1.11 0 0 0 0
1.11667 0 0 0 0
1.12333 0 0 0 0
1.13 0 0 0 0
1.13667 0 0 0 0
1.14333 0 0 0 0
1.15 0 0 0 0
1.15667 0 0 0 0
1.16333 0 0 0 0
1.17 0 0 0 0
1.17667 0 0 0 0
1.18333 0 0 0 0
1.19 0 0 0 0
1.19667 0 0 0 0
1.20333 0 0 0 0
1.21 0 0 0 0
1.21667 0 0 0 0
1.22333 0 0 0 0
1.23 0 0 0 0
1.23667 0 0 0 0
1.24333 0 0 0 0
1.25 0 0 0 0
1.25667 0 0 0 0
1.26333 0 0 0 0
1.27 0 0 0 0
1.27667 0 0 0 0
1.28333 0 0 0 0
1.29 0 0 0 0
1.29667 0 0 0 0
1.30333 0 0 0 0
1.31 0 0 0 0
1.31667 0 0 0 0
1.32333 0 0 0 0
1.33 0 0 0 0
1.33667 0 0 0 0
1.34333 0 0 0 0
1.35 0 0 0 0
1.35667 0 0 0 0
1.36333 0 0 0 0
1.37 0 0 0 0
1.37667 0 0 0 0
1.38333 0 0 0 0
1.39 0 0 0 0
1.39667 0 0 0 0
1.40333 0 0 0 0
1.41 0 0 0 0
1.41667 0 0 0 0
1.42333 0 0 0 0
1.43 0 0 0 0
1.43667 0 0 0 0
1.44333 0 0 0 0
1.45 0 0 0 0
1.45667 0 0 0 0
1.46333 0 0 0 0
1.47 0 0 0 0
1.47667 0 0 0 0
1.48333 0 0 0 0
1.49 0 0 0 0
1.49667 0 0 0 0
1.50333 0 0 0 0
1.51 0 0 0 0
1.51667 0 0 0 0
1.52333 0 0 0 0
1.53 0 0 0 0
1.53667 0 0 0 0
1.54333 0 0 0 0
1.55 0 0 0 0
1.55667 0 0 0 0
1.56333 0 0 0 0
1.57 0 0 0 0
1.57667 0 0 0 0
1.58333 0 0 0 0
1.59 0 0 0 0
1.59667 0 0 0 0
1.60333 0 0 0 0
1.61 0 0 0 0
1.61667 0 0 0 0
1.62333 0 0 0 0
1.63 0 0 0 0
1.63667 0 0 0 0
1.64333 0 0 0 0
1.65 0 0 0 0
1.65667 0 0 0 0
1.66333 0 0 0 0
1.67 0 0 0 0
1.67667 0 0 0 0
1.68333 0 0 0 0
1.69 0 0 0 0
1.69667 0 0 0 0
1.70333 0 0 0 0
1.71 0 0 0 0
1.71667 0 0 0 0
1.72333 0 0 0 0
1.73 0 0 0 0
1.73667 0 0 0 0
1.74333 0 0 0 0
1.75 0 0 0 0
1.75667 0 0 0 0
1.76333 0 0 0 0
1.77 0 0 0 0
1.77667 0 0 0 0
1.78333 0 0 0 0
1.79 0 0 0 0
1.79667 0 0 0 0
1.80333 0 0 0 0
1.81 0 0 0 0
1.81667 0 0 0 0
1.82333 0 0 0 0
1.83 0 0 0 0
1.83667 0 0 0 0
1.84333 0 0 0 0
1.85 0 0 0 0
1.85667 0 0 0 0
1.86333 0 0 0 0
1.87 0 0 0 0
1.87667 0 0 0 0
1.88333 0 0 0 0
1.89 0 0 0 0
1.89667 0 0 0 0
1.90333 0 0 0 0
1.91 0 0 0 0
1.91667 0 0 0 0
1.92333 0 0 0 0
1.93 0 0 0 0
1.93667 0 0 0 0
1.94333 0 0 0 0
1.95 0 0 0 0
1.95667 0 0 0 0
1.96333 0 0 0 0
1.97 0 0 0 0
1.97667 0 0 0 0
1.98333 0 0 0 0
1.99 0 0 0 0
1.99667 0 0 0 0
