0.00333333 6 25 25 9
0.01 4 23 50 12
0.0166667 8 36 31 12
0.0233333 10 46 43 7
0.03 12 28 45 11
0.0366667 5 48 52 18
0.0433333 14 47 79 22
0.05 10 64 100 28
0.0566667 14 73 115 40
0.0633333 15 79 111 31
0.07 14 86 127 56
0.0766667 13 81 127 43
0.0833333 22 101 135 38
0.09 13 80 145 42
0.0966667 17 82 129 41
0.103333 14 109 102 38
0.11 18 82 134 38
0.116667 15 97 117 44
0.123333 15 83 99 30
0.13 14 90 109 41
0.136667 10 100 94 34
0.143333 8 81 114 44
0.15 22 80 99 28
0.156667 12 90 75 26
0.163333 9 72 107 28
0.17 8 82 75 30
0.176667 9 76 86 34
0.183333 14 83 88 30
0.19 10 104 86 29
0.196667 11 92 88 27
0.203333 10 77 76 33
0.21 17 82 81 34
0.216667 10 73 79 18
0.223333 8 83 59 21
0.23 14 60 78 28
0.236667 11 65 61 24
0.243333 8 58 52 19
0.25 13 64 51 19
0.256667 8 57 64 15
0.263333 8 53 59 28
0.27 9 49 59 24
0.276667 9 36 58 22
0.283333 9 52 41 16
0.29 6 48 54 22
0.296667 5 44 53 19
0.303333 6 38 32 19
0.31 4 55 47 17
0.316667 12 50 53 22
0.323333 5 50 38 20
0.33 11 37 43 14
0.336667 9 35 45 20
0.343333 9 37 44 17
0.35 5 35 44 14
0.356667 4 46 36 22
0.363333 4 37 35 16
0.37 8 47 39 12
0.376667 5 46 43 16
0.383333 4 51 39 10
0.39 5 36 28 15
0.396667 6 29 30 22
0.403333 6 40 36 19
0.41 5 36 42 7
0.416667 1 44 31 22
0.423333 7 34 37 13
0.43 7 33 30 15
0.436667 8 28 29 13
0.443333 9 32 38 16
0.45 8 30 36 13
0.456667 3 31 31 14
0.463333 5 43 26 16
0.47 2 31 31 14
0.476667 1 37 33 5
0.483333 4 27 18 11
0.49 4 25 24 9
0.496667 2 20 24 9
0.503333 6 20 20 10
0.51 3 20 32 5
0.516667 0 23 21 14
0.523333 4 12 26 10
0.53 3 13 15 5
0.536667 6 10 16 7
0.543333 6 20 25 9
0.55 2 15 20 6
0.556667 4 19 20 10
0.563333 4 16 21 12
0.57 0 20 22 9
0.576667 6 16 19 3
0.583333 4 22 10 11
0.59 1 20 14 9
0.596667 3 16 20 4
0.603333 2 7 16 9
0.61 6 12 11 9
0.616667 2 12 16 3
0.623333 3 16 16 6
0.63 4 13 19 5
0.636667 2 16 19 11
0.643333 3 18 22 5
0.65 5 10 14 5
0.656667 1 18 13 7
0.663333 122 1195 725 299
0.67 0 0 0 0
0.676667 0 0 0 0
0.683333 0 0 0 0
0.69 0 0 0 0
0.696667 0 0 0 0
0.703333 0 0 0 0
0.71 0 0 0 0
0.716667 0 0 0 0
0.723333 0 0 0 0
0.73 0 0 0 0
0.736667 0 0 0 0
0.743333 0 0 0 0
0.75 0 0 0 0
0.756667 0 0 0 0
0.763333 0 0 0 0
0.77 0 0 0 0
0.776667 0 0 0 0
0.783333 0 0 0 0
0.79 0 0 0 0
0.796667 0 0 0 0
0.803333 0 0 0 0
0.81 0 0 0 0
0.816667 0 0 0 0
0.823333 0 0 0 0
0.83 0 0 0 0
0.836667 0 0 0 0
0.843333 0 0 0 0
0.85 0 0 0 0
0.856667 0 0 0 0
0.863333 0 0 0 0
0.87 0 0 0 0
0.876667 0 0 0 0
0.883333 0 0 0 0
0.89 0 0 0 0
0.896667 0 0 0 0
0.903333 0 0 0 0
0.91 0 0 0 0
0.916667 0 0 0 0
0.923333 0 0 0 0
0.93 0 0 0 0
0.936667 0 0 0 0
0.943333 0 0 0 0
0.95 0 0 0 0
0.956667 0 0 0 0
0.963333 0 0 0 0
0.97 0 0 0 0
0.976667 0 0 0 0
0.983333 0 0 0 0
0.99 0 0 0 0
0.996667 0 0 0 0
1.00333 0 0 0 0
1.01 0 0 0 0
1.01667 0 0 0 0
1.02333 0 0 0 0
1.03 0 0 0 0
1.03667 0 0 0 0
1.04333 0 0 0 0
1.05 0 0 0 0
1.05667 0 0 0 0
1.06333 0 0 0 0
1.07 0 0 0 0
1.07667 0 0 0 0
1.08333 0 0 0 0
1.09 0 0 0 0
1.09667 0 0 0 0
1.10333 0 0 0 0
1.11 0 0 0 0
1.11667 0 0 0 0
1.12333 0 0 0 0
1.13 0 0 0 0
1.13667 0 0 0 0
1.14333 0 0 0 0
1.15 0 0 0 0
1.15667 0 0 0 0
1.16333 0 0 0 0
1.17 0 0 0 0
1.17667 0 0 0 0
1.18333 0 0 0 0
1.19 0 0 0 0
1.19667 0 0 0 0
1.20333 0 0 0 0
1.21 0 0 0 0
1.21667 0 0 0 0
1.22333 0 0 0 0
1.23 0 0 0 0
1.23667 0 0 0 0
1.24333 0 0 0 0
1.25 0 0 0 0
1.25667 0 0 0 0
1.26333 0 0 0 0
1.27 0 0 0 0
1.27667 0 0 0 0
1.28333 0 0 0 0
1.29 0 0 0 0
1.29667 0 0 0 0
1.30333 0 0 0 0
1.31 0 0 0 0
1.31667 0 0 0 0
1.32333 0 0 0 0
1.33 0 0 0 0
1.33667 0 0 0 0
1.34333 0 0 0 0
1.35 0 0 0 0
1.35667 0 0 0 0
1.36333 0 0 0 0
1.37 0 0 0 0
1.37667 0 0 0 0
1.38333 0 0 0 0
1.39 0 0 0 0
1.39667 0 0 0 0
1.40333 0 0 0 0
1.41 0 0 0 0
1.41667 0 0 0 0
1.42333 0 0 0 0
1.43 0 0 0 0
1.43667 0 0 0 0
1.44333 0 0 0 0
1.45 0 0 0 0
1.45667 0 0 0 0
1.46333 0 0 0 0
1.47 0 0 0 0
1.47667 0 0 0 0
1.48333 0 0 0 0
1.49 0 0 0 0
1.49667 0 0 0 0
1.50333 0 0 0 0
1.51 0 0 0 0
1.51667 0 0 0 0
1.52333 0 0 0 0
1.53 0 0 0 0
1.53667 0 0 0 0
1.54333 0 0 0 0
1.55 0 0 0 0
1.55667 0 0 0 0
1.56333 0 0 0 0
1.57 0 0 0 0
1.57667 0 0 0 0
1.58333 0 0 0 0
1.59 0 0 0 0
1.59667 0 0 0 0
1.60333 0 0 0 0
1.61 0 0 0 0
1.61667 0 0 0 0
1.62333 0 0 0 0
1.63 0 0 0 0
1.63667 0 0 0 0
1.64333 0 0 0 0
1.65 0 0 0 0
1.65667 0 0 0 0
1.66333 0 0 0 0
1.67 0 0 0 0
1.67667 0 0 0 0
1.68333 0 0 0 0
1.69 0 0 0 0
1.69667 0 0 0 0
1.70333 0 0 0 0
1.71 0 0 0 0
1.71667 0 0 0 0
1.72333 0 0 0 0
1.73 0 0 0 0
1.73667 0 0 0 0
1.74333 0 0 0 0
1.75 0 0 0 0
1.75667 0 0 0 0
1.76333 0 0 0 0
1.77 0 0 0 0
1.77667 0 0 0 0
1.78333 0 0 0 0
1.79 0 0 0 0
1.79667 0 0 0 0
1.80333 0 0 0 0
1.81 0 0 0 0
1.81667 0 0 0 0
1.82333 0 0 0 0
1.83 0 0 0 0
1.83667 0 0 0 0
1.84333 0 0 0 0
1.85 0 0 0 0
1.85667 0 0 0 0
1.86333 0 0 0 0
1.87 0 0 0 0
1.87667 0 0 0 0
1.88333 0 0 0 0
1.89 0 0 0 0
1.89667 0 0 0 0
1.90333 0 0 0 0
1.91 0 0 0 0
1.91667 0 0 0 0
1.92333 0 0 0 0
1.93 0 0 0 0
1.93667 0 0 0 0
1.94333 0 0 0 0
1.95 0 0 0 0
1.95667 0 0 0 0
1.96333 0 0 0 0
1.97 0 0 0 0
1.97667 0 0 0 0
1.98333 0 0 0 0
1.99 0 0 0 0
1.99667 0 0 0 0
