0.00333333 0 3 88 24
0.01 2 11 87 20
0.0166667 0 9 86 28
0.0233333 0 5 110 27
0.03 0 4 114 35
0.0366667 1 2 120 48
0.0433333 1 8 117 59
0.05 3 5 185 82
0.0566667 2 16 194 87
0.0633333 3 15 210 117
0.07 5 11 234 104
0.0766667 3 17 246 108
0.0833333 3 14 250 100
0.09 0 13 270 111
0.0966667 3 14 232 111
0.103333 0 19 289 103
0.11 1 13 243 102
0.116667 2 16 266 95
0.123333 3 10 265 91
0.13 1 11 273 93
0.136667 1 11 257 93
0.143333 1 14 235 72
0.15 3 13 227 85
0.156667 1 6 228 82
0.163333 4 10 227 69
0.17 0 13 221 67
0.176667 1 9 245 58
0.183333 1 12 250 76
0.19 1 12 260 65
0.196667 1 14 242 75
0.203333 0 14 265 76
0.21 3 8 234 55
0.216667 0 7 238 60
0.223333 2 15 217 54
0.23 2 12 196 43
0.236667 2 8 206 53
0.243333 1 15 197 46
0.25 2 6 196 44
0.256667 0 9 168 50
0.263333 0 10 160 42
0.27 2 8 150 51
0.276667 1 5 156 54
0.283333 0 7 145 43
0.29 0 6 163 53
0.296667 0 7 131 39
0.303333 0 8 148 35
0.31 0 7 117 39
0.316667 1 8 130 34
0.323333 2 9 122 33
0.33 2 5 114 28
0.336667 0 11 123 47
0.343333 0 7 94 37
0.35 0 3 111 34
0.356667 0 4 112 39
0.363333 1 4 123 53
0.37 0 10 111 27
0.376667 0 5 91 37
0.383333 0 7 98 28
0.39 0 8 98 44
0.396667 1 8 83 22
0.403333 1 7 101 29
0.41 0 3 96 20
0.416667 2 8 96 25
0.423333 0 2 101 29
0.43 1 9 91 30
0.436667 0 10 86 28
0.443333 0 5 101 29
0.45 2 2 100 38
0.456667 0 6 84 23
0.463333 0 5 71 23
0.47 1 3 72 31
0.476667 0 6 81 15
0.483333 0 3 56 16
0.49 0 3 55 22
0.496667 1 4 39 10
0.503333 0 5 40 19
0.51 0 1 39 18
0.516667 1 5 52 20
0.523333 0 2 45 16
0.53 0 7 56 19
0.536667 0 4 40 25
0.543333 0 0 39 17
0.55 0 2 46 14
0.556667 0 0 41 17
0.563333 1 3 40 15
0.57 0 4 39 15
0.576667 0 7 34 18
0.583333 2 6 40 25
0.59 0 4 33 8
0.596667 0 1 25 16
0.603333 1 2 45 15
0.61 1 5 41 15
0.616667 0 7 27 13
0.623333 0 0 36 12
0.63 2 3 34 8
0.636667 0 1 47 15
0.643333 1 6 31 16
0.65 0 3 35 11
0.656667 0 3 23 14
0.663333 7 141 3389 514
0.67 0 0 0 0
0.676667 0 0 0 0
0.683333 0 0 0 0
0.69 0 0 0 0
0.696667 0 0 0 0
0.703333 0 0 0 0
0.71 0 0 0 0
0.716667 0 0 0 0
0.723333 0 0 0 0
0.73 0 0 0 0
0.736667 0 0 0 0
0.743333 0 0 0 0
0.75 0 0 0 0
0.756667 0 0 0 0
0.763333 0 0 0 0
0.77 0 0 0 0
0.776667 0 0 0 0
0.783333 0 0 0 0
0.79 0 0 0 0
0.796667 0 0 0 0
0.803333 0 0 0 0
0.81 0 0 0 0
0.816667 0 0 0 0
0.823333 0 0 0 0
0.83 0 0 0 0
0.836667 0 0 0 0
0.843333 0 0 0 0
0.85 0 0 0 0
0.856667 0 0 0 0
0.863333 0 0 0 0
0.87 0 0 0 0
0.876667 0 0 0 0
0.883333 0 0 0 0
0.89 0 0 0 0
0.896667 0 0 0 0
0.903333 0 0 0 0
0.91 0 0 0 0
0.916667 0 0 0 0
0.923333 0 0 0 0
0.93 0 0 0 0
0.936667 0 0 0 0
0.943333 0 0 0 0
0.95 0 0 0 0
0.956667 0 0 0 0
0.963333 0 0 0 0
0.97 0 0 0 0
0.976667 0 0 0 0
0.983333 0 0 0 0
0.99 0 0 0 0
0.996667 0 0 0 0
1.00333 0 0 0 0
1.01 0 0 0 0
1.01667 0 0 0 0
1.02333 0 0 0 0
1.03 0 0 0 0
1.03667 0 0 0 0
1.04333 0 0 0 0
1.05 0 0 0 0
1.05667 0 0 0 0
1.06333 0 0 0 0
1.07 0 0 0 0
1.07667 0 0 0 0
1.08333 0 0 0 0
1.09 0 0 0 0
1.09667 0 0 0 0
1.10333 0 0 0 0
1.11 0 0 0 0
1.11667 0 0 0 0
1.12333 0 0 0 0
1.13 0 0 0 0
1.13667 0 0 0 0
1.14333 0 0 0 0
1.15 0 0 0 0
1.15667 0 0 0 0
1.16333 0 0 0 0
1.17 0 0 0 0
1.17667 0 0 0 0
1.18333 0 0 0 0
1.19 0 0 0 0
1.19667 0 0 0 0
1.20333 0 0 0 0
1.21 0 0 0 0
1.21667 0 0 0 0
1.22333 0 0 0 0
1.23 0 0 0 0
1.23667 0 0 0 0
1.24333 0 0 0 0
1.25 0 0 0 0
1.25667 0 0 0 0
1.26333 0 0 0 0
1.27 0 0 0 0
1.27667 0 0 0 0
1.28333 0 0 0 0
1.29 0 0 0 0
1.29667 0 0 0 0
1.30333 0 0 0 0
1.31 0 0 0 0
1.31667 0 0 0 0
1.32333 0 0 0 0
1.33 0 0 0 0
1.33667 0 0 0 0
1.34333 0 0 0 0
1.35 0 0 0 0
1.35667 0 0 0 0
1.36333 0 0 0 0
1.37 0 0 0 0
1.37667 0 0 0 0
1.38333 0 0 0 0
1.39 0 0 0 0
1.39667 0 0 0 0
1.40333 0 0 0 0
1.41 0 0 0 0
1.41667 0 0 0 0
1.42333 0 0 0 0
1.43 0 0 0 0
1.43667 0 0 0 0
1.44333 0 0 0 0
1.45 0 0 0 0
1.45667 0 0 0 0
1.46333 0 0 0 0
1.47 0 0 0 0
1.47667 0 0 0 0
1.48333 0 0 0 0
1.49 0 0 0 0
1.49667 0 0 0 0
1.50333 0 0 0 0
1.51 0 0 0 0
1.51667 0 0 0 0
1.52333 0 0 0 0
1.53 0 0 0 0
1.53667 0 0 0 0
1.54333 0 0 0 0
1.55 0 0 0 0
1.55667 0 0 0 0
1.56333 0 0 0 0
1.57 0 0 0 0
1.57667 0 0 0 0
1.58333 0 0 0 0
1.59 0 0 0 0
1.59667 0 0 0 0
1.60333 0 0 0 0
1.61 0 0 0 0
1.61667 0 0 0 0
1.62333 0 0 0 0
1.63 0 0 0 0
1.63667 0 0 0 0
1.64333 0 0 0 0
1.65 0 0 0 0
1.65667 0 0 0 0
1.66333 0 0 0 0
1.67 0 0 0 0
1.67667 0 0 0 0
1.68333 0 0 0 0
1.69 0 0 0 0
1.69667 0 0 0 0
1.70333 0 0 0 0
1.71 0 0 0 0
1.71667 0 0 0 0
1.72333 0 0 0 0
1.73 0 0 0 0
1.73667 0 0 0 0
1.74333 0 0 0 0
1.75 0 0 0 0
1.75667 0 0 0 0
1.76333 0 0 0 0
1.77 0 0 0 0
1.77667 0 0 0 0
1.78333 0 0 0 0
1.79 0 0 0 0
1.79667 0 0 0 0
1.80333 0 0 0 0
1.81 0 0 0 0
1.81667 0 0 0 0
1.82333 0 0 0 0
1.83 0 0 0 0
1.83667 0 0 0 0
1.84333 0 0 0 0
1.85 0 0 0 0
1.85667 0 0 0 0
1.86333 0 0 0 0
1.87 0 0 0 0
1.87667 0 0 0 0
1.88333 0 0 0 0
1.89 0 0 0 0
1.89667 0 0 0 0
1.90333 0 0 0 0
1.91 0 0 0 0
1.91667 0 0 0 0
1.92333 0 0 0 0
1.93 0 0 0 0
1.93667 0 0 0 0
1.94333 0 0 0 0
1.95 0 0 0 0
1.95667 0 0 0 0
1.96333 0 0 0 0
1.97 0 0 0 0
1.97667 0 0 0 0
1.98333 0 0 0 0
1.99 0 0 0 0
1.99667 0 0 0 0
