0.00333333 63 41 2 1
0.01 83 40 0 1
0.0166667 79 50 0 1
0.0233333 75 44 2 3
0.03 90 47 1 1
0.0366667 118 70 5 1
0.0433333 102 68 1 0
0.05 141 70 1 1
0.0566667 161 78 4 3
0.0633333 162 86 1 3
0.07 166 87 2 1
0.0766667 158 87 5 0
0.0833333 182 89 2 3
0.09 187 96 2 3
0.0966667 219 112 1 0
0.103333 216 98 1 0
0.11 218 110 2 2
0.116667 224 104 5 2
0.123333 211 118 6 0
0.13 218 110 2 2
0.136667 214 99 3 0
0.143333 209 118 3 2
0.15 195 107 1 1
0.156667 170 112 3 1
0.163333 210 102 2 3
0.17 173 89 1 3
0.176667 193 93 2 2
0.183333 203 124 2 3
0.19 224 157 3 5
0.196667 236 138 1 3
0.203333 196 120 4 2
0.21 196 126 1 2
0.216667 209 94 1 3
0.223333 169 104 0 3
0.23 173 113 2 1
0.236667 170 89 0 0
0.243333 185 82 1 2
0.25 158 86 2 1
0.256667 152 88 3 1
0.263333 159 89 3 1
0.27 168 74 1 2
0.276667 148 64 4 2
0.283333 159 61 0 3
0.29 122 74 0 1
0.296667 144 80 2 0
0.303333 149 57 2 1
0.31 132 80 2 0
0.316667 123 63 3 0
0.323333 109 61 0 2
0.33 137 66 0 2
0.336667 109 68 3 6
0.343333 131 41 3 0
0.35 120 44 2 1
0.356667 114 60 1 1
0.363333 110 61 1 1
0.37 85 55 0 1
0.376667 108 54 3 1
0.383333 108 50 1 1
0.39 114 45 1 1
0.396667 106 50 2 0
0.403333 93 47 3 1
0.41 103 47 2 0
0.416667 82 51 0 0
0.423333 88 51 0 0
0.43 95 40 1 1
0.436667 98 51 1 0
0.443333 106 58 3 1
0.45 97 48 0 1
0.456667 119 36 0 0
0.463333 91 59 4 1
0.47 114 58 2 1
0.476667 94 35 1 1
0.483333 65 25 0 1
0.49 63 22 0 1
0.496667 48 28 0 1
0.503333 43 30 0 1
0.51 65 24 1 1
0.516667 45 19 0 2
0.523333 44 18 1 1
0.53 48 19 1 0
0.536667 45 5 0 0
0.543333 46 12 1 0
0.55 38 23 0 1
0.556667 43 14 0 1
0.563333 39 17 0 1
0.57 42 24 0 2
0.576667 48 18 2 1
0.583333 38 18 0 1
0.59 41 20 0 0
0.596667 40 8 0 0
0.603333 37 10 0 1
0.61 42 10 0 1
0.616667 47 14 1 0
0.623333 41 13 1 1
0.63 39 17 0 0
0.636667 50 16 1 1
0.643333 29 19 1 2
0.65 44 6 0 1
0.656667 37 12 0 1
0.663333 3789 2368 9 32
0.67 0 0 0 0
0.676667 0 0 0 0
0.683333 0 0 0 0
0.69 0 0 0 0
0.696667 0 0 0 0
0.703333 0 0 0 0
0.71 0 0 0 0
0.716667 0 0 0 0
0.723333 0 0 0 0
0.73 0 0 0 0
0.736667 0 0 0 0
0.743333 0 0 0 0
0.75 0 0 0 0
0.756667 0 0 0 0
0.763333 0 0 0 0
0.77 0 0 0 0
0.776667 0 0 0 0
0.783333 0 0 0 0
0.79 0 0 0 0
0.796667 0 0 0 0
0.803333 0 0 0 0
0.81 0 0 0 0
0.816667 0 0 0 0
0.823333 0 0 0 0
0.83 0 0 0 0
0.836667 0 0 0 0
0.843333 0 0 0 0
0.85 0 0 0 0
0.856667 0 0 0 0
0.863333 0 0 0 0
0.87 0 0 0 0
0.876667 0 0 0 0
0.883333 0 0 0 0
0.89 0 0 0 0
0.896667 0 0 0 0
0.903333 0 0 0 0
0.91 0 0 0 0
0.916667 0 0 0 0
0.923333 0 0 0 0
0.93 0 0 0 0
0.936667 0 0 0 0
0.943333 0 0 0 0
0.95 0 0 0 0
0.956667 0 0 0 0
0.963333 0 0 0 0
0.97 0 0 0 0
0.976667 0 0 0 0
0.983333 0 0 0 0
0.99 0 0 0 0
0.996667 0 0 0 0
1.00333 0 0 0 0
1.01 0 0 0 0
1.01667 0 0 0 0
1.02333 0 0 0 0
1.03 0 0 0 0
1.03667 0 0 0 0
1.04333 0 0 0 0
1.05 0 0 0 0
1.05667 0 0 0 0
1.06333 0 0 0 0
1.07 0 0 0 0
1.07667 0 0 0 0
1.08333 0 0 0 0
1.09 0 0 0 0
1.09667 0 0 0 0
1.10333 0 0 0 0
1.11 0 0 0 0
1.11667 0 0 0 0
1.12333 0 0 0 0
1.13 0 0 0 0
1.13667 0 0 0 0
1.14333 0 0 0 0
1.15 0 0 0 0
1.15667 0 0 0 0
1.16333 0 0 0 0
1.17 0 0 0 0
1.17667 0 0 0 0
1.18333 0 0 0 0
1.19 0 0 0 0
1.19667 0 0 0 0
1.20333 0 0 0 0
1.21 0 0 0 0
1.21667 0 0 0 0
1.22333 0 0 0 0
1.23 0 0 0 0
1.23667 0 0 0 0
1.24333 0 0 0 0
1.25 0 0 0 0
1.25667 0 0 0 0
1.26333 0 0 0 0
1.27 0 0 0 0
1.27667 0 0 0 0
1.28333 0 0 0 0
1.29 0 0 0 0
1.29667 0 0 0 0
1.30333 0 0 0 0
1.31 0 0 0 0
1.31667 0 0 0 0
1.32333 0 0 0 0
1.33 0 0 0 0
1.33667 0 0 0 0
1.34333 0 0 0 0
1.35 0 0 0 0
1.35667 0 0 0 0
1.36333 0 0 0 0
1.37 0 0 0 0
1.37667 0 0 0 0
1.38333 0 0 0 0
1.39 0 0 0 0
1.39667 0 0 0 0
1.40333 0 0 0 0
1.41 0 0 0 0
1.41667 0 0 0 0
1.42333 0 0 0 0
1.43 0 0 0 0
1.43667 0 0 0 0
1.44333 0 0 0 0
1.45 0 0 0 0
1.45667 0 0 0 0
1.46333 0 0 0 0
1.47 0 0 0 0
1.47667 0 0 0 0
1.48333 0 0 0 0
1.49 0 0 0 0
1.49667 0 0 0 0
1.50333 0 0 0 0
1.51 0 0 0 0
1.51667 0 0 0 0
1.52333 0 0 0 0
1.53 0 0 0 0
1.53667 0 0 0 0
1.54333 0 0 0 0
1.55 0 0 0 0
1.55667 0 0 0 0
1.56333 0 0 0 0
1.57 0 0 0 0
1.57667 0 0 0 0
1.58333 0 0 0 0
1.59 0 0 0 0
1.59667 0 0 0 0
1.60333 0 0 0 0
1.61 0 0 0 0
1.61667 0 0 0 0
1.62333 0 0 0 0
1.63 0 0 0 0
1.63667 0 0 0 0
1.64333 0 0 0 0
1.65 0 0 0 0
1.65667 0 0 0 0
1.66333 0 0 0 0
1.67 0 0 0 0
1.67667 0 0 0 0
1.68333 0 0 0 0
1.69 0 0 0 0
1.69667 0 0 0 0
1.70333 0 0 0 0
1.71 0 0 0 0
1.71667 0 0 0 0
1.72333 0 0 0 0
1.73 0 0 0 0
1.73667 0 0 0 0
1.74333 0 0 0 0
1.75 0 0 0 0
1.75667 0 0 0 0
1.76333 0 0 0 0
1.77 0 0 0 0
1.77667 0 0 0 0
1.78333 0 0 0 0
1.79 0 0 0 0
1.79667 0 0 0 0
1.80333 0 0 0 0
1.81 0 0 0 0
1.81667 0 0 0 0
1.82333 0 0 0 0
1.83 0 0 0 0
1.83667 0 0 0 0
1.84333 0 0 0 0
1.85 0 0 0 0
1.85667 0 0 0 0
1.86333 0 0 0 0
1.87 0 0 0 0
1.87667 0 0 0 0
1.88333 0 0 0 0
1.89 0 0 0 0
1.89667 0 0 0 0
1.90333 0 0 0 0
1.91 0 0 0 0
1.91667 0 0 0 0
1.92333 0 0 0 0
1.93 0 0 0 0
1.93667 0 0 0 0
1.94333 0 0 0 0
1.95 0 0 0 0
1.95667 0 0 0 0
1.96333 0 0 0 0
1.97 0 0 0 0
1.97667 0 0 0 0
1.98333 0 0 0 0
1.99 0 0 0 0
1.99667 0 0 0 0
