0.00333333 13 15 16 11
0.01 5 18 17 10
0.0166667 15 28 21 12
0.0233333 7 26 34 15
0.03 15 34 36 9
0.0366667 10 37 38 20
0.0433333 16 59 63 19
0.05 21 64 58 23
0.0566667 28 92 96 26
0.0633333 23 75 80 40
0.07 25 97 105 37
0.0766667 22 90 88 28
0.0833333 27 72 90 48
0.09 37 91 95 41
0.0966667 26 92 91 42
0.103333 29 104 86 39
0.11 38 84 91 38
0.116667 35 99 87 29
0.123333 36 73 101 24
0.13 39 79 92 30
0.136667 25 69 79 35
0.143333 31 62 61 23
0.15 21 68 83 34
0.156667 19 60 79 31
0.163333 27 55 74 39
0.17 23 55 62 27
0.176667 26 66 68 20
0.183333 27 72 58 36
0.19 28 63 76 37
0.196667 32 64 51 28
0.203333 24 60 48 33
0.21 21 70 34 37
0.216667 18 54 55 34
0.223333 24 55 43 19
0.23 12 57 52 19
0.236667 22 50 51 22
0.243333 17 39 46 20
0.25 17 43 44 19
0.256667 11 39 44 14
0.263333 20 37 42 22
0.27 8 46 45 13
0.276667 15 30 40 16
0.283333 13 30 33 13
0.29 15 41 37 15
0.296667 13 28 38 17
0.303333 17 46 28 18
0.31 12 41 25 17
0.316667 13 37 38 11
0.323333 14 28 20 22
0.33 13 28 37 11
0.336667 11 30 25 17
0.343333 14 25 27 14
0.35 10 27 31 15
0.356667 12 48 26 11
0.363333 15 25 23 10
0.37 13 28 31 13
0.376667 9 25 22 12
0.383333 9 28 32 12
0.39 15 19 18 16
0.396667 12 17 31 15
0.403333 4 21 23 19
0.41 6 22 27 5
0.416667 13 19 26 6
0.423333 5 15 16 9
0.43 10 29 23 16
0.436667 9 27 24 13
0.443333 7 22 22 12
0.45 12 29 22 8
0.456667 17 15 19 17
0.463333 9 25 21 8
0.47 8 15 21 9
0.476667 7 24 17 15
0.483333 12 24 20 10
0.49 3 24 13 10
0.496667 4 20 17 10
0.503333 12 15 12 7
0.51 4 15 9 8
0.516667 4 11 11 6
0.523333 4 13 26 11
0.53 5 12 13 4
0.536667 7 12 14 8
0.543333 9 13 17 9
0.55 7 15 13 6
0.556667 7 16 16 9
0.563333 6 10 13 6
0.57 10 16 10 14
0.576667 11 13 7 7
0.583333 5 14 18 13
0.59 4 21 11 11
0.596667 10 6 14 4
0.603333 12 13 10 3
0.61 6 14 13 5
0.616667 8 6 14 3
0.623333 5 11 16 9
0.63 4 12 10 5
0.636667 5 9 11 7
0.643333 4 6 9 4
0.65 4 12 5 5
0.656667 5 12 5 8
0.663333 237 452 405 303
0.67 0 0 0 0
0.676667 0 0 0 0
0.683333 0 0 0 0
0.69 0 0 0 0
0.696667 0 0 0 0
0.703333 0 0 0 0
0.71 0 0 0 0
0.716667 0 0 0 0
0.723333 0 0 0 0
0.73 0 0 0 0
0.736667 0 0 0 0
0.743333 0 0 0 0
0.75 0 0 0 0
0.756667 0 0 0 0
0.763333 0 0 0 0
0.77 0 0 0 0
0.776667 0 0 0 0
0.783333 0 0 0 0
0.79 0 0 0 0
0.796667 0 0 0 0
0.803333 0 0 0 0
0.81 0 0 0 0
0.816667 0 0 0 0
0.823333 0 0 0 0
0.83 0 0 0 0
0.836667 0 0 0 0
0.843333 0 0 0 0
0.85 0 0 0 0
0.856667 0 0 0 0
0.863333 0 0 0 0
0.87 0 0 0 0
0.876667 0 0 0 0
0.883333 0 0 0 0
0.89 0 0 0 0
0.896667 0 0 0 0
0.903333 0 0 0 0
0.91 0 0 0 0
0.916667 0 0 0 0
0.923333 0 0 0 0
0.93 0 0 0 0
0.936667 0 0 0 0
0.943333 0 0 0 0
0.95 0 0 0 0
0.956667 0 0 0 0
0.963333 0 0 0 0
0.97 0 0 0 0
0.976667 0 0 0 0
0.983333 0 0 0 0
0.99 0 0 0 0
0.996667 0 0 0 0
1.00333 0 0 0 0
1.01 0 0 0 0
1.01667 0 0 0 0
1.02333 0 0 0 0
1.03 0 0 0 0
1.03667 0 0 0 0
1.04333 0 0 0 0
1.05 0 0 0 0
1.05667 0 0 0 0
1.06333 0 0 0 0
1.07 0 0 0 0
1.07667 0 0 0 0
1.08333 0 0 0 0
1.09 0 0 0 0
1.09667 0 0 0 0
1.10333 0 0 0 0
1.11 0 0 0 0
1.11667 0 0 0 0
1.12333 0 0 0 0
1.13 0 0 0 0
1.13667 0 0 0 0
1.14333 0 0 0 0
1.15 0 0 0 0
1.15667 0 0 0 0
1.16333 0 0 0 0
1.17 0 0 0 0
1.17667 0 0 0 0
1.18333 0 0 0 0
1.19 0 0 0 0
1.19667 0 0 0 0
1.20333 0 0 0 0
1.21 0 0 0 0
1.21667 0 0 0 0
1.22333 0 0 0 0
1.23 0 0 0 0
1.23667 0 0 0 0
1.24333 0 0 0 0
1.25 0 0 0 0
1.25667 0 0 0 0
1.26333 0 0 0 0
1.27 0 0 0 0
1.27667 0 0 0 0
1.28333 0 0 0 0
1.29 0 0 0 0
1.29667 0 0 0 0
1.30333 0 0 0 0
1.31 0 0 0 0
1.31667 0 0 0 0
1.32333 0 0 0 0
1.33 0 0 0 0
1.33667 0 0 0 0
1.34333 0 0 0 0
1.35 0 0 0 0
1.35667 0 0 0 0
1.36333 0 0 0 0
1.37 0 0 0 0
1.37667 0 0 0 0
1.38333 0 0 0 0
1.39 0 0 0 0
1.39667 0 0 0 0
1.40333 0 0 0 0
1.41 0 0 0 0
1.41667 0 0 0 0
1.42333 0 0 0 0
1.43 0 0 0 0
1.43667 0 0 0 0
1.44333 0 0 0 0
1.45 0 0 0 0
1.45667 0 0 0 0
1.46333 0 0 0 0
1.47 0 0 0 0
1.47667 0 0 0 0
1.48333 0 0 0 0
1.49 0 0 0 0
1.49667 0 0 0 0
1.50333 0 0 0 0
1.51 0 0 0 0
1.51667 0 0 0 0
1.52333 0 0 0 0
1.53 0 0 0 0
1.53667 0 0 0 0
1.54333 0 0 0 0
1.55 0 0 0 0
1.55667 0 0 0 0
1.56333 0 0 0 0
1.57 0 0 0 0
1.57667 0 0 0 0
1.58333 0 0 0 0
1.59 0 0 0 0
1.59667 0 0 0 0
1.60333 0 0 0 0
1.61 0 0 0 0
1.61667 0 0 0 0
1.62333 0 0 0 0
1.63 0 0 0 0
1.63667 0 0 0 0
1.64333 0 0 0 0
1.65 0 0 0 0
1.65667 0 0 0 0
1.66333 0 0 0 0
1.67 0 0 0 0
1.67667 0 0 0 0
1.68333 0 0 0 0
1.69 0 0 0 0
1.69667 0 0 0 0
1.70333 0 0 0 0
1.71 0 0 0 0
1.71667 0 0 0 0
1.72333 0 0 0 0
1.73 0 0 0 0
1.73667 0 0 0 0
1.74333 0 0 0 0
1.75 0 0 0 0
1.75667 0 0 0 0
1.76333 0 0 0 0
1.77 0 0 0 0
1.77667 0 0 0 0
1.78333 0 0 0 0
1.79 0 0 0 0
1.79667 0 0 0 0
1.80333 0 0 0 0
1.81 0 0 0 0
1.81667 0 0 0 0
1.82333 0 0 0 0
1.83 0 0 0 0
1.83667 0 0 0 0
1.84333 0 0 0 0
1.85 0 0 0 0
1.85667 0 0 0 0
1.86333 0 0 0 0
1.87 0 0 0 0
1.87667 0 0 0 0
1.88333 0 0 0 0
1.89 0 0 0 0
1.89667 0 0 0 0
1.90333 0 0 0 0
1.91 0 0 0 0
1.91667 0 0 0 0
1.92333 0 0 0 0
1.93 0 0 0 0
1.93667 0 0 0 0
1.94333 0 0 0 0
1.95 0 0 0 0
1.95667 0 0 0 0
1.96333 0 0 0 0
1.97 0 0 0 0
1.97667 0 0 0 0
1.98333 0 0 0 0
1.99 0 0 0 0
1.99667 0 0 0 0
