0.00333333 1 3 36 31
0.01 2 5 42 31
0.0166667 2 6 49 44
0.0233333 4 8 53 35
0.03 5 8 67 48
0.0366667 1 17 66 76
0.0433333 8 10 131 78
0.05 4 26 164 87
0.0566667 8 25 165 110
0.0633333 10 19 177 110
0.07 9 32 163 151
0.0766667 5 26 192 147
0.0833333 6 25 196 129
0.09 9 21 208 136
0.0966667 8 29 215 146
0.103333 14 22 190 140
0.11 8 27 200 110
0.116667 12 20 188 126
0.123333 6 27 189 135
0.13 7 18 185 132
0.136667 10 17 191 106
0.143333 8 16 173 118
0.15 6 13 128 108
0.156667 5 18 174 99
0.163333 12 18 95 125
0.17 6 21 126 104
0.176667 7 14 121 98
0.183333 6 15 140 100
0.19 6 16 148 98
0.196667 7 20 133 119
0.203333 11 24 130 105
0.21 5 21 123 99
0.216667 8 13 114 99
0.223333 5 14 113 96
0.23 8 21 106 93
0.236667 2 10 107 103
0.243333 8 14 115 88
0.25 3 13 107 75
0.256667 2 10 104 70
0.263333 9 7 80 61
0.27 5 13 64 62
0.276667 2 12 79 66
0.283333 5 11 83 51
0.29 4 8 102 57
0.296667 6 16 77 58
0.303333 8 12 73 56
0.31 3 5 78 56
0.316667 3 8 69 60
0.323333 4 5 70 53
0.33 3 10 58 48
0.336667 2 7 66 56
0.343333 2 6 60 53
0.35 2 10 68 47
0.356667 3 6 54 48
0.363333 0 8 45 41
0.37 1 9 56 47
0.376667 1 10 52 52
0.383333 1 9 61 59
0.39 3 9 57 42
0.396667 4 6 47 33
0.403333 5 5 57 38
0.41 2 11 49 37
0.416667 2 10 38 42
0.423333 2 10 58 33
0.43 2 5 39 41
0.436667 1 5 44 29
0.443333 5 8 43 42
0.45 5 11 49 38
0.456667 3 4 42 45
0.463333 3 11 47 38
0.47 4 5 50 36
0.476667 3 11 39 35
0.483333 3 6 34 25
0.49 3 9 38 17
0.496667 4 6 28 27
0.503333 2 4 21 15
0.51 2 3 22 21
0.516667 0 6 32 20
0.523333 3 5 23 20
0.53 2 2 29 21
0.536667 1 5 24 22
0.543333 3 5 23 21
0.55 3 7 35 18
0.556667 2 6 28 21
0.563333 1 2 28 20
0.57 3 6 24 16
0.576667 6 4 17 17
0.583333 4 5 19 25
0.59 4 6 16 16
0.596667 2 5 29 23
0.603333 2 9 29 18
0.61 1 2 27 21
0.616667 2 6 19 13
0.623333 1 5 23 9
0.63 1 6 28 17
0.636667 3 5 15 18
0.643333 2 4 21 17
0.65 1 6 23 15
0.656667 1 6 22 15
0.663333 53 115 1155 1035
0.67 0 0 0 0
0.676667 0 0 0 0
0.683333 0 0 0 0
0.69 0 0 0 0
0.696667 0 0 0 0
0.703333 0 0 0 0
0.71 0 0 0 0
0.716667 0 0 0 0
0.723333 0 0 0 0
0.73 0 0 0 0
0.736667 0 0 0 0
0.743333 0 0 0 0
0.75 0 0 0 0
0.756667 0 0 0 0
0.763333 0 0 0 0
0.77 0 0 0 0
0.776667 0 0 0 0
0.783333 0 0 0 0
0.79 0 0 0 0
0.796667 0 0 0 0
0.803333 0 0 0 0
0.81 0 0 0 0
0.816667 0 0 0 0
0.823333 0 0 0 0
0.83 0 0 0 0
0.836667 0 0 0 0
0.843333 0 0 0 0
0.85 0 0 0 0
0.856667 0 0 0 0
0.863333 0 0 0 0
0.87 0 0 0 0
0.876667 0 0 0 0
0.883333 0 0 0 0
0.89 0 0 0 0
0.896667 0 0 0 0
0.903333 0 0 0 0
0.91 0 0 0 0
0.916667 0 0 0 0
0.923333 0 0 0 0
0.93 0 0 0 0
0.936667 0 0 0 0
0.943333 0 0 0 0
0.95 0 0 0 0
0.956667 0 0 0 0
0.963333 0 0 0 0
0.97 0 0 0 0
0.976667 0 0 0 0
0.983333 0 0 0 0
0.99 0 0 0 0
0.996667 0 0 0 0
1.00333 0 0 0 0
1.01 0 0 0 0
1.01667 0 0 0 0
1.02333 0 0 0 0
1.03 0 0 0 0
1.03667 0 0 0 0
1.04333 0 0 0 0
1.05 0 0 0 0
1.05667 0 0 0 0
1.06333 0 0 0 0
1.07 0 0 0 0
1.07667 0 0 0 0
1.08333 0 0 0 0
1.09 0 0 0 0
1.09667 0 0 0 0
1.10333 0 0 0 0
1.11 0 0 0 0
1.11667 0 0 0 0
1.12333 0 0 0 0
1.13 0 0 0 0
1.13667 0 0 0 0
1.14333 0 0 0 0
1.15 0 0 0 0
1.15667 0 0 0 0
1.16333 0 0 0 0
1.17 0 0 0 0
1.17667 0 0 0 0
1.18333 0 0 0 0
1.19 0 0 0 0
1.19667 0 0 0 0
1.20333 0 0 0 0
1.21 0 0 0 0
1.21667 0 0 0 0
1.22333 0 0 0 0
1.23 0 0 0 0
1.23667 0 0 0 0
1.24333 0 0 0 0
1.25 0 0 0 0
1.25667 0 0 0 0
1.26333 0 0 0 0
1.27 0 0 0 0
1.27667 0 0 0 0
1.28333 0 0 0 0
1.29 0 0 0 0
1.29667 0 0 0 0
1.30333 0 0 0 0
1.31 0 0 0 0
1.31667 0 0 0 0
1.32333 0 0 0 0
1.33 0 0 0 0
1.33667 0 0 0 0
1.34333 0 0 0 0
1.35 0 0 0 0
1.35667 0 0 0 0
1.36333 0 0 0 0
1.37 0 0 0 0
1.37667 0 0 0 0
1.38333 0 0 0 0
1.39 0 0 0 0
1.39667 0 0 0 0
1.40333 0 0 0 0
1.41 0 0 0 0
1.41667 0 0 0 0
1.42333 0 0 0 0
1.43 0 0 0 0
1.43667 0 0 0 0
1.44333 0 0 0 0
1.45 0 0 0 0
1.45667 0 0 0 0
1.46333 0 0 0 0
1.47 0 0 0 0
1.47667 0 0 0 0
1.48333 0 0 0 0
1.49 0 0 0 0
1.49667 0 0 0 0
1.50333 0 0 0 0
1.51 0 0 0 0
1.51667 0 0 0 0
1.52333 0 0 0 0
1.53 0 0 0 0
1.53667 0 0 0 0
1.54333 0 0 0 0
1.55 0 0 0 0
1.55667 0 0 0 0
1.56333 0 0 0 0
1.57 0 0 0 0
1.57667 0 0 0 0
1.58333 0 0 0 0
1.59 0 0 0 0
1.59667 0 0 0 0
1.60333 0 0 0 0
1.61 0 0 0 0
1.61667 0 0 0 0
1.62333 0 0 0 0
1.63 0 0 0 0
1.63667 0 0 0 0
1.64333 0 0 0 0
1.65 0 0 0 0
1.65667 0 0 0 0
1.66333 0 0 0 0
1.67 0 0 0 0
1.67667 0 0 0 0
1.68333 0 0 0 0
1.69 0 0 0 0
1.69667 0 0 0 0
1.70333 0 0 0 0
1.71 0 0 0 0
1.71667 0 0 0 0
1.72333 0 0 0 0
1.73 0 0 0 0
1.73667 0 0 0 0
1.74333 0 0 0 0
1.75 0 0 0 0
1.75667 0 0 0 0
1.76333 0 0 0 0
1.77 0 0 0 0
1.77667 0 0 0 0
1.78333 0 0 0 0
1.79 0 0 0 0
1.79667 0 0 0 0
1.80333 0 0 0 0
1.81 0 0 0 0
1.81667 0 0 0 0
1.82333 0 0 0 0
1.83 0 0 0 0
1.83667 0 0 0 0
1.84333 0 0 0 0
1.85 0 0 0 0
1.85667 0 0 0 0
1.86333 0 0 0 0
1.87 0 0 0 0
1.87667 0 0 0 0
1.88333 0 0 0 0
1.89 0 0 0 0
1.89667 0 0 0 0
1.90333 0 0 0 0
1.91 0 0 0 0
1.91667 0 0 0 0
1.92333 0 0 0 0
1.93 0 0 0 0
1.93667 0 0 0 0
1.94333 0 0 0 0
1.95 0 0 0 0
1.95667 0 0 0 0
1.96333 0 0 0 0
1.97 0 0 0 0
1.97667 0 0 0 0
1.98333 0 0 0 0
1.99 0 0 0 0
1.99667 0 0 0 0
