0.00333333 14 72 4 0
0.01 29 93 5 2
0.0166667 25 85 8 1
0.0233333 24 84 12 1
0.03 23 87 11 1
0.0366667 36 120 10 1
0.0433333 47 153 9 0
0.05 79 167 21 2
0.0566667 71 216 23 0
0.0633333 74 233 13 2
0.07 85 205 18 3
0.0766667 106 197 14 2
0.0833333 98 245 22 1
0.09 88 248 17 4
0.0966667 82 234 21 4
0.103333 115 227 27 4
0.11 72 237 22 3
0.116667 97 246 22 4
0.123333 74 261 30 5
0.13 68 253 17 2
0.136667 65 231 20 0
0.143333 71 201 19 0
0.15 68 219 28 0
0.156667 67 211 24 1
0.163333 59 186 18 1
0.17 54 209 15 3
0.176667 52 199 23 2
0.183333 48 213 24 2
0.19 52 242 22 1
0.196667 50 218 17 0
0.203333 49 221 21 0
0.21 64 218 16 1
0.216667 35 199 19 1
0.223333 42 191 15 4
0.23 41 188 14 2
0.236667 45 178 22 4
0.243333 41 163 12 3
0.25 51 159 11 2
0.256667 41 169 17 1
0.263333 30 147 15 1
0.27 30 157 9 2
0.276667 41 163 15 2
0.283333 37 135 12 1
0.29 40 123 11 1
0.296667 38 129 7 2
0.303333 29 132 14 2
0.31 36 122 16 0
0.316667 32 108 12 1
0.323333 39 116 13 0
0.33 33 113 8 1
0.336667 22 107 10 0
0.343333 25 111 11 1
0.35 21 98 9 2
0.356667 26 99 4 1
0.363333 26 108 6 1
0.37 36 103 13 1
0.376667 29 101 7 3
0.383333 34 83 9 1
0.39 24 87 8 1
0.396667 25 82 17 2
0.403333 26 104 3 0
0.41 37 79 8 1
0.416667 22 79 13 4
0.423333 26 78 12 0
0.43 23 64 10 1
0.436667 27 96 10 1
0.443333 25 75 7 0
0.45 26 83 9 1
0.456667 19 92 11 0
0.463333 15 93 8 1
0.47 25 100 9 0
0.476667 26 71 4 0
0.483333 24 43 9 1
0.49 19 56 6 0
0.496667 22 51 3 0
0.503333 22 47 9 2
0.51 19 54 12 1
0.516667 17 50 6 0
0.523333 11 30 6 0
0.53 13 37 4 0
0.536667 20 51 7 5
0.543333 14 37 5 0
0.55 11 34 5 1
0.556667 12 35 6 0
0.563333 11 42 7 1
0.57 11 43 5 0
0.576667 16 43 8 1
0.583333 20 40 7 1
0.59 12 36 3 1
0.596667 11 41 8 1
0.603333 11 36 12 0
0.61 14 40 4 0
0.616667 10 39 10 1
0.623333 13 32 8 0
0.63 13 47 8 1
0.636667 11 40 3 1
0.643333 11 34 8 4
0.65 14 34 2 0
0.656667 9 33 1 1
0.663333 449 2920 271 3
0.67 0 0 0 0
0.676667 0 0 0 0
0.683333 0 0 0 0
0.69 0 0 0 0
0.696667 0 0 0 0
0.703333 0 0 0 0
0.71 0 0 0 0
0.716667 0 0 0 0
0.723333 0 0 0 0
0.73 0 0 0 0
0.736667 0 0 0 0
0.743333 0 0 0 0
0.75 0 0 0 0
0.756667 0 0 0 0
0.763333 0 0 0 0
0.77 0 0 0 0
0.776667 0 0 0 0
0.783333 0 0 0 0
0.79 0 0 0 0
0.796667 0 0 0 0
0.803333 0 0 0 0
0.81 0 0 0 0
0.816667 0 0 0 0
0.823333 0 0 0 0
0.83 0 0 0 0
0.836667 0 0 0 0
0.843333 0 0 0 0
0.85 0 0 0 0
0.856667 0 0 0 0
0.863333 0 0 0 0
0.87 0 0 0 0
0.876667 0 0 0 0
0.883333 0 0 0 0
0.89 0 0 0 0
0.896667 0 0 0 0
0.903333 0 0 0 0
0.91 0 0 0 0
0.916667 0 0 0 0
0.923333 0 0 0 0
0.93 0 0 0 0
0.936667 0 0 0 0
0.943333 0 0 0 0
0.95 0 0 0 0
0.956667 0 0 0 0
0.963333 0 0 0 0
0.97 0 0 0 0
0.976667 0 0 0 0
0.983333 0 0 0 0
0.99 0 0 0 0
0.996667 0 0 0 0
1.00333 0 0 0 0
1.01 0 0 0 0
1.01667 0 0 0 0
1.02333 0 0 0 0
1.03 0 0 0 0
1.03667 0 0 0 0
1.04333 0 0 0 0
1.05 0 0 0 0
1.05667 0 0 0 0
1.06333 0 0 0 0
1.07 0 0 0 0
1.07667 0 0 0 0
1.08333 0 0 0 0
1.09 0 0 0 0
1.09667 0 0 0 0
1.10333 0 0 0 0
1.11 0 0 0 0
1.11667 0 0 0 0
1.12333 0 0 0 0
1.13 0 0 0 0
1.13667 0 0 0 0
1.14333 0 0 0 0
1.15 0 0 0 0
1.15667 0 0 0 0
1.16333 0 0 0 0
1.17 0 0 0 0
1.17667 0 0 0 0
1.18333 0 0 0 0
1.19 0 0 0 0
1.19667 0 0 0 0
1.20333 0 0 0 0
1.21 0 0 0 0
1.21667 0 0 0 0
1.22333 0 0 0 0
1.23 0 0 0 0
1.23667 0 0 0 0
1.24333 0 0 0 0
1.25 0 0 0 0
1.25667 0 0 0 0
1.26333 0 0 0 0
1.27 0 0 0 0
1.27667 0 0 0 0
1.28333 0 0 0 0
1.29 0 0 0 0
1.29667 0 0 0 0
1.30333 0 0 0 0
1.31 0 0 0 0
1.31667 0 0 0 0
1.32333 0 0 0 0
1.33 0 0 0 0
1.33667 0 0 0 0
1.34333 0 0 0 0
1.35 0 0 0 0
1.35667 0 0 0 0
1.36333 0 0 0 0
1.37 0 0 0 0
1.37667 0 0 0 0
1.38333 0 0 0 0
1.39 0 0 0 0
1.39667 0 0 0 0
1.40333 0 0 0 0
1.41 0 0 0 0
1.41667 0 0 0 0
1.42333 0 0 0 0
1.43 0 0 0 0
1.43667 0 0 0 0
1.44333 0 0 0 0
1.45 0 0 0 0
1.45667 0 0 0 0
1.46333 0 0 0 0
1.47 0 0 0 0
1.47667 0 0 0 0
1.48333 0 0 0 0
1.49 0 0 0 0
1.49667 0 0 0 0
1.50333 0 0 0 0
1.51 0 0 0 0
1.51667 0 0 0 0
1.52333 0 0 0 0
1.53 0 0 0 0
1.53667 0 0 0 0
1.54333 0 0 0 0
1.55 0 0 0 0
1.55667 0 0 0 0
1.56333 0 0 0 0
1.57 0 0 0 0
1.57667 0 0 0 0
1.58333 0 0 0 0
1.59 0 0 0 0
1.59667 0 0 0 0
1.60333 0 0 0 0
1.61 0 0 0 0
1.61667 0 0 0 0
1.62333 0 0 0 0
1.63 0 0 0 0
1.63667 0 0 0 0
1.64333 0 0 0 0
1.65 0 0 0 0
1.65667 0 0 0 0
1.66333 0 0 0 0
1.67 0 0 0 0
1.67667 0 0 0 0
1.68333 0 0 0 0
1.69 0 0 0 0
1.69667 0 0 0 0
1.70333 0 0 0 0
1.71 0 0 0 0
1.71667 0 0 0 0
1.72333 0 0 0 0
1.73 0 0 0 0
1.73667 0 0 0 0
1.74333 0 0 0 0
1.75 0 0 0 0
1.75667 0 0 0 0
1.76333 0 0 0 0
1.77 0 0 0 0
1.77667 0 0 0 0
1.78333 0 0 0 0
1.79 0 0 0 0
1.79667 0 0 0 0
1.80333 0 0 0 0
1.81 0 0 0 0
1.81667 0 0 0 0
1.82333 0 0 0 0
1.83 0 0 0 0
1.83667 0 0 0 0
1.84333 0 0 0 0
1.85 0 0 0 0
1.85667 0 0 0 0
1.86333 0 0 0 0
1.87 0 0 0 0
1.87667 0 0 0 0
1.88333 0 0 0 0
1.89 0 0 0 0
1.89667 0 0 0 0
1.90333 0 0 0 0
1.91 0 0 0 0
1.91667 0 0 0 0
1.92333 0 0 0 0
1.93 0 0 0 0
1.93667 0 0 0 0
1.94333 0 0 0 0
1.95 0 0 0 0
1.95667 0 0 0 0
1.96333 0 0 0 0
1.97 0 0 0 0
1.97667 0 0 0 0
1.98333 0 0 0 0
1.99 0 0 0 0
1.99667 0 0 0 0
