0.00333333 7 24 35 2
0.01 10 34 27 5
0.0166667 6 43 33 4
0.0233333 15 53 27 5
0.03 17 41 45 6
0.0366667 9 62 50 6
0.0433333 20 75 60 7
0.05 25 88 67 11
0.0566667 30 114 91 12
0.0633333 32 103 106 16
0.07 30 132 96 15
0.0766667 29 131 114 16
0.0833333 32 129 103 18
0.09 25 121 107 21
0.0966667 31 145 117 17
0.103333 32 123 118 12
0.11 18 120 107 18
0.116667 22 109 116 16
0.123333 18 107 95 9
0.13 21 105 101 9
0.136667 24 83 96 9
0.143333 19 96 94 10
0.15 20 93 96 8
0.156667 18 71 88 9
0.163333 20 68 75 9
0.17 26 75 77 10
0.176667 16 79 111 9
0.183333 20 75 82 14
0.19 15 75 110 13
0.196667 18 78 102 8
0.203333 13 67 75 6
0.21 20 62 104 7
0.216667 13 66 74 4
0.223333 24 88 97 6
0.23 14 73 66 9
0.236667 20 55 70 8
0.243333 15 60 65 5
0.25 18 54 62 12
0.256667 11 55 53 3
0.263333 9 51 56 8
0.27 8 58 50 10
0.276667 5 54 59 8
0.283333 11 46 53 8
0.29 15 61 41 5
0.296667 12 54 39 12
0.303333 11 40 52 8
0.31 23 47 43 7
0.316667 11 43 40 2
0.323333 9 40 46 9
0.33 10 55 43 5
0.336667 17 29 38 6
0.343333 5 35 45 5
0.35 13 32 43 6
0.356667 9 35 42 3
0.363333 13 28 45 5
0.37 7 37 31 5
0.376667 5 26 44 6
0.383333 12 41 41 6
0.39 6 32 35 3
0.396667 5 34 27 4
0.403333 8 40 30 4
0.41 9 37 38 3
0.416667 10 26 34 1
0.423333 6 32 44 1
0.43 4 31 40 5
0.436667 7 27 39 8
0.443333 2 28 31 3
0.45 5 33 25 4
0.456667 5 22 37 5
0.463333 4 29 32 4
0.47 5 34 39 6
0.476667 10 19 31 2
0.483333 4 14 24 9
0.49 1 22 26 1
0.496667 6 22 16 1
0.503333 4 15 20 6
0.51 3 17 27 2
0.516667 4 18 11 2
0.523333 6 16 15 1
0.53 5 12 18 4
0.536667 3 16 16 3
0.543333 3 10 12 4
0.55 5 22 18 1
0.556667 5 15 13 4
0.563333 4 15 13 5
0.57 5 17 22 3
0.576667 8 8 17 3
0.583333 3 7 14 4
0.59 3 16 14 1
0.596667 1 15 26 1
0.603333 4 17 13 0
0.61 4 8 12 3
0.616667 2 14 13 2
0.623333 2 6 13 1
0.63 9 15 20 0
0.636667 4 11 19 4
0.643333 8 10 19 2
0.65 3 13 10 2
0.656667 3 16 18 2
0.663333 136 538 955 66
0.67 0 0 0 0
0.676667 0 0 0 0
0.683333 0 0 0 0
0.69 0 0 0 0
0.696667 0 0 0 0
0.703333 0 0 0 0
0.71 0 0 0 0
0.716667 0 0 0 0
0.723333 0 0 0 0
0.73 0 0 0 0
0.736667 0 0 0 0
0.743333 0 0 0 0
0.75 0 0 0 0
0.756667 0 0 0 0
0.763333 0 0 0 0
0.77 0 0 0 0
0.776667 0 0 0 0
0.783333 0 0 0 0
0.79 0 0 0 0
0.796667 0 0 0 0
0.803333 0 0 0 0
0.81 0 0 0 0
0.816667 0 0 0 0
0.823333 0 0 0 0
0.83 0 0 0 0
0.836667 0 0 0 0
0.843333 0 0 0 0
0.85 0 0 0 0
0.856667 0 0 0 0
0.863333 0 0 0 0
0.87 0 0 0 0
0.876667 0 0 0 0
0.883333 0 0 0 0
0.89 0 0 0 0
0.896667 0 0 0 0
0.903333 0 0 0 0
0.91 0 0 0 0
0.916667 0 0 0 0
0.923333 0 0 0 0
0.93 0 0 0 0
0.936667 0 0 0 0
0.943333 0 0 0 0
0.95 0 0 0 0
0.956667 0 0 0 0
0.963333 0 0 0 0
0.97 0 0 0 0
0.976667 0 0 0 0
0.983333 0 0 0 0
0.99 0 0 0 0
0.996667 0 0 0 0
1.00333 0 0 0 0
1.01 0 0 0 0
1.01667 0 0 0 0
1.02333 0 0 0 0
1.03 0 0 0 0
1.03667 0 0 0 0
1.04333 0 0 0 0
1.05 0 0 0 0
1.05667 0 0 0 0
1.06333 0 0 0 0
1.07 0 0 0 0
1.07667 0 0 0 0
1.08333 0 0 0 0
1.09 0 0 0 0
1.09667 0 0 0 0
1.10333 0 0 0 0
1.11 0 0 0 0
1.11667 0 0 0 0
1.12333 0 0 0 0
1.13 0 0 0 0
1.13667 0 0 0 0
1.14333 0 0 0 0
1.15 0 0 0 0
1.15667 0 0 0 0
1.16333 0 0 0 0
1.17 0 0 0 0
1.17667 0 0 0 0
1.18333 0 0 0 0
1.19 0 0 0 0
1.19667 0 0 0 0
1.20333 0 0 0 0
1.21 0 0 0 0
1.21667 0 0 0 0
1.22333 0 0 0 0
1.23 0 0 0 0
1.23667 0 0 0 0
1.24333 0 0 0 0
1.25 0 0 0 0
1.25667 0 0 0 0
1.26333 0 0 0 0
1.27 0 0 0 0
1.27667 0 0 0 0
1.28333 0 0 0 0
1.29 0 0 0 0
1.29667 0 0 0 0
1.30333 0 0 0 0
1.31 0 0 0 0
1.31667 0 0 0 0
1.32333 0 0 0 0
1.33 0 0 0 0
1.33667 0 0 0 0
1.34333 0 0 0 0
1.35 0 0 0 0
1.35667 0 0 0 0
1.36333 0 0 0 0
1.37 0 0 0 0
1.37667 0 0 0 0
1.38333 0 0 0 0
1.39 0 0 0 0
1.39667 0 0 0 0
1.40333 0 0 0 0
1.41 0 0 0 0
1.41667 0 0 0 0
1.42333 0 0 0 0
1.43 0 0 0 0
1.43667 0 0 0 0
1.44333 0 0 0 0
1.45 0 0 0 0
1.45667 0 0 0 0
1.46333 0 0 0 0
1.47 0 0 0 0
1.47667 0 0 0 0
1.48333 0 0 0 0
1.49 0 0 0 0
1.49667 0 0 0 0
1.50333 0 0 0 0
1.51 0 0 0 0
1.51667 0 0 0 0
1.52333 0 0 0 0
1.53 0 0 0 0
1.53667 0 0 0 0
1.54333 0 0 0 0
1.55 0 0 0 0
1.55667 0 0 0 0
1.56333 0 0 0 0
1.57 0 0 0 0
1.57667 0 0 0 0
1.58333 0 0 0 0
1.59 0 0 0 0
1.59667 0 0 0 0
1.60333 0 0 0 0
1.61 0 0 0 0
1.61667 0 0 0 0
1.62333 0 0 0 0
1.63 0 0 0 0
1.63667 0 0 0 0
1.64333 0 0 0 0
1.65 0 0 0 0
1.65667 0 0 0 0
1.66333 0 0 0 0
1.67 0 0 0 0
1.67667 0 0 0 0
1.68333 0 0 0 0
1.69 0 0 0 0
1.69667 0 0 0 0
1.70333 0 0 0 0
1.71 0 0 0 0
1.71667 0 0 0 0
1.72333 0 0 0 0
1.73 0 0 0 0
1.73667 0 0 0 0
1.74333 0 0 0 0
1.75 0 0 0 0
1.75667 0 0 0 0
1.76333 0 0 0 0
1.77 0 0 0 0
1.77667 0 0 0 0
1.78333 0 0 0 0
1.79 0 0 0 0
1.79667 0 0 0 0
1.80333 0 0 0 0
1.81 0 0 0 0
1.81667 0 0 0 0
1.82333 0 0 0 0
1.83 0 0 0 0
1.83667 0 0 0 0
1.84333 0 0 0 0
1.85 0 0 0 0
1.85667 0 0 0 0
1.86333 0 0 0 0
1.87 0 0 0 0
1.87667 0 0 0 0
1.88333 0 0 0 0
1.89 0 0 0 0
1.89667 0 0 0 0
1.90333 0 0 0 0
1.91 0 0 0 0
1.91667 0 0 0 0
1.92333 0 0 0 0
1.93 0 0 0 0
1.93667 0 0 0 0
1.94333 0 0 0 0
1.95 0 0 0 0
1.95667 0 0 0 0
1.96333 0 0 0 0
1.97 0 0 0 0
1.97667 0 0 0 0
1.98333 0 0 0 0
1.99 0 0 0 0
1.99667 0 0 0 0
