0.00333333 2 3 16 49
0.01 0 6 19 64
0.0166667 0 2 17 56
0.0233333 1 4 23 80
0.03 1 6 30 72
0.0366667 0 1 17 91
0.0433333 0 6 36 103
0.05 1 5 43 130
0.0566667 1 6 51 137
0.0633333 1 8 45 175
0.07 0 7 52 176
0.0766667 2 7 61 200
0.0833333 0 4 56 194
0.09 1 3 59 177
0.0966667 1 9 36 227
0.103333 1 6 49 214
0.11 2 5 44 195
0.116667 2 8 66 230
0.123333 3 7 48 214
0.13 1 20 61 176
0.136667 0 6 46 200
0.143333 1 9 48 191
0.15 0 6 34 157
0.156667 1 8 41 165
0.163333 2 7 53 174
0.17 3 3 46 154
0.176667 0 5 36 161
0.183333 2 9 45 169
0.19 1 13 27 170
0.196667 0 4 31 212
0.203333 3 9 37 194
0.21 1 9 27 159
0.216667 2 7 29 164
0.223333 1 8 29 148
0.23 0 10 29 161
0.236667 1 6 32 153
0.243333 0 2 34 143
0.25 1 8 30 133
0.256667 3 7 23 132
0.263333 0 11 24 117
0.27 1 3 35 108
0.276667 2 6 20 126
0.283333 0 5 13 116
0.29 0 4 35 115
0.296667 0 5 18 104
0.303333 1 6 19 102
0.31 2 1 29 104
0.316667 2 5 25 95
0.323333 2 1 25 90
0.33 2 3 28 91
0.336667 0 4 28 105
0.343333 2 3 19 89
0.35 2 5 21 87
0.356667 2 4 31 97
0.363333 1 5 17 80
0.37 0 7 23 78
0.376667 1 2 20 77
0.383333 0 3 16 89
0.39 0 5 17 72
0.396667 1 6 22 73
0.403333 1 6 15 84
0.41 1 3 21 83
0.416667 3 6 23 69
0.423333 0 3 14 69
0.43 0 5 16 74
0.436667 1 5 12 71
0.443333 1 5 14 64
0.45 0 5 13 74
0.456667 2 2 18 64
0.463333 0 3 13 78
0.47 1 4 24 68
0.476667 1 5 12 56
0.483333 1 2 15 39
0.49 0 5 14 48
0.496667 1 2 18 44
0.503333 0 2 19 31
0.51 0 3 12 47
0.516667 0 2 10 38
0.523333 1 0 15 42
0.53 0 2 13 40
0.536667 0 1 8 36
0.543333 0 3 13 36
0.55 0 3 8 45
0.556667 0 3 12 40
0.563333 1 1 13 33
0.57 1 2 4 32
0.576667 1 5 14 34
0.583333 0 0 6 39
0.59 1 1 8 37
0.596667 0 2 9 27
0.603333 1 1 20 27
0.61 0 1 8 46
0.616667 0 4 6 30
0.623333 0 3 10 34
0.63 0 0 3 28
0.636667 1 3 16 50
0.643333 1 5 10 30
0.65 1 2 8 33
0.656667 0 2 13 32
0.663333 14 112 301 2347
0.67 0 0 0 0
0.676667 0 0 0 0
0.683333 0 0 0 0
0.69 0 0 0 0
0.696667 0 0 0 0
0.703333 0 0 0 0
0.71 0 0 0 0
0.716667 0 0 0 0
0.723333 0 0 0 0
0.73 0 0 0 0
0.736667 0 0 0 0
0.743333 0 0 0 0
0.75 0 0 0 0
0.756667 0 0 0 0
0.763333 0 0 0 0
0.77 0 0 0 0
0.776667 0 0 0 0
0.783333 0 0 0 0
0.79 0 0 0 0
0.796667 0 0 0 0
0.803333 0 0 0 0
0.81 0 0 0 0
0.816667 0 0 0 0
0.823333 0 0 0 0
0.83 0 0 0 0
0.836667 0 0 0 0
0.843333 0 0 0 0
0.85 0 0 0 0
0.856667 0 0 0 0
0.863333 0 0 0 0
0.87 0 0 0 0
0.876667 0 0 0 0
0.883333 0 0 0 0
0.89 0 0 0 0
0.896667 0 0 0 0
0.903333 0 0 0 0
0.91 0 0 0 0
0.916667 0 0 0 0
0.923333 0 0 0 0
0.93 0 0 0 0
0.936667 0 0 0 0
0.943333 0 0 0 0
0.95 0 0 0 0
0.956667 0 0 0 0
0.963333 0 0 0 0
0.97 0 0 0 0
0.976667 0 0 0 0
0.983333 0 0 0 0
0.99 0 0 0 0
0.996667 0 0 0 0
1.00333 0 0 0 0
1.01 0 0 0 0
1.01667 0 0 0 0
1.02333 0 0 0 0
1.03 0 0 0 0
1.03667 0 0 0 0
1.04333 0 0 0 0
1.05 0 0 0 0
1.05667 0 0 0 0
1.06333 0 0 0 0
1.07 0 0 0 0
1.07667 0 0 0 0
1.08333 0 0 0 0
1.09 0 0 0 0
1.09667 0 0 0 0
1.10333 0 0 0 0
1.11 0 0 0 0
1.11667 0 0 0 0
1.12333 0 0 0 0
1.13 0 0 0 0
1.13667 0 0 0 0
1.14333 0 0 0 0
1.15 0 0 0 0
1.15667 0 0 0 0
1.16333 0 0 0 0
1.17 0 0 0 0
1.17667 0 0 0 0
1.18333 0 0 0 0
1.19 0 0 0 0
1.19667 0 0 0 0
1.20333 0 0 0 0
1.21 0 0 0 0
1.21667 0 0 0 0
1.22333 0 0 0 0
1.23 0 0 0 0
1.23667 0 0 0 0
1.24333 0 0 0 0
1.25 0 0 0 0
1.25667 0 0 0 0
1.26333 0 0 0 0
1.27 0 0 0 0
1.27667 0 0 0 0
1.28333 0 0 0 0
1.29 0 0 0 0
1.29667 0 0 0 0
1.30333 0 0 0 0
1.31 0 0 0 0
1.31667 0 0 0 0
1.32333 0 0 0 0
1.33 0 0 0 0
1.33667 0 0 0 0
1.34333 0 0 0 0
1.35 0 0 0 0
1.35667 0 0 0 0
1.36333 0 0 0 0
1.37 0 0 0 0
1.37667 0 0 0 0
1.38333 0 0 0 0
1.39 0 0 0 0
1.39667 0 0 0 0
1.40333 0 0 0 0
1.41 0 0 0 0
1.41667 0 0 0 0
1.42333 0 0 0 0
1.43 0 0 0 0
1.43667 0 0 0 0
1.44333 0 0 0 0
1.45 0 0 0 0
1.45667 0 0 0 0
1.46333 0 0 0 0
1.47 0 0 0 0
1.47667 0 0 0 0
1.48333 0 0 0 0
1.49 0 0 0 0
1.49667 0 0 0 0
1.50333 0 0 0 0
1.51 0 0 0 0
1.51667 0 0 0 0
1.52333 0 0 0 0
1.53 0 0 0 0
1.53667 0 0 0 0
1.54333 0 0 0 0
1.55 0 0 0 0
1.55667 0 0 0 0
1.56333 0 0 0 0
1.57 0 0 0 0
1.57667 0 0 0 0
1.58333 0 0 0 0
1.59 0 0 0 0
1.59667 0 0 0 0
1.60333 0 0 0 0
1.61 0 0 0 0
1.61667 0 0 0 0
1.62333 0 0 0 0
1.63 0 0 0 0
1.63667 0 0 0 0
1.64333 0 0 0 0
1.65 0 0 0 0
1.65667 0 0 0 0
1.66333 0 0 0 0
1.67 0 0 0 0
1.67667 0 0 0 0
1.68333 0 0 0 0
1.69 0 0 0 0
1.69667 0 0 0 0
1.70333 0 0 0 0
1.71 0 0 0 0
1.71667 0 0 0 0
1.72333 0 0 0 0
1.73 0 0 0 0
1.73667 0 0 0 0
1.74333 0 0 0 0
1.75 0 0 0 0
1.75667 0 0 0 0
1.76333 0 0 0 0
1.77 0 0 0 0
1.77667 0 0 0 0
1.78333 0 0 0 0
1.79 0 0 0 0
1.79667 0 0 0 0
1.80333 0 0 0 0
1.81 0 0 0 0
1.81667 0 0 0 0
1.82333 0 0 0 0
1.83 0 0 0 0
1.83667 0 0 0 0
1.84333 0 0 0 0
1.85 0 0 0 0
1.85667 0 0 0 0
1.86333 0 0 0 0
1.87 0 0 0 0
1.87667 0 0 0 0
1.88333 0 0 0 0
1.89 0 0 0 0
1.89667 0 0 0 0
1.90333 0 0 0 0
1.91 0 0 0 0
1.91667 0 0 0 0
1.92333 0 0 0 0
1.93 0 0 0 0
1.93667 0 0 0 0
1.94333 0 0 0 0
1.95 0 0 0 0
1.95667 0 0 0 0
1.96333 0 0 0 0
1.97 0 0 0 0
1.97667 0 0 0 0
1.98333 0 0 0 0
1.99 0 0 0 0
1.99667 0 0 0 0
