0.00333333 0 1 10 190
0.01 3 1 14 223
0.0166667 6 1 26 210
0.0233333 3 2 20 208
0.03 2 2 21 225
0.0366667 8 2 20 256
0.0433333 3 3 45 282
0.05 3 4 43 295
0.0566667 1 9 61 303
0.0633333 8 6 56 335
0.07 8 2 72 392
0.0766667 2 9 62 384
0.0833333 5 11 52 380
0.09 3 8 71 394
0.0966667 2 8 65 425
0.103333 5 9 74 432
0.11 8 7 72 380
0.116667 3 3 48 457
0.123333 6 3 63 490
0.13 2 6 53 510
0.136667 5 5 44 470
0.143333 6 5 45 470
0.15 7 5 48 465
0.156667 6 3 36 481
0.163333 1 9 45 455
0.17 8 5 45 498
0.176667 6 2 38 468
0.183333 5 3 42 589
0.19 14 3 40 800
0.196667 7 7 49 739
0.203333 4 6 38 649
0.21 6 3 42 609
0.216667 6 4 26 564
0.223333 7 5 34 543
0.23 7 3 28 501
0.236667 3 7 29 446
0.243333 5 2 36 412
0.25 12 2 30 376
0.256667 7 2 26 375
0.263333 5 2 32 352
0.27 5 5 29 333
0.276667 2 1 30 303
0.283333 3 2 26 286
0.29 8 7 21 284
0.296667 4 1 23 273
0.303333 4 2 21 276
0.31 7 4 21 254
0.316667 6 1 33 241
0.323333 5 2 27 251
0.33 4 8 25 207
0.336667 2 2 13 228
0.343333 3 3 19 226
0.35 6 8 21 255
0.356667 1 3 21 234
0.363333 3 2 19 222
0.37 4 2 30 206
0.376667 6 4 16 210
0.383333 2 2 21 191
0.39 2 2 16 229
0.396667 4 1 20 193
0.403333 3 7 17 202
0.41 8 5 12 205
0.416667 3 3 15 235
0.423333 4 4 24 185
0.43 0 3 25 207
0.436667 3 5 17 237
0.443333 6 4 15 233
0.45 4 2 22 219
0.456667 1 0 13 253
0.463333 6 2 14 252
0.47 3 4 11 235
0.476667 8 3 11 183
0.483333 3 1 11 114
0.49 0 1 16 99
0.496667 3 1 11 91
0.503333 3 1 9 99
0.51 0 1 15 70
0.516667 5 2 9 67
0.523333 0 0 10 76
0.53 2 2 18 74
0.536667 1 1 7 81
0.543333 3 4 9 53
0.55 2 1 10 57
0.556667 2 1 16 59
0.563333 2 0 8 55
0.57 0 4 10 70
0.576667 4 0 11 72
0.583333 1 1 9 68
0.59 4 2 12 60
0.596667 2 2 11 39
0.603333 3 0 9 66
0.61 0 3 7 43
0.616667 1 1 15 43
0.623333 1 4 5 43
0.63 1 0 11 62
0.636667 0 3 7 74
0.643333 2 2 10 39
0.65 1 3 8 40
0.656667 3 1 8 30
0.663333 154 45 261 13036
0.67 0 0 0 0
0.676667 0 0 0 0
0.683333 0 0 0 0
0.69 0 0 0 0
0.696667 0 0 0 0
0.703333 0 0 0 0
0.71 0 0 0 0
0.716667 0 0 0 0
0.723333 0 0 0 0
0.73 0 0 0 0
0.736667 0 0 0 0
0.743333 0 0 0 0
0.75 0 0 0 0
0.756667 0 0 0 0
0.763333 0 0 0 0
0.77 0 0 0 0
0.776667 0 0 0 0
0.783333 0 0 0 0
0.79 0 0 0 0
0.796667 0 0 0 0
0.803333 0 0 0 0
0.81 0 0 0 0
0.816667 0 0 0 0
0.823333 0 0 0 0
0.83 0 0 0 0
0.836667 0 0 0 0
0.843333 0 0 0 0
0.85 0 0 0 0
0.856667 0 0 0 0
0.863333 0 0 0 0
0.87 0 0 0 0
0.876667 0 0 0 0
0.883333 0 0 0 0
0.89 0 0 0 0
0.896667 0 0 0 0
0.903333 0 0 0 0
0.91 0 0 0 0
0.916667 0 0 0 0
0.923333 0 0 0 0
0.93 0 0 0 0
0.936667 0 0 0 0
0.943333 0 0 0 0
0.95 0 0 0 0
0.956667 0 0 0 0
0.963333 0 0 0 0
0.97 0 0 0 0
0.976667 0 0 0 0
0.983333 0 0 0 0
0.99 0 0 0 0
0.996667 0 0 0 0
1.00333 0 0 0 0
1.01 0 0 0 0
1.01667 0 0 0 0
1.02333 0 0 0 0
1.03 0 0 0 0
1.03667 0 0 0 0
1.04333 0 0 0 0
1.05 0 0 0 0
1.05667 0 0 0 0
1.06333 0 0 0 0
1.07 0 0 0 0
1.07667 0 0 0 0
1.08333 0 0 0 0
1.09 0 0 0 0
1.09667 0 0 0 0
1.10333 0 0 0 0
1.11 0 0 0 0
1.11667 0 0 0 0
1.12333 0 0 0 0
1.13 0 0 0 0
1.13667 0 0 0 0
1.14333 0 0 0 0
1.15 0 0 0 0
1.15667 0 0 0 0
1.16333 0 0 0 0
1.17 0 0 0 0
1.17667 0 0 0 0
1.18333 0 0 0 0
1.19 0 0 0 0
1.19667 0 0 0 0
1.20333 0 0 0 0
1.21 0 0 0 0
1.21667 0 0 0 0
1.22333 0 0 0 0
1.23 0 0 0 0
1.23667 0 0 0 0
1.24333 0 0 0 0
1.25 0 0 0 0
1.25667 0 0 0 0
1.26333 0 0 0 0
1.27 0 0 0 0
1.27667 0 0 0 0
1.28333 0 0 0 0
1.29 0 0 0 0
1.29667 0 0 0 0
1.30333 0 0 0 0
1.31 0 0 0 0
1.31667 0 0 0 0
1.32333 0 0 0 0
1.33 0 0 0 0
1.33667 0 0 0 0
1.34333 0 0 0 0
1.35 0 0 0 0
1.35667 0 0 0 0
1.36333 0 0 0 0
1.37 0 0 0 0
1.37667 0 0 0 0
1.38333 0 0 0 0
1.39 0 0 0 0
1.39667 0 0 0 0
1.40333 0 0 0 0
1.41 0 0 0 0
1.41667 0 0 0 0
1.42333 0 0 0 0
1.43 0 0 0 0
1.43667 0 0 0 0
1.44333 0 0 0 0
1.45 0 0 0 0
1.45667 0 0 0 0
1.46333 0 0 0 0
1.47 0 0 0 0
1.47667 0 0 0 0
1.48333 0 0 0 0
1.49 0 0 0 0
1.49667 0 0 0 0
1.50333 0 0 0 0
1.51 0 0 0 0
1.51667 0 0 0 0
1.52333 0 0 0 0
1.53 0 0 0 0
1.53667 0 0 0 0
1.54333 0 0 0 0
1.55 0 0 0 0
1.55667 0 0 0 0
1.56333 0 0 0 0
1.57 0 0 0 0
1.57667 0 0 0 0
1.58333 0 0 0 0
1.59 0 0 0 0
1.59667 0 0 0 0
1.60333 0 0 0 0
1.61 0 0 0 0
1.61667 0 0 0 0
1.62333 0 0 0 0
1.63 0 0 0 0
1.63667 0 0 0 0
1.64333 0 0 0 0
1.65 0 0 0 0
1.65667 0 0 0 0
1.66333 0 0 0 0
1.67 0 0 0 0
1.67667 0 0 0 0
1.68333 0 0 0 0
1.69 0 0 0 0
1.69667 0 0 0 0
1.70333 0 0 0 0
1.71 0 0 0 0
1.71667 0 0 0 0
1.72333 0 0 0 0
1.73 0 0 0 0
1.73667 0 0 0 0
1.74333 0 0 0 0
1.75 0 0 0 0
1.75667 0 0 0 0
1.76333 0 0 0 0
1.77 0 0 0 0
1.77667 0 0 0 0
1.78333 0 0 0 0
1.79 0 0 0 0
1.79667 0 0 0 0
1.80333 0 0 0 0
1.81 0 0 0 0
1.81667 0 0 0 0
1.82333 0 0 0 0
1.83 0 0 0 0
1.83667 0 0 0 0
1.84333 0 0 0 0
1.85 0 0 0 0
1.85667 0 0 0 0
1.86333 0 0 0 0
1.87 0 0 0 0
1.87667 0 0 0 0
1.88333 0 0 0 0
1.89 0 0 0 0
1.89667 0 0 0 0
1.90333 0 0 0 0
1.91 0 0 0 0
1.91667 0 0 0 0
1.92333 0 0 0 0
1.93 0 0 0 0
1.93667 0 0 0 0
1.94333 0 0 0 0
1.95 0 0 0 0
1.95667 0 0 0 0
1.96333 0 0 0 0
1.97 0 0 0 0
1.97667 0 0 0 0
1.98333 0 0 0 0
1.99 0 0 0 0
1.99667 0 0 0 0
