0.00333333 111 40 0 1
0.01 108 42 0 0
0.0166667 145 41 0 1
0.0233333 138 38 1 2
0.03 149 58 0 0
0.0366667 166 55 1 0
0.0433333 186 59 2 1
0.05 215 79 2 4
0.0566667 228 114 5 2
0.0633333 233 101 1 6
0.07 268 95 3 1
0.0766667 308 111 2 5
0.0833333 326 106 3 4
0.09 319 108 5 2
0.0966667 337 117 5 2
0.103333 348 107 2 5
0.11 319 106 3 3
0.116667 345 118 2 5
0.123333 361 108 1 1
0.13 357 110 2 0
0.136667 376 95 3 5
0.143333 349 114 1 7
0.15 316 93 1 2
0.156667 355 109 4 0
0.163333 342 102 1 4
0.17 314 110 5 3
0.176667 312 95 3 1
0.183333 360 97 1 4
0.19 412 109 1 9
0.196667 436 117 1 3
0.203333 380 105 2 1
0.21 364 106 1 5
0.216667 357 98 2 2
0.223333 343 90 3 3
0.23 299 84 4 2
0.236667 299 83 5 3
0.243333 272 83 2 2
0.25 295 87 4 5
0.256667 255 76 1 3
0.263333 263 62 2 4
0.27 266 60 0 1
0.276667 203 74 3 5
0.283333 211 71 2 5
0.29 195 62 1 2
0.296667 201 58 1 0
0.303333 210 52 0 0
0.31 196 68 1 4
0.316667 174 54 1 1
0.323333 175 42 1 4
0.33 184 68 2 1
0.336667 157 47 2 0
0.343333 173 53 0 1
0.35 161 49 1 1
0.356667 178 46 0 1
0.363333 148 39 0 3
0.37 158 44 0 0
0.376667 171 50 4 2
0.383333 137 44 4 1
0.39 154 46 1 1
0.396667 134 39 2 1
0.403333 139 33 5 2
0.41 138 52 1 1
0.416667 137 46 0 0
0.423333 103 40 1 1
0.43 132 33 1 1
0.436667 144 44 0 1
0.443333 120 55 1 4
0.45 145 29 0 3
0.456667 130 34 2 0
0.463333 139 50 2 1
0.47 149 41 0 2
0.476667 123 35 2 2
0.483333 91 25 1 2
0.49 86 27 2 1
0.496667 70 29 0 1
0.503333 70 13 0 1
0.51 68 27 0 0
0.516667 72 20 0 1
0.523333 52 24 2 4
0.53 71 28 0 3
0.536667 50 20 2 0
0.543333 57 20 1 0
0.55 46 20 1 4
0.556667 58 17 1 0
0.563333 65 15 0 1
0.57 52 19 0 0
0.576667 56 29 0 1
0.583333 44 20 0 1
0.59 48 28 0 1
0.596667 52 19 0 2
0.603333 40 15 0 0
0.61 54 18 1 1
0.616667 51 19 2 0
0.623333 42 15 1 0
0.63 46 21 1 0
0.636667 62 14 3 2
0.643333 36 23 0 2
0.65 51 13 0 2
0.656667 57 15 2 1
0.663333 6515 1472 16 52
0.67 0 0 0 0
0.676667 0 0 0 0
0.683333 0 0 0 0
0.69 0 0 0 0
0.696667 0 0 0 0
0.703333 0 0 0 0
0.71 0 0 0 0
0.716667 0 0 0 0
0.723333 0 0 0 0
0.73 0 0 0 0
0.736667 0 0 0 0
0.743333 0 0 0 0
0.75 0 0 0 0
0.756667 0 0 0 0
0.763333 0 0 0 0
0.77 0 0 0 0
0.776667 0 0 0 0
0.783333 0 0 0 0
0.79 0 0 0 0
0.796667 0 0 0 0
0.803333 0 0 0 0
0.81 0 0 0 0
0.816667 0 0 0 0
0.823333 0 0 0 0
0.83 0 0 0 0
0.836667 0 0 0 0
0.843333 0 0 0 0
0.85 0 0 0 0
0.856667 0 0 0 0
0.863333 0 0 0 0
0.87 0 0 0 0
0.876667 0 0 0 0
0.883333 0 0 0 0
0.89 0 0 0 0
0.896667 0 0 0 0
0.903333 0 0 0 0
0.91 0 0 0 0
0.916667 0 0 0 0
0.923333 0 0 0 0
0.93 0 0 0 0
0.936667 0 0 0 0
0.943333 0 0 0 0
0.95 0 0 0 0
0.956667 0 0 0 0
0.963333 0 0 0 0
0.97 0 0 0 0
0.976667 0 0 0 0
0.983333 0 0 0 0
0.99 0 0 0 0
0.996667 0 0 0 0
1.00333 0 0 0 0
1.01 0 0 0 0
1.01667 0 0 0 0
1.02333 0 0 0 0
1.03 0 0 0 0
1.03667 0 0 0 0
1.04333 0 0 0 0
1.05 0 0 0 0
1.05667 0 0 0 0
1.06333 0 0 0 0
1.07 0 0 0 0
1.07667 0 0 0 0
1.08333 0 0 0 0
1.09 0 0 0 0
1.09667 0 0 0 0
1.10333 0 0 0 0
1.11 0 0 0 0
1.11667 0 0 0 0
1.12333 0 0 0 0
1.13 0 0 0 0
1.13667 0 0 0 0
1.14333 0 0 0 0
1.15 0 0 0 0
1.15667 0 0 0 0
1.16333 0 0 0 0
1.17 0 0 0 0
1.17667 0 0 0 0
1.18333 0 0 0 0
1.19 0 0 0 0
1.19667 0 0 0 0
1.20333 0 0 0 0
1.21 0 0 0 0
1.21667 0 0 0 0
1.22333 0 0 0 0
1.23 0 0 0 0
1.23667 0 0 0 0
1.24333 0 0 0 0
1.25 0 0 0 0
1.25667 0 0 0 0
1.26333 0 0 0 0
1.27 0 0 0 0
1.27667 0 0 0 0
1.28333 0 0 0 0
1.29 0 0 0 0
1.29667 0 0 0 0
1.30333 0 0 0 0
1.31 0 0 0 0
1.31667 0 0 0 0
1.32333 0 0 0 0
1.33 0 0 0 0
1.33667 0 0 0 0
1.34333 0 0 0 0
1.35 0 0 0 0
1.35667 0 0 0 0
1.36333 0 0 0 0
1.37 0 0 0 0
1.37667 0 0 0 0
1.38333 0 0 0 0
1.39 0 0 0 0
1.39667 0 0 0 0
1.40333 0 0 0 0
1.41 0 0 0 0
1.41667 0 0 0 0
1.42333 0 0 0 0
1.43 0 0 0 0
1.43667 0 0 0 0
1.44333 0 0 0 0
1.45 0 0 0 0
1.45667 0 0 0 0
1.46333 0 0 0 0
1.47 0 0 0 0
1.47667 0 0 0 0
1.48333 0 0 0 0
1.49 0 0 0 0
1.49667 0 0 0 0
1.50333 0 0 0 0
1.51 0 0 0 0
1.51667 0 0 0 0
1.52333 0 0 0 0
1.53 0 0 0 0
1.53667 0 0 0 0
1.54333 0 0 0 0
1.55 0 0 0 0
1.55667 0 0 0 0
1.56333 0 0 0 0
1.57 0 0 0 0
1.57667 0 0 0 0
1.58333 0 0 0 0
1.59 0 0 0 0
1.59667 0 0 0 0
1.60333 0 0 0 0
1.61 0 0 0 0
1.61667 0 0 0 0
1.62333 0 0 0 0
1.63 0 0 0 0
1.63667 0 0 0 0
1.64333 0 0 0 0
1.65 0 0 0 0
1.65667 0 0 0 0
1.66333 0 0 0 0
1.67 0 0 0 0
1.67667 0 0 0 0
1.68333 0 0 0 0
1.69 0 0 0 0
1.69667 0 0 0 0
1.70333 0 0 0 0
1.71 0 0 0 0
1.71667 0 0 0 0
1.72333 0 0 0 0
1.73 0 0 0 0
1.73667 0 0 0 0
1.74333 0 0 0 0
1.75 0 0 0 0
1.75667 0 0 0 0
1.76333 0 0 0 0
1.77 0 0 0 0
1.77667 0 0 0 0
1.78333 0 0 0 0
1.79 0 0 0 0
1.79667 0 0 0 0
1.80333 0 0 0 0
1.81 0 0 0 0
1.81667 0 0 0 0
1.82333 0 0 0 0
1.83 0 0 0 0
1.83667 0 0 0 0
1.84333 0 0 0 0
1.85 0 0 0 0
1.85667 0 0 0 0
1.86333 0 0 0 0
1.87 0 0 0 0
1.87667 0 0 0 0
1.88333 0 0 0 0
1.89 0 0 0 0
1.89667 0 0 0 0
1.90333 0 0 0 0
1.91 0 0 0 0
1.91667 0 0 0 0
1.92333 0 0 0 0
1.93 0 0 0 0
1.93667 0 0 0 0
1.94333 0 0 0 0
1.95 0 0 0 0
1.95667 0 0 0 0
1.96333 0 0 0 0
1.97 0 0 0 0
1.97667 0 0 0 0
1.98333 0 0 0 0
1.99 0 0 0 0
1.99667 0 0 0 0
