0.00333333 14 33 9 0
0.01 26 29 11 3
0.0166667 22 44 12 2
0.0233333 20 69 13 2
0.03 19 55 7 0
0.0366667 26 55 15 4
0.0433333 54 106 18 2
0.05 56 102 20 4
0.0566667 61 130 22 2
0.0633333 73 137 17 8
0.07 73 137 26 4
0.0766667 63 163 35 7
0.0833333 76 143 38 7
0.09 59 158 33 6
0.0966667 77 154 39 3
0.103333 71 155 40 6
0.11 79 136 37 4
0.116667 71 163 41 8
0.123333 65 124 39 4
0.13 44 145 33 5
0.136667 59 112 22 3
0.143333 56 114 30 0
0.15 55 95 27 4
0.156667 47 125 35 4
0.163333 56 96 32 5
0.17 53 95 24 5
0.176667 43 98 31 4
0.183333 46 88 34 4
0.19 56 98 35 5
0.196667 47 115 29 2
0.203333 39 89 37 3
0.21 28 86 22 4
0.216667 44 107 28 2
0.223333 45 85 36 1
0.23 44 78 23 4
0.236667 36 97 22 5
0.243333 30 70 24 2
0.25 29 86 23 3
0.256667 25 69 21 2
0.263333 27 65 25 1
0.27 17 67 17 5
0.276667 31 67 20 0
0.283333 29 51 11 0
0.29 27 74 26 3
0.296667 21 51 15 1
0.303333 30 57 14 2
0.31 28 58 13 1
0.316667 23 50 16 1
0.323333 26 51 9 3
0.33 19 53 12 1
0.336667 22 45 20 1
0.343333 21 42 22 1
0.35 18 47 10 0
0.356667 28 44 7 0
0.363333 33 33 14 1
0.37 21 52 18 3
0.376667 35 42 22 2
0.383333 25 50 10 2
0.39 15 36 12 0
0.396667 28 46 7 2
0.403333 25 37 16 1
0.41 24 48 10 2
0.416667 23 35 17 1
0.423333 13 35 12 3
0.43 13 51 11 5
0.436667 15 44 12 1
0.443333 13 32 19 0
0.45 14 24 9 1
0.456667 12 34 16 4
0.463333 15 30 10 0
0.47 20 31 12 3
0.476667 24 35 9 1
0.483333 19 26 10 2
0.49 18 28 12 3
0.496667 9 19 9 0
0.503333 14 25 8 1
0.51 18 16 9 2
0.516667 9 16 8 0
0.523333 20 15 1 1
0.53 12 25 4 0
0.536667 12 20 9 1
0.543333 7 22 4 4
0.55 5 24 10 2
0.556667 4 15 5 1
0.563333 9 29 6 1
0.57 11 16 10 2
0.576667 13 16 10 2
0.583333 3 17 7 2
0.59 10 28 5 2
0.596667 10 26 6 1
0.603333 10 21 10 1
0.61 13 19 5 1
0.616667 10 25 8 0
0.623333 10 17 6 3
0.63 9 15 6 1
0.636667 10 15 7 2
0.643333 18 13 7 0
0.65 9 22 6 1
0.656667 12 29 8 0
0.663333 300 833 297 20
0.67 0 0 0 0
0.676667 0 0 0 0
0.683333 0 0 0 0
0.69 0 0 0 0
0.696667 0 0 0 0
0.703333 0 0 0 0
0.71 0 0 0 0
0.716667 0 0 0 0
0.723333 0 0 0 0
0.73 0 0 0 0
0.736667 0 0 0 0
0.743333 0 0 0 0
0.75 0 0 0 0
0.756667 0 0 0 0
0.763333 0 0 0 0
0.77 0 0 0 0
0.776667 0 0 0 0
0.783333 0 0 0 0
0.79 0 0 0 0
0.796667 0 0 0 0
0.803333 0 0 0 0
0.81 0 0 0 0
0.816667 0 0 0 0
0.823333 0 0 0 0
0.83 0 0 0 0
0.836667 0 0 0 0
0.843333 0 0 0 0
0.85 0 0 0 0
0.856667 0 0 0 0
0.863333 0 0 0 0
0.87 0 0 0 0
0.876667 0 0 0 0
0.883333 0 0 0 0
0.89 0 0 0 0
0.896667 0 0 0 0
0.903333 0 0 0 0
0.91 0 0 0 0
0.916667 0 0 0 0
0.923333 0 0 0 0
0.93 0 0 0 0
0.936667 0 0 0 0
0.943333 0 0 0 0
0.95 0 0 0 0
0.956667 0 0 0 0
0.963333 0 0 0 0
0.97 0 0 0 0
0.976667 0 0 0 0
0.983333 0 0 0 0
0.99 0 0 0 0
0.996667 0 0 0 0
1.00333 0 0 0 0
1.01 0 0 0 0
1.01667 0 0 0 0
1.02333 0 0 0 0
1.03 0 0 0 0
1.03667 0 0 0 0
1.04333 0 0 0 0
1.05 0 0 0 0
1.05667 0 0 0 0
1.06333 0 0 0 0
1.07 0 0 0 0
1.07667 0 0 0 0
1.08333 0 0 0 0
1.09 0 0 0 0
1.09667 0 0 0 0
1.10333 0 0 0 0
1.11 0 0 0 0
1.11667 0 0 0 0
1.12333 0 0 0 0
1.13 0 0 0 0
1.13667 0 0 0 0
1.14333 0 0 0 0
1.15 0 0 0 0
1.15667 0 0 0 0
1.16333 0 0 0 0
1.17 0 0 0 0
1.17667 0 0 0 0
1.18333 0 0 0 0
1.19 0 0 0 0
1.19667 0 0 0 0
1.20333 0 0 0 0
1.21 0 0 0 0
1.21667 0 0 0 0
1.22333 0 0 0 0
1.23 0 0 0 0
1.23667 0 0 0 0
1.24333 0 0 0 0
1.25 0 0 0 0
1.25667 0 0 0 0
1.26333 0 0 0 0
1.27 0 0 0 0
1.27667 0 0 0 0
1.28333 0 0 0 0
1.29 0 0 0 0
1.29667 0 0 0 0
1.30333 0 0 0 0
1.31 0 0 0 0
1.31667 0 0 0 0
1.32333 0 0 0 0
1.33 0 0 0 0
1.33667 0 0 0 0
1.34333 0 0 0 0
1.35 0 0 0 0
1.35667 0 0 0 0
1.36333 0 0 0 0
1.37 0 0 0 0
1.37667 0 0 0 0
1.38333 0 0 0 0
1.39 0 0 0 0
1.39667 0 0 0 0
1.40333 0 0 0 0
1.41 0 0 0 0
1.41667 0 0 0 0
1.42333 0 0 0 0
1.43 0 0 0 0
1.43667 0 0 0 0
1.44333 0 0 0 0
1.45 0 0 0 0
1.45667 0 0 0 0
1.46333 0 0 0 0
1.47 0 0 0 0
1.47667 0 0 0 0
1.48333 0 0 0 0
1.49 0 0 0 0
1.49667 0 0 0 0
1.50333 0 0 0 0
1.51 0 0 0 0
1.51667 0 0 0 0
1.52333 0 0 0 0
1.53 0 0 0 0
1.53667 0 0 0 0
1.54333 0 0 0 0
1.55 0 0 0 0
1.55667 0 0 0 0
1.56333 0 0 0 0
1.57 0 0 0 0
1.57667 0 0 0 0
1.58333 0 0 0 0
1.59 0 0 0 0
1.59667 0 0 0 0
1.60333 0 0 0 0
1.61 0 0 0 0
1.61667 0 0 0 0
1.62333 0 0 0 0
1.63 0 0 0 0
1.63667 0 0 0 0
1.64333 0 0 0 0
1.65 0 0 0 0
1.65667 0 0 0 0
1.66333 0 0 0 0
1.67 0 0 0 0
1.67667 0 0 0 0
1.68333 0 0 0 0
1.69 0 0 0 0
1.69667 0 0 0 0
1.70333 0 0 0 0
1.71 0 0 0 0
1.71667 0 0 0 0
1.72333 0 0 0 0
1.73 0 0 0 0
1.73667 0 0 0 0
1.74333 0 0 0 0
1.75 0 0 0 0
1.75667 0 0 0 0
1.76333 0 0 0 0
1.77 0 0 0 0
1.77667 0 0 0 0
1.78333 0 0 0 0
1.79 0 0 0 0
1.79667 0 0 0 0
1.80333 0 0 0 0
1.81 0 0 0 0
1.81667 0 0 0 0
1.82333 0 0 0 0
1.83 0 0 0 0
1.83667 0 0 0 0
1.84333 0 0 0 0
1.85 0 0 0 0
1.85667 0 0 0 0
1.86333 0 0 0 0
1.87 0 0 0 0
1.87667 0 0 0 0
1.88333 0 0 0 0
1.89 0 0 0 0
1.89667 0 0 0 0
1.90333 0 0 0 0
1.91 0 0 0 0
1.91667 0 0 0 0
1.92333 0 0 0 0
1.93 0 0 0 0
1.93667 0 0 0 0
1.94333 0 0 0 0
1.95 0 0 0 0
1.95667 0 0 0 0
1.96333 0 0 0 0
1.97 0 0 0 0
1.97667 0 0 0 0
1.98333 0 0 0 0
1.99 0 0 0 0
1.99667 0 0 0 0
