0.00333333 2 4 14 35
0.01 3 5 44 35
0.0166667 1 9 38 46
0.0233333 5 5 39 49
0.03 7 8 55 42
0.0366667 3 9 56 60
0.0433333 9 14 86 68
0.05 9 21 117 58
0.0566667 10 21 128 81
0.0633333 11 21 128 110
0.07 7 34 131 89
0.0766667 16 36 144 93
0.0833333 15 27 153 121
0.09 10 37 142 110
0.0966667 15 38 139 97
0.103333 19 32 151 113
0.11 11 24 126 86
0.116667 7 23 166 119
0.123333 13 26 116 104
0.13 10 25 106 109
0.136667 12 28 110 93
0.143333 11 14 99 93
0.15 12 26 97 99
0.156667 5 16 92 104
0.163333 6 17 94 88
0.17 13 17 80 80
0.176667 8 20 86 75
0.183333 7 23 81 107
0.19 14 27 81 103
0.196667 11 18 83 98
0.203333 14 23 78 111
0.21 6 24 78 89
0.216667 10 12 82 84
0.223333 10 16 71 70
0.23 11 23 63 76
0.236667 5 17 71 88
0.243333 8 14 71 68
0.25 7 15 57 76
0.256667 7 16 52 62
0.263333 12 17 59 62
0.27 4 12 44 52
0.276667 9 9 49 50
0.283333 8 14 53 58
0.29 3 6 53 50
0.296667 6 15 62 52
0.303333 6 13 43 55
0.31 4 12 54 49
0.316667 3 8 52 38
0.323333 8 13 57 49
0.33 6 15 49 55
0.336667 7 16 33 46
0.343333 7 7 53 40
0.35 4 13 39 50
0.356667 2 10 33 56
0.363333 6 7 43 37
0.37 9 14 34 45
0.376667 9 15 50 41
0.383333 6 12 49 44
0.39 5 10 32 45
0.396667 8 12 27 34
0.403333 4 8 44 37
0.41 4 10 38 27
0.416667 7 12 25 33
0.423333 3 13 34 33
0.43 5 10 24 33
0.436667 8 8 24 41
0.443333 12 11 39 29
0.45 5 11 29 41
0.456667 3 3 22 46
0.463333 4 7 35 38
0.47 7 10 27 30
0.476667 8 9 35 37
0.483333 4 6 20 19
0.49 3 7 17 18
0.496667 2 7 29 22
0.503333 3 6 17 12
0.51 5 3 14 26
0.516667 5 7 26 24
0.523333 3 12 22 24
0.53 4 2 20 14
0.536667 3 7 15 18
0.543333 4 7 17 17
0.55 3 11 17 19
0.556667 4 4 22 15
0.563333 1 6 19 18
0.57 4 6 25 25
0.576667 5 5 13 19
0.583333 4 4 16 18
0.59 3 6 12 13
0.596667 4 4 15 15
0.603333 3 4 15 10
0.61 0 7 16 12
0.616667 3 5 3 10
0.623333 6 8 19 12
0.63 3 8 21 16
0.636667 4 5 12 16
0.643333 4 8 18 10
0.65 4 3 11 14
0.656667 2 5 20 8
0.663333 143 157 631 1171
0.67 0 0 0 0
0.676667 0 0 0 0
0.683333 0 0 0 0
0.69 0 0 0 0
0.696667 0 0 0 0
0.703333 0 0 0 0
0.71 0 0 0 0
0.716667 0 0 0 0
0.723333 0 0 0 0
0.73 0 0 0 0
0.736667 0 0 0 0
0.743333 0 0 0 0
0.75 0 0 0 0
0.756667 0 0 0 0
0.763333 0 0 0 0
0.77 0 0 0 0
0.776667 0 0 0 0
0.783333 0 0 0 0
0.79 0 0 0 0
0.796667 0 0 0 0
0.803333 0 0 0 0
0.81 0 0 0 0
0.816667 0 0 0 0
0.823333 0 0 0 0
0.83 0 0 0 0
0.836667 0 0 0 0
0.843333 0 0 0 0
0.85 0 0 0 0
0.856667 0 0 0 0
0.863333 0 0 0 0
0.87 0 0 0 0
0.876667 0 0 0 0
0.883333 0 0 0 0
0.89 0 0 0 0
0.896667 0 0 0 0
0.903333 0 0 0 0
0.91 0 0 0 0
0.916667 0 0 0 0
0.923333 0 0 0 0
0.93 0 0 0 0
0.936667 0 0 0 0
0.943333 0 0 0 0
0.95 0 0 0 0
0.956667 0 0 0 0
0.963333 0 0 0 0
0.97 0 0 0 0
0.976667 0 0 0 0
0.983333 0 0 0 0
0.99 0 0 0 0
0.996667 0 0 0 0
1.00333 0 0 0 0
1.01 0 0 0 0
1.01667 0 0 0 0
1.02333 0 0 0 0
1.03 0 0 0 0
1.03667 0 0 0 0
1.04333 0 0 0 0
1.05 0 0 0 0
1.05667 0 0 0 0
1.06333 0 0 0 0
1.07 0 0 0 0
1.07667 0 0 0 0
1.08333 0 0 0 0
1.09 0 0 0 0
1.09667 0 0 0 0
1.10333 0 0 0 0
1.11 0 0 0 0
1.11667 0 0 0 0
1.12333 0 0 0 0
1.13 0 0 0 0
1.13667 0 0 0 0
1.14333 0 0 0 0
1.15 0 0 0 0
1.15667 0 0 0 0
1.16333 0 0 0 0
1.17 0 0 0 0
1.17667 0 0 0 0
1.18333 0 0 0 0
1.19 0 0 0 0
1.19667 0 0 0 0
1.20333 0 0 0 0
1.21 0 0 0 0
1.21667 0 0 0 0
1.22333 0 0 0 0
1.23 0 0 0 0
1.23667 0 0 0 0
1.24333 0 0 0 0
1.25 0 0 0 0
1.25667 0 0 0 0
1.26333 0 0 0 0
1.27 0 0 0 0
1.27667 0 0 0 0
1.28333 0 0 0 0
1.29 0 0 0 0
1.29667 0 0 0 0
1.30333 0 0 0 0
1.31 0 0 0 0
1.31667 0 0 0 0
1.32333 0 0 0 0
1.33 0 0 0 0
1.33667 0 0 0 0
1.34333 0 0 0 0
1.35 0 0 0 0
1.35667 0 0 0 0
1.36333 0 0 0 0
1.37 0 0 0 0
1.37667 0 0 0 0
1.38333 0 0 0 0
1.39 0 0 0 0
1.39667 0 0 0 0
1.40333 0 0 0 0
1.41 0 0 0 0
1.41667 0 0 0 0
1.42333 0 0 0 0
1.43 0 0 0 0
1.43667 0 0 0 0
1.44333 0 0 0 0
1.45 0 0 0 0
1.45667 0 0 0 0
1.46333 0 0 0 0
1.47 0 0 0 0
1.47667 0 0 0 0
1.48333 0 0 0 0
1.49 0 0 0 0
1.49667 0 0 0 0
1.50333 0 0 0 0
1.51 0 0 0 0
1.51667 0 0 0 0
1.52333 0 0 0 0
1.53 0 0 0 0
1.53667 0 0 0 0
1.54333 0 0 0 0
1.55 0 0 0 0
1.55667 0 0 0 0
1.56333 0 0 0 0
1.57 0 0 0 0
1.57667 0 0 0 0
1.58333 0 0 0 0
1.59 0 0 0 0
1.59667 0 0 0 0
1.60333 0 0 0 0
1.61 0 0 0 0
1.61667 0 0 0 0
1.62333 0 0 0 0
1.63 0 0 0 0
1.63667 0 0 0 0
1.64333 0 0 0 0
1.65 0 0 0 0
1.65667 0 0 0 0
1.66333 0 0 0 0
1.67 0 0 0 0
1.67667 0 0 0 0
1.68333 0 0 0 0
1.69 0 0 0 0
1.69667 0 0 0 0
1.70333 0 0 0 0
1.71 0 0 0 0
1.71667 0 0 0 0
1.72333 0 0 0 0
1.73 0 0 0 0
1.73667 0 0 0 0
1.74333 0 0 0 0
1.75 0 0 0 0
1.75667 0 0 0 0
1.76333 0 0 0 0
1.77 0 0 0 0
1.77667 0 0 0 0
1.78333 0 0 0 0
1.79 0 0 0 0
1.79667 0 0 0 0
1.80333 0 0 0 0
1.81 0 0 0 0
1.81667 0 0 0 0
1.82333 0 0 0 0
1.83 0 0 0 0
1.83667 0 0 0 0
1.84333 0 0 0 0
1.85 0 0 0 0
1.85667 0 0 0 0
1.86333 0 0 0 0
1.87 0 0 0 0
1.87667 0 0 0 0
1.88333 0 0 0 0
1.89 0 0 0 0
1.89667 0 0 0 0
1.90333 0 0 0 0
1.91 0 0 0 0
1.91667 0 0 0 0
1.92333 0 0 0 0
1.93 0 0 0 0
1.93667 0 0 0 0
1.94333 0 0 0 0
1.95 0 0 0 0
1.95667 0 0 0 0
1.96333 0 0 0 0
1.97 0 0 0 0
1.97667 0 0 0 0
1.98333 0 0 0 0
1.99 0 0 0 0
1.99667 0 0 0 0
