0.00333333 2 14 91 5
0.01 3 13 76 6
0.0166667 5 19 82 2
0.0233333 6 17 82 8
0.03 2 16 86 10
0.0366667 3 16 103 7
0.0433333 4 32 115 10
0.05 12 37 146 24
0.0566667 9 39 182 19
0.0633333 12 43 181 27
0.07 9 59 195 21
0.0766667 10 53 210 29
0.0833333 10 47 207 17
0.09 13 57 238 16
0.0966667 8 47 242 24
0.103333 11 58 211 18
0.11 9 39 218 10
0.116667 7 58 242 22
0.123333 14 35 243 15
0.13 10 47 209 20
0.136667 5 33 224 14
0.143333 7 42 254 26
0.15 4 34 235 7
0.156667 7 33 249 14
0.163333 4 37 211 18
0.17 7 28 226 17
0.176667 7 27 245 13
0.183333 5 57 262 19
0.19 7 31 290 6
0.196667 6 34 275 15
0.203333 1 38 258 17
0.21 9 22 259 12
0.216667 7 31 238 9
0.223333 10 25 218 11
0.23 1 25 184 21
0.236667 7 27 207 14
0.243333 4 23 173 10
0.25 6 25 176 5
0.256667 6 23 151 14
0.263333 8 22 131 10
0.27 3 19 150 7
0.276667 5 16 168 7
0.283333 6 18 133 6
0.29 4 22 141 9
0.296667 3 25 111 12
0.303333 5 23 121 7
0.31 8 25 129 8
0.316667 5 19 129 4
0.323333 4 23 134 5
0.33 6 16 107 3
0.336667 6 19 115 9
0.343333 5 17 127 12
0.35 2 18 123 10
0.356667 4 20 115 9
0.363333 2 14 99 8
0.37 2 18 82 10
0.376667 3 17 97 12
0.383333 5 16 92 7
0.39 3 14 93 7
0.396667 0 14 98 7
0.403333 2 8 99 7
0.41 1 18 87 4
0.416667 3 12 102 6
0.423333 2 20 109 11
0.43 4 11 84 9
0.436667 4 14 99 8
0.443333 2 8 91 10
0.45 3 10 85 7
0.456667 3 11 94 6
0.463333 0 13 91 5
0.47 4 15 105 2
0.476667 3 8 78 4
0.483333 4 6 47 4
0.49 2 10 50 5
0.496667 3 15 44 1
0.503333 3 7 42 5
0.51 1 8 46 5
0.516667 2 8 30 3
0.523333 4 14 33 2
0.53 1 10 32 5
0.536667 3 3 31 3
0.543333 1 5 28 1
0.55 1 7 36 2
0.556667 1 7 30 3
0.563333 2 7 33 3
0.57 1 13 28 3
0.576667 2 7 29 1
0.583333 2 11 30 4
0.59 0 7 39 1
0.596667 1 11 29 4
0.603333 1 2 26 3
0.61 1 5 30 4
0.616667 2 6 19 5
0.623333 0 9 20 2
0.63 2 8 34 4
0.636667 2 7 43 5
0.643333 1 9 25 3
0.65 0 6 25 4
0.656667 0 8 20 6
0.663333 37 274 4144 69
0.67 0 0 0 0
0.676667 0 0 0 0
0.683333 0 0 0 0
0.69 0 0 0 0
0.696667 0 0 0 0
0.703333 0 0 0 0
0.71 0 0 0 0
0.716667 0 0 0 0
0.723333 0 0 0 0
0.73 0 0 0 0
0.736667 0 0 0 0
0.743333 0 0 0 0
0.75 0 0 0 0
0.756667 0 0 0 0
0.763333 0 0 0 0
0.77 0 0 0 0
0.776667 0 0 0 0
0.783333 0 0 0 0
0.79 0 0 0 0
0.796667 0 0 0 0
0.803333 0 0 0 0
0.81 0 0 0 0
0.816667 0 0 0 0
0.823333 0 0 0 0
0.83 0 0 0 0
0.836667 0 0 0 0
0.843333 0 0 0 0
0.85 0 0 0 0
0.856667 0 0 0 0
0.863333 0 0 0 0
0.87 0 0 0 0
0.876667 0 0 0 0
0.883333 0 0 0 0
0.89 0 0 0 0
0.896667 0 0 0 0
0.903333 0 0 0 0
0.91 0 0 0 0
0.916667 0 0 0 0
0.923333 0 0 0 0
0.93 0 0 0 0
0.936667 0 0 0 0
0.943333 0 0 0 0
0.95 0 0 0 0
0.956667 0 0 0 0
0.963333 0 0 0 0
0.97 0 0 0 0
0.976667 0 0 0 0
0.983333 0 0 0 0
0.99 0 0 0 0
0.996667 0 0 0 0
1.00333 0 0 0 0
1.01 0 0 0 0
1.01667 0 0 0 0
1.02333 0 0 0 0
1.03 0 0 0 0
1.03667 0 0 0 0
1.04333 0 0 0 0
1.05 0 0 0 0
1.05667 0 0 0 0
1.06333 0 0 0 0
1.07 0 0 0 0
1.07667 0 0 0 0
1.08333 0 0 0 0
1.09 0 0 0 0
1.09667 0 0 0 0
1.10333 0 0 0 0
1.11 0 0 0 0
1.11667 0 0 0 0
1.12333 0 0 0 0
1.13 0 0 0 0
1.13667 0 0 0 0
1.14333 0 0 0 0
1.15 0 0 0 0
1.15667 0 0 0 0
1.16333 0 0 0 0
1.17 0 0 0 0
1.17667 0 0 0 0
1.18333 0 0 0 0
1.19 0 0 0 0
1.19667 0 0 0 0
1.20333 0 0 0 0
1.21 0 0 0 0
1.21667 0 0 0 0
1.22333 0 0 0 0
1.23 0 0 0 0
1.23667 0 0 0 0
1.24333 0 0 0 0
1.25 0 0 0 0
1.25667 0 0 0 0
1.26333 0 0 0 0
1.27 0 0 0 0
1.27667 0 0 0 0
1.28333 0 0 0 0
1.29 0 0 0 0
1.29667 0 0 0 0
1.30333 0 0 0 0
1.31 0 0 0 0
1.31667 0 0 0 0
1.32333 0 0 0 0
1.33 0 0 0 0
1.33667 0 0 0 0
1.34333 0 0 0 0
1.35 0 0 0 0
1.35667 0 0 0 0
1.36333 0 0 0 0
1.37 0 0 0 0
1.37667 0 0 0 0
1.38333 0 0 0 0
1.39 0 0 0 0
1.39667 0 0 0 0
1.40333 0 0 0 0
1.41 0 0 0 0
1.41667 0 0 0 0
1.42333 0 0 0 0
1.43 0 0 0 0
1.43667 0 0 0 0
1.44333 0 0 0 0
1.45 0 0 0 0
1.45667 0 0 0 0
1.46333 0 0 0 0
1.47 0 0 0 0
1.47667 0 0 0 0
1.48333 0 0 0 0
1.49 0 0 0 0
1.49667 0 0 0 0
1.50333 0 0 0 0
1.51 0 0 0 0
1.51667 0 0 0 0
1.52333 0 0 0 0
1.53 0 0 0 0
1.53667 0 0 0 0
1.54333 0 0 0 0
1.55 0 0 0 0
1.55667 0 0 0 0
1.56333 0 0 0 0
1.57 0 0 0 0
1.57667 0 0 0 0
1.58333 0 0 0 0
1.59 0 0 0 0
1.59667 0 0 0 0
1.60333 0 0 0 0
1.61 0 0 0 0
1.61667 0 0 0 0
1.62333 0 0 0 0
1.63 0 0 0 0
1.63667 0 0 0 0
1.64333 0 0 0 0
1.65 0 0 0 0
1.65667 0 0 0 0
1.66333 0 0 0 0
1.67 0 0 0 0
1.67667 0 0 0 0
1.68333 0 0 0 0
1.69 0 0 0 0
1.69667 0 0 0 0
1.70333 0 0 0 0
1.71 0 0 0 0
1.71667 0 0 0 0
1.72333 0 0 0 0
1.73 0 0 0 0
1.73667 0 0 0 0
1.74333 0 0 0 0
1.75 0 0 0 0
1.75667 0 0 0 0
1.76333 0 0 0 0
1.77 0 0 0 0
1.77667 0 0 0 0
1.78333 0 0 0 0
1.79 0 0 0 0
1.79667 0 0 0 0
1.80333 0 0 0 0
1.81 0 0 0 0
1.81667 0 0 0 0
1.82333 0 0 0 0
1.83 0 0 0 0
1.83667 0 0 0 0
1.84333 0 0 0 0
1.85 0 0 0 0
1.85667 0 0 0 0
1.86333 0 0 0 0
1.87 0 0 0 0
1.87667 0 0 0 0
1.88333 0 0 0 0
1.89 0 0 0 0
1.89667 0 0 0 0
1.90333 0 0 0 0
1.91 0 0 0 0
1.91667 0 0 0 0
1.92333 0 0 0 0
1.93 0 0 0 0
1.93667 0 0 0 0
1.94333 0 0 0 0
1.95 0 0 0 0
1.95667 0 0 0 0
1.96333 0 0 0 0
1.97 0 0 0 0
1.97667 0 0 0 0
1.98333 0 0 0 0
1.99 0 0 0 0
1.99667 0 0 0 0
