0.00333333 1 9 42 18
0.01 1 11 72 20
0.0166667 4 17 80 22
0.0233333 6 12 63 29
0.03 6 13 78 22
0.0366667 3 18 113 27
0.0433333 5 23 141 37
0.05 3 30 178 46
0.0566667 9 36 220 69
0.0633333 9 33 233 80
0.07 6 35 251 72
0.0766667 7 43 212 75
0.0833333 12 39 267 67
0.09 10 36 278 69
0.0966667 6 29 283 60
0.103333 4 41 278 66
0.11 18 33 278 54
0.116667 8 40 279 62
0.123333 8 40 257 60
0.13 7 28 247 67
0.136667 8 29 243 52
0.143333 9 24 232 48
0.15 7 27 208 42
0.156667 4 24 223 50
0.163333 3 21 210 58
0.17 6 22 186 45
0.176667 5 21 230 37
0.183333 8 24 189 52
0.19 9 15 214 43
0.196667 9 35 198 44
0.203333 5 23 226 28
0.21 5 25 202 41
0.216667 8 11 187 41
0.223333 8 14 165 42
0.23 5 22 167 31
0.236667 2 21 135 40
0.243333 5 23 152 33
0.25 7 21 146 37
0.256667 7 18 139 28
0.263333 2 15 128 22
0.27 6 6 151 29
0.276667 4 15 127 28
0.283333 2 9 113 27
0.29 2 18 116 21
0.296667 3 10 131 21
0.303333 2 17 118 19
0.31 1 15 101 20
0.316667 7 10 105 21
0.323333 3 13 105 32
0.33 3 19 96 21
0.336667 3 12 90 19
0.343333 2 13 102 28
0.35 1 7 83 10
0.356667 2 14 93 22
0.363333 2 10 73 23
0.37 1 12 73 19
0.376667 4 13 101 22
0.383333 3 14 83 24
0.39 1 9 73 19
0.396667 3 9 60 15
0.403333 1 6 82 11
0.41 5 12 90 19
0.416667 4 7 72 19
0.423333 2 9 93 15
0.43 4 8 73 21
0.436667 0 9 74 15
0.443333 5 12 62 29
0.45 2 9 71 22
0.456667 1 13 74 20
0.463333 3 9 62 16
0.47 4 10 75 18
0.476667 0 10 53 15
0.483333 0 10 40 14
0.49 3 2 38 17
0.496667 2 11 54 19
0.503333 0 10 50 12
0.51 1 6 32 5
0.516667 1 10 35 13
0.523333 2 7 42 10
0.53 3 7 43 13
0.536667 3 6 39 7
0.543333 4 6 36 9
0.55 1 7 33 10
0.556667 2 5 37 10
0.563333 2 10 39 7
0.57 2 8 33 10
0.576667 6 6 30 10
0.583333 0 9 36 12
0.59 2 8 34 10
0.596667 4 4 32 11
0.603333 2 2 31 5
0.61 2 3 35 10
0.616667 1 1 38 7
0.623333 2 8 32 6
0.63 1 5 22 4
0.636667 1 5 30 10
0.643333 2 4 23 12
0.65 3 3 28 7
0.656667 2 5 29 7
0.663333 32 131 2027 349
0.67 0 0 0 0
0.676667 0 0 0 0
0.683333 0 0 0 0
0.69 0 0 0 0
0.696667 0 0 0 0
0.703333 0 0 0 0
0.71 0 0 0 0
0.716667 0 0 0 0
0.723333 0 0 0 0
0.73 0 0 0 0
0.736667 0 0 0 0
0.743333 0 0 0 0
0.75 0 0 0 0
0.756667 0 0 0 0
0.763333 0 0 0 0
0.77 0 0 0 0
0.776667 0 0 0 0
0.783333 0 0 0 0
0.79 0 0 0 0
0.796667 0 0 0 0
0.803333 0 0 0 0
0.81 0 0 0 0
0.816667 0 0 0 0
0.823333 0 0 0 0
0.83 0 0 0 0
0.836667 0 0 0 0
0.843333 0 0 0 0
0.85 0 0 0 0
0.856667 0 0 0 0
0.863333 0 0 0 0
0.87 0 0 0 0
0.876667 0 0 0 0
0.883333 0 0 0 0
0.89 0 0 0 0
0.896667 0 0 0 0
0.903333 0 0 0 0
0.91 0 0 0 0
0.916667 0 0 0 0
0.923333 0 0 0 0
0.93 0 0 0 0
0.936667 0 0 0 0
0.943333 0 0 0 0
0.95 0 0 0 0
0.956667 0 0 0 0
0.963333 0 0 0 0
0.97 0 0 0 0
0.976667 0 0 0 0
0.983333 0 0 0 0
0.99 0 0 0 0
0.996667 0 0 0 0
1.00333 0 0 0 0
1.01 0 0 0 0
1.01667 0 0 0 0
1.02333 0 0 0 0
1.03 0 0 0 0
1.03667 0 0 0 0
1.04333 0 0 0 0
1.05 0 0 0 0
1.05667 0 0 0 0
1.06333 0 0 0 0
1.07 0 0 0 0
1.07667 0 0 0 0
1.08333 0 0 0 0
1.09 0 0 0 0
1.09667 0 0 0 0
1.10333 0 0 0 0
1.11 0 0 0 0
1.11667 0 0 0 0
1.12333 0 0 0 0
1.13 0 0 0 0
1.13667 0 0 0 0
1.14333 0 0 0 0
1.15 0 0 0 0
1.15667 0 0 0 0
1.16333 0 0 0 0
1.17 0 0 0 0
1.17667 0 0 0 0
1.18333 0 0 0 0
1.19 0 0 0 0
1.19667 0 0 0 0
1.20333 0 0 0 0
1.21 0 0 0 0
1.21667 0 0 0 0
1.22333 0 0 0 0
1.23 0 0 0 0
1.23667 0 0 0 0
1.24333 0 0 0 0
1.25 0 0 0 0
1.25667 0 0 0 0
1.26333 0 0 0 0
1.27 0 0 0 0
1.27667 0 0 0 0
1.28333 0 0 0 0
1.29 0 0 0 0
1.29667 0 0 0 0
1.30333 0 0 0 0
1.31 0 0 0 0
1.31667 0 0 0 0
1.32333 0 0 0 0
1.33 0 0 0 0
1.33667 0 0 0 0
1.34333 0 0 0 0
1.35 0 0 0 0
1.35667 0 0 0 0
1.36333 0 0 0 0
1.37 0 0 0 0
1.37667 0 0 0 0
1.38333 0 0 0 0
1.39 0 0 0 0
1.39667 0 0 0 0
1.40333 0 0 0 0
1.41 0 0 0 0
1.41667 0 0 0 0
1.42333 0 0 0 0
1.43 0 0 0 0
1.43667 0 0 0 0
1.44333 0 0 0 0
1.45 0 0 0 0
1.45667 0 0 0 0
1.46333 0 0 0 0
1.47 0 0 0 0
1.47667 0 0 0 0
1.48333 0 0 0 0
1.49 0 0 0 0
1.49667 0 0 0 0
1.50333 0 0 0 0
1.51 0 0 0 0
1.51667 0 0 0 0
1.52333 0 0 0 0
1.53 0 0 0 0
1.53667 0 0 0 0
1.54333 0 0 0 0
1.55 0 0 0 0
1.55667 0 0 0 0
1.56333 0 0 0 0
1.57 0 0 0 0
1.57667 0 0 0 0
1.58333 0 0 0 0
1.59 0 0 0 0
1.59667 0 0 0 0
1.60333 0 0 0 0
1.61 0 0 0 0
1.61667 0 0 0 0
1.62333 0 0 0 0
1.63 0 0 0 0
1.63667 0 0 0 0
1.64333 0 0 0 0
1.65 0 0 0 0
1.65667 0 0 0 0
1.66333 0 0 0 0
1.67 0 0 0 0
1.67667 0 0 0 0
1.68333 0 0 0 0
1.69 0 0 0 0
1.69667 0 0 0 0
1.70333 0 0 0 0
1.71 0 0 0 0
1.71667 0 0 0 0
1.72333 0 0 0 0
1.73 0 0 0 0
1.73667 0 0 0 0
1.74333 0 0 0 0
1.75 0 0 0 0
1.75667 0 0 0 0
1.76333 0 0 0 0
1.77 0 0 0 0
1.77667 0 0 0 0
1.78333 0 0 0 0
1.79 0 0 0 0
1.79667 0 0 0 0
1.80333 0 0 0 0
1.81 0 0 0 0
1.81667 0 0 0 0
1.82333 0 0 0 0
1.83 0 0 0 0
1.83667 0 0 0 0
1.84333 0 0 0 0
1.85 0 0 0 0
1.85667 0 0 0 0
1.86333 0 0 0 0
1.87 0 0 0 0
1.87667 0 0 0 0
1.88333 0 0 0 0
1.89 0 0 0 0
1.89667 0 0 0 0
1.90333 0 0 0 0
1.91 0 0 0 0
1.91667 0 0 0 0
1.92333 0 0 0 0
1.93 0 0 0 0
1.93667 0 0 0 0
1.94333 0 0 0 0
1.95 0 0 0 0
1.95667 0 0 0 0
1.96333 0 0 0 0
1.97 0 0 0 0
1.97667 0 0 0 0
1.98333 0 0 0 0
1.99 0 0 0 0
1.99667 0 0 0 0
