0.00333333 1 0 34 71
0.01 0 3 39 62
0.0166667 0 5 48 74
0.0233333 2 2 51 79
0.03 2 2 65 93
0.0366667 1 6 67 99
0.0433333 1 3 99 137
0.05 1 12 138 165
0.0566667 5 5 153 186
0.0633333 7 15 183 220
0.07 7 18 192 214
0.0766667 8 13 180 230
0.0833333 7 16 201 244
0.09 2 12 184 214
0.0966667 3 14 178 262
0.103333 6 16 185 234
0.11 7 20 163 254
0.116667 7 15 153 231
0.123333 4 9 153 268
0.13 4 18 146 237
0.136667 5 11 146 208
0.143333 8 7 158 223
0.15 5 8 130 215
0.156667 5 12 141 215
0.163333 4 8 137 195
0.17 2 8 125 199
0.176667 1 8 121 170
0.183333 4 8 98 207
0.19 1 7 132 203
0.196667 3 8 124 187
0.203333 6 14 96 185
0.21 1 8 114 175
0.216667 1 8 128 161
0.223333 4 4 99 183
0.23 3 6 95 139
0.236667 0 3 90 159
0.243333 5 4 96 146
0.25 3 0 74 170
0.256667 2 1 83 133
0.263333 2 6 79 132
0.27 3 7 85 119
0.276667 3 5 85 130
0.283333 2 4 70 118
0.29 1 1 63 129
0.296667 4 5 66 115
0.303333 3 4 71 80
0.31 1 5 60 96
0.316667 1 11 55 102
0.323333 4 5 51 101
0.33 2 6 45 94
0.336667 1 2 67 91
0.343333 2 4 71 99
0.35 1 4 63 91
0.356667 1 7 55 83
0.363333 0 7 53 87
0.37 3 4 58 74
0.376667 2 6 56 69
0.383333 1 3 62 59
0.39 1 5 37 65
0.396667 2 6 45 65
0.403333 1 4 52 58
0.41 3 7 44 69
0.416667 0 5 58 70
0.423333 2 2 47 64
0.43 1 7 41 68
0.436667 1 4 41 50
0.443333 2 2 31 77
0.45 4 2 40 60
0.456667 2 3 47 71
0.463333 4 3 29 54
0.47 1 3 36 65
0.476667 2 4 29 57
0.483333 2 5 31 52
0.49 0 7 25 34
0.496667 1 1 18 51
0.503333 3 1 34 35
0.51 0 1 27 60
0.516667 0 2 30 37
0.523333 2 0 19 44
0.53 0 1 29 29
0.536667 1 2 20 28
0.543333 1 3 15 36
0.55 0 1 26 30
0.556667 1 2 24 33
0.563333 1 2 25 31
0.57 2 3 17 26
0.576667 1 3 17 38
0.583333 4 2 17 25
0.59 0 2 25 31
0.596667 1 4 22 26
0.603333 2 2 20 32
0.61 1 2 25 29
0.616667 2 2 24 35
0.623333 0 3 25 40
0.63 0 4 22 26
0.636667 2 1 23 33
0.643333 2 5 21 27
0.65 0 2 17 19
0.656667 0 2 19 25
0.663333 19 56 1021 2081
0.67 0 0 0 0
0.676667 0 0 0 0
0.683333 0 0 0 0
0.69 0 0 0 0
0.696667 0 0 0 0
0.703333 0 0 0 0
0.71 0 0 0 0
0.716667 0 0 0 0
0.723333 0 0 0 0
0.73 0 0 0 0
0.736667 0 0 0 0
0.743333 0 0 0 0
0.75 0 0 0 0
0.756667 0 0 0 0
0.763333 0 0 0 0
0.77 0 0 0 0
0.776667 0 0 0 0
0.783333 0 0 0 0
0.79 0 0 0 0
0.796667 0 0 0 0
0.803333 0 0 0 0
0.81 0 0 0 0
0.816667 0 0 0 0
0.823333 0 0 0 0
0.83 0 0 0 0
0.836667 0 0 0 0
0.843333 0 0 0 0
0.85 0 0 0 0
0.856667 0 0 0 0
0.863333 0 0 0 0
0.87 0 0 0 0
0.876667 0 0 0 0
0.883333 0 0 0 0
0.89 0 0 0 0
0.896667 0 0 0 0
0.903333 0 0 0 0
0.91 0 0 0 0
0.916667 0 0 0 0
0.923333 0 0 0 0
0.93 0 0 0 0
0.936667 0 0 0 0
0.943333 0 0 0 0
0.95 0 0 0 0
0.956667 0 0 0 0
0.963333 0 0 0 0
0.97 0 0 0 0
0.976667 0 0 0 0
0.983333 0 0 0 0
0.99 0 0 0 0
0.996667 0 0 0 0
1.00333 0 0 0 0
1.01 0 0 0 0
1.01667 0 0 0 0
1.02333 0 0 0 0
1.03 0 0 0 0
1.03667 0 0 0 0
1.04333 0 0 0 0
1.05 0 0 0 0
1.05667 0 0 0 0
1.06333 0 0 0 0
1.07 0 0 0 0
1.07667 0 0 0 0
1.08333 0 0 0 0
1.09 0 0 0 0
1.09667 0 0 0 0
1.10333 0 0 0 0
1.11 0 0 0 0
1.11667 0 0 0 0
1.12333 0 0 0 0
1.13 0 0 0 0
1.13667 0 0 0 0
1.14333 0 0 0 0
1.15 0 0 0 0
1.15667 0 0 0 0
1.16333 0 0 0 0
1.17 0 0 0 0
1.17667 0 0 0 0
1.18333 0 0 0 0
1.19 0 0 0 0
1.19667 0 0 0 0
1.20333 0 0 0 0
1.21 0 0 0 0
1.21667 0 0 0 0
1.22333 0 0 0 0
1.23 0 0 0 0
1.23667 0 0 0 0
1.24333 0 0 0 0
1.25 0 0 0 0
1.25667 0 0 0 0
1.26333 0 0 0 0
1.27 0 0 0 0
1.27667 0 0 0 0
1.28333 0 0 0 0
1.29 0 0 0 0
1.29667 0 0 0 0
1.30333 0 0 0 0
1.31 0 0 0 0
1.31667 0 0 0 0
1.32333 0 0 0 0
1.33 0 0 0 0
1.33667 0 0 0 0
1.34333 0 0 0 0
1.35 0 0 0 0
1.35667 0 0 0 0
1.36333 0 0 0 0
1.37 0 0 0 0
1.37667 0 0 0 0
1.38333 0 0 0 0
1.39 0 0 0 0
1.39667 0 0 0 0
1.40333 0 0 0 0
1.41 0 0 0 0
1.41667 0 0 0 0
1.42333 0 0 0 0
1.43 0 0 0 0
1.43667 0 0 0 0
1.44333 0 0 0 0
1.45 0 0 0 0
1.45667 0 0 0 0
1.46333 0 0 0 0
1.47 0 0 0 0
1.47667 0 0 0 0
1.48333 0 0 0 0
1.49 0 0 0 0
1.49667 0 0 0 0
1.50333 0 0 0 0
1.51 0 0 0 0
1.51667 0 0 0 0
1.52333 0 0 0 0
1.53 0 0 0 0
1.53667 0 0 0 0
1.54333 0 0 0 0
1.55 0 0 0 0
1.55667 0 0 0 0
1.56333 0 0 0 0
1.57 0 0 0 0
1.57667 0 0 0 0
1.58333 0 0 0 0
1.59 0 0 0 0
1.59667 0 0 0 0
1.60333 0 0 0 0
1.61 0 0 0 0
1.61667 0 0 0 0
1.62333 0 0 0 0
1.63 0 0 0 0
1.63667 0 0 0 0
1.64333 0 0 0 0
1.65 0 0 0 0
1.65667 0 0 0 0
1.66333 0 0 0 0
1.67 0 0 0 0
1.67667 0 0 0 0
1.68333 0 0 0 0
1.69 0 0 0 0
1.69667 0 0 0 0
1.70333 0 0 0 0
1.71 0 0 0 0
1.71667 0 0 0 0
1.72333 0 0 0 0
1.73 0 0 0 0
1.73667 0 0 0 0
1.74333 0 0 0 0
1.75 0 0 0 0
1.75667 0 0 0 0
1.76333 0 0 0 0
1.77 0 0 0 0
1.77667 0 0 0 0
1.78333 0 0 0 0
1.79 0 0 0 0
1.79667 0 0 0 0
1.80333 0 0 0 0
1.81 0 0 0 0
1.81667 0 0 0 0
1.82333 0 0 0 0
1.83 0 0 0 0
1.83667 0 0 0 0
1.84333 0 0 0 0
1.85 0 0 0 0
1.85667 0 0 0 0
1.86333 0 0 0 0
1.87 0 0 0 0
1.87667 0 0 0 0
1.88333 0 0 0 0
1.89 0 0 0 0
1.89667 0 0 0 0
1.90333 0 0 0 0
1.91 0 0 0 0
1.91667 0 0 0 0
1.92333 0 0 0 0
1.93 0 0 0 0
1.93667 0 0 0 0
1.94333 0 0 0 0
1.95 0 0 0 0
1.95667 0 0 0 0
1.96333 0 0 0 0
1.97 0 0 0 0
1.97667 0 0 0 0
1.98333 0 0 0 0
1.99 0 0 0 0
1.99667 0 0 0 0
