0.00333333 3 13 31 21
0.01 6 11 37 26
0.0166667 2 14 42 24
0.0233333 8 25 45 27
0.03 4 20 49 25
0.0366667 2 20 75 36
0.0433333 4 26 100 37
0.05 4 27 114 60
0.0566667 10 51 112 75
0.0633333 12 42 138 71
0.07 6 46 158 72
0.0766667 12 45 173 71
0.0833333 11 50 170 81
0.09 7 45 162 86
0.0966667 13 50 125 73
0.103333 10 52 151 76
0.11 8 55 164 69
0.116667 7 50 159 92
0.123333 8 49 155 84
0.13 11 42 151 84
0.136667 8 50 129 74
0.143333 7 46 99 82
0.15 12 37 130 64
0.156667 13 52 128 51
0.163333 10 39 105 75
0.17 8 48 93 62
0.176667 7 32 119 71
0.183333 6 34 101 69
0.19 10 48 118 57
0.196667 4 53 97 59
0.203333 10 34 100 64
0.21 7 46 112 52
0.216667 11 39 89 52
0.223333 5 35 89 58
0.23 8 22 89 46
0.236667 5 34 95 41
0.243333 2 25 82 37
0.25 4 32 89 41
0.256667 3 25 65 34
0.263333 4 32 85 42
0.27 7 25 59 46
0.276667 4 18 65 32
0.283333 1 32 58 36
0.29 0 19 60 29
0.296667 3 25 71 32
0.303333 1 20 51 45
0.31 6 24 55 34
0.316667 6 30 60 42
0.323333 6 32 55 34
0.33 4 15 45 33
0.336667 4 22 54 31
0.343333 5 17 58 35
0.35 2 20 68 33
0.356667 5 14 49 36
0.363333 7 28 31 23
0.37 5 17 48 34
0.376667 4 23 42 22
0.383333 6 31 43 37
0.39 5 28 65 38
0.396667 1 16 37 28
0.403333 6 23 36 25
0.41 3 21 39 28
0.416667 4 17 49 31
0.423333 5 20 44 26
0.43 5 21 50 29
0.436667 7 17 44 24
0.443333 3 25 44 21
0.45 4 24 37 23
0.456667 3 15 37 27
0.463333 3 18 37 31
0.47 2 10 39 32
0.476667 2 17 35 24
0.483333 3 11 25 17
0.49 2 11 26 26
0.496667 5 19 34 13
0.503333 6 12 18 19
0.51 5 14 18 15
0.516667 3 13 35 20
0.523333 3 12 38 10
0.53 4 13 22 18
0.536667 3 10 26 15
0.543333 2 9 22 17
0.55 3 9 22 15
0.556667 3 14 18 18
0.563333 3 14 21 19
0.57 3 10 28 18
0.576667 2 15 20 17
0.583333 2 14 22 19
0.59 3 11 18 12
0.596667 2 11 20 7
0.603333 4 9 17 14
0.61 3 9 16 12
0.616667 0 14 13 10
0.623333 4 9 17 9
0.63 1 5 13 16
0.636667 3 15 15 20
0.643333 2 13 22 5
0.65 4 11 19 12
0.656667 0 9 18 10
0.663333 79 488 873 687
0.67 0 0 0 0
0.676667 0 0 0 0
0.683333 0 0 0 0
0.69 0 0 0 0
0.696667 0 0 0 0
0.703333 0 0 0 0
0.71 0 0 0 0
0.716667 0 0 0 0
0.723333 0 0 0 0
0.73 0 0 0 0
0.736667 0 0 0 0
0.743333 0 0 0 0
0.75 0 0 0 0
0.756667 0 0 0 0
0.763333 0 0 0 0
0.77 0 0 0 0
0.776667 0 0 0 0
0.783333 0 0 0 0
0.79 0 0 0 0
0.796667 0 0 0 0
0.803333 0 0 0 0
0.81 0 0 0 0
0.816667 0 0 0 0
0.823333 0 0 0 0
0.83 0 0 0 0
0.836667 0 0 0 0
0.843333 0 0 0 0
0.85 0 0 0 0
0.856667 0 0 0 0
0.863333 0 0 0 0
0.87 0 0 0 0
0.876667 0 0 0 0
0.883333 0 0 0 0
0.89 0 0 0 0
0.896667 0 0 0 0
0.903333 0 0 0 0
0.91 0 0 0 0
0.916667 0 0 0 0
0.923333 0 0 0 0
0.93 0 0 0 0
0.936667 0 0 0 0
0.943333 0 0 0 0
0.95 0 0 0 0
0.956667 0 0 0 0
0.963333 0 0 0 0
0.97 0 0 0 0
0.976667 0 0 0 0
0.983333 0 0 0 0
0.99 0 0 0 0
0.996667 0 0 0 0
1.00333 0 0 0 0
1.01 0 0 0 0
1.01667 0 0 0 0
1.02333 0 0 0 0
1.03 0 0 0 0
1.03667 0 0 0 0
1.04333 0 0 0 0
1.05 0 0 0 0
1.05667 0 0 0 0
1.06333 0 0 0 0
1.07 0 0 0 0
1.07667 0 0 0 0
1.08333 0 0 0 0
1.09 0 0 0 0
1.09667 0 0 0 0
1.10333 0 0 0 0
1.11 0 0 0 0
1.11667 0 0 0 0
1.12333 0 0 0 0
1.13 0 0 0 0
1.13667 0 0 0 0
1.14333 0 0 0 0
1.15 0 0 0 0
1.15667 0 0 0 0
1.16333 0 0 0 0
1.17 0 0 0 0
1.17667 0 0 0 0
1.18333 0 0 0 0
1.19 0 0 0 0
1.19667 0 0 0 0
1.20333 0 0 0 0
1.21 0 0 0 0
1.21667 0 0 0 0
1.22333 0 0 0 0
1.23 0 0 0 0
1.23667 0 0 0 0
1.24333 0 0 0 0
1.25 0 0 0 0
1.25667 0 0 0 0
1.26333 0 0 0 0
1.27 0 0 0 0
1.27667 0 0 0 0
1.28333 0 0 0 0
1.29 0 0 0 0
1.29667 0 0 0 0
1.30333 0 0 0 0
1.31 0 0 0 0
1.31667 0 0 0 0
1.32333 0 0 0 0
1.33 0 0 0 0
1.33667 0 0 0 0
1.34333 0 0 0 0
1.35 0 0 0 0
1.35667 0 0 0 0
1.36333 0 0 0 0
1.37 0 0 0 0
1.37667 0 0 0 0
1.38333 0 0 0 0
1.39 0 0 0 0
1.39667 0 0 0 0
1.40333 0 0 0 0
1.41 0 0 0 0
1.41667 0 0 0 0
1.42333 0 0 0 0
1.43 0 0 0 0
1.43667 0 0 0 0
1.44333 0 0 0 0
1.45 0 0 0 0
1.45667 0 0 0 0
1.46333 0 0 0 0
1.47 0 0 0 0
1.47667 0 0 0 0
1.48333 0 0 0 0
1.49 0 0 0 0
1.49667 0 0 0 0
1.50333 0 0 0 0
1.51 0 0 0 0
1.51667 0 0 0 0
1.52333 0 0 0 0
1.53 0 0 0 0
1.53667 0 0 0 0
1.54333 0 0 0 0
1.55 0 0 0 0
1.55667 0 0 0 0
1.56333 0 0 0 0
1.57 0 0 0 0
1.57667 0 0 0 0
1.58333 0 0 0 0
1.59 0 0 0 0
1.59667 0 0 0 0
1.60333 0 0 0 0
1.61 0 0 0 0
1.61667 0 0 0 0
1.62333 0 0 0 0
1.63 0 0 0 0
1.63667 0 0 0 0
1.64333 0 0 0 0
1.65 0 0 0 0
1.65667 0 0 0 0
1.66333 0 0 0 0
1.67 0 0 0 0
1.67667 0 0 0 0
1.68333 0 0 0 0
1.69 0 0 0 0
1.69667 0 0 0 0
1.70333 0 0 0 0
1.71 0 0 0 0
1.71667 0 0 0 0
1.72333 0 0 0 0
1.73 0 0 0 0
1.73667 0 0 0 0
1.74333 0 0 0 0
1.75 0 0 0 0
1.75667 0 0 0 0
1.76333 0 0 0 0
1.77 0 0 0 0
1.77667 0 0 0 0
1.78333 0 0 0 0
1.79 0 0 0 0
1.79667 0 0 0 0
1.80333 0 0 0 0
1.81 0 0 0 0
1.81667 0 0 0 0
1.82333 0 0 0 0
1.83 0 0 0 0
1.83667 0 0 0 0
1.84333 0 0 0 0
1.85 0 0 0 0
1.85667 0 0 0 0
1.86333 0 0 0 0
1.87 0 0 0 0
1.87667 0 0 0 0
1.88333 0 0 0 0
1.89 0 0 0 0
1.89667 0 0 0 0
1.90333 0 0 0 0
1.91 0 0 0 0
1.91667 0 0 0 0
1.92333 0 0 0 0
1.93 0 0 0 0
1.93667 0 0 0 0
1.94333 0 0 0 0
1.95 0 0 0 0
1.95667 0 0 0 0
1.96333 0 0 0 0
1.97 0 0 0 0
1.97667 0 0 0 0
1.98333 0 0 0 0
1.99 0 0 0 0
1.99667 0 0 0 0
