0.00333333 75 34 1 4
0.01 92 43 3 5
0.0166667 88 47 4 3
0.0233333 91 42 4 4
0.03 91 49 7 6
0.0366667 97 82 6 4
0.0433333 118 70 2 3
0.05 138 91 8 6
0.0566667 142 146 10 9
0.0633333 199 153 11 4
0.07 166 148 14 8
0.0766667 200 147 6 6
0.0833333 185 147 10 3
0.09 254 165 10 4
0.0966667 196 138 12 13
0.103333 205 133 17 12
0.11 210 152 10 7
0.116667 217 141 8 6
0.123333 233 147 7 6
0.13 225 167 9 9
0.136667 216 135 8 7
0.143333 241 132 11 7
0.15 219 117 8 4
0.156667 235 125 6 4
0.163333 180 109 7 13
0.17 228 116 5 5
0.176667 228 120 9 5
0.183333 255 111 5 6
0.19 292 99 6 18
0.196667 258 100 3 11
0.203333 247 103 9 11
0.21 221 97 5 10
0.216667 194 104 4 7
0.223333 215 93 10 4
0.23 185 100 8 9
0.236667 187 93 6 7
0.243333 174 87 7 6
0.25 176 80 4 3
0.256667 149 76 0 7
0.263333 154 70 6 6
0.27 141 68 6 3
0.276667 137 79 7 8
0.283333 120 54 3 9
0.29 116 61 3 6
0.296667 144 67 2 3
0.303333 119 63 2 3
0.31 128 64 3 4
0.316667 117 52 3 3
0.323333 112 40 5 6
0.33 115 59 5 2
0.336667 100 50 7 2
0.343333 98 55 3 7
0.35 94 45 4 3
0.356667 89 46 3 4
0.363333 102 38 1 3
0.37 86 51 8 6
0.376667 94 53 4 3
0.383333 102 52 4 5
0.39 82 52 3 5
0.396667 73 42 1 3
0.403333 78 43 2 5
0.41 100 48 1 4
0.416667 110 38 4 4
0.423333 80 51 8 1
0.43 95 52 1 8
0.436667 84 42 2 5
0.443333 89 45 2 4
0.45 98 47 7 3
0.456667 77 34 4 3
0.463333 95 45 5 3
0.47 93 39 4 5
0.476667 65 40 3 2
0.483333 48 34 3 2
0.49 45 31 3 5
0.496667 47 30 3 4
0.503333 45 39 2 3
0.51 35 28 2 4
0.516667 34 20 1 4
0.523333 35 28 5 0
0.53 44 26 2 1
0.536667 37 30 1 4
0.543333 37 24 1 3
0.55 29 24 2 1
0.556667 27 21 1 5
0.563333 23 25 1 2
0.57 29 24 2 2
0.576667 26 30 0 2
0.583333 33 26 1 5
0.59 29 17 3 3
0.596667 34 20 4 3
0.603333 22 25 1 1
0.61 35 23 2 6
0.616667 22 20 1 1
0.623333 38 16 1 1
0.63 32 25 0 2
0.636667 36 18 3 3
0.643333 18 12 1 3
0.65 22 18 3 3
0.656667 26 20 2 3
0.663333 3899 1055 36 157
0.67 0 0 0 0
0.676667 0 0 0 0
0.683333 0 0 0 0
0.69 0 0 0 0
0.696667 0 0 0 0
0.703333 0 0 0 0
0.71 0 0 0 0
0.716667 0 0 0 0
0.723333 0 0 0 0
0.73 0 0 0 0
0.736667 0 0 0 0
0.743333 0 0 0 0
0.75 0 0 0 0
0.756667 0 0 0 0
0.763333 0 0 0 0
0.77 0 0 0 0
0.776667 0 0 0 0
0.783333 0 0 0 0
0.79 0 0 0 0
0.796667 0 0 0 0
0.803333 0 0 0 0
0.81 0 0 0 0
0.816667 0 0 0 0
0.823333 0 0 0 0
0.83 0 0 0 0
0.836667 0 0 0 0
0.843333 0 0 0 0
0.85 0 0 0 0
0.856667 0 0 0 0
0.863333 0 0 0 0
0.87 0 0 0 0
0.876667 0 0 0 0
0.883333 0 0 0 0
0.89 0 0 0 0
0.896667 0 0 0 0
0.903333 0 0 0 0
0.91 0 0 0 0
0.916667 0 0 0 0
0.923333 0 0 0 0
0.93 0 0 0 0
0.936667 0 0 0 0
0.943333 0 0 0 0
0.95 0 0 0 0
0.956667 0 0 0 0
0.963333 0 0 0 0
0.97 0 0 0 0
0.976667 0 0 0 0
0.983333 0 0 0 0
0.99 0 0 0 0
0.996667 0 0 0 0
1.00333 0 0 0 0
1.01 0 0 0 0
1.01667 0 0 0 0
1.02333 0 0 0 0
1.03 0 0 0 0
1.03667 0 0 0 0
1.04333 0 0 0 0
1.05 0 0 0 0
1.05667 0 0 0 0
1.06333 0 0 0 0
1.07 0 0 0 0
1.07667 0 0 0 0
1.08333 0 0 0 0
1.09 0 0 0 0
1.09667 0 0 0 0
1.10333 0 0 0 0
1.11 0 0 0 0
1.11667 0 0 0 0
1.12333 0 0 0 0
1.13 0 0 0 0
1.13667 0 0 0 0
1.14333 0 0 0 0
1.15 0 0 0 0
1.15667 0 0 0 0
1.16333 0 0 0 0
1.17 0 0 0 0
1.17667 0 0 0 0
1.18333 0 0 0 0
1.19 0 0 0 0
1.19667 0 0 0 0
1.20333 0 0 0 0
1.21 0 0 0 0
1.21667 0 0 0 0
1.22333 0 0 0 0
1.23 0 0 0 0
1.23667 0 0 0 0
1.24333 0 0 0 0
1.25 0 0 0 0
1.25667 0 0 0 0
1.26333 0 0 0 0
1.27 0 0 0 0
1.27667 0 0 0 0
1.28333 0 0 0 0
1.29 0 0 0 0
1.29667 0 0 0 0
1.30333 0 0 0 0
1.31 0 0 0 0
1.31667 0 0 0 0
1.32333 0 0 0 0
1.33 0 0 0 0
1.33667 0 0 0 0
1.34333 0 0 0 0
1.35 0 0 0 0
1.35667 0 0 0 0
1.36333 0 0 0 0
1.37 0 0 0 0
1.37667 0 0 0 0
1.38333 0 0 0 0
1.39 0 0 0 0
1.39667 0 0 0 0
1.40333 0 0 0 0
1.41 0 0 0 0
1.41667 0 0 0 0
1.42333 0 0 0 0
1.43 0 0 0 0
1.43667 0 0 0 0
1.44333 0 0 0 0
1.45 0 0 0 0
1.45667 0 0 0 0
1.46333 0 0 0 0
1.47 0 0 0 0
1.47667 0 0 0 0
1.48333 0 0 0 0
1.49 0 0 0 0
1.49667 0 0 0 0
1.50333 0 0 0 0
1.51 0 0 0 0
1.51667 0 0 0 0
1.52333 0 0 0 0
1.53 0 0 0 0
1.53667 0 0 0 0
1.54333 0 0 0 0
1.55 0 0 0 0
1.55667 0 0 0 0
1.56333 0 0 0 0
1.57 0 0 0 0
1.57667 0 0 0 0
1.58333 0 0 0 0
1.59 0 0 0 0
1.59667 0 0 0 0
1.60333 0 0 0 0
1.61 0 0 0 0
1.61667 0 0 0 0
1.62333 0 0 0 0
1.63 0 0 0 0
1.63667 0 0 0 0
1.64333 0 0 0 0
1.65 0 0 0 0
1.65667 0 0 0 0
1.66333 0 0 0 0
1.67 0 0 0 0
1.67667 0 0 0 0
1.68333 0 0 0 0
1.69 0 0 0 0
1.69667 0 0 0 0
1.70333 0 0 0 0
1.71 0 0 0 0
1.71667 0 0 0 0
1.72333 0 0 0 0
1.73 0 0 0 0
1.73667 0 0 0 0
1.74333 0 0 0 0
1.75 0 0 0 0
1.75667 0 0 0 0
1.76333 0 0 0 0
1.77 0 0 0 0
1.77667 0 0 0 0
1.78333 0 0 0 0
1.79 0 0 0 0
1.79667 0 0 0 0
1.80333 0 0 0 0
1.81 0 0 0 0
1.81667 0 0 0 0
1.82333 0 0 0 0
1.83 0 0 0 0
1.83667 0 0 0 0
1.84333 0 0 0 0
1.85 0 0 0 0
1.85667 0 0 0 0
1.86333 0 0 0 0
1.87 0 0 0 0
1.87667 0 0 0 0
1.88333 0 0 0 0
1.89 0 0 0 0
1.89667 0 0 0 0
1.90333 0 0 0 0
1.91 0 0 0 0
1.91667 0 0 0 0
1.92333 0 0 0 0
1.93 0 0 0 0
1.93667 0 0 0 0
1.94333 0 0 0 0
1.95 0 0 0 0
1.95667 0 0 0 0
1.96333 0 0 0 0
1.97 0 0 0 0
1.97667 0 0 0 0
1.98333 0 0 0 0
1.99 0 0 0 0
1.99667 0 0 0 0
