0.00333333 1 17 55 13
0.01 3 34 74 10
0.0166667 4 23 77 14
0.0233333 6 16 78 18
0.03 3 27 89 16
0.0366667 7 28 105 17
0.0433333 4 34 115 30
0.05 11 39 170 30
0.0566667 13 59 179 41
0.0633333 15 55 205 42
0.07 11 69 216 46
0.0766667 15 68 217 56
0.0833333 16 67 233 54
0.09 7 65 232 52
0.0966667 14 60 213 53
0.103333 16 74 217 43
0.11 11 64 237 39
0.116667 16 58 249 39
0.123333 16 61 201 43
0.13 14 50 239 28
0.136667 12 51 200 45
0.143333 25 51 199 29
0.15 7 47 203 32
0.156667 10 56 186 28
0.163333 9 56 188 28
0.17 15 46 171 26
0.176667 9 40 197 33
0.183333 5 60 140 32
0.19 9 56 186 28
0.196667 7 55 188 27
0.203333 3 54 205 23
0.21 5 37 165 14
0.216667 10 39 182 30
0.223333 8 40 141 21
0.23 7 39 146 28
0.236667 7 38 124 23
0.243333 5 43 107 25
0.25 9 38 127 23
0.256667 5 29 104 16
0.263333 5 36 120 19
0.27 8 24 112 19
0.276667 2 39 101 24
0.283333 2 22 92 20
0.29 5 31 95 13
0.296667 1 24 101 22
0.303333 5 21 92 21
0.31 2 23 94 13
0.316667 6 28 88 8
0.323333 3 29 85 14
0.33 5 15 84 17
0.336667 6 31 89 17
0.343333 5 23 76 18
0.35 3 15 80 12
0.356667 9 24 73 20
0.363333 4 22 70 20
0.37 5 26 62 13
0.376667 6 31 69 16
0.383333 6 19 58 15
0.39 9 18 57 11
0.396667 12 11 81 14
0.403333 3 18 61 9
0.41 4 16 64 9
0.416667 6 17 66 11
0.423333 7 16 61 10
0.43 2 17 59 12
0.436667 5 14 71 12
0.443333 5 20 53 11
0.45 5 14 52 11
0.456667 3 16 55 10
0.463333 3 19 49 8
0.47 4 16 52 6
0.476667 5 14 40 13
0.483333 6 13 37 6
0.49 3 5 34 10
0.496667 4 14 49 12
0.503333 6 11 33 9
0.51 1 14 40 4
0.516667 1 12 39 5
0.523333 4 11 32 8
0.53 5 8 28 9
0.536667 1 5 26 6
0.543333 4 6 34 7
0.55 1 12 39 6
0.556667 3 13 29 4
0.563333 5 9 22 7
0.57 0 10 31 3
0.576667 6 13 26 8
0.583333 3 7 28 6
0.59 2 10 27 9
0.596667 3 7 27 8
0.603333 3 11 33 3
0.61 2 5 27 5
0.616667 2 8 27 8
0.623333 0 13 27 7
0.63 3 7 28 2
0.636667 2 14 28 4
0.643333 2 6 22 8
0.65 3 7 23 5
0.656667 0 1 23 7
0.663333 54 313 1807 193
0.67 0 0 0 0
0.676667 0 0 0 0
0.683333 0 0 0 0
0.69 0 0 0 0
0.696667 0 0 0 0
0.703333 0 0 0 0
0.71 0 0 0 0
0.716667 0 0 0 0
0.723333 0 0 0 0
0.73 0 0 0 0
0.736667 0 0 0 0
0.743333 0 0 0 0
0.75 0 0 0 0
0.756667 0 0 0 0
0.763333 0 0 0 0
0.77 0 0 0 0
0.776667 0 0 0 0
0.783333 0 0 0 0
0.79 0 0 0 0
0.796667 0 0 0 0
0.803333 0 0 0 0
0.81 0 0 0 0
0.816667 0 0 0 0
0.823333 0 0 0 0
0.83 0 0 0 0
0.836667 0 0 0 0
0.843333 0 0 0 0
0.85 0 0 0 0
0.856667 0 0 0 0
0.863333 0 0 0 0
0.87 0 0 0 0
0.876667 0 0 0 0
0.883333 0 0 0 0
0.89 0 0 0 0
0.896667 0 0 0 0
0.903333 0 0 0 0
0.91 0 0 0 0
0.916667 0 0 0 0
0.923333 0 0 0 0
0.93 0 0 0 0
0.936667 0 0 0 0
0.943333 0 0 0 0
0.95 0 0 0 0
0.956667 0 0 0 0
0.963333 0 0 0 0
0.97 0 0 0 0
0.976667 0 0 0 0
0.983333 0 0 0 0
0.99 0 0 0 0
0.996667 0 0 0 0
1.00333 0 0 0 0
1.01 0 0 0 0
1.01667 0 0 0 0
1.02333 0 0 0 0
1.03 0 0 0 0
1.03667 0 0 0 0
1.04333 0 0 0 0
1.05 0 0 0 0
1.05667 0 0 0 0
1.06333 0 0 0 0
1.07 0 0 0 0
1.07667 0 0 0 0
1.08333 0 0 0 0
1.09 0 0 0 0
1.09667 0 0 0 0
1.10333 0 0 0 0
1.11 0 0 0 0
1.11667 0 0 0 0
1.12333 0 0 0 0
1.13 0 0 0 0
1.13667 0 0 0 0
1.14333 0 0 0 0
1.15 0 0 0 0
1.15667 0 0 0 0
1.16333 0 0 0 0
1.17 0 0 0 0
1.17667 0 0 0 0
1.18333 0 0 0 0
1.19 0 0 0 0
1.19667 0 0 0 0
1.20333 0 0 0 0
1.21 0 0 0 0
1.21667 0 0 0 0
1.22333 0 0 0 0
1.23 0 0 0 0
1.23667 0 0 0 0
1.24333 0 0 0 0
1.25 0 0 0 0
1.25667 0 0 0 0
1.26333 0 0 0 0
1.27 0 0 0 0
1.27667 0 0 0 0
1.28333 0 0 0 0
1.29 0 0 0 0
1.29667 0 0 0 0
1.30333 0 0 0 0
1.31 0 0 0 0
1.31667 0 0 0 0
1.32333 0 0 0 0
1.33 0 0 0 0
1.33667 0 0 0 0
1.34333 0 0 0 0
1.35 0 0 0 0
1.35667 0 0 0 0
1.36333 0 0 0 0
1.37 0 0 0 0
1.37667 0 0 0 0
1.38333 0 0 0 0
1.39 0 0 0 0
1.39667 0 0 0 0
1.40333 0 0 0 0
1.41 0 0 0 0
1.41667 0 0 0 0
1.42333 0 0 0 0
1.43 0 0 0 0
1.43667 0 0 0 0
1.44333 0 0 0 0
1.45 0 0 0 0
1.45667 0 0 0 0
1.46333 0 0 0 0
1.47 0 0 0 0
1.47667 0 0 0 0
1.48333 0 0 0 0
1.49 0 0 0 0
1.49667 0 0 0 0
1.50333 0 0 0 0
1.51 0 0 0 0
1.51667 0 0 0 0
1.52333 0 0 0 0
1.53 0 0 0 0
1.53667 0 0 0 0
1.54333 0 0 0 0
1.55 0 0 0 0
1.55667 0 0 0 0
1.56333 0 0 0 0
1.57 0 0 0 0
1.57667 0 0 0 0
1.58333 0 0 0 0
1.59 0 0 0 0
1.59667 0 0 0 0
1.60333 0 0 0 0
1.61 0 0 0 0
1.61667 0 0 0 0
1.62333 0 0 0 0
1.63 0 0 0 0
1.63667 0 0 0 0
1.64333 0 0 0 0
1.65 0 0 0 0
1.65667 0 0 0 0
1.66333 0 0 0 0
1.67 0 0 0 0
1.67667 0 0 0 0
1.68333 0 0 0 0
1.69 0 0 0 0
1.69667 0 0 0 0
1.70333 0 0 0 0
1.71 0 0 0 0
1.71667 0 0 0 0
1.72333 0 0 0 0
1.73 0 0 0 0
1.73667 0 0 0 0
1.74333 0 0 0 0
1.75 0 0 0 0
1.75667 0 0 0 0
1.76333 0 0 0 0
1.77 0 0 0 0
1.77667 0 0 0 0
1.78333 0 0 0 0
1.79 0 0 0 0
1.79667 0 0 0 0
1.80333 0 0 0 0
1.81 0 0 0 0
1.81667 0 0 0 0
1.82333 0 0 0 0
1.83 0 0 0 0
1.83667 0 0 0 0
1.84333 0 0 0 0
1.85 0 0 0 0
1.85667 0 0 0 0
1.86333 0 0 0 0
1.87 0 0 0 0
1.87667 0 0 0 0
1.88333 0 0 0 0
1.89 0 0 0 0
1.89667 0 0 0 0
1.90333 0 0 0 0
1.91 0 0 0 0
1.91667 0 0 0 0
1.92333 0 0 0 0
1.93 0 0 0 0
1.93667 0 0 0 0
1.94333 0 0 0 0
1.95 0 0 0 0
1.95667 0 0 0 0
1.96333 0 0 0 0
1.97 0 0 0 0
1.97667 0 0 0 0
1.98333 0 0 0 0
1.99 0 0 0 0
1.99667 0 0 0 0
