0.00333333 97 9 3 2
0.01 90 16 1 1
0.0166667 119 20 4 2
0.0233333 99 14 1 5
0.03 107 21 4 0
0.0366667 143 34 4 3
0.0433333 137 37 4 3
0.05 151 57 6 4
0.0566667 182 64 3 1
0.0633333 226 59 6 4
0.07 202 74 5 1
0.0766667 248 57 4 4
0.0833333 251 56 3 5
0.09 269 73 4 1
0.0966667 238 81 4 1
0.103333 256 54 3 2
0.11 270 70 6 2
0.116667 290 81 7 4
0.123333 278 62 7 3
0.13 259 73 4 3
0.136667 268 47 0 1
0.143333 234 45 4 3
0.15 255 42 6 2
0.156667 247 40 3 4
0.163333 236 35 1 2
0.17 234 36 2 3
0.176667 211 45 2 3
0.183333 236 58 3 1
0.19 292 40 3 3
0.196667 276 44 3 5
0.203333 237 43 3 6
0.21 235 48 3 3
0.216667 231 37 6 5
0.223333 231 40 4 4
0.23 199 27 3 3
0.236667 211 29 6 2
0.243333 215 35 1 2
0.25 200 28 3 6
0.256667 178 26 3 3
0.263333 177 28 1 0
0.27 183 22 5 2
0.276667 157 37 3 1
0.283333 165 26 4 1
0.29 161 25 2 2
0.296667 170 30 0 3
0.303333 131 37 0 3
0.31 146 30 3 1
0.316667 130 27 1 3
0.323333 143 21 3 3
0.33 147 18 1 2
0.336667 149 30 2 2
0.343333 138 24 0 0
0.35 125 22 1 1
0.356667 148 23 4 5
0.363333 119 28 2 0
0.37 135 16 2 1
0.376667 122 15 1 1
0.383333 134 14 2 1
0.39 106 14 0 5
0.396667 126 23 0 2
0.403333 120 18 3 1
0.41 101 23 1 3
0.416667 93 20 3 2
0.423333 113 20 0 1
0.43 104 12 1 1
0.436667 131 8 1 3
0.443333 128 18 0 3
0.45 105 19 1 3
0.456667 126 13 0 0
0.463333 108 28 0 2
0.47 105 23 3 1
0.476667 102 19 0 1
0.483333 54 14 0 0
0.49 54 7 1 1
0.496667 60 15 1 1
0.503333 47 8 0 0
0.51 49 10 0 3
0.516667 45 12 0 2
0.523333 41 13 1 1
0.53 44 18 1 1
0.536667 42 14 1 3
0.543333 46 7 3 0
0.55 60 15 1 2
0.556667 40 5 1 2
0.563333 43 15 0 0
0.57 51 11 0 0
0.576667 36 12 1 0
0.583333 49 16 1 0
0.59 39 6 0 3
0.596667 31 9 2 0
0.603333 47 6 2 1
0.61 41 11 0 1
0.616667 32 8 0 2
0.623333 34 8 1 1
0.63 44 4 2 0
0.636667 42 10 3 3
0.643333 42 9 1 1
0.65 38 10 0 0
0.656667 29 9 1 0
0.663333 4040 345 21 48
0.67 0 0 0 0
0.676667 0 0 0 0
0.683333 0 0 0 0
0.69 0 0 0 0
0.696667 0 0 0 0
0.703333 0 0 0 0
0.71 0 0 0 0
0.716667 0 0 0 0
0.723333 0 0 0 0
0.73 0 0 0 0
0.736667 0 0 0 0
0.743333 0 0 0 0
0.75 0 0 0 0
0.756667 0 0 0 0
0.763333 0 0 0 0
0.77 0 0 0 0
0.776667 0 0 0 0
0.783333 0 0 0 0
0.79 0 0 0 0
0.796667 0 0 0 0
0.803333 0 0 0 0
0.81 0 0 0 0
0.816667 0 0 0 0
0.823333 0 0 0 0
0.83 0 0 0 0
0.836667 0 0 0 0
0.843333 0 0 0 0
0.85 0 0 0 0
0.856667 0 0 0 0
0.863333 0 0 0 0
0.87 0 0 0 0
0.876667 0 0 0 0
0.883333 0 0 0 0
0.89 0 0 0 0
0.896667 0 0 0 0
0.903333 0 0 0 0
0.91 0 0 0 0
0.916667 0 0 0 0
0.923333 0 0 0 0
0.93 0 0 0 0
0.936667 0 0 0 0
0.943333 0 0 0 0
0.95 0 0 0 0
0.956667 0 0 0 0
0.963333 0 0 0 0
0.97 0 0 0 0
0.976667 0 0 0 0
0.983333 0 0 0 0
0.99 0 0 0 0
0.996667 0 0 0 0
1.00333 0 0 0 0
1.01 0 0 0 0
1.01667 0 0 0 0
1.02333 0 0 0 0
1.03 0 0 0 0
1.03667 0 0 0 0
1.04333 0 0 0 0
1.05 0 0 0 0
1.05667 0 0 0 0
1.06333 0 0 0 0
1.07 0 0 0 0
1.07667 0 0 0 0
1.08333 0 0 0 0
1.09 0 0 0 0
1.09667 0 0 0 0
1.10333 0 0 0 0
1.11 0 0 0 0
1.11667 0 0 0 0
1.12333 0 0 0 0
1.13 0 0 0 0
1.13667 0 0 0 0
1.14333 0 0 0 0
1.15 0 0 0 0
1.15667 0 0 0 0
1.16333 0 0 0 0
1.17 0 0 0 0
1.17667 0 0 0 0
1.18333 0 0 0 0
1.19 0 0 0 0
1.19667 0 0 0 0
1.20333 0 0 0 0
1.21 0 0 0 0
1.21667 0 0 0 0
1.22333 0 0 0 0
1.23 0 0 0 0
1.23667 0 0 0 0
1.24333 0 0 0 0
1.25 0 0 0 0
1.25667 0 0 0 0
1.26333 0 0 0 0
1.27 0 0 0 0
1.27667 0 0 0 0
1.28333 0 0 0 0
1.29 0 0 0 0
1.29667 0 0 0 0
1.30333 0 0 0 0
1.31 0 0 0 0
1.31667 0 0 0 0
1.32333 0 0 0 0
1.33 0 0 0 0
1.33667 0 0 0 0
1.34333 0 0 0 0
1.35 0 0 0 0
1.35667 0 0 0 0
1.36333 0 0 0 0
1.37 0 0 0 0
1.37667 0 0 0 0
1.38333 0 0 0 0
1.39 0 0 0 0
1.39667 0 0 0 0
1.40333 0 0 0 0
1.41 0 0 0 0
1.41667 0 0 0 0
1.42333 0 0 0 0
1.43 0 0 0 0
1.43667 0 0 0 0
1.44333 0 0 0 0
1.45 0 0 0 0
1.45667 0 0 0 0
1.46333 0 0 0 0
1.47 0 0 0 0
1.47667 0 0 0 0
1.48333 0 0 0 0
1.49 0 0 0 0
1.49667 0 0 0 0
1.50333 0 0 0 0
1.51 0 0 0 0
1.51667 0 0 0 0
1.52333 0 0 0 0
1.53 0 0 0 0
1.53667 0 0 0 0
1.54333 0 0 0 0
1.55 0 0 0 0
1.55667 0 0 0 0
1.56333 0 0 0 0
1.57 0 0 0 0
1.57667 0 0 0 0
1.58333 0 0 0 0
1.59 0 0 0 0
1.59667 0 0 0 0
1.60333 0 0 0 0
1.61 0 0 0 0
1.61667 0 0 0 0
1.62333 0 0 0 0
1.63 0 0 0 0
1.63667 0 0 0 0
1.64333 0 0 0 0
1.65 0 0 0 0
1.65667 0 0 0 0
1.66333 0 0 0 0
1.67 0 0 0 0
1.67667 0 0 0 0
1.68333 0 0 0 0
1.69 0 0 0 0
1.69667 0 0 0 0
1.70333 0 0 0 0
1.71 0 0 0 0
1.71667 0 0 0 0
1.72333 0 0 0 0
1.73 0 0 0 0
1.73667 0 0 0 0
1.74333 0 0 0 0
1.75 0 0 0 0
1.75667 0 0 0 0
1.76333 0 0 0 0
1.77 0 0 0 0
1.77667 0 0 0 0
1.78333 0 0 0 0
1.79 0 0 0 0
1.79667 0 0 0 0
1.80333 0 0 0 0
1.81 0 0 0 0
1.81667 0 0 0 0
1.82333 0 0 0 0
1.83 0 0 0 0
1.83667 0 0 0 0
1.84333 0 0 0 0
1.85 0 0 0 0
1.85667 0 0 0 0
1.86333 0 0 0 0
1.87 0 0 0 0
1.87667 0 0 0 0
1.88333 0 0 0 0
1.89 0 0 0 0
1.89667 0 0 0 0
1.90333 0 0 0 0
1.91 0 0 0 0
1.91667 0 0 0 0
1.92333 0 0 0 0
1.93 0 0 0 0
1.93667 0 0 0 0
1.94333 0 0 0 0
1.95 0 0 0 0
1.95667 0 0 0 0
1.96333 0 0 0 0
1.97 0 0 0 0
1.97667 0 0 0 0
1.98333 0 0 0 0
1.99 0 0 0 0
1.99667 0 0 0 0
