0.00333333 6 11 35 10
0.01 9 17 46 21
0.0166667 6 23 54 14
0.0233333 11 21 67 21
0.03 3 26 52 18
0.0366667 9 31 71 31
0.0433333 11 34 96 38
0.05 8 29 108 40
0.0566667 20 62 128 43
0.0633333 20 56 159 61
0.07 15 80 191 63
0.0766667 24 72 172 48
0.0833333 17 67 167 65
0.09 16 56 163 59
0.0966667 11 68 164 65
0.103333 12 73 141 64
0.11 18 62 156 57
0.116667 12 65 175 65
0.123333 18 53 154 59
0.13 23 43 130 51
0.136667 11 53 130 68
0.143333 17 55 137 36
0.15 14 61 145 53
0.156667 19 55 114 42
0.163333 12 47 126 53
0.17 9 49 118 57
0.176667 15 49 128 53
0.183333 14 53 107 40
0.19 14 65 120 50
0.196667 11 52 115 50
0.203333 14 52 98 41
0.21 8 40 97 32
0.216667 7 40 97 42
0.223333 6 36 82 43
0.23 9 41 101 32
0.236667 12 29 107 36
0.243333 13 42 86 32
0.25 12 27 71 34
0.256667 11 36 64 29
0.263333 8 26 68 38
0.27 2 40 70 30
0.276667 10 31 71 19
0.283333 8 27 58 26
0.29 6 29 64 13
0.296667 7 30 75 27
0.303333 11 24 59 28
0.31 6 24 41 29
0.316667 5 22 68 23
0.323333 11 27 61 23
0.33 3 28 48 22
0.336667 8 25 53 21
0.343333 9 24 49 21
0.35 9 19 53 19
0.356667 8 17 53 27
0.363333 4 18 35 17
0.37 7 30 43 20
0.376667 2 25 48 22
0.383333 5 26 46 20
0.39 3 21 52 11
0.396667 5 14 59 21
0.403333 3 17 37 20
0.41 3 17 50 12
0.416667 7 20 49 20
0.423333 4 17 40 18
0.43 3 14 40 19
0.436667 6 18 40 15
0.443333 4 11 33 25
0.45 5 26 44 10
0.456667 6 9 29 18
0.463333 9 20 35 16
0.47 8 14 44 19
0.476667 1 14 31 16
0.483333 6 7 36 12
0.49 2 19 30 6
0.496667 3 14 22 5
0.503333 5 15 27 7
0.51 2 11 32 12
0.516667 2 13 26 10
0.523333 5 10 30 13
0.53 5 13 26 10
0.536667 4 13 22 13
0.543333 2 7 22 8
0.55 3 15 27 6
0.556667 4 12 17 10
0.563333 1 21 26 14
0.57 3 14 18 9
0.576667 7 13 35 10
0.583333 4 10 14 11
0.59 7 12 19 8
0.596667 4 10 21 10
0.603333 5 17 13 6
0.61 4 11 18 9
0.616667 2 13 26 11
0.623333 4 11 17 9
0.63 4 16 18 9
0.636667 2 12 15 11
0.643333 1 8 14 7
0.65 5 8 20 6
0.656667 4 11 18 7
0.663333 89 419 919 402
0.67 0 0 0 0
0.676667 0 0 0 0
0.683333 0 0 0 0
0.69 0 0 0 0
0.696667 0 0 0 0
0.703333 0 0 0 0
0.71 0 0 0 0
0.716667 0 0 0 0
0.723333 0 0 0 0
0.73 0 0 0 0
0.736667 0 0 0 0
0.743333 0 0 0 0
0.75 0 0 0 0
0.756667 0 0 0 0
0.763333 0 0 0 0
0.77 0 0 0 0
0.776667 0 0 0 0
0.783333 0 0 0 0
0.79 0 0 0 0
0.796667 0 0 0 0
0.803333 0 0 0 0
0.81 0 0 0 0
0.816667 0 0 0 0
0.823333 0 0 0 0
0.83 0 0 0 0
0.836667 0 0 0 0
0.843333 0 0 0 0
0.85 0 0 0 0
0.856667 0 0 0 0
0.863333 0 0 0 0
0.87 0 0 0 0
0.876667 0 0 0 0
0.883333 0 0 0 0
0.89 0 0 0 0
0.896667 0 0 0 0
0.903333 0 0 0 0
0.91 0 0 0 0
0.916667 0 0 0 0
0.923333 0 0 0 0
0.93 0 0 0 0
0.936667 0 0 0 0
0.943333 0 0 0 0
0.95 0 0 0 0
0.956667 0 0 0 0
0.963333 0 0 0 0
0.97 0 0 0 0
0.976667 0 0 0 0
0.983333 0 0 0 0
0.99 0 0 0 0
0.996667 0 0 0 0
1.00333 0 0 0 0
1.01 0 0 0 0
1.01667 0 0 0 0
1.02333 0 0 0 0
1.03 0 0 0 0
1.03667 0 0 0 0
1.04333 0 0 0 0
1.05 0 0 0 0
1.05667 0 0 0 0
1.06333 0 0 0 0
1.07 0 0 0 0
1.07667 0 0 0 0
1.08333 0 0 0 0
1.09 0 0 0 0
1.09667 0 0 0 0
1.10333 0 0 0 0
1.11 0 0 0 0
1.11667 0 0 0 0
1.12333 0 0 0 0
1.13 0 0 0 0
1.13667 0 0 0 0
1.14333 0 0 0 0
1.15 0 0 0 0
1.15667 0 0 0 0
1.16333 0 0 0 0
1.17 0 0 0 0
1.17667 0 0 0 0
1.18333 0 0 0 0
1.19 0 0 0 0
1.19667 0 0 0 0
1.20333 0 0 0 0
1.21 0 0 0 0
1.21667 0 0 0 0
1.22333 0 0 0 0
1.23 0 0 0 0
1.23667 0 0 0 0
1.24333 0 0 0 0
1.25 0 0 0 0
1.25667 0 0 0 0
1.26333 0 0 0 0
1.27 0 0 0 0
1.27667 0 0 0 0
1.28333 0 0 0 0
1.29 0 0 0 0
1.29667 0 0 0 0
1.30333 0 0 0 0
1.31 0 0 0 0
1.31667 0 0 0 0
1.32333 0 0 0 0
1.33 0 0 0 0
1.33667 0 0 0 0
1.34333 0 0 0 0
1.35 0 0 0 0
1.35667 0 0 0 0
1.36333 0 0 0 0
1.37 0 0 0 0
1.37667 0 0 0 0
1.38333 0 0 0 0
1.39 0 0 0 0
1.39667 0 0 0 0
1.40333 0 0 0 0
1.41 0 0 0 0
1.41667 0 0 0 0
1.42333 0 0 0 0
1.43 0 0 0 0
1.43667 0 0 0 0
1.44333 0 0 0 0
1.45 0 0 0 0
1.45667 0 0 0 0
1.46333 0 0 0 0
1.47 0 0 0 0
1.47667 0 0 0 0
1.48333 0 0 0 0
1.49 0 0 0 0
1.49667 0 0 0 0
1.50333 0 0 0 0
1.51 0 0 0 0
1.51667 0 0 0 0
1.52333 0 0 0 0
1.53 0 0 0 0
1.53667 0 0 0 0
1.54333 0 0 0 0
1.55 0 0 0 0
1.55667 0 0 0 0
1.56333 0 0 0 0
1.57 0 0 0 0
1.57667 0 0 0 0
1.58333 0 0 0 0
1.59 0 0 0 0
1.59667 0 0 0 0
1.60333 0 0 0 0
1.61 0 0 0 0
1.61667 0 0 0 0
1.62333 0 0 0 0
1.63 0 0 0 0
1.63667 0 0 0 0
1.64333 0 0 0 0
1.65 0 0 0 0
1.65667 0 0 0 0
1.66333 0 0 0 0
1.67 0 0 0 0
1.67667 0 0 0 0
1.68333 0 0 0 0
1.69 0 0 0 0
1.69667 0 0 0 0
1.70333 0 0 0 0
1.71 0 0 0 0
1.71667 0 0 0 0
1.72333 0 0 0 0
1.73 0 0 0 0
1.73667 0 0 0 0
1.74333 0 0 0 0
1.75 0 0 0 0
1.75667 0 0 0 0
1.76333 0 0 0 0
1.77 0 0 0 0
1.77667 0 0 0 0
1.78333 0 0 0 0
1.79 0 0 0 0
1.79667 0 0 0 0
1.80333 0 0 0 0
1.81 0 0 0 0
1.81667 0 0 0 0
1.82333 0 0 0 0
1.83 0 0 0 0
1.83667 0 0 0 0
1.84333 0 0 0 0
1.85 0 0 0 0
1.85667 0 0 0 0
1.86333 0 0 0 0
1.87 0 0 0 0
1.87667 0 0 0 0
1.88333 0 0 0 0
1.89 0 0 0 0
1.89667 0 0 0 0
1.90333 0 0 0 0
1.91 0 0 0 0
1.91667 0 0 0 0
1.92333 0 0 0 0
1.93 0 0 0 0
1.93667 0 0 0 0
1.94333 0 0 0 0
1.95 0 0 0 0
1.95667 0 0 0 0
1.96333 0 0 0 0
1.97 0 0 0 0
1.97667 0 0 0 0
1.98333 0 0 0 0
1.99 0 0 0 0
1.99667 0 0 0 0
