0.00333333 17 94 6 4
0.01 15 102 4 4
0.0166667 24 108 14 3
0.0233333 18 119 14 8
0.03 31 113 13 7
0.0366667 26 142 17 3
0.0433333 29 174 23 3
0.05 54 191 23 13
0.0566667 42 208 22 10
0.0633333 59 223 22 10
0.07 56 243 41 8
0.0766667 56 261 27 19
0.0833333 62 259 45 11
0.09 60 271 35 15
0.0966667 53 291 37 11
0.103333 67 235 26 20
0.11 57 310 31 10
0.116667 57 305 30 13
0.123333 49 311 22 16
0.13 71 313 26 12
0.136667 55 326 38 9
0.143333 52 288 19 10
0.15 54 310 28 6
0.156667 57 273 25 6
0.163333 49 283 19 3
0.17 45 286 31 12
0.176667 38 286 29 11
0.183333 55 294 18 10
0.19 56 362 25 12
0.196667 54 358 26 13
0.203333 53 344 17 6
0.21 55 318 15 14
0.216667 31 298 19 8
0.223333 36 261 11 9
0.23 36 287 19 15
0.236667 32 257 20 11
0.243333 33 218 16 9
0.25 47 232 17 4
0.256667 34 193 19 5
0.263333 37 213 19 17
0.27 42 179 20 9
0.276667 27 194 13 8
0.283333 36 188 14 8
0.29 37 171 6 5
0.296667 36 142 8 5
0.303333 31 165 10 5
0.31 31 156 15 6
0.316667 29 162 13 6
0.323333 31 181 10 10
0.33 34 150 15 7
0.336667 18 140 8 4
0.343333 26 132 12 8
0.35 21 137 9 10
0.356667 27 120 6 4
0.363333 23 110 12 6
0.37 25 106 10 10
0.376667 23 131 10 4
0.383333 21 131 7 2
0.39 23 123 15 6
0.396667 27 129 9 8
0.403333 22 113 9 5
0.41 16 103 10 5
0.416667 26 105 6 6
0.423333 28 123 11 5
0.43 16 106 11 4
0.436667 24 122 5 7
0.443333 20 120 7 11
0.45 20 118 9 5
0.456667 24 120 6 3
0.463333 18 109 11 3
0.47 31 122 9 9
0.476667 22 103 6 8
0.483333 14 69 7 5
0.49 11 58 6 6
0.496667 19 61 5 2
0.503333 12 57 10 3
0.51 12 43 8 2
0.516667 8 49 6 3
0.523333 12 43 6 2
0.53 16 57 5 3
0.536667 13 53 4 3
0.543333 15 44 4 5
0.55 12 43 7 1
0.556667 16 38 7 5
0.563333 13 32 6 2
0.57 6 36 10 4
0.576667 12 36 5 2
0.583333 13 43 9 2
0.59 12 40 7 4
0.596667 9 31 3 6
0.603333 11 31 4 3
0.61 13 39 6 4
0.616667 11 33 4 5
0.623333 17 40 3 5
0.63 10 35 4 2
0.636667 15 51 6 2
0.643333 7 29 5 2
0.65 12 39 6 5
0.656667 8 32 6 5
0.663333 605 5101 152 128
0.67 0 0 0 0
0.676667 0 0 0 0
0.683333 0 0 0 0
0.69 0 0 0 0
0.696667 0 0 0 0
0.703333 0 0 0 0
0.71 0 0 0 0
0.716667 0 0 0 0
0.723333 0 0 0 0
0.73 0 0 0 0
0.736667 0 0 0 0
0.743333 0 0 0 0
0.75 0 0 0 0
0.756667 0 0 0 0
0.763333 0 0 0 0
0.77 0 0 0 0
0.776667 0 0 0 0
0.783333 0 0 0 0
0.79 0 0 0 0
0.796667 0 0 0 0
0.803333 0 0 0 0
0.81 0 0 0 0
0.816667 0 0 0 0
0.823333 0 0 0 0
0.83 0 0 0 0
0.836667 0 0 0 0
0.843333 0 0 0 0
0.85 0 0 0 0
0.856667 0 0 0 0
0.863333 0 0 0 0
0.87 0 0 0 0
0.876667 0 0 0 0
0.883333 0 0 0 0
0.89 0 0 0 0
0.896667 0 0 0 0
0.903333 0 0 0 0
0.91 0 0 0 0
0.916667 0 0 0 0
0.923333 0 0 0 0
0.93 0 0 0 0
0.936667 0 0 0 0
0.943333 0 0 0 0
0.95 0 0 0 0
0.956667 0 0 0 0
0.963333 0 0 0 0
0.97 0 0 0 0
0.976667 0 0 0 0
0.983333 0 0 0 0
0.99 0 0 0 0
0.996667 0 0 0 0
1.00333 0 0 0 0
1.01 0 0 0 0
1.01667 0 0 0 0
1.02333 0 0 0 0
1.03 0 0 0 0
1.03667 0 0 0 0
1.04333 0 0 0 0
1.05 0 0 0 0
1.05667 0 0 0 0
1.06333 0 0 0 0
1.07 0 0 0 0
1.07667 0 0 0 0
1.08333 0 0 0 0
1.09 0 0 0 0
1.09667 0 0 0 0
1.10333 0 0 0 0
1.11 0 0 0 0
1.11667 0 0 0 0
1.12333 0 0 0 0
1.13 0 0 0 0
1.13667 0 0 0 0
1.14333 0 0 0 0
1.15 0 0 0 0
1.15667 0 0 0 0
1.16333 0 0 0 0
1.17 0 0 0 0
1.17667 0 0 0 0
1.18333 0 0 0 0
1.19 0 0 0 0
1.19667 0 0 0 0
1.20333 0 0 0 0
1.21 0 0 0 0
1.21667 0 0 0 0
1.22333 0 0 0 0
1.23 0 0 0 0
1.23667 0 0 0 0
1.24333 0 0 0 0
1.25 0 0 0 0
1.25667 0 0 0 0
1.26333 0 0 0 0
1.27 0 0 0 0
1.27667 0 0 0 0
1.28333 0 0 0 0
1.29 0 0 0 0
1.29667 0 0 0 0
1.30333 0 0 0 0
1.31 0 0 0 0
1.31667 0 0 0 0
1.32333 0 0 0 0
1.33 0 0 0 0
1.33667 0 0 0 0
1.34333 0 0 0 0
1.35 0 0 0 0
1.35667 0 0 0 0
1.36333 0 0 0 0
1.37 0 0 0 0
1.37667 0 0 0 0
1.38333 0 0 0 0
1.39 0 0 0 0
1.39667 0 0 0 0
1.40333 0 0 0 0
1.41 0 0 0 0
1.41667 0 0 0 0
1.42333 0 0 0 0
1.43 0 0 0 0
1.43667 0 0 0 0
1.44333 0 0 0 0
1.45 0 0 0 0
1.45667 0 0 0 0
1.46333 0 0 0 0
1.47 0 0 0 0
1.47667 0 0 0 0
1.48333 0 0 0 0
1.49 0 0 0 0
1.49667 0 0 0 0
1.50333 0 0 0 0
1.51 0 0 0 0
1.51667 0 0 0 0
1.52333 0 0 0 0
1.53 0 0 0 0
1.53667 0 0 0 0
1.54333 0 0 0 0
1.55 0 0 0 0
1.55667 0 0 0 0
1.56333 0 0 0 0
1.57 0 0 0 0
1.57667 0 0 0 0
1.58333 0 0 0 0
1.59 0 0 0 0
1.59667 0 0 0 0
1.60333 0 0 0 0
1.61 0 0 0 0
1.61667 0 0 0 0
1.62333 0 0 0 0
1.63 0 0 0 0
1.63667 0 0 0 0
1.64333 0 0 0 0
1.65 0 0 0 0
1.65667 0 0 0 0
1.66333 0 0 0 0
1.67 0 0 0 0
1.67667 0 0 0 0
1.68333 0 0 0 0
1.69 0 0 0 0
1.69667 0 0 0 0
1.70333 0 0 0 0
1.71 0 0 0 0
1.71667 0 0 0 0
1.72333 0 0 0 0
1.73 0 0 0 0
1.73667 0 0 0 0
1.74333 0 0 0 0
1.75 0 0 0 0
1.75667 0 0 0 0
1.76333 0 0 0 0
1.77 0 0 0 0
1.77667 0 0 0 0
1.78333 0 0 0 0
1.79 0 0 0 0
1.79667 0 0 0 0
1.80333 0 0 0 0
1.81 0 0 0 0
1.81667 0 0 0 0
1.82333 0 0 0 0
1.83 0 0 0 0
1.83667 0 0 0 0
1.84333 0 0 0 0
1.85 0 0 0 0
1.85667 0 0 0 0
1.86333 0 0 0 0
1.87 0 0 0 0
1.87667 0 0 0 0
1.88333 0 0 0 0
1.89 0 0 0 0
1.89667 0 0 0 0
1.90333 0 0 0 0
1.91 0 0 0 0
1.91667 0 0 0 0
1.92333 0 0 0 0
1.93 0 0 0 0
1.93667 0 0 0 0
1.94333 0 0 0 0
1.95 0 0 0 0
1.95667 0 0 0 0
1.96333 0 0 0 0
1.97 0 0 0 0
1.97667 0 0 0 0
1.98333 0 0 0 0
1.99 0 0 0 0
1.99667 0 0 0 0
