0.00333333 4 5 74 12
0.01 0 8 72 19
0.0166667 4 8 89 22
0.0233333 4 13 87 23
0.03 1 13 113 26
0.0366667 2 10 137 34
0.0433333 3 22 123 33
0.05 6 20 233 50
0.0566667 8 36 233 79
0.0633333 10 24 259 69
0.07 4 31 252 72
0.0766667 7 41 244 82
0.0833333 11 31 311 73
0.09 7 38 323 71
0.0966667 5 24 306 62
0.103333 11 34 321 58
0.11 8 38 310 60
0.116667 10 38 295 66
0.123333 10 35 306 56
0.13 7 32 296 66
0.136667 4 28 301 54
0.143333 6 24 259 60
0.15 6 28 257 40
0.156667 6 17 249 42
0.163333 4 21 235 45
0.17 3 25 232 41
0.176667 5 20 254 35
0.183333 5 18 246 48
0.19 8 21 266 45
0.196667 8 32 246 43
0.203333 3 27 259 24
0.21 6 18 231 44
0.216667 7 16 231 48
0.223333 6 16 189 35
0.23 5 19 201 28
0.236667 6 19 168 38
0.243333 5 21 185 46
0.25 5 15 166 29
0.256667 3 19 163 33
0.263333 3 16 142 35
0.27 3 13 161 25
0.276667 4 18 170 29
0.283333 2 6 135 31
0.29 2 17 136 18
0.296667 3 9 143 26
0.303333 3 16 141 19
0.31 3 14 126 18
0.316667 6 9 123 19
0.323333 4 11 116 33
0.33 1 17 99 20
0.336667 3 9 102 17
0.343333 2 14 134 29
0.35 2 12 94 20
0.356667 3 10 114 23
0.363333 2 6 95 18
0.37 3 9 93 24
0.376667 5 14 104 20
0.383333 5 12 94 19
0.39 3 11 92 16
0.396667 5 9 92 20
0.403333 1 4 89 9
0.41 3 9 104 20
0.416667 5 11 97 19
0.423333 1 10 100 15
0.43 2 6 78 22
0.436667 2 6 96 10
0.443333 4 13 89 27
0.45 4 7 84 23
0.456667 3 11 98 23
0.463333 3 7 74 11
0.47 5 12 87 18
0.476667 1 10 67 11
0.483333 1 8 59 12
0.49 3 1 48 13
0.496667 3 8 55 16
0.503333 1 11 51 17
0.51 2 9 34 9
0.516667 1 8 48 14
0.523333 2 5 51 13
0.53 1 4 44 12
0.536667 2 4 46 9
0.543333 3 5 40 11
0.55 0 2 49 6
0.556667 1 4 46 13
0.563333 1 8 39 8
0.57 2 4 48 7
0.576667 6 9 35 11
0.583333 0 9 40 9
0.59 0 5 40 11
0.596667 2 3 35 14
0.603333 3 3 34 6
0.61 2 4 39 13
0.616667 2 3 36 9
0.623333 2 7 30 6
0.63 1 7 29 5
0.636667 1 4 44 7
0.643333 1 4 37 6
0.65 2 2 33 12
0.656667 2 4 38 7
0.663333 27 127 2739 332
0.67 0 0 0 0
0.676667 0 0 0 0
0.683333 0 0 0 0
0.69 0 0 0 0
0.696667 0 0 0 0
0.703333 0 0 0 0
0.71 0 0 0 0
0.716667 0 0 0 0
0.723333 0 0 0 0
0.73 0 0 0 0
0.736667 0 0 0 0
0.743333 0 0 0 0
0.75 0 0 0 0
0.756667 0 0 0 0
0.763333 0 0 0 0
0.77 0 0 0 0
0.776667 0 0 0 0
0.783333 0 0 0 0
0.79 0 0 0 0
0.796667 0 0 0 0
0.803333 0 0 0 0
0.81 0 0 0 0
0.816667 0 0 0 0
0.823333 0 0 0 0
0.83 0 0 0 0
0.836667 0 0 0 0
0.843333 0 0 0 0
0.85 0 0 0 0
0.856667 0 0 0 0
0.863333 0 0 0 0
0.87 0 0 0 0
0.876667 0 0 0 0
0.883333 0 0 0 0
0.89 0 0 0 0
0.896667 0 0 0 0
0.903333 0 0 0 0
0.91 0 0 0 0
0.916667 0 0 0 0
0.923333 0 0 0 0
0.93 0 0 0 0
0.936667 0 0 0 0
0.943333 0 0 0 0
0.95 0 0 0 0
0.956667 0 0 0 0
0.963333 0 0 0 0
0.97 0 0 0 0
0.976667 0 0 0 0
0.983333 0 0 0 0
0.99 0 0 0 0
0.996667 0 0 0 0
1.00333 0 0 0 0
1.01 0 0 0 0
1.01667 0 0 0 0
1.02333 0 0 0 0
1.03 0 0 0 0
1.03667 0 0 0 0
1.04333 0 0 0 0
1.05 0 0 0 0
1.05667 0 0 0 0
1.06333 0 0 0 0
1.07 0 0 0 0
1.07667 0 0 0 0
1.08333 0 0 0 0
1.09 0 0 0 0
1.09667 0 0 0 0
1.10333 0 0 0 0
1.11 0 0 0 0
1.11667 0 0 0 0
1.12333 0 0 0 0
1.13 0 0 0 0
1.13667 0 0 0 0
1.14333 0 0 0 0
1.15 0 0 0 0
1.15667 0 0 0 0
1.16333 0 0 0 0
1.17 0 0 0 0
1.17667 0 0 0 0
1.18333 0 0 0 0
1.19 0 0 0 0
1.19667 0 0 0 0
1.20333 0 0 0 0
1.21 0 0 0 0
1.21667 0 0 0 0
1.22333 0 0 0 0
1.23 0 0 0 0
1.23667 0 0 0 0
1.24333 0 0 0 0
1.25 0 0 0 0
1.25667 0 0 0 0
1.26333 0 0 0 0
1.27 0 0 0 0
1.27667 0 0 0 0
1.28333 0 0 0 0
1.29 0 0 0 0
1.29667 0 0 0 0
1.30333 0 0 0 0
1.31 0 0 0 0
1.31667 0 0 0 0
1.32333 0 0 0 0
1.33 0 0 0 0
1.33667 0 0 0 0
1.34333 0 0 0 0
1.35 0 0 0 0
1.35667 0 0 0 0
1.36333 0 0 0 0
1.37 0 0 0 0
1.37667 0 0 0 0
1.38333 0 0 0 0
1.39 0 0 0 0
1.39667 0 0 0 0
1.40333 0 0 0 0
1.41 0 0 0 0
1.41667 0 0 0 0
1.42333 0 0 0 0
1.43 0 0 0 0
1.43667 0 0 0 0
1.44333 0 0 0 0
1.45 0 0 0 0
1.45667 0 0 0 0
1.46333 0 0 0 0
1.47 0 0 0 0
1.47667 0 0 0 0
1.48333 0 0 0 0
1.49 0 0 0 0
1.49667 0 0 0 0
1.50333 0 0 0 0
1.51 0 0 0 0
1.51667 0 0 0 0
1.52333 0 0 0 0
1.53 0 0 0 0
1.53667 0 0 0 0
1.54333 0 0 0 0
1.55 0 0 0 0
1.55667 0 0 0 0
1.56333 0 0 0 0
1.57 0 0 0 0
1.57667 0 0 0 0
1.58333 0 0 0 0
1.59 0 0 0 0
1.59667 0 0 0 0
1.60333 0 0 0 0
1.61 0 0 0 0
1.61667 0 0 0 0
1.62333 0 0 0 0
1.63 0 0 0 0
1.63667 0 0 0 0
1.64333 0 0 0 0
1.65 0 0 0 0
1.65667 0 0 0 0
1.66333 0 0 0 0
1.67 0 0 0 0
1.67667 0 0 0 0
1.68333 0 0 0 0
1.69 0 0 0 0
1.69667 0 0 0 0
1.70333 0 0 0 0
1.71 0 0 0 0
1.71667 0 0 0 0
1.72333 0 0 0 0
1.73 0 0 0 0
1.73667 0 0 0 0
1.74333 0 0 0 0
1.75 0 0 0 0
1.75667 0 0 0 0
1.76333 0 0 0 0
1.77 0 0 0 0
1.77667 0 0 0 0
1.78333 0 0 0 0
1.79 0 0 0 0
1.79667 0 0 0 0
1.80333 0 0 0 0
1.81 0 0 0 0
1.81667 0 0 0 0
1.82333 0 0 0 0
1.83 0 0 0 0
1.83667 0 0 0 0
1.84333 0 0 0 0
1.85 0 0 0 0
1.85667 0 0 0 0
1.86333 0 0 0 0
1.87 0 0 0 0
1.87667 0 0 0 0
1.88333 0 0 0 0
1.89 0 0 0 0
1.89667 0 0 0 0
1.90333 0 0 0 0
1.91 0 0 0 0
1.91667 0 0 0 0
1.92333 0 0 0 0
1.93 0 0 0 0
1.93667 0 0 0 0
1.94333 0 0 0 0
1.95 0 0 0 0
1.95667 0 0 0 0
1.96333 0 0 0 0
1.97 0 0 0 0
1.97667 0 0 0 0
1.98333 0 0 0 0
1.99 0 0 0 0
1.99667 0 0 0 0
