0.00333333 29 49 6 7
0.01 24 72 11 11
0.0166667 26 81 12 6
0.0233333 31 69 8 8
0.03 40 99 12 12
0.0366667 44 110 16 7
0.0433333 43 134 14 6
0.05 71 142 19 9
0.0566667 91 186 22 11
0.0633333 99 184 24 11
0.07 102 197 42 12
0.0766667 94 209 18 10
0.0833333 87 212 24 14
0.09 103 233 33 16
0.0966667 104 232 29 11
0.103333 120 227 34 6
0.11 89 218 29 16
0.116667 97 234 35 13
0.123333 91 247 26 17
0.13 83 205 25 9
0.136667 78 204 28 13
0.143333 85 209 26 15
0.15 91 189 16 14
0.156667 105 189 15 13
0.163333 73 168 17 11
0.17 71 164 16 7
0.176667 91 174 17 12
0.183333 83 169 13 11
0.19 95 172 15 14
0.196667 96 176 13 22
0.203333 72 169 16 10
0.21 76 153 14 12
0.216667 60 169 18 17
0.223333 74 147 14 9
0.23 55 145 17 6
0.236667 71 115 22 8
0.243333 50 130 13 13
0.25 52 125 16 11
0.256667 52 113 12 9
0.263333 57 112 12 12
0.27 59 126 4 15
0.276667 56 113 14 8
0.283333 58 78 15 8
0.29 42 127 10 6
0.296667 48 85 15 6
0.303333 44 81 17 6
0.31 40 93 10 11
0.316667 40 87 10 15
0.323333 42 79 12 5
0.33 42 89 11 10
0.336667 35 78 13 10
0.343333 34 78 10 8
0.35 35 80 13 6
0.356667 44 72 7 4
0.363333 48 82 6 3
0.37 49 74 3 6
0.376667 35 70 15 10
0.383333 42 71 7 8
0.39 38 76 16 4
0.396667 30 88 4 5
0.403333 23 75 6 5
0.41 40 69 5 8
0.416667 30 59 8 8
0.423333 38 81 13 4
0.43 41 73 7 8
0.436667 38 71 12 2
0.443333 33 61 5 6
0.45 23 68 8 12
0.456667 29 69 13 5
0.463333 30 57 8 9
0.47 41 70 8 3
0.476667 27 38 8 4
0.483333 18 48 1 4
0.49 16 39 8 7
0.496667 20 35 5 2
0.503333 26 29 4 8
0.51 19 39 7 2
0.516667 9 32 4 5
0.523333 22 34 3 3
0.53 14 32 2 3
0.536667 16 29 4 4
0.543333 24 33 5 3
0.55 13 32 6 6
0.556667 15 32 6 3
0.563333 12 30 2 3
0.57 8 34 6 5
0.576667 20 25 5 3
0.583333 21 34 12 3
0.59 13 33 5 4
0.596667 14 28 9 6
0.603333 14 25 6 4
0.61 12 31 5 5
0.616667 13 37 2 5
0.623333 13 29 3 1
0.63 13 27 2 3
0.636667 15 32 2 2
0.643333 9 27 1 4
0.65 11 26 7 7
0.656667 8 28 3 7
0.663333 1059 1842 113 167
0.67 0 0 0 0
0.676667 0 0 0 0
0.683333 0 0 0 0
0.69 0 0 0 0
0.696667 0 0 0 0
0.703333 0 0 0 0
0.71 0 0 0 0
0.716667 0 0 0 0
0.723333 0 0 0 0
0.73 0 0 0 0
0.736667 0 0 0 0
0.743333 0 0 0 0
0.75 0 0 0 0
0.756667 0 0 0 0
0.763333 0 0 0 0
0.77 0 0 0 0
0.776667 0 0 0 0
0.783333 0 0 0 0
0.79 0 0 0 0
0.796667 0 0 0 0
0.803333 0 0 0 0
0.81 0 0 0 0
0.816667 0 0 0 0
0.823333 0 0 0 0
0.83 0 0 0 0
0.836667 0 0 0 0
0.843333 0 0 0 0
0.85 0 0 0 0
0.856667 0 0 0 0
0.863333 0 0 0 0
0.87 0 0 0 0
0.876667 0 0 0 0
0.883333 0 0 0 0
0.89 0 0 0 0
0.896667 0 0 0 0
0.903333 0 0 0 0
0.91 0 0 0 0
0.916667 0 0 0 0
0.923333 0 0 0 0
0.93 0 0 0 0
0.936667 0 0 0 0
0.943333 0 0 0 0
0.95 0 0 0 0
0.956667 0 0 0 0
0.963333 0 0 0 0
0.97 0 0 0 0
0.976667 0 0 0 0
0.983333 0 0 0 0
0.99 0 0 0 0
0.996667 0 0 0 0
1.00333 0 0 0 0
1.01 0 0 0 0
1.01667 0 0 0 0
1.02333 0 0 0 0
1.03 0 0 0 0
1.03667 0 0 0 0
1.04333 0 0 0 0
1.05 0 0 0 0
1.05667 0 0 0 0
1.06333 0 0 0 0
1.07 0 0 0 0
1.07667 0 0 0 0
1.08333 0 0 0 0
1.09 0 0 0 0
1.09667 0 0 0 0
1.10333 0 0 0 0
1.11 0 0 0 0
1.11667 0 0 0 0
1.12333 0 0 0 0
1.13 0 0 0 0
1.13667 0 0 0 0
1.14333 0 0 0 0
1.15 0 0 0 0
1.15667 0 0 0 0
1.16333 0 0 0 0
1.17 0 0 0 0
1.17667 0 0 0 0
1.18333 0 0 0 0
1.19 0 0 0 0
1.19667 0 0 0 0
1.20333 0 0 0 0
1.21 0 0 0 0
1.21667 0 0 0 0
1.22333 0 0 0 0
1.23 0 0 0 0
1.23667 0 0 0 0
1.24333 0 0 0 0
1.25 0 0 0 0
1.25667 0 0 0 0
1.26333 0 0 0 0
1.27 0 0 0 0
1.27667 0 0 0 0
1.28333 0 0 0 0
1.29 0 0 0 0
1.29667 0 0 0 0
1.30333 0 0 0 0
1.31 0 0 0 0
1.31667 0 0 0 0
1.32333 0 0 0 0
1.33 0 0 0 0
1.33667 0 0 0 0
1.34333 0 0 0 0
1.35 0 0 0 0
1.35667 0 0 0 0
1.36333 0 0 0 0
1.37 0 0 0 0
1.37667 0 0 0 0
1.38333 0 0 0 0
1.39 0 0 0 0
1.39667 0 0 0 0
1.40333 0 0 0 0
1.41 0 0 0 0
1.41667 0 0 0 0
1.42333 0 0 0 0
1.43 0 0 0 0
1.43667 0 0 0 0
1.44333 0 0 0 0
1.45 0 0 0 0
1.45667 0 0 0 0
1.46333 0 0 0 0
1.47 0 0 0 0
1.47667 0 0 0 0
1.48333 0 0 0 0
1.49 0 0 0 0
1.49667 0 0 0 0
1.50333 0 0 0 0
1.51 0 0 0 0
1.51667 0 0 0 0
1.52333 0 0 0 0
1.53 0 0 0 0
1.53667 0 0 0 0
1.54333 0 0 0 0
1.55 0 0 0 0
1.55667 0 0 0 0
1.56333 0 0 0 0
1.57 0 0 0 0
1.57667 0 0 0 0
1.58333 0 0 0 0
1.59 0 0 0 0
1.59667 0 0 0 0
1.60333 0 0 0 0
1.61 0 0 0 0
1.61667 0 0 0 0
1.62333 0 0 0 0
1.63 0 0 0 0
1.63667 0 0 0 0
1.64333 0 0 0 0
1.65 0 0 0 0
1.65667 0 0 0 0
1.66333 0 0 0 0
1.67 0 0 0 0
1.67667 0 0 0 0
1.68333 0 0 0 0
1.69 0 0 0 0
1.69667 0 0 0 0
1.70333 0 0 0 0
1.71 0 0 0 0
1.71667 0 0 0 0
1.72333 0 0 0 0
1.73 0 0 0 0
1.73667 0 0 0 0
1.74333 0 0 0 0
1.75 0 0 0 0
1.75667 0 0 0 0
1.76333 0 0 0 0
1.77 0 0 0 0
1.77667 0 0 0 0
1.78333 0 0 0 0
1.79 0 0 0 0
1.79667 0 0 0 0
1.80333 0 0 0 0
1.81 0 0 0 0
1.81667 0 0 0 0
1.82333 0 0 0 0
1.83 0 0 0 0
1.83667 0 0 0 0
1.84333 0 0 0 0
1.85 0 0 0 0
1.85667 0 0 0 0
1.86333 0 0 0 0
1.87 0 0 0 0
1.87667 0 0 0 0
1.88333 0 0 0 0
1.89 0 0 0 0
1.89667 0 0 0 0
1.90333 0 0 0 0
1.91 0 0 0 0
1.91667 0 0 0 0
1.92333 0 0 0 0
1.93 0 0 0 0
1.93667 0 0 0 0
1.94333 0 0 0 0
1.95 0 0 0 0
1.95667 0 0 0 0
1.96333 0 0 0 0
1.97 0 0 0 0
1.97667 0 0 0 0
1.98333 0 0 0 0
1.99 0 0 0 0
1.99667 0 0 0 0
