0.00333333 1 1 37 56
0.01 2 2 41 62
0.0166667 1 3 52 63
0.0233333 2 1 58 74
0.03 0 1 64 74
0.0366667 0 6 79 112
0.0433333 2 8 101 125
0.05 3 13 128 181
0.0566667 2 6 142 193
0.0633333 9 7 170 204
0.07 3 21 189 238
0.0766667 3 7 158 258
0.0833333 2 11 182 245
0.09 2 9 187 258
0.0966667 5 11 170 261
0.103333 7 17 191 217
0.11 3 13 170 237
0.116667 5 8 158 257
0.123333 4 10 154 251
0.13 5 10 155 237
0.136667 3 10 134 233
0.143333 6 5 138 201
0.15 1 5 134 190
0.156667 3 10 130 188
0.163333 5 3 131 199
0.17 2 10 111 197
0.176667 4 7 123 191
0.183333 1 9 106 184
0.19 5 7 124 211
0.196667 3 6 128 178
0.203333 6 10 105 184
0.21 1 8 111 170
0.216667 1 7 105 165
0.223333 1 9 108 172
0.23 2 7 94 147
0.236667 1 2 114 154
0.243333 4 4 87 142
0.25 1 4 74 145
0.256667 2 5 80 119
0.263333 1 3 73 116
0.27 1 5 76 97
0.276667 2 2 73 126
0.283333 1 3 80 118
0.29 3 4 64 118
0.296667 2 1 81 109
0.303333 3 1 64 93
0.31 2 4 53 105
0.316667 0 5 58 94
0.323333 4 6 50 109
0.33 1 6 77 86
0.336667 4 2 53 102
0.343333 1 4 59 99
0.35 1 5 72 101
0.356667 2 5 54 90
0.363333 0 6 45 87
0.37 3 5 47 68
0.376667 2 3 59 67
0.383333 1 5 43 63
0.39 3 4 48 74
0.396667 2 5 38 82
0.403333 2 5 45 59
0.41 1 5 46 69
0.416667 2 2 59 81
0.423333 2 5 50 55
0.43 0 3 51 71
0.436667 0 5 38 65
0.443333 2 3 34 56
0.45 3 2 55 66
0.456667 1 3 45 62
0.463333 3 4 37 59
0.47 1 0 43 60
0.476667 1 4 30 66
0.483333 1 4 29 45
0.49 0 3 26 38
0.496667 2 3 20 60
0.503333 2 2 27 28
0.51 0 1 27 42
0.516667 0 1 24 38
0.523333 1 2 22 39
0.53 2 2 27 36
0.536667 0 2 20 46
0.543333 3 3 17 42
0.55 1 1 21 33
0.556667 1 1 25 26
0.563333 1 3 26 36
0.57 1 2 18 35
0.576667 2 4 15 38
0.583333 3 2 25 29
0.59 0 2 28 33
0.596667 1 4 16 20
0.603333 0 3 26 36
0.61 1 1 30 18
0.616667 2 2 20 29
0.623333 1 1 19 34
0.63 0 6 21 31
0.636667 0 2 23 30
0.643333 1 2 19 26
0.65 0 3 20 27
0.656667 0 1 16 24
0.663333 11 41 969 1968
0.67 0 0 0 0
0.676667 0 0 0 0
0.683333 0 0 0 0
0.69 0 0 0 0
0.696667 0 0 0 0
0.703333 0 0 0 0
0.71 0 0 0 0
0.716667 0 0 0 0
0.723333 0 0 0 0
0.73 0 0 0 0
0.736667 0 0 0 0
0.743333 0 0 0 0
0.75 0 0 0 0
0.756667 0 0 0 0
0.763333 0 0 0 0
0.77 0 0 0 0
0.776667 0 0 0 0
0.783333 0 0 0 0
0.79 0 0 0 0
0.796667 0 0 0 0
0.803333 0 0 0 0
0.81 0 0 0 0
0.816667 0 0 0 0
0.823333 0 0 0 0
0.83 0 0 0 0
0.836667 0 0 0 0
0.843333 0 0 0 0
0.85 0 0 0 0
0.856667 0 0 0 0
0.863333 0 0 0 0
0.87 0 0 0 0
0.876667 0 0 0 0
0.883333 0 0 0 0
0.89 0 0 0 0
0.896667 0 0 0 0
0.903333 0 0 0 0
0.91 0 0 0 0
0.916667 0 0 0 0
0.923333 0 0 0 0
0.93 0 0 0 0
0.936667 0 0 0 0
0.943333 0 0 0 0
0.95 0 0 0 0
0.956667 0 0 0 0
0.963333 0 0 0 0
0.97 0 0 0 0
0.976667 0 0 0 0
0.983333 0 0 0 0
0.99 0 0 0 0
0.996667 0 0 0 0
1.00333 0 0 0 0
1.01 0 0 0 0
1.01667 0 0 0 0
1.02333 0 0 0 0
1.03 0 0 0 0
1.03667 0 0 0 0
1.04333 0 0 0 0
1.05 0 0 0 0
1.05667 0 0 0 0
1.06333 0 0 0 0
1.07 0 0 0 0
1.07667 0 0 0 0
1.08333 0 0 0 0
1.09 0 0 0 0
1.09667 0 0 0 0
1.10333 0 0 0 0
1.11 0 0 0 0
1.11667 0 0 0 0
1.12333 0 0 0 0
1.13 0 0 0 0
1.13667 0 0 0 0
1.14333 0 0 0 0
1.15 0 0 0 0
1.15667 0 0 0 0
1.16333 0 0 0 0
1.17 0 0 0 0
1.17667 0 0 0 0
1.18333 0 0 0 0
1.19 0 0 0 0
1.19667 0 0 0 0
1.20333 0 0 0 0
1.21 0 0 0 0
1.21667 0 0 0 0
1.22333 0 0 0 0
1.23 0 0 0 0
1.23667 0 0 0 0
1.24333 0 0 0 0
1.25 0 0 0 0
1.25667 0 0 0 0
1.26333 0 0 0 0
1.27 0 0 0 0
1.27667 0 0 0 0
1.28333 0 0 0 0
1.29 0 0 0 0
1.29667 0 0 0 0
1.30333 0 0 0 0
1.31 0 0 0 0
1.31667 0 0 0 0
1.32333 0 0 0 0
1.33 0 0 0 0
1.33667 0 0 0 0
1.34333 0 0 0 0
1.35 0 0 0 0
1.35667 0 0 0 0
1.36333 0 0 0 0
1.37 0 0 0 0
1.37667 0 0 0 0
1.38333 0 0 0 0
1.39 0 0 0 0
1.39667 0 0 0 0
1.40333 0 0 0 0
1.41 0 0 0 0
1.41667 0 0 0 0
1.42333 0 0 0 0
1.43 0 0 0 0
1.43667 0 0 0 0
1.44333 0 0 0 0
1.45 0 0 0 0
1.45667 0 0 0 0
1.46333 0 0 0 0
1.47 0 0 0 0
1.47667 0 0 0 0
1.48333 0 0 0 0
1.49 0 0 0 0
1.49667 0 0 0 0
1.50333 0 0 0 0
1.51 0 0 0 0
1.51667 0 0 0 0
1.52333 0 0 0 0
1.53 0 0 0 0
1.53667 0 0 0 0
1.54333 0 0 0 0
1.55 0 0 0 0
1.55667 0 0 0 0
1.56333 0 0 0 0
1.57 0 0 0 0
1.57667 0 0 0 0
1.58333 0 0 0 0
1.59 0 0 0 0
1.59667 0 0 0 0
1.60333 0 0 0 0
1.61 0 0 0 0
1.61667 0 0 0 0
1.62333 0 0 0 0
1.63 0 0 0 0
1.63667 0 0 0 0
1.64333 0 0 0 0
1.65 0 0 0 0
1.65667 0 0 0 0
1.66333 0 0 0 0
1.67 0 0 0 0
1.67667 0 0 0 0
1.68333 0 0 0 0
1.69 0 0 0 0
1.69667 0 0 0 0
1.70333 0 0 0 0
1.71 0 0 0 0
1.71667 0 0 0 0
1.72333 0 0 0 0
1.73 0 0 0 0
1.73667 0 0 0 0
1.74333 0 0 0 0
1.75 0 0 0 0
1.75667 0 0 0 0
1.76333 0 0 0 0
1.77 0 0 0 0
1.77667 0 0 0 0
1.78333 0 0 0 0
1.79 0 0 0 0
1.79667 0 0 0 0
1.80333 0 0 0 0
1.81 0 0 0 0
1.81667 0 0 0 0
1.82333 0 0 0 0
1.83 0 0 0 0
1.83667 0 0 0 0
1.84333 0 0 0 0
1.85 0 0 0 0
1.85667 0 0 0 0
1.86333 0 0 0 0
1.87 0 0 0 0
1.87667 0 0 0 0
1.88333 0 0 0 0
1.89 0 0 0 0
1.89667 0 0 0 0
1.90333 0 0 0 0
1.91 0 0 0 0
1.91667 0 0 0 0
1.92333 0 0 0 0
1.93 0 0 0 0
1.93667 0 0 0 0
1.94333 0 0 0 0
1.95 0 0 0 0
1.95667 0 0 0 0
1.96333 0 0 0 0
1.97 0 0 0 0
1.97667 0 0 0 0
1.98333 0 0 0 0
1.99 0 0 0 0
1.99667 0 0 0 0
