0.00333333 14 40 6 4
0.01 16 61 11 1
0.0166667 20 64 7 5
0.0233333 24 54 15 5
0.03 31 61 20 6
0.0366667 31 91 31 7
0.0433333 41 103 31 7
0.05 50 139 31 6
0.0566667 59 168 44 12
0.0633333 65 193 45 9
0.07 61 206 37 17
0.0766667 77 194 45 14
0.0833333 76 220 43 12
0.09 78 202 56 15
0.0966667 70 192 43 14
0.103333 75 187 54 11
0.11 72 204 55 14
0.116667 62 170 57 11
0.123333 54 193 50 9
0.13 55 179 48 11
0.136667 73 176 30 12
0.143333 58 182 32 11
0.15 49 144 35 12
0.156667 61 158 26 12
0.163333 56 135 35 11
0.17 50 142 26 8
0.176667 56 131 39 13
0.183333 60 158 21 14
0.19 50 140 24 15
0.196667 45 145 30 7
0.203333 48 131 23 7
0.21 56 129 29 12
0.216667 48 124 25 14
0.223333 48 100 34 12
0.23 47 101 23 4
0.236667 50 118 30 7
0.243333 41 106 18 9
0.25 48 104 21 3
0.256667 27 94 22 8
0.263333 34 81 20 11
0.27 32 77 19 7
0.276667 30 90 25 10
0.283333 28 88 18 7
0.29 19 91 16 4
0.296667 39 90 15 5
0.303333 25 64 24 7
0.31 39 68 17 3
0.316667 27 80 22 7
0.323333 28 56 20 3
0.33 16 61 15 5
0.336667 24 66 11 9
0.343333 21 63 20 3
0.35 26 69 14 6
0.356667 27 74 18 5
0.363333 27 66 11 5
0.37 22 71 14 8
0.376667 28 53 13 5
0.383333 27 71 10 6
0.39 21 46 16 6
0.396667 21 59 7 9
0.403333 14 50 16 7
0.41 20 53 9 2
0.416667 27 42 17 4
0.423333 19 50 15 3
0.43 9 59 12 4
0.436667 22 53 6 5
0.443333 25 48 11 7
0.45 22 46 7 2
0.456667 23 47 14 9
0.463333 16 39 11 4
0.47 29 46 12 5
0.476667 28 31 15 9
0.483333 14 38 7 6
0.49 5 35 7 3
0.496667 15 38 12 5
0.503333 17 37 6 2
0.51 16 38 6 2
0.516667 14 28 5 4
0.523333 11 28 10 1
0.53 15 25 5 1
0.536667 10 28 5 2
0.543333 12 22 8 4
0.55 11 28 7 3
0.556667 12 22 10 2
0.563333 9 30 4 3
0.57 1 29 9 4
0.576667 12 31 6 1
0.583333 12 22 9 5
0.59 5 27 5 3
0.596667 8 26 13 2
0.603333 14 18 8 3
0.61 8 27 8 2
0.616667 11 21 6 2
0.623333 12 22 5 6
0.63 13 21 2 3
0.636667 10 31 3 4
0.643333 11 20 5 2
0.65 9 23 8 3
0.656667 4 20 10 3
0.663333 454 1222 232 70
0.67 0 0 0 0
0.676667 0 0 0 0
0.683333 0 0 0 0
0.69 0 0 0 0
0.696667 0 0 0 0
0.703333 0 0 0 0
0.71 0 0 0 0
0.716667 0 0 0 0
0.723333 0 0 0 0
0.73 0 0 0 0
0.736667 0 0 0 0
0.743333 0 0 0 0
0.75 0 0 0 0
0.756667 0 0 0 0
0.763333 0 0 0 0
0.77 0 0 0 0
0.776667 0 0 0 0
0.783333 0 0 0 0
0.79 0 0 0 0
0.796667 0 0 0 0
0.803333 0 0 0 0
0.81 0 0 0 0
0.816667 0 0 0 0
0.823333 0 0 0 0
0.83 0 0 0 0
0.836667 0 0 0 0
0.843333 0 0 0 0
0.85 0 0 0 0
0.856667 0 0 0 0
0.863333 0 0 0 0
0.87 0 0 0 0
0.876667 0 0 0 0
0.883333 0 0 0 0
0.89 0 0 0 0
0.896667 0 0 0 0
0.903333 0 0 0 0
0.91 0 0 0 0
0.916667 0 0 0 0
0.923333 0 0 0 0
0.93 0 0 0 0
0.936667 0 0 0 0
0.943333 0 0 0 0
0.95 0 0 0 0
0.956667 0 0 0 0
0.963333 0 0 0 0
0.97 0 0 0 0
0.976667 0 0 0 0
0.983333 0 0 0 0
0.99 0 0 0 0
0.996667 0 0 0 0
1.00333 0 0 0 0
1.01 0 0 0 0
1.01667 0 0 0 0
1.02333 0 0 0 0
1.03 0 0 0 0
1.03667 0 0 0 0
1.04333 0 0 0 0
1.05 0 0 0 0
1.05667 0 0 0 0
1.06333 0 0 0 0
1.07 0 0 0 0
1.07667 0 0 0 0
1.08333 0 0 0 0
1.09 0 0 0 0
1.09667 0 0 0 0
1.10333 0 0 0 0
1.11 0 0 0 0
1.11667 0 0 0 0
1.12333 0 0 0 0
1.13 0 0 0 0
1.13667 0 0 0 0
1.14333 0 0 0 0
1.15 0 0 0 0
1.15667 0 0 0 0
1.16333 0 0 0 0
1.17 0 0 0 0
1.17667 0 0 0 0
1.18333 0 0 0 0
1.19 0 0 0 0
1.19667 0 0 0 0
1.20333 0 0 0 0
1.21 0 0 0 0
1.21667 0 0 0 0
1.22333 0 0 0 0
1.23 0 0 0 0
1.23667 0 0 0 0
1.24333 0 0 0 0
1.25 0 0 0 0
1.25667 0 0 0 0
1.26333 0 0 0 0
1.27 0 0 0 0
1.27667 0 0 0 0
1.28333 0 0 0 0
1.29 0 0 0 0
1.29667 0 0 0 0
1.30333 0 0 0 0
1.31 0 0 0 0
1.31667 0 0 0 0
1.32333 0 0 0 0
1.33 0 0 0 0
1.33667 0 0 0 0
1.34333 0 0 0 0
1.35 0 0 0 0
1.35667 0 0 0 0
1.36333 0 0 0 0
1.37 0 0 0 0
1.37667 0 0 0 0
1.38333 0 0 0 0
1.39 0 0 0 0
1.39667 0 0 0 0
1.40333 0 0 0 0
1.41 0 0 0 0
1.41667 0 0 0 0
1.42333 0 0 0 0
1.43 0 0 0 0
1.43667 0 0 0 0
1.44333 0 0 0 0
1.45 0 0 0 0
1.45667 0 0 0 0
1.46333 0 0 0 0
1.47 0 0 0 0
1.47667 0 0 0 0
1.48333 0 0 0 0
1.49 0 0 0 0
1.49667 0 0 0 0
1.50333 0 0 0 0
1.51 0 0 0 0
1.51667 0 0 0 0
1.52333 0 0 0 0
1.53 0 0 0 0
1.53667 0 0 0 0
1.54333 0 0 0 0
1.55 0 0 0 0
1.55667 0 0 0 0
1.56333 0 0 0 0
1.57 0 0 0 0
1.57667 0 0 0 0
1.58333 0 0 0 0
1.59 0 0 0 0
1.59667 0 0 0 0
1.60333 0 0 0 0
1.61 0 0 0 0
1.61667 0 0 0 0
1.62333 0 0 0 0
1.63 0 0 0 0
1.63667 0 0 0 0
1.64333 0 0 0 0
1.65 0 0 0 0
1.65667 0 0 0 0
1.66333 0 0 0 0
1.67 0 0 0 0
1.67667 0 0 0 0
1.68333 0 0 0 0
1.69 0 0 0 0
1.69667 0 0 0 0
1.70333 0 0 0 0
1.71 0 0 0 0
1.71667 0 0 0 0
1.72333 0 0 0 0
1.73 0 0 0 0
1.73667 0 0 0 0
1.74333 0 0 0 0
1.75 0 0 0 0
1.75667 0 0 0 0
1.76333 0 0 0 0
1.77 0 0 0 0
1.77667 0 0 0 0
1.78333 0 0 0 0
1.79 0 0 0 0
1.79667 0 0 0 0
1.80333 0 0 0 0
1.81 0 0 0 0
1.81667 0 0 0 0
1.82333 0 0 0 0
1.83 0 0 0 0
1.83667 0 0 0 0
1.84333 0 0 0 0
1.85 0 0 0 0
1.85667 0 0 0 0
1.86333 0 0 0 0
1.87 0 0 0 0
1.87667 0 0 0 0
1.88333 0 0 0 0
1.89 0 0 0 0
1.89667 0 0 0 0
1.90333 0 0 0 0
1.91 0 0 0 0
1.91667 0 0 0 0
1.92333 0 0 0 0
1.93 0 0 0 0
1.93667 0 0 0 0
1.94333 0 0 0 0
1.95 0 0 0 0
1.95667 0 0 0 0
1.96333 0 0 0 0
1.97 0 0 0 0
1.97667 0 0 0 0
1.98333 0 0 0 0
1.99 0 0 0 0
1.99667 0 0 0 0
