0.00333333 15 84 9 1
0.01 34 77 13 3
0.0166667 30 75 12 3
0.0233333 38 85 12 3
0.03 31 101 5 5
0.0366667 42 120 13 0
0.0433333 60 164 26 2
0.05 56 237 33 9
0.0566667 73 240 23 6
0.0633333 90 246 23 11
0.07 103 298 30 7
0.0766667 76 312 44 8
0.0833333 97 264 42 8
0.09 86 303 39 10
0.0966667 87 338 34 12
0.103333 91 310 32 8
0.11 81 295 38 10
0.116667 89 288 42 7
0.123333 91 295 37 7
0.13 67 293 34 6
0.136667 63 293 15 7
0.143333 69 253 29 3
0.15 65 263 24 3
0.156667 59 274 26 6
0.163333 66 226 30 6
0.17 52 238 28 4
0.176667 76 258 23 8
0.183333 62 265 24 5
0.19 68 283 28 4
0.196667 58 251 34 6
0.203333 63 239 21 9
0.21 62 256 13 2
0.216667 49 227 25 8
0.223333 60 191 29 1
0.23 37 187 26 0
0.236667 48 213 22 7
0.243333 42 197 14 4
0.25 38 172 21 2
0.256667 44 163 14 0
0.263333 38 169 17 8
0.27 40 146 17 2
0.276667 38 159 22 4
0.283333 34 161 19 4
0.29 33 131 16 4
0.296667 38 140 13 6
0.303333 26 133 9 6
0.31 34 139 18 3
0.316667 46 132 15 4
0.323333 29 93 12 2
0.33 29 116 14 6
0.336667 33 117 22 1
0.343333 32 102 14 4
0.35 24 120 19 3
0.356667 31 108 15 3
0.363333 29 98 11 2
0.37 19 95 12 5
0.376667 26 81 13 4
0.383333 36 98 11 0
0.39 24 79 16 1
0.396667 28 68 14 2
0.403333 24 108 17 2
0.41 31 77 8 4
0.416667 23 66 12 2
0.423333 27 83 20 4
0.43 22 80 9 2
0.436667 12 81 8 0
0.443333 28 81 13 2
0.45 23 83 12 1
0.456667 22 72 13 3
0.463333 26 95 18 3
0.47 17 73 3 3
0.476667 19 68 7 6
0.483333 19 55 9 5
0.49 18 64 6 3
0.496667 15 44 5 2
0.503333 14 51 8 3
0.51 13 43 5 1
0.516667 12 39 9 0
0.523333 12 39 8 2
0.53 13 46 9 1
0.536667 20 34 4 5
0.543333 18 43 10 2
0.55 10 34 2 2
0.556667 14 30 4 2
0.563333 13 37 7 1
0.57 14 32 6 0
0.576667 10 45 9 1
0.583333 16 46 7 2
0.59 10 36 6 1
0.596667 6 39 4 1
0.603333 7 46 3 2
0.61 11 37 4 2
0.616667 8 35 7 5
0.623333 5 34 9 0
0.63 13 34 6 2
0.636667 13 34 5 3
0.643333 6 32 7 3
0.65 8 44 7 2
0.656667 9 42 7 1
0.663333 454 2610 206 28
0.67 0 0 0 0
0.676667 0 0 0 0
0.683333 0 0 0 0
0.69 0 0 0 0
0.696667 0 0 0 0
0.703333 0 0 0 0
0.71 0 0 0 0
0.716667 0 0 0 0
0.723333 0 0 0 0
0.73 0 0 0 0
0.736667 0 0 0 0
0.743333 0 0 0 0
0.75 0 0 0 0
0.756667 0 0 0 0
0.763333 0 0 0 0
0.77 0 0 0 0
0.776667 0 0 0 0
0.783333 0 0 0 0
0.79 0 0 0 0
0.796667 0 0 0 0
0.803333 0 0 0 0
0.81 0 0 0 0
0.816667 0 0 0 0
0.823333 0 0 0 0
0.83 0 0 0 0
0.836667 0 0 0 0
0.843333 0 0 0 0
0.85 0 0 0 0
0.856667 0 0 0 0
0.863333 0 0 0 0
0.87 0 0 0 0
0.876667 0 0 0 0
0.883333 0 0 0 0
0.89 0 0 0 0
0.896667 0 0 0 0
0.903333 0 0 0 0
0.91 0 0 0 0
0.916667 0 0 0 0
0.923333 0 0 0 0
0.93 0 0 0 0
0.936667 0 0 0 0
0.943333 0 0 0 0
0.95 0 0 0 0
0.956667 0 0 0 0
0.963333 0 0 0 0
0.97 0 0 0 0
0.976667 0 0 0 0
0.983333 0 0 0 0
0.99 0 0 0 0
0.996667 0 0 0 0
1.00333 0 0 0 0
1.01 0 0 0 0
1.01667 0 0 0 0
1.02333 0 0 0 0
1.03 0 0 0 0
1.03667 0 0 0 0
1.04333 0 0 0 0
1.05 0 0 0 0
1.05667 0 0 0 0
1.06333 0 0 0 0
1.07 0 0 0 0
1.07667 0 0 0 0
1.08333 0 0 0 0
1.09 0 0 0 0
1.09667 0 0 0 0
1.10333 0 0 0 0
1.11 0 0 0 0
1.11667 0 0 0 0
1.12333 0 0 0 0
1.13 0 0 0 0
1.13667 0 0 0 0
1.14333 0 0 0 0
1.15 0 0 0 0
1.15667 0 0 0 0
1.16333 0 0 0 0
1.17 0 0 0 0
1.17667 0 0 0 0
1.18333 0 0 0 0
1.19 0 0 0 0
1.19667 0 0 0 0
1.20333 0 0 0 0
1.21 0 0 0 0
1.21667 0 0 0 0
1.22333 0 0 0 0
1.23 0 0 0 0
1.23667 0 0 0 0
1.24333 0 0 0 0
1.25 0 0 0 0
1.25667 0 0 0 0
1.26333 0 0 0 0
1.27 0 0 0 0
1.27667 0 0 0 0
1.28333 0 0 0 0
1.29 0 0 0 0
1.29667 0 0 0 0
1.30333 0 0 0 0
1.31 0 0 0 0
1.31667 0 0 0 0
1.32333 0 0 0 0
1.33 0 0 0 0
1.33667 0 0 0 0
1.34333 0 0 0 0
1.35 0 0 0 0
1.35667 0 0 0 0
1.36333 0 0 0 0
1.37 0 0 0 0
1.37667 0 0 0 0
1.38333 0 0 0 0
1.39 0 0 0 0
1.39667 0 0 0 0
1.40333 0 0 0 0
1.41 0 0 0 0
1.41667 0 0 0 0
1.42333 0 0 0 0
1.43 0 0 0 0
1.43667 0 0 0 0
1.44333 0 0 0 0
1.45 0 0 0 0
1.45667 0 0 0 0
1.46333 0 0 0 0
1.47 0 0 0 0
1.47667 0 0 0 0
1.48333 0 0 0 0
1.49 0 0 0 0
1.49667 0 0 0 0
1.50333 0 0 0 0
1.51 0 0 0 0
1.51667 0 0 0 0
1.52333 0 0 0 0
1.53 0 0 0 0
1.53667 0 0 0 0
1.54333 0 0 0 0
1.55 0 0 0 0
1.55667 0 0 0 0
1.56333 0 0 0 0
1.57 0 0 0 0
1.57667 0 0 0 0
1.58333 0 0 0 0
1.59 0 0 0 0
1.59667 0 0 0 0
1.60333 0 0 0 0
1.61 0 0 0 0
1.61667 0 0 0 0
1.62333 0 0 0 0
1.63 0 0 0 0
1.63667 0 0 0 0
1.64333 0 0 0 0
1.65 0 0 0 0
1.65667 0 0 0 0
1.66333 0 0 0 0
1.67 0 0 0 0
1.67667 0 0 0 0
1.68333 0 0 0 0
1.69 0 0 0 0
1.69667 0 0 0 0
1.70333 0 0 0 0
1.71 0 0 0 0
1.71667 0 0 0 0
1.72333 0 0 0 0
1.73 0 0 0 0
1.73667 0 0 0 0
1.74333 0 0 0 0
1.75 0 0 0 0
1.75667 0 0 0 0
1.76333 0 0 0 0
1.77 0 0 0 0
1.77667 0 0 0 0
1.78333 0 0 0 0
1.79 0 0 0 0
1.79667 0 0 0 0
1.80333 0 0 0 0
1.81 0 0 0 0
1.81667 0 0 0 0
1.82333 0 0 0 0
1.83 0 0 0 0
1.83667 0 0 0 0
1.84333 0 0 0 0
1.85 0 0 0 0
1.85667 0 0 0 0
1.86333 0 0 0 0
1.87 0 0 0 0
1.87667 0 0 0 0
1.88333 0 0 0 0
1.89 0 0 0 0
1.89667 0 0 0 0
1.90333 0 0 0 0
1.91 0 0 0 0
1.91667 0 0 0 0
1.92333 0 0 0 0
1.93 0 0 0 0
1.93667 0 0 0 0
1.94333 0 0 0 0
1.95 0 0 0 0
1.95667 0 0 0 0
1.96333 0 0 0 0
1.97 0 0 0 0
1.97667 0 0 0 0
1.98333 0 0 0 0
1.99 0 0 0 0
1.99667 0 0 0 0
