0.00333333 1 4 121 16
0.01 1 5 132 17
0.0166667 1 3 125 26
0.0233333 3 9 154 27
0.03 0 9 153 34
0.0366667 1 8 182 44
0.0433333 1 10 220 64
0.05 2 16 249 60
0.0566667 3 21 309 88
0.0633333 4 24 317 83
0.07 4 22 377 76
0.0766667 1 27 389 77
0.0833333 1 26 433 94
0.09 3 19 392 89
0.0966667 3 16 382 89
0.103333 3 18 381 77
0.11 4 20 383 81
0.116667 3 17 385 82
0.123333 2 18 422 75
0.13 6 18 412 78
0.136667 4 16 399 71
0.143333 2 13 391 65
0.15 3 18 394 69
0.156667 3 15 383 56
0.163333 5 20 368 53
0.17 2 17 377 61
0.176667 2 16 396 61
0.183333 4 12 418 52
0.19 1 16 483 62
0.196667 4 23 436 57
0.203333 2 14 391 55
0.21 4 19 396 32
0.216667 1 12 388 34
0.223333 4 7 373 49
0.23 4 14 351 42
0.236667 1 18 325 36
0.243333 5 18 300 40
0.25 2 11 282 49
0.256667 3 13 266 35
0.263333 0 9 236 37
0.27 2 13 225 51
0.276667 3 13 202 41
0.283333 1 7 240 39
0.29 0 4 224 36
0.296667 0 11 223 24
0.303333 0 9 180 30
0.31 1 12 187 37
0.316667 1 10 180 26
0.323333 2 11 162 32
0.33 2 9 157 26
0.336667 1 14 178 22
0.343333 0 7 158 40
0.35 0 9 156 25
0.356667 1 8 147 26
0.363333 1 7 168 31
0.37 2 8 158 24
0.376667 0 6 134 18
0.383333 2 5 133 19
0.39 0 12 145 22
0.396667 0 14 143 14
0.403333 1 5 149 27
0.41 1 1 147 24
0.416667 1 8 126 20
0.423333 1 6 143 29
0.43 0 9 136 34
0.436667 1 10 144 20
0.443333 0 13 141 27
0.45 1 8 153 19
0.456667 0 10 144 22
0.463333 1 6 130 25
0.47 1 7 150 30
0.476667 0 4 137 19
0.483333 1 3 91 15
0.49 2 10 73 14
0.496667 1 3 78 12
0.503333 0 8 78 13
0.51 0 4 58 18
0.516667 0 5 66 10
0.523333 1 2 48 12
0.53 0 2 69 10
0.536667 0 3 52 13
0.543333 0 4 47 10
0.55 0 1 51 11
0.556667 1 5 56 13
0.563333 2 6 63 13
0.57 1 6 61 10
0.576667 1 4 54 16
0.583333 2 1 56 13
0.59 1 3 53 13
0.596667 0 4 56 8
0.603333 1 4 50 11
0.61 2 3 53 10
0.616667 2 4 39 5
0.623333 1 3 41 11
0.63 2 0 46 9
0.636667 0 2 71 13
0.643333 1 5 41 6
0.65 3 5 42 12
0.656667 0 4 47 12
0.663333 8 152 6089 400
0.67 0 0 0 0
0.676667 0 0 0 0
0.683333 0 0 0 0
0.69 0 0 0 0
0.696667 0 0 0 0
0.703333 0 0 0 0
0.71 0 0 0 0
0.716667 0 0 0 0
0.723333 0 0 0 0
0.73 0 0 0 0
0.736667 0 0 0 0
0.743333 0 0 0 0
0.75 0 0 0 0
0.756667 0 0 0 0
0.763333 0 0 0 0
0.77 0 0 0 0
0.776667 0 0 0 0
0.783333 0 0 0 0
0.79 0 0 0 0
0.796667 0 0 0 0
0.803333 0 0 0 0
0.81 0 0 0 0
0.816667 0 0 0 0
0.823333 0 0 0 0
0.83 0 0 0 0
0.836667 0 0 0 0
0.843333 0 0 0 0
0.85 0 0 0 0
0.856667 0 0 0 0
0.863333 0 0 0 0
0.87 0 0 0 0
0.876667 0 0 0 0
0.883333 0 0 0 0
0.89 0 0 0 0
0.896667 0 0 0 0
0.903333 0 0 0 0
0.91 0 0 0 0
0.916667 0 0 0 0
0.923333 0 0 0 0
0.93 0 0 0 0
0.936667 0 0 0 0
0.943333 0 0 0 0
0.95 0 0 0 0
0.956667 0 0 0 0
0.963333 0 0 0 0
0.97 0 0 0 0
0.976667 0 0 0 0
0.983333 0 0 0 0
0.99 0 0 0 0
0.996667 0 0 0 0
1.00333 0 0 0 0
1.01 0 0 0 0
1.01667 0 0 0 0
1.02333 0 0 0 0
1.03 0 0 0 0
1.03667 0 0 0 0
1.04333 0 0 0 0
1.05 0 0 0 0
1.05667 0 0 0 0
1.06333 0 0 0 0
1.07 0 0 0 0
1.07667 0 0 0 0
1.08333 0 0 0 0
1.09 0 0 0 0
1.09667 0 0 0 0
1.10333 0 0 0 0
1.11 0 0 0 0
1.11667 0 0 0 0
1.12333 0 0 0 0
1.13 0 0 0 0
1.13667 0 0 0 0
1.14333 0 0 0 0
1.15 0 0 0 0
1.15667 0 0 0 0
1.16333 0 0 0 0
1.17 0 0 0 0
1.17667 0 0 0 0
1.18333 0 0 0 0
1.19 0 0 0 0
1.19667 0 0 0 0
1.20333 0 0 0 0
1.21 0 0 0 0
1.21667 0 0 0 0
1.22333 0 0 0 0
1.23 0 0 0 0
1.23667 0 0 0 0
1.24333 0 0 0 0
1.25 0 0 0 0
1.25667 0 0 0 0
1.26333 0 0 0 0
1.27 0 0 0 0
1.27667 0 0 0 0
1.28333 0 0 0 0
1.29 0 0 0 0
1.29667 0 0 0 0
1.30333 0 0 0 0
1.31 0 0 0 0
1.31667 0 0 0 0
1.32333 0 0 0 0
1.33 0 0 0 0
1.33667 0 0 0 0
1.34333 0 0 0 0
1.35 0 0 0 0
1.35667 0 0 0 0
1.36333 0 0 0 0
1.37 0 0 0 0
1.37667 0 0 0 0
1.38333 0 0 0 0
1.39 0 0 0 0
1.39667 0 0 0 0
1.40333 0 0 0 0
1.41 0 0 0 0
1.41667 0 0 0 0
1.42333 0 0 0 0
1.43 0 0 0 0
1.43667 0 0 0 0
1.44333 0 0 0 0
1.45 0 0 0 0
1.45667 0 0 0 0
1.46333 0 0 0 0
1.47 0 0 0 0
1.47667 0 0 0 0
1.48333 0 0 0 0
1.49 0 0 0 0
1.49667 0 0 0 0
1.50333 0 0 0 0
1.51 0 0 0 0
1.51667 0 0 0 0
1.52333 0 0 0 0
1.53 0 0 0 0
1.53667 0 0 0 0
1.54333 0 0 0 0
1.55 0 0 0 0
1.55667 0 0 0 0
1.56333 0 0 0 0
1.57 0 0 0 0
1.57667 0 0 0 0
1.58333 0 0 0 0
1.59 0 0 0 0
1.59667 0 0 0 0
1.60333 0 0 0 0
1.61 0 0 0 0
1.61667 0 0 0 0
1.62333 0 0 0 0
1.63 0 0 0 0
1.63667 0 0 0 0
1.64333 0 0 0 0
1.65 0 0 0 0
1.65667 0 0 0 0
1.66333 0 0 0 0
1.67 0 0 0 0
1.67667 0 0 0 0
1.68333 0 0 0 0
1.69 0 0 0 0
1.69667 0 0 0 0
1.70333 0 0 0 0
1.71 0 0 0 0
1.71667 0 0 0 0
1.72333 0 0 0 0
1.73 0 0 0 0
1.73667 0 0 0 0
1.74333 0 0 0 0
1.75 0 0 0 0
1.75667 0 0 0 0
1.76333 0 0 0 0
1.77 0 0 0 0
1.77667 0 0 0 0
1.78333 0 0 0 0
1.79 0 0 0 0
1.79667 0 0 0 0
1.80333 0 0 0 0
1.81 0 0 0 0
1.81667 0 0 0 0
1.82333 0 0 0 0
1.83 0 0 0 0
1.83667 0 0 0 0
1.84333 0 0 0 0
1.85 0 0 0 0
1.85667 0 0 0 0
1.86333 0 0 0 0
1.87 0 0 0 0
1.87667 0 0 0 0
1.88333 0 0 0 0
1.89 0 0 0 0
1.89667 0 0 0 0
1.90333 0 0 0 0
1.91 0 0 0 0
1.91667 0 0 0 0
1.92333 0 0 0 0
1.93 0 0 0 0
1.93667 0 0 0 0
1.94333 0 0 0 0
1.95 0 0 0 0
1.95667 0 0 0 0
1.96333 0 0 0 0
1.97 0 0 0 0
1.97667 0 0 0 0
1.98333 0 0 0 0
1.99 0 0 0 0
1.99667 0 0 0 0
