0.00333333 6 16 28 8
0.01 5 20 29 8
0.0166667 11 20 29 11
0.0233333 8 18 37 22
0.03 8 27 36 13
0.0366667 7 22 56 15
0.0433333 12 35 64 25
0.05 17 63 79 28
0.0566667 22 81 121 41
0.0633333 20 72 115 47
0.07 25 77 124 54
0.0766667 12 64 118 41
0.0833333 20 53 112 46
0.09 30 60 126 44
0.0966667 21 62 126 53
0.103333 23 79 112 53
0.11 30 66 123 40
0.116667 29 71 112 51
0.123333 19 46 108 48
0.13 23 50 104 47
0.136667 24 52 99 35
0.143333 25 50 90 39
0.15 17 50 88 37
0.156667 10 46 82 37
0.163333 20 32 99 54
0.17 16 47 80 43
0.176667 20 48 81 34
0.183333 21 55 62 44
0.19 20 48 88 44
0.196667 21 41 74 39
0.203333 22 44 71 31
0.21 14 68 64 38
0.216667 8 42 56 39
0.223333 18 36 58 30
0.23 12 42 74 29
0.236667 14 41 60 29
0.243333 9 35 56 24
0.25 13 40 54 22
0.256667 9 25 55 32
0.263333 14 34 47 36
0.27 5 23 61 20
0.276667 11 34 54 14
0.283333 12 27 43 21
0.29 10 29 44 17
0.296667 11 27 47 23
0.303333 14 32 37 25
0.31 12 30 38 16
0.316667 8 26 41 22
0.323333 11 23 38 20
0.33 9 24 36 20
0.336667 11 20 38 28
0.343333 4 24 50 19
0.35 8 12 39 21
0.356667 12 38 36 10
0.363333 9 27 22 14
0.37 9 17 32 18
0.376667 8 21 34 12
0.383333 4 23 38 16
0.39 12 14 21 15
0.396667 11 14 38 14
0.403333 5 21 31 18
0.41 4 21 31 13
0.416667 9 17 32 12
0.423333 4 17 23 10
0.43 7 26 32 14
0.436667 6 21 36 19
0.443333 4 20 24 11
0.45 9 27 35 14
0.456667 3 13 18 19
0.463333 7 20 21 17
0.47 7 15 28 15
0.476667 8 23 25 22
0.483333 12 20 23 8
0.49 3 20 24 14
0.496667 6 14 26 17
0.503333 6 9 18 7
0.51 3 13 16 12
0.516667 4 18 14 10
0.523333 5 14 26 10
0.53 4 6 22 3
0.536667 6 8 17 12
0.543333 7 9 17 8
0.55 4 12 19 6
0.556667 5 12 15 11
0.563333 5 10 14 9
0.57 6 15 11 13
0.576667 12 15 9 8
0.583333 5 9 18 13
0.59 3 11 15 8
0.596667 10 6 16 5
0.603333 9 11 21 4
0.61 10 10 20 9
0.616667 6 7 13 5
0.623333 4 4 20 11
0.63 1 5 10 3
0.636667 7 10 15 3
0.643333 5 10 13 10
0.65 1 8 9 2
0.656667 3 10 6 9
0.663333 156 334 567 321
0.67 0 0 0 0
0.676667 0 0 0 0
0.683333 0 0 0 0
0.69 0 0 0 0
0.696667 0 0 0 0
0.703333 0 0 0 0
0.71 0 0 0 0
0.716667 0 0 0 0
0.723333 0 0 0 0
0.73 0 0 0 0
0.736667 0 0 0 0
0.743333 0 0 0 0
0.75 0 0 0 0
0.756667 0 0 0 0
0.763333 0 0 0 0
0.77 0 0 0 0
0.776667 0 0 0 0
0.783333 0 0 0 0
0.79 0 0 0 0
0.796667 0 0 0 0
0.803333 0 0 0 0
0.81 0 0 0 0
0.816667 0 0 0 0
0.823333 0 0 0 0
0.83 0 0 0 0
0.836667 0 0 0 0
0.843333 0 0 0 0
0.85 0 0 0 0
0.856667 0 0 0 0
0.863333 0 0 0 0
0.87 0 0 0 0
0.876667 0 0 0 0
0.883333 0 0 0 0
0.89 0 0 0 0
0.896667 0 0 0 0
0.903333 0 0 0 0
0.91 0 0 0 0
0.916667 0 0 0 0
0.923333 0 0 0 0
0.93 0 0 0 0
0.936667 0 0 0 0
0.943333 0 0 0 0
0.95 0 0 0 0
0.956667 0 0 0 0
0.963333 0 0 0 0
0.97 0 0 0 0
0.976667 0 0 0 0
0.983333 0 0 0 0
0.99 0 0 0 0
0.996667 0 0 0 0
1.00333 0 0 0 0
1.01 0 0 0 0
1.01667 0 0 0 0
1.02333 0 0 0 0
1.03 0 0 0 0
1.03667 0 0 0 0
1.04333 0 0 0 0
1.05 0 0 0 0
1.05667 0 0 0 0
1.06333 0 0 0 0
1.07 0 0 0 0
1.07667 0 0 0 0
1.08333 0 0 0 0
1.09 0 0 0 0
1.09667 0 0 0 0
1.10333 0 0 0 0
1.11 0 0 0 0
1.11667 0 0 0 0
1.12333 0 0 0 0
1.13 0 0 0 0
1.13667 0 0 0 0
1.14333 0 0 0 0
1.15 0 0 0 0
1.15667 0 0 0 0
1.16333 0 0 0 0
1.17 0 0 0 0
1.17667 0 0 0 0
1.18333 0 0 0 0
1.19 0 0 0 0
1.19667 0 0 0 0
1.20333 0 0 0 0
1.21 0 0 0 0
1.21667 0 0 0 0
1.22333 0 0 0 0
1.23 0 0 0 0
1.23667 0 0 0 0
1.24333 0 0 0 0
1.25 0 0 0 0
1.25667 0 0 0 0
1.26333 0 0 0 0
1.27 0 0 0 0
1.27667 0 0 0 0
1.28333 0 0 0 0
1.29 0 0 0 0
1.29667 0 0 0 0
1.30333 0 0 0 0
1.31 0 0 0 0
1.31667 0 0 0 0
1.32333 0 0 0 0
1.33 0 0 0 0
1.33667 0 0 0 0
1.34333 0 0 0 0
1.35 0 0 0 0
1.35667 0 0 0 0
1.36333 0 0 0 0
1.37 0 0 0 0
1.37667 0 0 0 0
1.38333 0 0 0 0
1.39 0 0 0 0
1.39667 0 0 0 0
1.40333 0 0 0 0
1.41 0 0 0 0
1.41667 0 0 0 0
1.42333 0 0 0 0
1.43 0 0 0 0
1.43667 0 0 0 0
1.44333 0 0 0 0
1.45 0 0 0 0
1.45667 0 0 0 0
1.46333 0 0 0 0
1.47 0 0 0 0
1.47667 0 0 0 0
1.48333 0 0 0 0
1.49 0 0 0 0
1.49667 0 0 0 0
1.50333 0 0 0 0
1.51 0 0 0 0
1.51667 0 0 0 0
1.52333 0 0 0 0
1.53 0 0 0 0
1.53667 0 0 0 0
1.54333 0 0 0 0
1.55 0 0 0 0
1.55667 0 0 0 0
1.56333 0 0 0 0
1.57 0 0 0 0
1.57667 0 0 0 0
1.58333 0 0 0 0
1.59 0 0 0 0
1.59667 0 0 0 0
1.60333 0 0 0 0
1.61 0 0 0 0
1.61667 0 0 0 0
1.62333 0 0 0 0
1.63 0 0 0 0
1.63667 0 0 0 0
1.64333 0 0 0 0
1.65 0 0 0 0
1.65667 0 0 0 0
1.66333 0 0 0 0
1.67 0 0 0 0
1.67667 0 0 0 0
1.68333 0 0 0 0
1.69 0 0 0 0
1.69667 0 0 0 0
1.70333 0 0 0 0
1.71 0 0 0 0
1.71667 0 0 0 0
1.72333 0 0 0 0
1.73 0 0 0 0
1.73667 0 0 0 0
1.74333 0 0 0 0
1.75 0 0 0 0
1.75667 0 0 0 0
1.76333 0 0 0 0
1.77 0 0 0 0
1.77667 0 0 0 0
1.78333 0 0 0 0
1.79 0 0 0 0
1.79667 0 0 0 0
1.80333 0 0 0 0
1.81 0 0 0 0
1.81667 0 0 0 0
1.82333 0 0 0 0
1.83 0 0 0 0
1.83667 0 0 0 0
1.84333 0 0 0 0
1.85 0 0 0 0
1.85667 0 0 0 0
1.86333 0 0 0 0
1.87 0 0 0 0
1.87667 0 0 0 0
1.88333 0 0 0 0
1.89 0 0 0 0
1.89667 0 0 0 0
1.90333 0 0 0 0
1.91 0 0 0 0
1.91667 0 0 0 0
1.92333 0 0 0 0
1.93 0 0 0 0
1.93667 0 0 0 0
1.94333 0 0 0 0
1.95 0 0 0 0
1.95667 0 0 0 0
1.96333 0 0 0 0
1.97 0 0 0 0
1.97667 0 0 0 0
1.98333 0 0 0 0
1.99 0 0 0 0
1.99667 0 0 0 0
