0.00333333 4 17 39 6
0.01 8 19 56 4
0.0166667 4 20 59 4
0.0233333 5 23 56 3
0.03 2 26 64 10
0.0366667 5 27 69 4
0.0433333 9 33 86 8
0.05 15 50 94 17
0.0566667 14 64 122 13
0.0633333 19 65 138 12
0.07 12 77 123 18
0.0766667 14 84 138 18
0.0833333 14 71 126 14
0.09 20 86 143 12
0.0966667 11 66 147 16
0.103333 14 71 149 16
0.11 11 79 153 6
0.116667 12 64 177 10
0.123333 16 67 147 15
0.13 11 57 138 14
0.136667 6 60 138 12
0.143333 14 49 149 11
0.15 13 49 117 6
0.156667 9 53 135 7
0.163333 8 51 124 6
0.17 16 47 138 12
0.176667 12 42 135 12
0.183333 9 45 167 12
0.19 11 35 179 7
0.196667 10 39 174 12
0.203333 5 57 151 16
0.21 13 34 165 11
0.216667 6 37 136 10
0.223333 12 45 153 7
0.23 2 45 119 15
0.236667 9 36 140 4
0.243333 7 48 115 5
0.25 6 29 106 6
0.256667 8 37 101 5
0.263333 8 37 94 9
0.27 2 34 93 6
0.276667 4 25 100 5
0.283333 7 30 93 6
0.29 7 45 86 8
0.296667 4 36 70 7
0.303333 5 30 99 8
0.31 9 46 77 3
0.316667 6 32 93 6
0.323333 6 27 97 5
0.33 5 31 63 2
0.336667 9 28 79 5
0.343333 5 18 68 7
0.35 7 19 68 4
0.356667 3 25 78 6
0.363333 5 19 61 6
0.37 4 32 70 10
0.376667 4 30 65 7
0.383333 7 21 68 5
0.39 3 19 60 3
0.396667 2 19 63 3
0.403333 5 12 62 3
0.41 5 25 70 1
0.416667 3 19 66 6
0.423333 1 16 79 6
0.43 2 12 71 5
0.436667 4 17 67 6
0.443333 1 16 56 7
0.45 2 26 57 6
0.456667 2 16 57 1
0.463333 2 26 49 4
0.47 4 21 76 1
0.476667 3 11 42 6
0.483333 2 20 39 4
0.49 2 10 33 2
0.496667 5 13 28 3
0.503333 2 16 24 6
0.51 2 14 29 2
0.516667 3 15 29 3
0.523333 3 13 23 2
0.53 1 12 29 2
0.536667 4 13 25 4
0.543333 3 6 20 0
0.55 2 16 30 1
0.556667 5 9 19 3
0.563333 4 7 16 3
0.57 3 13 34 7
0.576667 2 13 21 1
0.583333 1 14 28 4
0.59 0 11 19 1
0.596667 1 16 23 4
0.603333 2 3 15 2
0.61 0 8 17 3
0.616667 1 7 17 4
0.623333 2 6 11 1
0.63 6 15 24 1
0.636667 3 7 21 3
0.643333 3 13 23 4
0.65 1 13 17 4
0.656667 1 10 23 3
0.663333 64 372 2479 54
0.67 0 0 0 0
0.676667 0 0 0 0
0.683333 0 0 0 0
0.69 0 0 0 0
0.696667 0 0 0 0
0.703333 0 0 0 0
0.71 0 0 0 0
0.716667 0 0 0 0
0.723333 0 0 0 0
0.73 0 0 0 0
0.736667 0 0 0 0
0.743333 0 0 0 0
0.75 0 0 0 0
0.756667 0 0 0 0
0.763333 0 0 0 0
0.77 0 0 0 0
0.776667 0 0 0 0
0.783333 0 0 0 0
0.79 0 0 0 0
0.796667 0 0 0 0
0.803333 0 0 0 0
0.81 0 0 0 0
0.816667 0 0 0 0
0.823333 0 0 0 0
0.83 0 0 0 0
0.836667 0 0 0 0
0.843333 0 0 0 0
0.85 0 0 0 0
0.856667 0 0 0 0
0.863333 0 0 0 0
0.87 0 0 0 0
0.876667 0 0 0 0
0.883333 0 0 0 0
0.89 0 0 0 0
0.896667 0 0 0 0
0.903333 0 0 0 0
0.91 0 0 0 0
0.916667 0 0 0 0
0.923333 0 0 0 0
0.93 0 0 0 0
0.936667 0 0 0 0
0.943333 0 0 0 0
0.95 0 0 0 0
0.956667 0 0 0 0
0.963333 0 0 0 0
0.97 0 0 0 0
0.976667 0 0 0 0
0.983333 0 0 0 0
0.99 0 0 0 0
0.996667 0 0 0 0
1.00333 0 0 0 0
1.01 0 0 0 0
1.01667 0 0 0 0
1.02333 0 0 0 0
1.03 0 0 0 0
1.03667 0 0 0 0
1.04333 0 0 0 0
1.05 0 0 0 0
1.05667 0 0 0 0
1.06333 0 0 0 0
1.07 0 0 0 0
1.07667 0 0 0 0
1.08333 0 0 0 0
1.09 0 0 0 0
1.09667 0 0 0 0
1.10333 0 0 0 0
1.11 0 0 0 0
1.11667 0 0 0 0
1.12333 0 0 0 0
1.13 0 0 0 0
1.13667 0 0 0 0
1.14333 0 0 0 0
1.15 0 0 0 0
1.15667 0 0 0 0
1.16333 0 0 0 0
1.17 0 0 0 0
1.17667 0 0 0 0
1.18333 0 0 0 0
1.19 0 0 0 0
1.19667 0 0 0 0
1.20333 0 0 0 0
1.21 0 0 0 0
1.21667 0 0 0 0
1.22333 0 0 0 0
1.23 0 0 0 0
1.23667 0 0 0 0
1.24333 0 0 0 0
1.25 0 0 0 0
1.25667 0 0 0 0
1.26333 0 0 0 0
1.27 0 0 0 0
1.27667 0 0 0 0
1.28333 0 0 0 0
1.29 0 0 0 0
1.29667 0 0 0 0
1.30333 0 0 0 0
1.31 0 0 0 0
1.31667 0 0 0 0
1.32333 0 0 0 0
1.33 0 0 0 0
1.33667 0 0 0 0
1.34333 0 0 0 0
1.35 0 0 0 0
1.35667 0 0 0 0
1.36333 0 0 0 0
1.37 0 0 0 0
1.37667 0 0 0 0
1.38333 0 0 0 0
1.39 0 0 0 0
1.39667 0 0 0 0
1.40333 0 0 0 0
1.41 0 0 0 0
1.41667 0 0 0 0
1.42333 0 0 0 0
1.43 0 0 0 0
1.43667 0 0 0 0
1.44333 0 0 0 0
1.45 0 0 0 0
1.45667 0 0 0 0
1.46333 0 0 0 0
1.47 0 0 0 0
1.47667 0 0 0 0
1.48333 0 0 0 0
1.49 0 0 0 0
1.49667 0 0 0 0
1.50333 0 0 0 0
1.51 0 0 0 0
1.51667 0 0 0 0
1.52333 0 0 0 0
1.53 0 0 0 0
1.53667 0 0 0 0
1.54333 0 0 0 0
1.55 0 0 0 0
1.55667 0 0 0 0
1.56333 0 0 0 0
1.57 0 0 0 0
1.57667 0 0 0 0
1.58333 0 0 0 0
1.59 0 0 0 0
1.59667 0 0 0 0
1.60333 0 0 0 0
1.61 0 0 0 0
1.61667 0 0 0 0
1.62333 0 0 0 0
1.63 0 0 0 0
1.63667 0 0 0 0
1.64333 0 0 0 0
1.65 0 0 0 0
1.65667 0 0 0 0
1.66333 0 0 0 0
1.67 0 0 0 0
1.67667 0 0 0 0
1.68333 0 0 0 0
1.69 0 0 0 0
1.69667 0 0 0 0
1.70333 0 0 0 0
1.71 0 0 0 0
1.71667 0 0 0 0
1.72333 0 0 0 0
1.73 0 0 0 0
1.73667 0 0 0 0
1.74333 0 0 0 0
1.75 0 0 0 0
1.75667 0 0 0 0
1.76333 0 0 0 0
1.77 0 0 0 0
1.77667 0 0 0 0
1.78333 0 0 0 0
1.79 0 0 0 0
1.79667 0 0 0 0
1.80333 0 0 0 0
1.81 0 0 0 0
1.81667 0 0 0 0
1.82333 0 0 0 0
1.83 0 0 0 0
1.83667 0 0 0 0
1.84333 0 0 0 0
1.85 0 0 0 0
1.85667 0 0 0 0
1.86333 0 0 0 0
1.87 0 0 0 0
1.87667 0 0 0 0
1.88333 0 0 0 0
1.89 0 0 0 0
1.89667 0 0 0 0
1.90333 0 0 0 0
1.91 0 0 0 0
1.91667 0 0 0 0
1.92333 0 0 0 0
1.93 0 0 0 0
1.93667 0 0 0 0
1.94333 0 0 0 0
1.95 0 0 0 0
1.95667 0 0 0 0
1.96333 0 0 0 0
1.97 0 0 0 0
1.97667 0 0 0 0
1.98333 0 0 0 0
1.99 0 0 0 0
1.99667 0 0 0 0
